#!ascii label  , from subject 3008 vox2ras=TkReg
683
58452  -18.161  -15.723  59.093 0.0000000000
72476  -38.733  -5.406  50.851 0.0000000000
74834  -44.696  -1.919  45.136 0.0000000000
76023  -49.844  -0.954  38.953 0.0000000000
67954  -36.680  -7.540  52.537 0.0000000000
74881  -47.380  -3.312  42.055 0.0000000000
79523  -52.288  2.808  33.661 0.0000000000
76102  -55.804  -1.062  31.915 0.0000000000
69068  -41.126  -6.686  48.661 0.0000000000
70197  -44.284  -5.671  47.232 0.0000000000
73673  -41.595  -2.540  48.197 0.0000000000
62112  -18.998  -13.476  59.884 0.0000000000
64545  -22.178  -11.669  58.521 0.0000000000
62119  -25.763  -13.493  57.523 0.0000000000
59588  -29.632  -14.363  58.014 0.0000000000
62161  -33.501  -12.924  56.394 0.0000000000
65778  -36.776  -9.898  56.037 0.0000000000
66876  -39.646  -8.722  53.192 0.0000000000
69117  -47.354  -5.935  42.912 0.0000000000
73940  -57.496  -2.644  30.358 0.0000000000
70163  -40.226  -5.341  50.390 0.0000000000
71353  -42.026  -4.437  50.281 0.0000000000
73648  -39.854  -3.386  49.746 0.0000000000
62138  -18.963  -12.821  58.076 0.0000000000
63344  -20.577  -11.838  59.030 0.0000000000
64601  -33.574  -11.434  55.372 0.0000000000
63368  -34.628  -12.101  56.277 0.0000000000
65785  -35.208  -9.314  55.839 0.0000000000
70153  -37.986  -6.100  52.068 0.0000000000
68996  -37.910  -6.572  53.926 0.0000000000
70145  -39.459  -6.246  52.174 0.0000000000
67967  -40.069  -7.242  51.024 0.0000000000
73692  -44.738  -3.180  46.706 0.0000000000
69097  -45.749  -5.847  45.336 0.0000000000
73725  -46.170  -3.633  44.797 0.0000000000
74913  -49.410  -1.910  40.507 0.0000000000
72584  -49.798  -3.898  41.701 0.0000000000
72606  -51.012  -3.648  40.249 0.0000000000
73835  -50.311  -2.736  38.112 0.0000000000
78370  -54.323  1.212  35.153 0.0000000000
80622  -52.206  2.727  36.186 0.0000000000
66875  -35.334  -8.799  53.568 0.0000000000
76020  -48.691  -2.010  38.645 0.0000000000
79526  -54.889  1.491  32.979 0.0000000000
74997  -55.534  -1.755  33.331 0.0000000000
70458  -57.654  -4.908  30.257 0.0000000000
65884  -42.531  -9.753  46.558 0.0000000000
69080  -43.019  -6.080  48.086 0.0000000000
72505  -43.356  -3.565  48.440 0.0000000000
59572  -18.770  -14.500  59.764 0.0000000000
60838  -23.593  -13.073  57.689 0.0000000000
63336  -24.126  -12.254  58.365 0.0000000000
59585  -24.674  -14.052  57.632 0.0000000000
58456  -27.121  -15.058  57.641 0.0000000000
58458  -28.761  -15.132  57.671 0.0000000000
57296  -30.819  -15.306  57.104 0.0000000000
60854  -31.358  -14.022  56.838 0.0000000000
59613  -34.633  -14.075  56.128 0.0000000000
67909  -36.115  -7.886  55.332 0.0000000000
65788  -38.635  -9.316  54.945 0.0000000000
63430  -38.794  -11.336  52.117 0.0000000000
64642  -39.260  -10.770  50.635 0.0000000000
65881  -39.731  -9.345  48.226 0.0000000000
72573  -47.739  -4.209  42.929 0.0000000000
79478  -49.720  1.604  36.815 0.0000000000
76045  -49.654  -1.155  37.265 0.0000000000
58437  -18.238  -15.301  60.456 0.0000000000
71336  -40.012  -5.304  50.603 0.0000000000
72479  -40.470  -4.286  49.864 0.0000000000
72485  -39.383  -4.231  50.102 0.0000000000
64611  -33.664  -10.762  54.907 0.0000000000
65783  -34.372  -10.767  55.580 0.0000000000
65804  -33.930  -10.158  54.566 0.0000000000
71333  -38.405  -5.661  51.586 0.0000000000
70154  -38.522  -5.862  51.974 0.0000000000
71335  -39.197  -5.616  51.462 0.0000000000
70156  -39.661  -5.912  51.603 0.0000000000
73706  -45.994  -3.229  46.072 0.0000000000
74835  -45.462  -2.278  45.129 0.0000000000
76016  -49.704  -1.378  39.765 0.0000000000
73791  -50.470  -2.272  40.993 0.0000000000
74923  -50.765  -1.975  39.440 0.0000000000
72633  -50.840  -3.598  38.522 0.0000000000
74929  -50.496  -1.968  38.586 0.0000000000
74972  -53.668  -1.050  35.035 0.0000000000
76070  -53.358  -0.301  35.183 0.0000000000
74971  -53.034  -0.781  34.718 0.0000000000
78420  -54.813  1.243  31.075 0.0000000000
77271  -55.647  0.012  32.512 0.0000000000
77262  -55.504  -0.005  33.459 0.0000000000
75009  -55.858  -1.556  32.657 0.0000000000
73895  -55.547  -2.649  33.007 0.0000000000
75010  -56.135  -2.022  32.112 0.0000000000
72748  -57.514  -3.834  30.814 0.0000000000
66938  -41.330  -8.024  46.957 0.0000000000
68011  -42.600  -7.244  47.247 0.0000000000
69079  -42.026  -6.699  48.128 0.0000000000
73651  -42.039  -3.289  50.179 0.0000000000
72496  -42.891  -3.598  49.316 0.0000000000
74783  -42.581  -2.464  48.688 0.0000000000
74793  -43.486  -2.153  47.849 0.0000000000
74791  -42.294  -1.977  47.777 0.0000000000
60834  -19.048  -13.569  59.196 0.0000000000
60822  -19.473  -13.050  59.108 0.0000000000
64544  -21.525  -11.614  58.844 0.0000000000
63348  -25.026  -12.886  58.004 0.0000000000
63337  -24.762  -12.637  57.998 0.0000000000
60824  -24.443  -13.452  57.647 0.0000000000
59574  -25.573  -14.102  57.536 0.0000000000
58455  -26.250  -14.781  57.263 0.0000000000
59575  -26.474  -14.417  57.659 0.0000000000
58447  -28.976  -14.843  57.875 0.0000000000
57295  -30.115  -15.374  57.298 0.0000000000
59589  -30.350  -14.341  57.983 0.0000000000
62160  -33.101  -12.876  56.222 0.0000000000
62159  -32.284  -13.576  56.268 0.0000000000
62147  -32.675  -13.564  56.373 0.0000000000
59600  -32.106  -14.346  56.718 0.0000000000
60856  -32.813  -14.048  56.569 0.0000000000
58477  -33.453  -14.629  56.397 0.0000000000
60871  -34.051  -13.692  56.578 0.0000000000
64590  -36.229  -10.828  56.216 0.0000000000
63381  -35.503  -11.971  56.154 0.0000000000
63382  -36.682  -11.646  55.572 0.0000000000
63383  -37.298  -11.191  55.389 0.0000000000
67926  -35.806  -7.928  54.948 0.0000000000
67927  -36.534  -7.508  54.555 0.0000000000
67930  -39.147  -7.396  54.166 0.0000000000
67912  -38.536  -7.826  54.818 0.0000000000
65795  -39.076  -9.196  54.269 0.0000000000
64613  -38.886  -10.073  54.017 0.0000000000
65821  -39.444  -9.844  52.388 0.0000000000
65822  -39.821  -9.059  52.034 0.0000000000
67983  -40.106  -7.381  50.003 0.0000000000
66913  -39.860  -8.251  49.597 0.0000000000
68008  -40.225  -7.735  48.166 0.0000000000
65897  -41.114  -9.595  46.829 0.0000000000
62110  -18.519  -13.868  59.321 0.0000000000
62106  -18.523  -14.157  60.164 0.0000000000
60816  -18.245  -14.623  60.785 0.0000000000
68022  -43.515  -7.059  46.712 0.0000000000
68027  -44.204  -6.734  45.543 0.0000000000
69116  -46.552  -5.806  43.645 0.0000000000
74865  -46.129  -3.030  43.060 0.0000000000
73750  -46.753  -3.761  43.599 0.0000000000
74867  -47.735  -3.761  42.647 0.0000000000
70282  -50.258  -5.669  40.664 0.0000000000
70269  -49.648  -5.674  41.476 0.0000000000
78359  -51.282  1.696  36.581 0.0000000000
79488  -51.023  2.401  36.909 0.0000000000
78351  -50.477  1.513  36.848 0.0000000000
78350  -49.688  0.995  36.830 0.0000000000
77233  -49.677  0.195  36.593 0.0000000000
74957  -49.029  -1.693  36.553 0.0000000000
76117  -55.412  -0.939  30.788 0.0000000000
75034  -56.392  -1.989  30.656 0.0000000000
75048  -56.515  -1.859  29.996 0.0000000000
75049  -57.143  -1.872  29.685 0.0000000000
69057  -40.981  -5.828  49.611 0.0000000000
69058  -41.821  -5.658  49.910 0.0000000000
71352  -41.233  -4.521  49.913 0.0000000000
73650  -41.287  -3.302  50.061 0.0000000000
73659  -40.335  -2.891  49.239 0.0000000000
63330  -19.164  -12.515  59.232 0.0000000000
63331  -19.455  -12.601  59.199 0.0000000000
64560  -21.172  -10.957  58.462 0.0000000000
63366  -33.985  -12.133  56.043 0.0000000000
63367  -34.324  -12.259  56.228 0.0000000000
64575  -34.561  -11.765  56.371 0.0000000000
65776  -35.172  -10.171  56.185 0.0000000000
65777  -35.933  -9.982  56.345 0.0000000000
69027  -37.200  -7.019  52.017 0.0000000000
68995  -37.210  -6.902  53.820 0.0000000000
70142  -37.829  -6.757  52.547 0.0000000000
70128  -38.905  -6.641  52.951 0.0000000000
67944  -39.966  -7.327  52.937 0.0000000000
66888  -39.999  -8.163  51.627 0.0000000000
67955  -40.112  -7.257  52.090 0.0000000000
69028  -40.183  -6.230  51.292 0.0000000000
62124  -18.617  -13.592  58.519 0.0000000000
71372  -44.807  -4.618  47.060 0.0000000000
69090  -44.923  -5.826  46.327 0.0000000000
71379  -45.353  -4.675  46.362 0.0000000000
71393  -46.262  -4.612  45.258 0.0000000000
70220  -46.701  -4.938  44.264 0.0000000000
74897  -48.519  -2.486  41.337 0.0000000000
74883  -49.010  -2.741  42.212 0.0000000000
73774  -49.999  -2.851  41.489 0.0000000000
72594  -50.440  -3.748  40.956 0.0000000000
79524  -53.395  2.831  33.992 0.0000000000
80638  -52.383  3.254  34.972 0.0000000000
79500  -53.173  2.285  35.866 0.0000000000
77236  -52.253  1.042  36.035 0.0000000000
71350  -38.340  -5.393  50.192 0.0000000000
70168  -37.620  -6.208  50.653 0.0000000000
74850  -45.276  -2.647  44.215 0.0000000000
74895  -47.186  -2.976  41.020 0.0000000000
74911  -48.009  -2.757  40.129 0.0000000000
76014  -49.257  -2.150  39.597 0.0000000000
76022  -49.599  -1.454  38.955 0.0000000000
79535  -53.826  2.160  32.642 0.0000000000
78378  -54.757  1.053  34.072 0.0000000000
76082  -54.771  -0.730  34.510 0.0000000000
73880  -54.584  -2.244  33.717 0.0000000000
73913  -56.842  -3.348  31.457 0.0000000000
70440  -56.530  -4.770  31.283 0.0000000000
66940  -42.891  -8.408  46.549 0.0000000000
68021  -43.117  -7.419  46.834 0.0000000000
69081  -43.827  -6.254  47.396 0.0000000000
70179  -42.827  -5.133  49.314 0.0000000000
70187  -43.379  -5.228  48.693 0.0000000000
71371  -44.224  -4.570  47.602 0.0000000000
73676  -43.758  -3.090  47.774 0.0000000000
74804  -43.926  -1.974  47.209 0.0000000000
72494  -39.210  -3.637  49.484 0.0000000000
73671  -40.023  -3.162  48.547 0.0000000000
73688  -41.090  -2.971  47.553 0.0000000000
58443  -18.330  -15.024  59.584 0.0000000000
59583  -18.650  -14.163  58.981 0.0000000000
59597  -24.081  -13.827  57.293 0.0000000000
64569  -21.568  -10.898  57.774 0.0000000000
64552  -22.763  -11.540  58.195 0.0000000000
63335  -23.070  -11.871  58.354 0.0000000000
59584  -24.046  -13.648  58.059 0.0000000000
57305  -27.377  -15.606  56.864 0.0000000000
57306  -28.225  -15.810  56.967 0.0000000000
60852  -29.592  -13.986  57.353 0.0000000000
60870  -31.401  -13.909  56.551 0.0000000000
60842  -30.375  -13.956  58.017 0.0000000000
59590  -30.888  -14.250  57.303 0.0000000000
57297  -31.444  -15.195  56.834 0.0000000000
62163  -34.923  -13.059  56.807 0.0000000000
66859  -34.825  -9.131  54.299 0.0000000000
66844  -35.639  -8.494  55.467 0.0000000000
66836  -36.933  -9.329  55.895 0.0000000000
67928  -37.431  -7.240  54.596 0.0000000000
66847  -38.229  -8.594  55.185 0.0000000000
64592  -37.772  -10.318  55.562 0.0000000000
64604  -38.244  -10.382  54.792 0.0000000000
64620  -38.422  -11.197  53.232 0.0000000000
63468  -39.974  -12.054  49.522 0.0000000000
65839  -39.818  -9.062  51.043 0.0000000000
65868  -39.419  -9.829  49.524 0.0000000000
64668  -40.108  -10.939  48.516 0.0000000000
64669  -41.913  -11.096  48.125 0.0000000000
59568  -18.341  -14.977  60.859 0.0000000000
74837  -46.137  -3.528  44.473 0.0000000000
72560  -46.728  -3.991  43.814 0.0000000000
70253  -47.677  -5.327  42.769 0.0000000000
72574  -48.515  -4.144  42.651 0.0000000000
70254  -48.432  -5.520  42.398 0.0000000000
69131  -47.968  -6.119  42.019 0.0000000000
77207  -48.318  -0.972  37.501 0.0000000000
77196  -49.459  -0.899  38.153 0.0000000000
80627  -51.000  3.148  35.264 0.0000000000
79497  -49.690  2.157  35.820 0.0000000000
78348  -48.831  1.013  36.765 0.0000000000
77210  -49.390  -0.157  37.371 0.0000000000
76029  -49.856  -0.637  37.992 0.0000000000
74942  -50.276  -1.934  37.997 0.0000000000
57293  -18.148  -16.584  58.744 0.0000000000
72471  -39.462  -5.414  50.777 0.0000000000
72478  -39.841  -4.654  50.168 0.0000000000
72477  -39.224  -5.360  50.869 0.0000000000
64617  -33.086  -11.525  54.226 0.0000000000
71342  -38.799  -5.558  51.097 0.0000000000
71334  -38.773  -5.580  51.661 0.0000000000
71343  -39.014  -5.524  51.389 0.0000000000
72470  -39.208  -5.513  51.084 0.0000000000
74815  -44.772  -1.931  46.102 0.0000000000
74816  -45.619  -2.440  46.068 0.0000000000
74914  -50.266  -1.641  40.295 0.0000000000
74922  -50.289  -1.337  38.918 0.0000000000
73879  -54.024  -2.020  33.584 0.0000000000
74984  -53.456  -1.377  34.245 0.0000000000
77286  -55.430  -0.002  31.442 0.0000000000
76103  -56.073  -1.697  31.626 0.0000000000
68009  -40.874  -7.336  47.703 0.0000000000
69078  -41.446  -7.033  48.031 0.0000000000
73660  -41.307  -2.733  49.203 0.0000000000
73661  -42.344  -2.884  49.413 0.0000000000
74782  -42.216  -2.352  48.625 0.0000000000
63334  -22.077  -12.038  58.707 0.0000000000
63338  -24.998  -13.054  58.087 0.0000000000
62118  -25.000  -13.145  57.843 0.0000000000
60825  -25.293  -13.697  57.628 0.0000000000
60826  -26.121  -13.944  57.612 0.0000000000
60841  -29.288  -14.187  57.875 0.0000000000
59578  -28.744  -14.706  58.085 0.0000000000
58459  -29.645  -14.880  57.634 0.0000000000
62148  -33.056  -13.590  56.464 0.0000000000
62149  -33.233  -13.675  56.507 0.0000000000
60857  -33.349  -13.892  56.546 0.0000000000
62162  -33.863  -13.124  56.549 0.0000000000
64591  -37.092  -10.634  55.674 0.0000000000
67953  -36.102  -8.118  53.065 0.0000000000
67943  -36.632  -7.490  53.500 0.0000000000
66861  -39.564  -8.294  53.733 0.0000000000
65807  -39.312  -9.392  53.353 0.0000000000
65808  -39.660  -9.040  52.774 0.0000000000
69056  -40.481  -6.770  49.396 0.0000000000
67998  -40.215  -7.517  49.031 0.0000000000
67999  -40.572  -7.215  48.478 0.0000000000
62111  -18.875  -13.274  59.450 0.0000000000
69089  -44.276  -6.194  46.510 0.0000000000
68026  -43.805  -7.202  46.081 0.0000000000
68049  -46.412  -6.524  43.172 0.0000000000
68050  -47.020  -6.428  42.905 0.0000000000
68065  -47.653  -6.838  42.178 0.0000000000
74866  -46.980  -3.588  43.052 0.0000000000
74882  -48.342  -3.336  42.094 0.0000000000
79522  -51.475  2.743  33.833 0.0000000000
77234  -50.514  1.003  36.337 0.0000000000
77227  -49.921  0.867  36.732 0.0000000000
69043  -40.382  -5.739  50.373 0.0000000000
70170  -40.707  -5.203  49.859 0.0000000000
72486  -40.056  -3.811  50.039 0.0000000000
73640  -40.883  -3.792  49.782 0.0000000000
73649  -40.580  -3.265  49.771 0.0000000000
63341  -18.992  -12.315  59.014 0.0000000000
64568  -20.737  -10.985  58.078 0.0000000000
63379  -33.448  -12.181  55.721 0.0000000000
63380  -33.953  -12.120  55.792 0.0000000000
64574  -34.517  -11.918  56.210 0.0000000000
64587  -34.327  -11.602  55.715 0.0000000000
65784  -34.702  -10.006  55.566 0.0000000000
65775  -34.823  -10.881  55.754 0.0000000000
70152  -37.570  -6.667  52.263 0.0000000000
70141  -37.571  -6.866  52.503 0.0000000000
70144  -39.144  -6.307  52.381 0.0000000000
69014  -39.442  -6.504  52.518 0.0000000000
68998  -39.337  -6.820  53.081 0.0000000000
69015  -39.767  -6.615  52.414 0.0000000000
70157  -40.024  -5.569  50.931 0.0000000000
69029  -40.191  -5.700  50.792 0.0000000000
62125  -18.833  -12.974  58.831 0.0000000000
72507  -44.398  -3.959  47.105 0.0000000000
72517  -45.112  -3.936  46.716 0.0000000000
73707  -46.091  -3.623  45.419 0.0000000000
72529  -46.056  -4.036  45.747 0.0000000000
72530  -46.374  -4.044  45.046 0.0000000000
71401  -46.609  -4.557  44.640 0.0000000000
74898  -49.406  -2.271  41.528 0.0000000000
73792  -50.809  -2.558  40.482 0.0000000000
73775  -50.567  -2.878  40.984 0.0000000000
71457  -50.795  -4.652  40.216 0.0000000000
71464  -51.046  -4.602  39.640 0.0000000000
79511  -53.609  2.621  35.122 0.0000000000
78369  -53.559  1.319  35.698 0.0000000000
77244  -51.875  0.609  35.472 0.0000000000
70169  -37.997  -5.801  50.613 0.0000000000
74896  -47.790  -2.865  41.141 0.0000000000
74920  -48.427  -2.421  38.868 0.0000000000
76021  -49.100  -2.031  38.951 0.0000000000
79550  -54.535  1.472  31.755 0.0000000000
79549  -54.151  1.666  32.063 0.0000000000
79525  -54.522  1.987  33.445 0.0000000000
78390  -54.855  1.379  33.402 0.0000000000
76083  -55.426  -0.843  33.901 0.0000000000
77253  -55.100  0.044  34.162 0.0000000000
74986  -55.054  -1.671  34.129 0.0000000000
72704  -54.675  -2.976  33.140 0.0000000000
73881  -55.107  -2.498  33.535 0.0000000000
72717  -55.668  -3.373  32.659 0.0000000000
75021  -56.719  -2.435  30.909 0.0000000000
73922  -56.697  -2.634  31.238 0.0000000000
73923  -57.260  -2.979  30.972 0.0000000000
71600  -57.694  -4.439  30.530 0.0000000000
71599  -57.095  -4.366  31.037 0.0000000000
65885  -43.069  -9.868  46.576 0.0000000000
68012  -43.235  -6.760  47.235 0.0000000000
70178  -42.265  -5.155  49.886 0.0000000000
71362  -43.269  -4.373  49.072 0.0000000000
71370  -43.668  -4.480  48.243 0.0000000000
72506  -43.967  -3.812  47.790 0.0000000000
58453  -18.427  -14.874  58.890 0.0000000000
63332  -20.059  -12.317  59.042 0.0000000000
60850  -22.507  -13.097  57.465 0.0000000000
60851  -23.342  -13.407  57.177 0.0000000000
59611  -23.499  -13.938  56.583 0.0000000000
64570  -22.460  -11.050  57.528 0.0000000000
64561  -22.164  -11.113  58.172 0.0000000000
62116  -23.488  -12.547  58.173 0.0000000000
60839  -24.218  -13.604  58.035 0.0000000000
59598  -24.781  -14.259  57.161 0.0000000000
58470  -25.164  -14.707  56.826 0.0000000000
58471  -25.951  -14.907  56.933 0.0000000000
58472  -26.819  -15.210  57.192 0.0000000000
58457  -27.977  -15.213  57.750 0.0000000000
58474  -28.490  -15.501  57.416 0.0000000000
57307  -29.064  -16.059  56.895 0.0000000000
57308  -29.885  -15.875  56.970 0.0000000000
57309  -30.586  -15.821  56.920 0.0000000000
56175  -31.129  -16.227  56.493 0.0000000000
57310  -31.290  -15.716  56.723 0.0000000000
60853  -30.464  -13.966  57.452 0.0000000000
60843  -30.834  -14.073  57.831 0.0000000000
58475  -32.241  -14.829  56.677 0.0000000000
58462  -31.688  -14.831  56.837 0.0000000000
57298  -31.860  -15.079  56.740 0.0000000000
57311  -32.157  -15.509  56.468 0.0000000000
59612  -34.029  -14.293  56.419 0.0000000000
58487  -33.510  -15.036  56.075 0.0000000000
59624  -34.226  -14.568  55.941 0.0000000000
66874  -34.816  -9.242  53.806 0.0000000000
66860  -35.425  -8.569  54.590 0.0000000000
67908  -35.789  -8.016  55.308 0.0000000000
66845  -36.355  -8.473  55.801 0.0000000000
67929  -38.279  -7.166  54.475 0.0000000000
65787  -37.945  -9.552  55.554 0.0000000000
64621  -38.831  -10.643  52.895 0.0000000000
64655  -39.365  -10.652  49.768 0.0000000000
66899  -39.883  -8.174  50.586 0.0000000000
65869  -39.562  -9.075  49.152 0.0000000000
65880  -39.511  -9.775  48.819 0.0000000000
64667  -39.611  -10.585  48.850 0.0000000000
64687  -39.689  -10.029  48.403 0.0000000000
63507  -41.079  -10.994  48.008 0.0000000000
64688  -40.275  -10.336  47.892 0.0000000000
65883  -41.928  -9.702  46.720 0.0000000000
64690  -42.270  -10.634  47.260 0.0000000000
64691  -42.977  -11.079  46.888 0.0000000000
69096  -45.065  -6.150  45.625 0.0000000000
69104  -45.210  -6.363  44.905 0.0000000000
73751  -47.424  -3.885  43.042 0.0000000000
73741  -46.943  -3.914  43.561 0.0000000000
72561  -47.104  -4.130  43.533 0.0000000000
71417  -47.053  -4.515  43.668 0.0000000000
71430  -47.478  -4.648  43.245 0.0000000000
73762  -49.433  -3.346  41.993 0.0000000000
73761  -48.809  -3.401  42.410 0.0000000000
72583  -49.247  -4.027  42.336 0.0000000000
70268  -49.119  -5.767  42.172 0.0000000000
69145  -48.950  -6.465  42.049 0.0000000000
69132  -48.653  -6.376  42.083 0.0000000000
77208  -48.806  -0.664  37.667 0.0000000000
80628  -51.719  3.176  35.547 0.0000000000
80620  -50.969  3.050  36.181 0.0000000000
79487  -50.190  2.328  36.504 0.0000000000
79486  -49.421  1.899  36.437 0.0000000000
79496  -49.126  1.693  35.915 0.0000000000
79485  -49.015  1.435  36.273 0.0000000000
79477  -49.259  1.356  36.612 0.0000000000
77226  -49.533  0.130  37.117 0.0000000000
78337  -49.297  0.441  37.212 0.0000000000
74928  -50.179  -1.349  38.015 0.0000000000
71337  -40.042  -5.191  50.434 0.0000000000
71345  -40.379  -4.822  49.975 0.0000000000
71344  -40.108  -4.765  50.115 0.0000000000
64602  -33.931  -10.909  55.406 0.0000000000
65793  -34.019  -10.229  55.261 0.0000000000
65794  -34.507  -9.757  54.783 0.0000000000
70162  -37.970  -5.927  51.292 0.0000000000
71327  -38.874  -5.897  52.001 0.0000000000
70155  -39.283  -5.964  51.929 0.0000000000
74805  -44.675  -2.439  46.593 0.0000000000
73693  -45.393  -3.404  46.442 0.0000000000
74806  -45.136  -2.686  46.476 0.0000000000
73724  -45.931  -3.304  45.408 0.0000000000
74899  -50.121  -2.083  41.208 0.0000000000
74915  -50.897  -2.063  40.068 0.0000000000
73807  -51.108  -2.697  39.757 0.0000000000
72615  -51.175  -3.620  39.293 0.0000000000
73821  -51.018  -2.696  38.870 0.0000000000
76071  -54.147  -0.568  35.135 0.0000000000
77246  -53.864  0.379  35.416 0.0000000000
78402  -55.069  1.382  31.779 0.0000000000
79537  -55.117  1.333  32.475 0.0000000000
78391  -55.280  0.896  33.112 0.0000000000
76092  -55.778  -0.851  33.017 0.0000000000
74998  -55.830  -2.149  32.747 0.0000000000
73896  -56.017  -2.773  32.477 0.0000000000
72733  -56.145  -3.499  32.254 0.0000000000
73924  -57.761  -3.399  30.558 0.0000000000
72763  -58.083  -3.849  30.353 0.0000000000
70475  -57.170  -4.941  29.803 0.0000000000
66939  -42.152  -8.449  46.786 0.0000000000
68010  -41.761  -7.438  47.510 0.0000000000
71361  -42.559  -4.375  49.611 0.0000000000
72495  -42.352  -3.664  49.986 0.0000000000
73662  -43.097  -2.955  48.956 0.0000000000
73675  -43.282  -2.680  48.192 0.0000000000
73674  -42.818  -2.621  48.653 0.0000000000
74792  -43.008  -1.971  48.143 0.0000000000
60821  -18.906  -13.620  60.044 0.0000000000
62117  -24.317  -12.815  57.971 0.0000000000
59573  -24.947  -13.895  57.566 0.0000000000
58454  -25.334  -14.489  57.042 0.0000000000
59586  -25.768  -14.404  57.350 0.0000000000
59587  -26.510  -14.712  57.498 0.0000000000
57294  -29.318  -15.442  57.380 0.0000000000
58460  -30.470  -14.839  57.446 0.0000000000
62173  -32.788  -12.906  55.998 0.0000000000
62172  -32.222  -13.382  55.847 0.0000000000
62146  -32.451  -13.586  56.321 0.0000000000
60855  -32.278  -13.976  56.595 0.0000000000
59599  -31.555  -14.166  56.815 0.0000000000
59601  -32.786  -14.367  56.574 0.0000000000
59602  -33.423  -14.304  56.476 0.0000000000
64589  -35.213  -11.044  56.324 0.0000000000
62175  -36.202  -12.671  55.929 0.0000000000
63398  -37.120  -12.106  55.201 0.0000000000
63399  -37.578  -11.570  54.700 0.0000000000
67942  -35.936  -8.015  54.050 0.0000000000
66848  -39.006  -8.398  54.683 0.0000000000
64605  -38.714  -9.731  54.530 0.0000000000
65838  -39.571  -9.945  51.397 0.0000000000
66926  -39.852  -8.369  48.657 0.0000000000
66937  -40.049  -8.511  47.820 0.0000000000
65896  -40.322  -9.383  47.335 0.0000000000
66952  -40.429  -8.500  47.310 0.0000000000
62105  -18.067  -13.888  60.055 0.0000000000
69105  -45.934  -6.044  44.639 0.0000000000
69115  -46.096  -6.154  43.744 0.0000000000
74851  -45.795  -3.109  44.081 0.0000000000
71449  -49.994  -4.742  41.226 0.0000000000
71441  -49.544  -4.824  42.019 0.0000000000
79489  -51.940  2.310  36.441 0.0000000000
79479  -50.241  1.842  37.035 0.0000000000
76118  -55.946  -1.591  31.093 0.0000000000
75035  -57.027  -2.280  30.391 0.0000000000
75036  -57.582  -2.314  30.033 0.0000000000
70171  -41.526  -5.151  50.098 0.0000000000
72487  -41.036  -4.017  49.754 0.0000000000
72488  -41.658  -3.814  50.236 0.0000000000
63342  -19.543  -12.023  59.132 0.0000000000
64549  -20.588  -11.594  58.955 0.0000000000
64550  -20.974  -11.499  58.988 0.0000000000
64551  -21.795  -11.379  58.600 0.0000000000
64576  -34.619  -11.560  56.507 0.0000000000
65774  -34.530  -11.101  55.664 0.0000000000
64588  -34.892  -11.258  56.206 0.0000000000
69011  -37.336  -7.054  52.809 0.0000000000
69012  -37.935  -7.154  53.168 0.0000000000
69013  -38.308  -6.909  53.350 0.0000000000
70143  -38.524  -6.563  52.655 0.0000000000
70127  -38.701  -6.766  53.026 0.0000000000
68997  -38.649  -6.830  53.503 0.0000000000
67931  -39.651  -7.405  53.412 0.0000000000
66862  -39.862  -7.772  53.288 0.0000000000
66877  -39.970  -8.208  52.776 0.0000000000
69042  -40.255  -6.463  50.280 0.0000000000
70189  -44.451  -5.141  47.354 0.0000000000
70198  -44.861  -5.407  46.799 0.0000000000
70207  -45.253  -5.444  46.153 0.0000000000
70208  -45.677  -5.449  45.653 0.0000000000
72518  -45.630  -3.904  46.247 0.0000000000
71392  -45.809  -4.739  45.771 0.0000000000
70209  -46.053  -5.133  45.348 0.0000000000
70219  -46.432  -5.250  44.803 0.0000000000
70235  -46.588  -5.293  44.140 0.0000000000
70236  -47.049  -5.115  43.620 0.0000000000
73773  -49.325  -2.845  41.933 0.0000000000
71456  -50.434  -4.685  40.615 0.0000000000
80647  -51.937  3.091  34.063 0.0000000000
80649  -52.834  3.200  34.577 0.0000000000
80630  -53.164  2.839  35.494 0.0000000000
79499  -52.497  2.499  36.110 0.0000000000
78361  -52.812  1.472  36.115 0.0000000000
79490  -52.529  2.060  36.213 0.0000000000
78360  -52.066  1.640  36.270 0.0000000000
77235  -51.487  1.137  36.065 0.0000000000
71351  -38.623  -5.495  50.649 0.0000000000
72484  -38.878  -5.144  50.277 0.0000000000
72492  -38.440  -4.876  49.803 0.0000000000
67966  -36.786  -7.684  51.592 0.0000000000
70161  -37.587  -6.412  51.604 0.0000000000
71341  -38.391  -5.669  50.966 0.0000000000
74848  -43.946  -2.363  44.425 0.0000000000
74849  -44.590  -2.230  44.081 0.0000000000
74863  -44.896  -2.562  43.453 0.0000000000
74880  -46.524  -3.058  42.075 0.0000000000
74912  -48.880  -2.381  40.129 0.0000000000
76015  -49.430  -1.882  39.678 0.0000000000
79534  -52.774  2.208  32.978 0.0000000000
79512  -54.323  2.118  34.614 0.0000000000
78379  -55.172  0.511  33.718 0.0000000000
77252  -54.581  0.216  34.875 0.0000000000
74985  -54.250  -1.435  34.442 0.0000000000
72716  -55.168  -3.239  33.031 0.0000000000
75020  -56.348  -2.180  31.343 0.0000000000
73912  -56.500  -2.902  31.721 0.0000000000
72734  -56.594  -3.706  31.803 0.0000000000
72747  -57.007  -3.781  31.298 0.0000000000
66955  -43.213  -7.730  46.603 0.0000000000
69069  -42.129  -5.820  49.070 0.0000000000
69070  -43.048  -5.783  49.078 0.0000000000
70188  -44.050  -5.427  48.000 0.0000000000
73677  -43.937  -3.463  47.159 0.0000000000
73691  -43.790  -2.821  46.928 0.0000000000
74814  -43.843  -1.899  46.139 0.0000000000
72493  -38.696  -4.216  49.761 0.0000000000
72504  -39.336  -3.630  48.674 0.0000000000
73658  -39.708  -3.218  49.182 0.0000000000
73672  -40.802  -2.876  48.479 0.0000000000
73689  -41.732  -2.440  47.341 0.0000000000
74833  -43.684  -2.126  45.100 0.0000000000
62113  -20.011  -12.570  58.961 0.0000000000
60823  -23.966  -12.964  57.844 0.0000000000
58444  -27.058  -14.818  57.794 0.0000000000
58473  -27.650  -15.445  57.391 0.0000000000
59591  -31.374  -14.425  56.922 0.0000000000
58461  -31.066  -14.752  57.062 0.0000000000
60872  -34.709  -13.588  56.435 0.0000000000
62174  -35.350  -12.969  56.188 0.0000000000
65805  -34.411  -9.802  53.926 0.0000000000
66843  -35.001  -9.153  55.128 0.0000000000
66834  -35.775  -9.187  56.138 0.0000000000
66835  -36.503  -9.211  56.112 0.0000000000
67910  -36.911  -7.843  55.282 0.0000000000
67911  -37.796  -7.835  55.104 0.0000000000
66846  -37.239  -8.780  55.598 0.0000000000
65786  -37.256  -9.505  55.761 0.0000000000
65779  -37.407  -9.981  55.790 0.0000000000
64603  -37.643  -10.832  55.284 0.0000000000
63400  -38.182  -11.148  54.309 0.0000000000
64612  -38.554  -10.898  53.879 0.0000000000
65854  -39.489  -9.883  50.432 0.0000000000
65855  -39.608  -9.030  50.078 0.0000000000
64689  -41.363  -10.416  47.242 0.0000000000
64670  -42.813  -11.364  48.028 0.0000000000
69095  -44.261  -6.485  45.928 0.0000000000
74836  -45.661  -3.181  44.986 0.0000000000
74852  -46.303  -3.514  44.061 0.0000000000
73740  -46.502  -3.771  44.051 0.0000000000
72542  -46.645  -4.078  44.217 0.0000000000
71402  -46.761  -4.563  44.018 0.0000000000
73760  -48.134  -3.705  42.467 0.0000000000
73752  -48.102  -3.882  42.633 0.0000000000
71440  -48.983  -4.857  42.703 0.0000000000
71431  -48.084  -4.745  42.663 0.0000000000
76027  -48.512  -1.618  38.136 0.0000000000
76028  -48.974  -1.474  38.199 0.0000000000
77195  -49.275  -1.354  38.327 0.0000000000
79510  -51.036  2.920  34.332 0.0000000000
79509  -50.569  2.699  34.737 0.0000000000
79508  -49.804  2.222  34.954 0.0000000000
79498  -50.351  2.680  35.616 0.0000000000
78347  -48.132  0.700  36.680 0.0000000000
77225  -48.451  0.346  37.260 0.0000000000
78349  -49.296  1.016  36.937 0.0000000000
78336  -48.947  0.409  37.325 0.0000000000
77209  -48.964  0.200  37.615 0.0000000000
77197  -49.539  -0.664  37.899 0.0000000000
74941  -49.625  -1.823  37.473 0.0000000000
73834  -49.709  -2.724  37.648 0.0000000000
63365  -33.673  -12.373  55.988 0.0000000000
63506  -40.548  -11.147  48.379 0.0000000000
64586  -33.780  -11.725  55.587 0.0000000000
64708  -40.389  -9.920  47.462 0.0000000000
64709  -40.638  -10.005  47.226 0.0000000000
65882  -41.562  -9.854  46.779 0.0000000000
65898  -41.609  -9.524  46.725 0.0000000000
66953  -40.870  -8.727  46.903 0.0000000000
66954  -41.561  -8.982  46.727 0.0000000000
68019  -40.402  -7.963  47.587 0.0000000000
68020  -40.718  -8.020  47.180 0.0000000000
68999  -39.771  -6.987  53.054 0.0000000000
69067  -40.609  -7.049  48.907 0.0000000000
69106  -46.378  -5.572  44.340 0.0000000000
70218  -46.012  -5.580  45.205 0.0000000000
71328  -39.059  -5.870  51.961 0.0000000000
71380  -45.747  -4.318  46.056 0.0000000000
71391  -45.519  -5.078  45.981 0.0000000000
72483  -38.577  -5.160  50.043 0.0000000000
72543  -46.852  -4.282  43.834 0.0000000000
72595  -50.753  -3.184  40.692 0.0000000000
72605  -50.709  -4.181  40.516 0.0000000000
73639  -40.547  -3.836  49.861 0.0000000000
73690  -43.576  -2.511  47.580 0.0000000000
73705  -45.404  -2.935  46.388 0.0000000000
74817  -45.938  -2.929  45.680 0.0000000000
78338  -49.477  0.372  37.097 0.0000000000
78403  -55.389  0.817  32.065 0.0000000000
79476  -48.967  1.233  36.451 0.0000000000
79501  -53.955  1.999  35.434 0.0000000000
79536  -54.612  1.698  32.445 0.0000000000
80621  -51.761  2.938  36.294 0.0000000000
80629  -52.555  3.014  35.772 0.0000000000
80636  -51.034  3.057  34.736 0.0000000000
80637  -51.625  3.127  34.629 0.0000000000
80639  -53.082  3.139  35.031 0.0000000000
80648  -52.406  3.126  34.310 0.0000000000
