#!ascii label  , from subject 3008 vox2ras=TkReg
1669
63529  -43.414  -11.354  47.042 0.0000000000
55096  -31.915  -16.725  55.085 0.0000000000
67101  -41.958  -8.334  34.366 0.0000000000
62500  -37.703  -12.332  35.862 0.0000000000
62441  -47.474  -11.771  38.910 0.0000000000
60943  -38.589  -14.083  51.045 0.0000000000
54078  -36.532  -19.344  44.206 0.0000000000
59806  -33.847  -15.033  42.310 0.0000000000
58495  -24.861  -15.134  55.996 0.0000000000
72701  -53.645  -2.653  32.919 0.0000000000
56426  -26.983  -17.925  41.773 0.0000000000
62384  -40.794  -12.159  41.864 0.0000000000
62460  -42.334  -12.312  37.138 0.0000000000
62375  -45.304  -12.213  42.531 0.0000000000
62279  -40.837  -12.205  49.112 0.0000000000
57475  -38.747  -16.285  49.013 0.0000000000
61067  -39.118  -13.102  44.582 0.0000000000
61140  -34.920  -12.742  39.369 0.0000000000
70455  -54.688  -4.808  30.769 0.0000000000
57341  -28.624  -16.336  56.110 0.0000000000
57439  -26.293  -16.502  50.551 0.0000000000
56295  -31.017  -17.264  49.987 0.0000000000
64837  -45.474  -11.217  36.915 0.0000000000
58522  -34.676  -15.275  53.444 0.0000000000
52807  -34.880  -19.667  50.276 0.0000000000
54014  -38.204  -19.086  50.460 0.0000000000
57505  -36.792  -17.436  45.041 0.0000000000
59620  -20.377  -14.227  56.322 0.0000000000
68096  -50.532  -7.365  39.996 0.0000000000
70349  -48.304  -5.031  37.107 0.0000000000
77242  -49.979  0.376  35.954 0.0000000000
69296  -47.244  -6.167  33.264 0.0000000000
70468  -47.644  -5.059  30.061 0.0000000000
57436  -22.526  -16.527  50.460 0.0000000000
54090  -31.973  -19.412  43.807 0.0000000000
59801  -42.739  -13.192  44.086 0.0000000000
61105  -43.622  -12.625  42.707 0.0000000000
62343  -43.428  -12.000  44.340 0.0000000000
63487  -43.410  -11.594  48.797 0.0000000000
57498  -41.728  -14.316  47.533 0.0000000000
58622  -42.238  -13.731  45.537 0.0000000000
61101  -40.107  -12.661  43.278 0.0000000000
63718  -39.552  -11.099  30.880 0.0000000000
67129  -40.867  -7.857  31.217 0.0000000000
56185  -30.289  -16.456  56.043 0.0000000000
56242  -29.593  -16.931  53.172 0.0000000000
55146  -32.072  -17.668  53.512 0.0000000000
61234  -39.128  -13.392  33.847 0.0000000000
62438  -45.056  -12.364  38.151 0.0000000000
61197  -43.402  -13.619  35.442 0.0000000000
61177  -46.059  -13.289  36.222 0.0000000000
62514  -46.082  -12.995  34.820 0.0000000000
63662  -46.668  -11.530  37.554 0.0000000000
60940  -35.993  -13.956  51.957 0.0000000000
56231  -37.487  -18.250  52.397 0.0000000000
57391  -39.228  -16.476  51.596 0.0000000000
59753  -35.693  -14.885  46.023 0.0000000000
56348  -36.211  -17.060  48.090 0.0000000000
57515  -34.925  -16.469  43.890 0.0000000000
62454  -36.099  -12.224  37.561 0.0000000000
69236  -49.944  -5.987  38.823 0.0000000000
74993  -48.757  -1.836  33.617 0.0000000000
72730  -50.156  -3.705  32.225 0.0000000000
69327  -47.466  -6.467  31.768 0.0000000000
69313  -51.190  -5.893  32.308 0.0000000000
72789  -51.092  -3.434  27.651 0.0000000000
59622  -22.603  -14.169  55.927 0.0000000000
58518  -21.888  -15.124  53.779 0.0000000000
58533  -23.533  -15.598  53.417 0.0000000000
56373  -26.409  -16.935  45.582 0.0000000000
56355  -24.306  -17.167  46.850 0.0000000000
56412  -24.617  -17.486  42.976 0.0000000000
52853  -35.484  -19.966  47.710 0.0000000000
54041  -33.689  -19.332  47.508 0.0000000000
54075  -33.883  -19.493  44.645 0.0000000000
63656  -38.647  -11.498  38.951 0.0000000000
62502  -39.769  -12.347  35.913 0.0000000000
63629  -41.671  -11.378  39.473 0.0000000000
62402  -44.347  -11.701  40.104 0.0000000000
61121  -46.558  -12.180  41.308 0.0000000000
62246  -39.683  -13.204  50.447 0.0000000000
57426  -40.514  -16.236  50.787 0.0000000000
57461  -41.551  -15.285  49.572 0.0000000000
59756  -38.641  -14.222  46.719 0.0000000000
61064  -36.219  -13.764  44.186 0.0000000000
59825  -34.044  -13.729  40.746 0.0000000000
61100  -37.283  -12.710  42.211 0.0000000000
62414  -37.228  -12.006  39.791 0.0000000000
69302  -54.003  -4.939  32.232 0.0000000000
72733  -56.145  -3.499  32.254 0.0000000000
57320  -26.313  -15.418  56.315 0.0000000000
57381  -25.353  -16.374  53.174 0.0000000000
57407  -27.829  -16.520  52.855 0.0000000000
56308  -28.240  -16.633  50.002 0.0000000000
56360  -29.431  -17.468  46.082 0.0000000000
61219  -41.115  -13.505  34.780 0.0000000000
63698  -43.888  -12.392  34.405 0.0000000000
66021  -43.412  -9.830  36.825 0.0000000000
57343  -33.582  -16.173  54.758 0.0000000000
53974  -33.257  -17.830  53.599 0.0000000000
53977  -35.905  -18.666  53.346 0.0000000000
51683  -36.979  -20.137  50.452 0.0000000000
52856  -37.280  -19.442  47.088 0.0000000000
56315  -38.891  -17.501  49.895 0.0000000000
55201  -37.434  -18.897  47.339 0.0000000000
55226  -37.255  -18.497  44.119 0.0000000000
66956  -43.236  -8.162  46.364 0.0000000000
58475  -32.241  -14.829  56.677 0.0000000000
60899  -35.962  -13.220  55.083 0.0000000000
63415  -37.815  -12.000  53.996 0.0000000000
68046  -43.675  -7.687  44.188 0.0000000000
65966  -46.212  -9.161  42.065 0.0000000000
63602  -48.407  -10.033  41.272 0.0000000000
68075  -48.982  -7.146  41.954 0.0000000000
63622  -49.766  -10.570  40.107 0.0000000000
66002  -48.643  -9.305  39.500 0.0000000000
68114  -46.481  -7.530  38.488 0.0000000000
69265  -45.571  -6.416  36.407 0.0000000000
73847  -48.755  -2.348  36.113 0.0000000000
71527  -47.080  -4.568  35.211 0.0000000000
68209  -44.474  -7.293  33.415 0.0000000000
68233  -44.962  -6.864  31.914 0.0000000000
71604  -51.043  -4.648  30.339 0.0000000000
58504  -19.360  -15.110  54.641 0.0000000000
55196  -20.249  -18.090  47.835 0.0000000000
56291  -24.208  -16.674  50.285 0.0000000000
56353  -22.415  -17.448  47.080 0.0000000000
54012  -33.186  -18.586  50.678 0.0000000000
55198  -31.687  -18.229  47.365 0.0000000000
55234  -29.694  -18.381  43.445 0.0000000000
54160  -30.557  -20.025  39.797 0.0000000000
59776  -42.973  -12.944  45.474 0.0000000000
61069  -43.487  -12.549  43.755 0.0000000000
62335  -43.377  -12.008  45.165 0.0000000000
62297  -44.148  -12.294  47.833 0.0000000000
59745  -43.217  -13.468  47.565 0.0000000000
59760  -43.220  -13.124  46.554 0.0000000000
58634  -42.380  -13.584  44.559 0.0000000000
66037  -41.267  -9.802  34.452 0.0000000000
67112  -40.465  -9.127  33.005 0.0000000000
67119  -39.701  -9.172  31.633 0.0000000000
67113  -40.911  -8.281  32.813 0.0000000000
56186  -31.007  -16.497  55.962 0.0000000000
56214  -30.874  -16.815  54.703 0.0000000000
53960  -32.413  -18.021  54.631 0.0000000000
61215  -37.431  -13.153  34.363 0.0000000000
61216  -38.353  -13.114  34.447 0.0000000000
62439  -45.930  -12.299  38.332 0.0000000000
62464  -45.577  -12.724  37.456 0.0000000000
62465  -46.482  -12.315  37.388 0.0000000000
62466  -47.541  -11.976  38.215 0.0000000000
62228  -37.410  -13.219  51.921 0.0000000000
58538  -38.590  -15.729  51.557 0.0000000000
59662  -39.228  -15.394  51.889 0.0000000000
59783  -35.031  -14.792  44.278 0.0000000000
58618  -35.260  -15.470  45.579 0.0000000000
58632  -34.445  -15.591  43.651 0.0000000000
57540  -34.148  -16.461  41.866 0.0000000000
62480  -36.889  -12.206  36.713 0.0000000000
62498  -35.813  -12.570  35.785 0.0000000000
61190  -36.614  -12.840  35.034 0.0000000000
74996  -51.303  -1.635  32.992 0.0000000000
73911  -52.023  -2.651  32.494 0.0000000000
71583  -50.757  -4.548  32.409 0.0000000000
71585  -52.573  -4.241  32.300 0.0000000000
59623  -23.636  -14.452  55.820 0.0000000000
58507  -23.410  -14.929  54.608 0.0000000000
58508  -24.267  -15.215  54.811 0.0000000000
56388  -26.520  -16.959  44.504 0.0000000000
56387  -25.488  -17.001  44.688 0.0000000000
56413  -25.575  -17.408  42.639 0.0000000000
55258  -25.010  -18.720  41.618 0.0000000000
54119  -25.987  -19.601  40.875 0.0000000000
52879  -35.977  -20.043  46.190 0.0000000000
54061  -34.731  -19.646  45.487 0.0000000000
54077  -35.806  -19.492  44.393 0.0000000000
63627  -39.909  -11.531  39.997 0.0000000000
63642  -40.055  -11.438  39.081 0.0000000000
63615  -40.672  -11.536  40.583 0.0000000000
61106  -44.390  -12.538  42.465 0.0000000000
62387  -44.043  -12.201  41.516 0.0000000000
61118  -44.825  -12.558  41.858 0.0000000000
62389  -45.780  -12.133  40.883 0.0000000000
61108  -46.177  -12.450  41.859 0.0000000000
62247  -40.423  -13.254  50.110 0.0000000000
59689  -41.094  -14.761  50.260 0.0000000000
60976  -41.494  -13.889  49.753 0.0000000000
59773  -40.705  -13.793  45.915 0.0000000000
58611  -40.703  -14.723  47.264 0.0000000000
59772  -39.281  -13.764  46.055 0.0000000000
59771  -38.107  -13.813  45.909 0.0000000000
61066  -38.035  -13.196  44.417 0.0000000000
61099  -36.497  -13.149  42.389 0.0000000000
61084  -38.498  -12.805  43.795 0.0000000000
62371  -40.720  -12.465  42.437 0.0000000000
62382  -38.954  -12.107  41.801 0.0000000000
62398  -39.165  -11.782  41.081 0.0000000000
62435  -37.949  -11.587  39.235 0.0000000000
57321  -27.170  -15.678  56.447 0.0000000000
57353  -26.720  -15.888  55.027 0.0000000000
57368  -28.228  -16.502  54.624 0.0000000000
56262  -30.232  -17.093  52.389 0.0000000000
56278  -28.889  -16.675  51.586 0.0000000000
56294  -30.034  -16.907  50.374 0.0000000000
56329  -29.121  -17.128  48.379 0.0000000000
56330  -30.123  -17.411  48.035 0.0000000000
62484  -41.051  -12.255  36.618 0.0000000000
61194  -40.461  -12.922  35.334 0.0000000000
61195  -41.451  -13.180  35.591 0.0000000000
59860  -44.492  -13.994  34.979 0.0000000000
59874  -43.512  -14.087  34.562 0.0000000000
59887  -43.855  -14.522  33.416 0.0000000000
63687  -45.585  -12.228  35.636 0.0000000000
63700  -45.348  -12.511  34.983 0.0000000000
63686  -44.888  -11.938  35.744 0.0000000000
64846  -43.250  -11.245  35.555 0.0000000000
64836  -44.424  -10.667  36.907 0.0000000000
58510  -34.212  -15.786  54.045 0.0000000000
56215  -34.012  -17.081  53.798 0.0000000000
56228  -35.027  -17.430  53.108 0.0000000000
52784  -38.604  -18.795  51.473 0.0000000000
52782  -37.894  -19.143  51.783 0.0000000000
51685  -38.144  -19.489  50.980 0.0000000000
52826  -37.390  -20.099  49.751 0.0000000000
52827  -37.753  -19.444  49.987 0.0000000000
57459  -40.150  -16.502  49.625 0.0000000000
56297  -40.227  -16.941  50.673 0.0000000000
57458  -39.312  -16.817  49.482 0.0000000000
56378  -36.237  -17.463  46.177 0.0000000000
56349  -36.568  -17.822  47.767 0.0000000000
56365  -37.230  -18.145  46.158 0.0000000000
55210  -37.570  -18.602  46.240 0.0000000000
61127  -34.627  -13.351  40.686 0.0000000000
62187  -37.120  -12.455  54.772 0.0000000000
64627  -39.162  -10.908  51.670 0.0000000000
66980  -43.290  -8.540  45.034 0.0000000000
68048  -45.616  -6.591  43.578 0.0000000000
68064  -46.939  -7.150  42.561 0.0000000000
64786  -47.377  -9.136  41.548 0.0000000000
67017  -48.284  -7.633  41.729 0.0000000000
68086  -49.896  -7.372  40.621 0.0000000000
67038  -49.594  -8.158  40.830 0.0000000000
65992  -50.666  -8.990  40.075 0.0000000000
64815  -49.726  -9.785  39.545 0.0000000000
67058  -50.144  -8.022  39.718 0.0000000000
70332  -49.502  -5.249  38.200 0.0000000000
69213  -48.820  -6.689  38.683 0.0000000000
70316  -47.523  -5.961  38.233 0.0000000000
69231  -45.772  -6.875  37.699 0.0000000000
69252  -47.041  -5.765  36.959 0.0000000000
76058  -49.136  -1.215  36.013 0.0000000000
72727  -47.563  -3.707  32.993 0.0000000000
72700  -47.778  -3.109  34.315 0.0000000000
71562  -46.622  -4.792  33.983 0.0000000000
69294  -45.645  -6.402  34.549 0.0000000000
68210  -45.600  -6.886  33.750 0.0000000000
68218  -44.247  -7.236  32.460 0.0000000000
68220  -46.358  -6.842  32.773 0.0000000000
70447  -47.130  -5.916  30.880 0.0000000000
69343  -46.239  -6.213  31.048 0.0000000000
70467  -46.334  -5.122  29.659 0.0000000000
69334  -54.642  -4.926  31.341 0.0000000000
70438  -53.018  -5.198  31.250 0.0000000000
71606  -53.029  -4.539  30.322 0.0000000000
58547  -21.945  -15.838  52.247 0.0000000000
57377  -20.420  -16.186  52.444 0.0000000000
57418  -20.950  -16.645  50.955 0.0000000000
56302  -20.248  -17.396  49.579 0.0000000000
56322  -21.251  -17.217  48.900 0.0000000000
57423  -25.642  -16.561  51.417 0.0000000000
57404  -25.054  -16.615  52.254 0.0000000000
57438  -25.378  -16.587  50.435 0.0000000000
56354  -23.331  -17.287  46.958 0.0000000000
54071  -22.266  -19.905  43.746 0.0000000000
52768  -34.367  -18.919  51.945 0.0000000000
54004  -33.125  -18.490  51.573 0.0000000000
54013  -33.835  -19.025  50.246 0.0000000000
54059  -32.748  -19.310  45.722 0.0000000000
55199  -32.238  -18.694  47.112 0.0000000000
55217  -31.303  -18.785  45.208 0.0000000000
55216  -30.662  -18.367  45.295 0.0000000000
55235  -30.408  -18.943  43.285 0.0000000000
54141  -29.222  -19.798  40.425 0.0000000000
61103  -41.639  -12.766  43.038 0.0000000000
61116  -42.238  -12.574  42.170 0.0000000000
59811  -42.973  -13.135  43.134 0.0000000000
61088  -43.959  -12.442  43.207 0.0000000000
62358  -44.801  -11.959  42.913 0.0000000000
63470  -42.085  -12.512  48.937 0.0000000000
59708  -43.076  -14.427  49.076 0.0000000000
59724  -43.244  -14.061  48.196 0.0000000000
58614  -42.202  -13.659  46.777 0.0000000000
59786  -40.976  -13.544  45.034 0.0000000000
61085  -39.585  -12.762  43.823 0.0000000000
59799  -41.642  -13.487  44.300 0.0000000000
59809  -41.887  -13.200  43.801 0.0000000000
68252  -40.287  -7.568  30.036 0.0000000000
56184  -29.468  -16.420  56.126 0.0000000000
56212  -29.142  -16.554  54.717 0.0000000000
56213  -30.078  -16.639  54.733 0.0000000000
56243  -30.525  -17.271  53.254 0.0000000000
56263  -31.159  -17.527  52.496 0.0000000000
62436  -43.460  -12.199  37.725 0.0000000000
61173  -42.975  -13.319  36.151 0.0000000000
61159  -44.322  -13.167  36.781 0.0000000000
61175  -44.722  -13.512  36.197 0.0000000000
59861  -45.316  -14.111  34.830 0.0000000000
59877  -46.081  -14.096  34.060 0.0000000000
62505  -46.177  -13.133  35.288 0.0000000000
63677  -46.310  -12.111  36.620 0.0000000000
64838  -46.150  -11.474  37.035 0.0000000000
59660  -35.450  -14.157  52.746 0.0000000000
57409  -35.562  -16.262  52.363 0.0000000000
58552  -36.750  -15.563  51.672 0.0000000000
56249  -38.546  -17.439  51.752 0.0000000000
54008  -39.019  -18.560  51.254 0.0000000000
58599  -37.524  -15.217  47.924 0.0000000000
58590  -37.091  -15.823  48.507 0.0000000000
57495  -35.845  -16.184  47.010 0.0000000000
57503  -35.637  -16.807  45.935 0.0000000000
57516  -35.749  -16.703  43.705 0.0000000000
57528  -35.925  -16.769  42.667 0.0000000000
57527  -34.929  -16.628  42.829 0.0000000000
62432  -35.346  -12.396  38.378 0.0000000000
62478  -35.033  -12.391  36.599 0.0000000000
70297  -50.717  -5.616  40.003 0.0000000000
68119  -50.147  -7.065  39.529 0.0000000000
71474  -51.040  -4.516  38.848 0.0000000000
71491  -50.432  -4.384  38.290 0.0000000000
71510  -49.285  -4.208  37.637 0.0000000000
76068  -51.246  0.104  34.883 0.0000000000
76078  -49.646  -0.674  34.525 0.0000000000
76079  -50.618  -0.445  34.351 0.0000000000
73891  -49.913  -2.133  32.621 0.0000000000
71581  -48.704  -4.421  32.378 0.0000000000
68212  -47.750  -6.573  32.921 0.0000000000
70402  -49.322  -5.975  32.619 0.0000000000
69312  -50.032  -6.249  32.331 0.0000000000
70449  -49.545  -5.631  30.971 0.0000000000
70483  -54.909  -4.463  29.628 0.0000000000
71622  -52.463  -3.874  29.437 0.0000000000
72782  -52.730  -3.389  28.143 0.0000000000
59621  -21.436  -14.203  56.103 0.0000000000
59632  -20.597  -14.455  55.427 0.0000000000
58506  -22.369  -14.777  54.551 0.0000000000
58532  -22.665  -15.379  53.158 0.0000000000
57402  -23.347  -16.251  52.117 0.0000000000
57484  -26.637  -16.660  48.248 0.0000000000
57469  -25.536  -16.681  48.796 0.0000000000
56372  -25.391  -16.941  45.709 0.0000000000
56386  -24.484  -17.116  44.834 0.0000000000
55232  -23.254  -17.834  43.151 0.0000000000
54087  -23.506  -19.676  42.868 0.0000000000
54101  -23.870  -19.050  42.421 0.0000000000
52839  -35.263  -19.809  48.800 0.0000000000
54021  -34.308  -19.449  49.030 0.0000000000
54042  -34.622  -19.614  47.324 0.0000000000
54060  -33.745  -19.545  45.618 0.0000000000
54091  -33.052  -19.500  43.731 0.0000000000
62481  -37.918  -11.942  36.765 0.0000000000
62501  -38.732  -12.240  35.877 0.0000000000
62457  -39.593  -11.616  37.508 0.0000000000
62458  -40.622  -11.774  37.296 0.0000000000
63644  -41.900  -11.500  38.562 0.0000000000
62400  -42.147  -11.873  41.004 0.0000000000
63630  -42.613  -11.456  39.245 0.0000000000
63645  -42.898  -11.724  38.283 0.0000000000
62417  -44.421  -11.866  38.738 0.0000000000
62404  -46.188  -11.902  40.402 0.0000000000
62420  -46.822  -11.841  39.576 0.0000000000
62230  -38.718  -13.156  50.813 0.0000000000
59677  -39.139  -15.229  51.343 0.0000000000
60945  -39.925  -14.411  50.649 0.0000000000
57443  -40.809  -15.638  50.095 0.0000000000
57477  -40.346  -15.632  49.039 0.0000000000
57480  -42.305  -14.937  48.760 0.0000000000
58602  -40.321  -15.053  48.054 0.0000000000
58600  -38.569  -15.103  48.004 0.0000000000
59755  -37.502  -14.232  46.574 0.0000000000
59769  -36.083  -14.322  45.430 0.0000000000
59796  -35.220  -14.356  43.497 0.0000000000
59807  -34.540  -14.466  42.455 0.0000000000
61098  -35.601  -13.658  42.513 0.0000000000
61112  -35.694  -13.226  41.532 0.0000000000
61128  -35.886  -12.716  40.375 0.0000000000
62356  -38.739  -12.601  43.191 0.0000000000
62380  -37.303  -12.533  41.393 0.0000000000
62395  -36.677  -12.410  40.221 0.0000000000
62434  -37.109  -11.810  38.774 0.0000000000
62455  -37.051  -11.945  37.695 0.0000000000
71565  -53.887  -3.840  32.680 0.0000000000
71549  -54.783  -3.606  32.891 0.0000000000
71567  -55.329  -4.043  32.510 0.0000000000
69318  -55.677  -4.779  31.515 0.0000000000
70474  -56.141  -4.792  30.338 0.0000000000
70485  -56.580  -4.760  29.182 0.0000000000
58496  -25.505  -15.266  56.179 0.0000000000
57351  -25.001  -15.630  54.644 0.0000000000
57352  -25.856  -15.646  54.794 0.0000000000
57382  -26.199  -16.357  53.359 0.0000000000
57424  -26.644  -16.493  51.573 0.0000000000
56241  -28.706  -16.652  53.065 0.0000000000
56277  -28.352  -16.596  51.677 0.0000000000
57454  -27.539  -16.640  49.430 0.0000000000
56328  -27.960  -16.826  48.753 0.0000000000
56359  -28.342  -17.281  46.343 0.0000000000
56375  -28.514  -17.335  45.212 0.0000000000
61217  -39.277  -13.135  34.531 0.0000000000
61235  -40.021  -13.530  33.950 0.0000000000
61221  -42.735  -13.697  34.993 0.0000000000
64845  -42.407  -10.392  35.657 0.0000000000
67088  -42.277  -8.869  35.511 0.0000000000
56189  -32.880  -16.463  55.198 0.0000000000
53962  -32.866  -17.903  54.382 0.0000000000
55121  -33.400  -17.472  54.012 0.0000000000
52764  -34.865  -18.393  52.768 0.0000000000
52779  -35.536  -19.425  51.790 0.0000000000
55136  -36.929  -18.519  52.742 0.0000000000
52780  -36.307  -19.424  51.846 0.0000000000
51666  -36.104  -19.819  50.666 0.0000000000
52840  -36.113  -20.183  48.634 0.0000000000
52854  -36.287  -20.270  47.629 0.0000000000
52881  -37.001  -19.716  45.602 0.0000000000
57411  -40.124  -16.417  51.257 0.0000000000
55164  -39.803  -17.497  50.956 0.0000000000
54024  -38.607  -18.494  50.423 0.0000000000
57455  -36.901  -17.249  49.149 0.0000000000
55181  -37.514  -18.442  49.249 0.0000000000
54034  -37.634  -19.452  49.164 0.0000000000
54044  -37.575  -19.097  46.980 0.0000000000
54053  -37.653  -19.123  46.022 0.0000000000
59824  -33.484  -13.985  40.548 0.0000000000
64692  -43.576  -10.815  47.340 0.0000000000
64710  -43.207  -10.589  46.806 0.0000000000
59610  -22.165  -13.794  56.586 0.0000000000
58483  -25.029  -14.874  56.546 0.0000000000
58484  -25.712  -15.080  56.630 0.0000000000
58485  -26.565  -15.346  56.730 0.0000000000
57324  -29.641  -16.179  56.630 0.0000000000
57325  -30.402  -16.214  56.578 0.0000000000
56175  -31.129  -16.227  56.493 0.0000000000
56177  -32.150  -15.958  56.211 0.0000000000
58486  -33.009  -15.309  56.228 0.0000000000
57328  -33.518  -15.568  55.532 0.0000000000
58498  -34.707  -14.587  54.965 0.0000000000
60884  -35.188  -13.541  55.813 0.0000000000
59638  -35.131  -13.989  54.621 0.0000000000
60912  -36.005  -13.198  53.913 0.0000000000
60926  -36.465  -12.705  53.169 0.0000000000
62215  -37.662  -12.085  52.916 0.0000000000
63440  -38.247  -12.350  51.480 0.0000000000
63441  -38.562  -11.872  51.302 0.0000000000
62260  -39.375  -12.345  50.226 0.0000000000
64690  -42.270  -10.634  47.260 0.0000000000
64750  -42.858  -10.528  45.151 0.0000000000
64767  -43.104  -10.575  44.107 0.0000000000
64783  -44.905  -10.433  42.610 0.0000000000
68034  -44.502  -6.759  44.823 0.0000000000
67013  -44.807  -8.625  42.761 0.0000000000
64784  -45.925  -10.210  42.258 0.0000000000
63600  -47.106  -11.081  42.036 0.0000000000
63608  -47.262  -11.188  41.490 0.0000000000
63620  -48.253  -10.755  40.707 0.0000000000
65979  -48.860  -8.530  41.309 0.0000000000
63611  -49.727  -10.596  40.772 0.0000000000
62422  -48.225  -11.049  39.448 0.0000000000
64826  -48.278  -10.916  38.956 0.0000000000
64813  -47.805  -10.173  39.295 0.0000000000
64812  -47.087  -9.927  38.811 0.0000000000
68117  -49.474  -7.098  38.955 0.0000000000
68103  -47.795  -8.195  39.366 0.0000000000
67067  -45.779  -9.283  38.468 0.0000000000
67065  -44.158  -8.607  37.548 0.0000000000
68135  -43.672  -7.964  37.033 0.0000000000
67089  -42.889  -7.993  35.642 0.0000000000
73848  -49.076  -2.709  37.247 0.0000000000
72668  -48.676  -3.377  36.816 0.0000000000
74969  -48.752  -1.696  35.361 0.0000000000
72685  -48.068  -3.197  35.341 0.0000000000
71528  -47.809  -4.227  36.164 0.0000000000
69266  -46.092  -5.882  35.871 0.0000000000
68195  -45.054  -6.783  34.924 0.0000000000
68192  -42.685  -7.821  33.699 0.0000000000
68207  -42.541  -7.741  32.714 0.0000000000
68231  -42.770  -7.378  31.255 0.0000000000
68244  -43.181  -6.980  30.408 0.0000000000
69325  -45.623  -6.499  31.427 0.0000000000
69341  -44.524  -6.432  30.248 0.0000000000
68263  -42.272  -6.600  28.759 0.0000000000
69300  -52.948  -5.065  32.229 0.0000000000
70436  -51.243  -5.680  31.417 0.0000000000
70470  -49.439  -4.836  30.135 0.0000000000
71621  -51.305  -3.980  29.553 0.0000000000
71632  -49.476  -4.075  28.695 0.0000000000
71629  -47.019  -4.436  28.008 0.0000000000
58517  -20.683  -15.341  53.682 0.0000000000
57380  -24.617  -16.289  52.993 0.0000000000
57403  -24.245  -16.493  52.151 0.0000000000
56290  -23.642  -16.618  50.338 0.0000000000
56326  -24.701  -16.913  48.694 0.0000000000
56325  -23.865  -17.146  48.716 0.0000000000
56323  -22.070  -17.078  48.777 0.0000000000
56337  -21.250  -17.490  48.025 0.0000000000
53992  -32.541  -17.863  53.225 0.0000000000
55154  -32.470  -18.228  51.982 0.0000000000
55169  -31.841  -17.685  50.685 0.0000000000
54029  -33.165  -18.736  48.748 0.0000000000
55179  -32.448  -18.385  49.127 0.0000000000
56331  -31.014  -17.735  47.695 0.0000000000
56346  -30.248  -17.577  46.917 0.0000000000
56376  -29.649  -17.756  44.980 0.0000000000
56416  -28.375  -17.986  42.513 0.0000000000
54106  -33.389  -19.462  42.720 0.0000000000
54105  -32.298  -19.444  42.749 0.0000000000
54104  -31.039  -19.361  42.715 0.0000000000
54103  -30.155  -19.093  42.000 0.0000000000
55262  -28.849  -18.736  41.672 0.0000000000
54120  -27.144  -19.188  40.851 0.0000000000
61039  -43.563  -12.507  46.068 0.0000000000
61052  -43.171  -12.457  44.675 0.0000000000
62325  -43.598  -11.713  46.240 0.0000000000
62314  -44.011  -12.031  46.996 0.0000000000
61027  -43.751  -12.827  47.199 0.0000000000
66041  -40.850  -9.777  33.783 0.0000000000
67109  -41.052  -8.890  33.847 0.0000000000
67110  -41.777  -8.063  33.312 0.0000000000
56201  -31.496  -16.584  55.304 0.0000000000
55105  -31.663  -17.032  54.696 0.0000000000
55106  -31.942  -17.077  54.731 0.0000000000
61191  -37.547  -12.746  35.083 0.0000000000
62440  -46.795  -12.050  38.575 0.0000000000
60942  -37.826  -13.904  51.412 0.0000000000
59676  -38.631  -14.837  51.346 0.0000000000
59795  -34.614  -14.931  43.513 0.0000000000
59782  -34.687  -15.292  44.132 0.0000000000
62499  -36.739  -12.495  35.836 0.0000000000
61214  -36.504  -13.205  34.280 0.0000000000
73878  -53.140  -2.183  33.468 0.0000000000
73894  -52.455  -2.451  32.796 0.0000000000
72715  -53.189  -2.910  32.767 0.0000000000
72732  -52.306  -3.330  32.330 0.0000000000
71546  -53.873  -3.124  32.743 0.0000000000
58494  -24.350  -14.868  55.598 0.0000000000
59635  -23.804  -14.693  55.169 0.0000000000
56399  -26.608  -17.061  43.398 0.0000000000
56414  -26.659  -17.507  42.309 0.0000000000
55246  -26.343  -18.098  41.690 0.0000000000
54063  -36.472  -19.613  45.113 0.0000000000
54062  -35.714  -19.715  45.429 0.0000000000
63614  -39.825  -11.651  40.975 0.0000000000
63606  -40.775  -11.776  41.348 0.0000000000
61107  -45.242  -12.484  42.285 0.0000000000
61119  -45.700  -12.414  41.486 0.0000000000
62376  -46.013  -12.208  42.303 0.0000000000
62262  -40.907  -12.949  49.513 0.0000000000
60975  -40.769  -13.576  49.900 0.0000000000
59758  -40.627  -14.380  46.685 0.0000000000
61051  -39.623  -13.453  45.315 0.0000000000
61050  -38.632  -13.481  45.231 0.0000000000
62383  -39.882  -12.048  41.695 0.0000000000
62399  -39.603  -11.795  41.272 0.0000000000
63613  -39.315  -11.683  40.775 0.0000000000
57340  -27.786  -16.113  55.997 0.0000000000
57354  -27.558  -16.254  55.267 0.0000000000
57355  -28.425  -16.457  55.421 0.0000000000
56280  -30.868  -17.299  51.340 0.0000000000
56310  -30.142  -16.945  49.148 0.0000000000
62485  -41.858  -12.524  36.617 0.0000000000
62504  -41.453  -12.696  36.152 0.0000000000
61172  -42.133  -13.022  36.115 0.0000000000
59875  -44.638  -14.336  34.207 0.0000000000
64848  -45.396  -11.763  36.190 0.0000000000
64847  -45.006  -11.427  36.420 0.0000000000
63675  -44.643  -11.394  36.325 0.0000000000
64822  -45.175  -10.383  37.459 0.0000000000
57356  -34.061  -16.575  53.948 0.0000000000
58521  -34.601  -15.969  53.246 0.0000000000
52812  -38.755  -19.013  51.105 0.0000000000
52798  -38.401  -19.203  51.277 0.0000000000
52811  -38.368  -19.262  50.797 0.0000000000
51698  -37.693  -19.724  50.269 0.0000000000
57476  -39.647  -16.119  49.005 0.0000000000
57504  -36.241  -17.228  45.356 0.0000000000
56379  -36.770  -17.752  45.776 0.0000000000
56380  -37.246  -17.935  45.286 0.0000000000
57512  -36.932  -17.396  44.327 0.0000000000
61149  -33.983  -12.772  38.436 0.0000000000
67016  -47.455  -7.769  41.952 0.0000000000
70283  -50.472  -6.165  40.265 0.0000000000
69158  -49.763  -6.534  40.996 0.0000000000
68087  -50.369  -7.397  40.203 0.0000000000
67039  -50.156  -8.153  40.366 0.0000000000
67043  -50.405  -8.138  40.107 0.0000000000
65997  -50.497  -8.879  39.800 0.0000000000
67048  -50.403  -8.143  39.965 0.0000000000
69254  -49.021  -5.249  37.906 0.0000000000
69253  -48.702  -5.445  38.059 0.0000000000
70331  -48.093  -5.518  38.047 0.0000000000
70330  -47.565  -5.597  37.435 0.0000000000
70348  -47.479  -5.316  36.667 0.0000000000
77234  -50.514  1.003  36.337 0.0000000000
76059  -49.336  -0.656  36.329 0.0000000000
70415  -47.620  -4.904  32.797 0.0000000000
71563  -47.143  -4.532  33.281 0.0000000000
70399  -46.788  -5.445  33.565 0.0000000000
69295  -46.326  -6.142  33.911 0.0000000000
68211  -46.798  -6.563  33.155 0.0000000000
70482  -46.373  -4.668  28.583 0.0000000000
69348  -54.400  -5.167  31.012 0.0000000000
69347  -54.015  -5.434  30.913 0.0000000000
71607  -53.602  -4.695  30.372 0.0000000000
57419  -22.007  -16.326  51.123 0.0000000000
57400  -21.292  -16.149  51.969 0.0000000000
57435  -21.746  -16.612  50.462 0.0000000000
57434  -21.197  -16.840  50.261 0.0000000000
57448  -21.602  -16.795  49.972 0.0000000000
57452  -25.917  -16.567  49.634 0.0000000000
52777  -34.436  -19.132  51.379 0.0000000000
52792  -34.421  -19.301  50.648 0.0000000000
54073  -31.752  -19.174  44.828 0.0000000000
54058  -32.025  -18.929  45.821 0.0000000000
54072  -31.177  -19.003  44.481 0.0000000000
54089  -31.131  -19.165  43.944 0.0000000000
59810  -42.401  -13.056  43.612 0.0000000000
61053  -43.703  -12.089  43.986 0.0000000000
61070  -44.100  -12.249  43.305 0.0000000000
62344  -43.784  -11.961  43.713 0.0000000000
63486  -42.364  -11.840  48.980 0.0000000000
60991  -43.167  -13.476  48.711 0.0000000000
60992  -43.268  -12.844  48.486 0.0000000000
58615  -42.778  -13.386  46.907 0.0000000000
58621  -41.866  -13.846  45.973 0.0000000000
58627  -41.782  -13.992  45.532 0.0000000000
59787  -41.587  -13.882  45.081 0.0000000000
59798  -41.133  -13.465  44.606 0.0000000000
58628  -42.070  -14.099  45.113 0.0000000000
59789  -42.602  -13.408  44.564 0.0000000000
59800  -42.212  -13.527  44.309 0.0000000000
64874  -39.816  -11.170  31.639 0.0000000000
67128  -40.374  -8.245  31.309 0.0000000000
68242  -41.209  -7.579  30.724 0.0000000000
56198  -29.310  -16.509  55.474 0.0000000000
56199  -30.174  -16.555  55.406 0.0000000000
56226  -31.627  -17.460  53.742 0.0000000000
56225  -30.979  -17.178  54.038 0.0000000000
56244  -31.408  -17.525  53.304 0.0000000000
61247  -38.187  -13.231  32.853 0.0000000000
62437  -44.255  -12.261  37.879 0.0000000000
62462  -43.911  -12.665  37.254 0.0000000000
62463  -44.734  -12.788  37.395 0.0000000000
61161  -45.934  -13.132  36.807 0.0000000000
61160  -45.163  -13.236  36.836 0.0000000000
61176  -45.516  -13.493  36.178 0.0000000000
61199  -45.073  -13.772  35.537 0.0000000000
61200  -45.876  -13.589  35.419 0.0000000000
63663  -47.454  -11.556  37.975 0.0000000000
59673  -35.785  -14.914  51.933 0.0000000000
59674  -36.868  -14.693  51.799 0.0000000000
57390  -38.800  -16.535  51.633 0.0000000000
57389  -38.169  -16.782  51.740 0.0000000000
56250  -39.061  -17.262  51.595 0.0000000000
55150  -38.783  -17.847  51.655 0.0000000000
58609  -36.025  -15.132  46.902 0.0000000000
58598  -36.545  -15.498  47.685 0.0000000000
57509  -35.045  -16.133  44.901 0.0000000000
57502  -35.427  -16.054  46.078 0.0000000000
57510  -35.649  -16.731  44.735 0.0000000000
62453  -35.235  -12.334  37.454 0.0000000000
71464  -51.046  -4.602  39.640 0.0000000000
70305  -50.800  -5.448  39.304 0.0000000000
72633  -50.840  -3.598  38.522 0.0000000000
72654  -50.369  -3.594  38.166 0.0000000000
71490  -49.903  -4.307  37.972 0.0000000000
72653  -49.810  -3.558  37.772 0.0000000000
76069  -52.399  -0.292  34.873 0.0000000000
77245  -52.905  0.550  35.681 0.0000000000
77244  -51.875  0.609  35.472 0.0000000000
76080  -51.705  -0.528  34.408 0.0000000000
73892  -50.909  -2.098  32.561 0.0000000000
74995  -50.451  -1.531  33.110 0.0000000000
73908  -49.551  -2.890  32.250 0.0000000000
72729  -49.198  -3.672  32.224 0.0000000000
71582  -49.699  -4.573  32.374 0.0000000000
70417  -49.128  -5.315  32.540 0.0000000000
69329  -49.692  -6.210  31.693 0.0000000000
69330  -50.786  -6.196  31.869 0.0000000000
71637  -54.645  -3.930  28.628 0.0000000000
71636  -53.318  -3.693  28.822 0.0000000000
59633  -21.837  -14.436  55.290 0.0000000000
58520  -23.813  -15.497  54.149 0.0000000000
58519  -22.983  -15.164  53.937 0.0000000000
58548  -22.548  -15.769  52.466 0.0000000000
58549  -23.261  -15.752  52.769 0.0000000000
56343  -27.141  -16.761  47.842 0.0000000000
56342  -26.079  -16.685  47.577 0.0000000000
56357  -26.275  -16.820  46.652 0.0000000000
56398  -25.557  -17.124  43.670 0.0000000000
56397  -24.580  -17.181  43.874 0.0000000000
56411  -23.903  -17.514  43.260 0.0000000000
55243  -23.718  -18.148  42.655 0.0000000000
55244  -24.589  -18.226  42.150 0.0000000000
52907  -25.261  -20.216  41.234 0.0000000000
52900  -24.788  -20.325  41.798 0.0000000000
54032  -35.043  -19.633  47.939 0.0000000000
52852  -35.137  -19.758  47.330 0.0000000000
54051  -34.724  -19.710  46.435 0.0000000000
54074  -32.834  -19.379  44.738 0.0000000000
62456  -38.284  -11.575  37.984 0.0000000000
62482  -39.054  -11.883  36.730 0.0000000000
63657  -39.322  -11.475  38.499 0.0000000000
63643  -40.962  -11.316  38.796 0.0000000000
63658  -40.272  -11.460  38.154 0.0000000000
63659  -41.223  -11.560  37.912 0.0000000000
62373  -43.167  -12.541  42.449 0.0000000000
62386  -42.823  -12.272  41.895 0.0000000000
62401  -43.186  -11.732  40.844 0.0000000000
63618  -43.239  -11.544  39.909 0.0000000000
63631  -43.579  -11.590  39.084 0.0000000000
63646  -43.747  -11.884  38.305 0.0000000000
61130  -46.050  -12.193  40.990 0.0000000000
62403  -45.507  -11.825  40.196 0.0000000000
62419  -46.115  -11.901  39.339 0.0000000000
62405  -46.685  -11.849  40.637 0.0000000000
62231  -39.415  -13.745  50.649 0.0000000000
60944  -39.501  -14.169  50.850 0.0000000000
60960  -39.797  -13.895  50.595 0.0000000000
58569  -41.756  -15.332  50.007 0.0000000000
58562  -40.876  -15.327  50.363 0.0000000000
57460  -40.655  -15.677  49.686 0.0000000000
57478  -40.979  -15.042  49.185 0.0000000000
58595  -43.046  -14.897  48.483 0.0000000000
57489  -41.725  -14.492  48.360 0.0000000000
59757  -39.866  -14.454  46.860 0.0000000000
57496  -40.813  -14.905  47.981 0.0000000000
58610  -40.059  -14.844  47.500 0.0000000000
58601  -39.555  -15.061  47.949 0.0000000000
59742  -39.058  -14.673  47.415 0.0000000000
59741  -38.011  -14.617  47.373 0.0000000000
61048  -37.040  -13.783  44.961 0.0000000000
59770  -37.038  -14.017  45.598 0.0000000000
59785  -36.506  -13.933  44.836 0.0000000000
59784  -35.726  -14.257  44.456 0.0000000000
59797  -35.795  -13.946  43.756 0.0000000000
59808  -35.221  -14.103  42.804 0.0000000000
61081  -35.620  -13.917  43.195 0.0000000000
61113  -36.744  -12.775  41.367 0.0000000000
62357  -39.411  -12.545  43.056 0.0000000000
62397  -38.320  -11.959  41.065 0.0000000000
62381  -37.866  -12.311  41.786 0.0000000000
62396  -37.367  -12.350  40.792 0.0000000000
61129  -36.660  -12.596  40.677 0.0000000000
62413  -36.335  -12.313  39.469 0.0000000000
72717  -55.668  -3.373  32.659 0.0000000000
71568  -55.823  -3.841  32.439 0.0000000000
70421  -55.344  -4.492  32.025 0.0000000000
70422  -55.888  -4.781  31.890 0.0000000000
70456  -56.172  -4.888  30.980 0.0000000000
70457  -56.819  -4.859  30.578 0.0000000000
70475  -57.170  -4.941  29.803 0.0000000000
57338  -26.091  -15.487  55.638 0.0000000000
57383  -27.115  -16.384  53.563 0.0000000000
57366  -26.442  -16.153  54.219 0.0000000000
57406  -26.901  -16.451  52.611 0.0000000000
56223  -28.941  -16.598  53.896 0.0000000000
56293  -29.070  -16.729  50.676 0.0000000000
56292  -28.290  -16.570  51.059 0.0000000000
57440  -27.374  -16.501  50.579 0.0000000000
57472  -27.580  -16.729  48.958 0.0000000000
56345  -29.226  -17.411  47.224 0.0000000000
56344  -28.175  -17.132  47.523 0.0000000000
61192  -38.512  -12.648  35.110 0.0000000000
61193  -39.499  -12.693  35.180 0.0000000000
61218  -40.173  -13.255  34.667 0.0000000000
61236  -40.693  -13.547  34.217 0.0000000000
61196  -42.432  -13.458  35.571 0.0000000000
59886  -42.636  -14.317  33.657 0.0000000000
61222  -46.000  -13.374  34.299 0.0000000000
62513  -45.682  -12.995  34.403 0.0000000000
63699  -44.685  -12.445  34.823 0.0000000000
63708  -43.415  -12.511  33.746 0.0000000000
64835  -43.238  -10.535  36.257 0.0000000000
64857  -42.584  -11.300  34.950 0.0000000000
64834  -42.725  -10.210  36.099 0.0000000000
64844  -41.928  -10.254  35.346 0.0000000000
66020  -42.657  -9.651  36.175 0.0000000000
57342  -33.128  -16.476  55.050 0.0000000000
55109  -33.081  -17.166  54.494 0.0000000000
56203  -33.308  -16.870  54.487 0.0000000000
56216  -34.550  -17.607  53.275 0.0000000000
55122  -34.290  -17.725  53.343 0.0000000000
53976  -35.035  -18.183  52.980 0.0000000000
52763  -34.729  -18.536  52.618 0.0000000000
52770  -35.272  -19.157  52.316 0.0000000000
56247  -36.660  -17.460  52.507 0.0000000000
56229  -36.112  -17.899  52.769 0.0000000000
56230  -37.141  -18.008  52.513 0.0000000000
51653  -37.483  -19.495  51.410 0.0000000000
52781  -37.253  -19.338  51.942 0.0000000000
52796  -36.976  -19.535  51.462 0.0000000000
52795  -36.408  -19.701  51.251 0.0000000000
51667  -36.519  -19.902  50.792 0.0000000000
51696  -36.428  -19.939  50.058 0.0000000000
51697  -36.758  -20.200  50.157 0.0000000000
52842  -37.426  -19.777  48.635 0.0000000000
52841  -36.867  -20.194  48.601 0.0000000000
52855  -36.941  -19.973  47.480 0.0000000000
52866  -37.032  -19.912  46.414 0.0000000000
58555  -40.088  -15.699  51.172 0.0000000000
58554  -39.660  -15.922  51.507 0.0000000000
56296  -39.876  -17.381  50.550 0.0000000000
55172  -39.946  -17.318  50.821 0.0000000000
55183  -39.228  -17.934  50.395 0.0000000000
55171  -39.599  -17.768  50.788 0.0000000000
57486  -36.449  -16.245  48.051 0.0000000000
57473  -36.748  -16.658  48.897 0.0000000000
55200  -37.093  -18.427  47.583 0.0000000000
55190  -37.099  -18.190  48.505 0.0000000000
55191  -37.371  -18.801  48.336 0.0000000000
54022  -37.601  -19.010  48.945 0.0000000000
54033  -37.465  -19.303  48.399 0.0000000000
55218  -37.461  -18.547  45.151 0.0000000000
54065  -37.407  -19.136  44.909 0.0000000000
59817  -34.172  -13.973  41.320 0.0000000000
59816  -33.567  -14.617  41.594 0.0000000000
60864  -21.714  -13.375  57.170 0.0000000000
58454  -25.334  -14.489  57.042 0.0000000000
57307  -29.064  -16.059  56.895 0.0000000000
57311  -32.157  -15.509  56.468 0.0000000000
57326  -32.389  -15.925  56.127 0.0000000000
57312  -32.746  -15.401  56.302 0.0000000000
58497  -34.131  -15.120  55.203 0.0000000000
59613  -34.633  -14.075  56.128 0.0000000000
62175  -36.202  -12.671  55.929 0.0000000000
60885  -35.905  -13.335  56.021 0.0000000000
60898  -35.278  -13.746  55.291 0.0000000000
59649  -35.405  -13.666  53.665 0.0000000000
62200  -37.298  -12.301  53.766 0.0000000000
62214  -37.143  -12.637  52.503 0.0000000000
63429  -38.257  -11.696  52.400 0.0000000000
63430  -38.794  -11.336  52.117 0.0000000000
63455  -39.006  -11.652  50.655 0.0000000000
64642  -39.260  -10.770  50.635 0.0000000000
63467  -39.467  -11.640  49.825 0.0000000000
64691  -42.977  -11.079  46.888 0.0000000000
65899  -42.992  -9.590  46.453 0.0000000000
64730  -43.018  -10.444  46.072 0.0000000000
65913  -42.953  -9.474  45.610 0.0000000000
65932  -42.898  -9.578  44.628 0.0000000000
65951  -43.397  -9.648  43.668 0.0000000000
64782  -43.867  -10.559  43.289 0.0000000000
65964  -44.261  -9.599  42.933 0.0000000000
68063  -46.099  -7.298  42.737 0.0000000000
68062  -45.177  -7.523  42.979 0.0000000000
67014  -45.762  -8.380  42.455 0.0000000000
64792  -45.515  -9.890  42.339 0.0000000000
64793  -45.876  -9.635  42.227 0.0000000000
63592  -46.491  -10.883  42.328 0.0000000000
64785  -46.744  -9.718  41.913 0.0000000000
64787  -47.929  -9.049  41.278 0.0000000000
63601  -47.635  -10.421  41.439 0.0000000000
63594  -47.995  -9.722  41.319 0.0000000000
63619  -47.539  -11.195  40.947 0.0000000000
69146  -49.204  -6.486  41.621 0.0000000000
67028  -48.778  -7.830  41.850 0.0000000000
67029  -49.134  -8.021  41.502 0.0000000000
64801  -50.380  -10.077  40.455 0.0000000000
64799  -49.669  -9.834  41.109 0.0000000000
63621  -48.973  -10.415  40.424 0.0000000000
63634  -48.782  -10.346  39.727 0.0000000000
63647  -48.579  -10.695  39.395 0.0000000000
63635  -49.447  -10.265  39.788 0.0000000000
66003  -49.407  -9.116  39.446 0.0000000000
64814  -48.600  -10.167  39.630 0.0000000000
65995  -47.998  -9.352  39.547 0.0000000000
69214  -50.069  -6.354  39.108 0.0000000000
68118  -49.912  -6.868  39.255 0.0000000000
68140  -49.849  -6.584  39.017 0.0000000000
69212  -47.985  -6.592  38.726 0.0000000000
68116  -48.498  -7.660  39.111 0.0000000000
68115  -47.459  -7.527  38.927 0.0000000000
67054  -46.924  -8.563  39.146 0.0000000000
67053  -46.000  -8.517  38.595 0.0000000000
67066  -45.237  -8.546  38.108 0.0000000000
68113  -45.783  -7.896  38.295 0.0000000000
68159  -45.029  -6.927  36.949 0.0000000000
68136  -44.568  -7.679  37.443 0.0000000000
68158  -44.259  -7.251  36.539 0.0000000000
68157  -43.524  -7.662  36.079 0.0000000000
74957  -49.029  -1.693  36.553 0.0000000000
74941  -49.625  -1.823  37.473 0.0000000000
76066  -49.163  -0.971  35.343 0.0000000000
74980  -48.871  -1.523  34.314 0.0000000000
72699  -47.395  -3.666  34.315 0.0000000000
72684  -47.521  -3.813  34.943 0.0000000000
70367  -47.308  -5.010  35.957 0.0000000000
70366  -46.576  -5.183  35.308 0.0000000000
68194  -44.421  -7.169  34.436 0.0000000000
68193  -43.577  -7.530  34.058 0.0000000000
68208  -43.492  -7.558  33.067 0.0000000000
68232  -43.868  -7.018  31.421 0.0000000000
68243  -42.157  -7.367  30.475 0.0000000000
69309  -47.700  -6.587  32.262 0.0000000000
68235  -46.784  -6.756  32.200 0.0000000000
69326  -46.511  -6.548  31.672 0.0000000000
70445  -45.473  -5.938  30.134 0.0000000000
69342  -45.314  -6.178  30.482 0.0000000000
69361  -44.345  -6.141  29.500 0.0000000000
68255  -43.197  -6.698  29.628 0.0000000000
70385  -54.168  -3.859  32.700 0.0000000000
70405  -53.761  -4.403  32.488 0.0000000000
69301  -53.310  -5.007  32.236 0.0000000000
70451  -51.643  -5.209  30.817 0.0000000000
70437  -52.204  -5.442  31.328 0.0000000000
70450  -50.661  -5.351  30.895 0.0000000000
71603  -50.160  -4.824  30.327 0.0000000000
72781  -51.917  -3.495  28.463 0.0000000000
72775  -51.575  -3.718  29.066 0.0000000000
72780  -50.907  -3.693  28.729 0.0000000000
71646  -49.042  -4.070  27.924 0.0000000000
71631  -48.690  -4.339  28.541 0.0000000000
58505  -21.101  -14.806  54.545 0.0000000000
57399  -20.207  -16.619  51.715 0.0000000000
58529  -20.061  -16.071  52.836 0.0000000000
56271  -19.485  -17.641  50.758 0.0000000000
55187  -20.101  -17.779  48.776 0.0000000000
55177  -19.804  -17.788  49.318 0.0000000000
55195  -19.808  -18.356  48.394 0.0000000000
54039  -19.926  -19.064  47.312 0.0000000000
57365  -25.580  -16.088  54.022 0.0000000000
57364  -24.860  -16.031  53.799 0.0000000000
57422  -24.640  -16.654  51.153 0.0000000000
56276  -24.017  -16.694  50.851 0.0000000000
57421  -23.848  -16.609  51.421 0.0000000000
56341  -25.139  -16.857  47.811 0.0000000000
56339  -23.183  -17.393  47.893 0.0000000000
56324  -22.992  -17.171  48.782 0.0000000000
56338  -22.259  -17.413  47.956 0.0000000000
56352  -21.550  -17.654  47.194 0.0000000000
52896  -23.858  -20.420  43.125 0.0000000000
52895  -23.318  -20.266  43.325 0.0000000000
53973  -32.976  -17.777  54.205 0.0000000000
53982  -32.948  -17.855  53.384 0.0000000000
55162  -32.513  -18.181  51.172 0.0000000000
55170  -32.522  -18.220  50.162 0.0000000000
54030  -33.785  -19.148  48.447 0.0000000000
54040  -33.025  -18.870  47.740 0.0000000000
55189  -32.391  -18.492  48.083 0.0000000000
55188  -31.709  -18.083  48.444 0.0000000000
56347  -31.102  -17.849  46.663 0.0000000000
55223  -30.054  -18.233  44.505 0.0000000000
55215  -30.162  -18.134  45.015 0.0000000000
56391  -29.373  -17.888  43.901 0.0000000000
55233  -29.153  -18.080  43.078 0.0000000000
54127  -33.794  -19.427  41.729 0.0000000000
54126  -32.763  -19.429  41.775 0.0000000000
54143  -31.392  -19.499  40.525 0.0000000000
54125  -31.729  -19.380  41.674 0.0000000000
54124  -30.713  -19.301  41.368 0.0000000000
54142  -30.261  -19.663  40.215 0.0000000000
52915  -28.658  -20.570  40.199 0.0000000000
54122  -28.944  -19.308  41.078 0.0000000000
54140  -28.351  -19.823  40.503 0.0000000000
54121  -28.119  -19.161  40.969 0.0000000000
54139  -27.503  -19.860  40.503 0.0000000000
59790  -42.924  -12.950  44.416 0.0000000000
62336  -43.403  -12.202  44.285 0.0000000000
63488  -44.063  -11.570  48.282 0.0000000000
61008  -43.559  -13.109  48.055 0.0000000000
59759  -42.673  -13.401  46.027 0.0000000000
58629  -42.328  -13.791  44.862 0.0000000000
59775  -42.582  -13.427  45.083 0.0000000000
64863  -41.002  -10.761  33.804 0.0000000000
64862  -40.446  -10.717  33.139 0.0000000000
66040  -40.417  -10.006  33.202 0.0000000000
66044  -39.673  -10.133  32.124 0.0000000000
66051  -39.626  -9.684  31.853 0.0000000000
66052  -39.830  -9.272  32.021 0.0000000000
67120  -40.190  -8.747  32.042 0.0000000000
67121  -40.978  -7.967  31.868 0.0000000000
56200  -31.095  -16.664  55.151 0.0000000000
55132  -31.476  -17.179  54.374 0.0000000000
55133  -31.966  -17.459  54.075 0.0000000000
61233  -38.262  -13.277  33.685 0.0000000000
61162  -46.261  -12.959  36.610 0.0000000000
60941  -36.934  -13.621  52.136 0.0000000000
58553  -37.627  -15.387  51.578 0.0000000000
59675  -37.969  -14.791  51.457 0.0000000000
59661  -38.916  -15.200  51.430 0.0000000000
58539  -39.066  -15.582  51.641 0.0000000000
59768  -35.388  -14.802  45.120 0.0000000000
58626  -34.986  -15.387  44.736 0.0000000000
58625  -34.690  -15.782  44.338 0.0000000000
57514  -34.579  -16.067  44.050 0.0000000000
57526  -34.108  -16.074  42.905 0.0000000000
57539  -33.326  -15.958  41.778 0.0000000000
62479  -35.958  -12.404  36.657 0.0000000000
74970  -52.666  -0.671  34.602 0.0000000000
74982  -51.241  -1.050  33.681 0.0000000000
73877  -52.080  -1.717  33.288 0.0000000000
73893  -51.733  -2.171  32.691 0.0000000000
72731  -51.175  -3.612  32.264 0.0000000000
71584  -51.766  -4.348  32.334 0.0000000000
70420  -52.275  -4.838  32.397 0.0000000000
59634  -22.973  -14.475  55.192 0.0000000000
55245  -25.629  -18.053  41.903 0.0000000000
55259  -25.766  -18.694  41.365 0.0000000000
52864  -35.657  -20.068  46.820 0.0000000000
54052  -35.397  -19.824  46.099 0.0000000000
54076  -34.893  -19.556  44.538 0.0000000000
63641  -39.235  -11.515  39.408 0.0000000000
63628  -40.770  -11.382  39.711 0.0000000000
63616  -41.494  -11.494  40.353 0.0000000000
62374  -43.584  -12.456  42.201 0.0000000000
61117  -44.024  -12.297  41.846 0.0000000000
62388  -45.098  -12.128  41.083 0.0000000000
60961  -40.466  -14.008  50.398 0.0000000000
60962  -41.167  -14.378  50.011 0.0000000000
58570  -42.174  -14.952  49.789 0.0000000000
58612  -41.363  -14.488  46.976 0.0000000000
58619  -41.022  -14.349  46.643 0.0000000000
61049  -37.641  -13.656  45.067 0.0000000000
61065  -36.987  -13.467  44.348 0.0000000000
61082  -36.280  -13.516  43.400 0.0000000000
61083  -37.438  -12.960  43.334 0.0000000000
62355  -38.160  -12.710  43.262 0.0000000000
61102  -40.754  -12.816  43.099 0.0000000000
62370  -39.811  -12.431  42.543 0.0000000000
62416  -38.647  -11.765  40.656 0.0000000000
62415  -38.171  -11.763  40.206 0.0000000000
63625  -38.569  -11.650  40.061 0.0000000000
63640  -38.577  -11.587  39.685 0.0000000000
57339  -26.957  -15.767  55.824 0.0000000000
57367  -27.339  -16.313  54.438 0.0000000000
57384  -28.031  -16.484  53.764 0.0000000000
56261  -29.307  -16.755  52.347 0.0000000000
56279  -29.791  -16.776  51.475 0.0000000000
56309  -29.117  -16.770  49.542 0.0000000000
62503  -40.732  -12.535  35.988 0.0000000000
59859  -43.944  -13.821  35.127 0.0000000000
63701  -45.802  -12.617  35.057 0.0000000000
63685  -44.016  -11.949  35.307 0.0000000000
63674  -44.055  -11.385  36.104 0.0000000000
66022  -43.982  -9.897  37.229 0.0000000000
56227  -34.298  -16.979  53.614 0.0000000000
55134  -35.152  -17.973  53.089 0.0000000000
53989  -38.020  -18.654  52.047 0.0000000000
53988  -37.701  -18.961  52.267 0.0000000000
53997  -38.065  -18.887  51.870 0.0000000000
52797  -38.171  -19.323  51.333 0.0000000000
51684  -37.595  -19.808  50.545 0.0000000000
52810  -37.258  -20.176  50.226 0.0000000000
57442  -40.417  -16.346  50.238 0.0000000000
57441  -40.121  -16.928  50.268 0.0000000000
56316  -39.703  -17.239  49.956 0.0000000000
56363  -36.055  -17.282  47.007 0.0000000000
56364  -36.752  -17.950  46.757 0.0000000000
55209  -37.255  -18.482  46.785 0.0000000000
58476  -32.918  -14.943  56.487 0.0000000000
59602  -33.423  -14.304  56.476 0.0000000000
62186  -36.634  -12.481  55.267 0.0000000000
60900  -36.793  -12.964  54.989 0.0000000000
63398  -37.120  -12.106  55.201 0.0000000000
68022  -43.515  -7.059  46.712 0.0000000000
66967  -43.462  -8.421  45.887 0.0000000000
68026  -43.805  -7.202  46.081 0.0000000000
68033  -43.770  -7.505  45.307 0.0000000000
67015  -46.616  -8.045  42.196 0.0000000000
65967  -47.041  -8.668  41.742 0.0000000000
65968  -47.818  -8.355  41.513 0.0000000000
65969  -48.471  -8.344  41.431 0.0000000000
70269  -49.648  -5.674  41.476 0.0000000000
68076  -49.318  -7.311  41.225 0.0000000000
65987  -50.142  -9.077  40.534 0.0000000000
64802  -50.844  -9.753  40.046 0.0000000000
64807  -50.377  -10.091  39.750 0.0000000000
65996  -50.410  -9.371  39.576 0.0000000000
66004  -50.050  -8.905  39.569 0.0000000000
68139  -49.720  -6.411  38.848 0.0000000000
69235  -49.292  -5.973  38.548 0.0000000000
70317  -48.026  -5.921  38.480 0.0000000000
69211  -47.010  -6.766  38.341 0.0000000000
68138  -45.962  -7.332  38.180 0.0000000000
69233  -46.914  -6.115  37.654 0.0000000000
69251  -46.337  -6.169  36.900 0.0000000000
72714  -47.925  -3.000  33.336 0.0000000000
73875  -48.309  -2.200  33.902 0.0000000000
72713  -47.372  -3.642  33.721 0.0000000000
71545  -47.031  -4.206  34.299 0.0000000000
71544  -46.669  -4.787  34.703 0.0000000000
70384  -46.372  -5.337  34.364 0.0000000000
68219  -45.314  -7.084  32.753 0.0000000000
70433  -47.813  -6.054  31.390 0.0000000000
69344  -46.851  -6.351  31.337 0.0000000000
70446  -45.934  -5.843  30.323 0.0000000000
70466  -45.153  -5.789  29.612 0.0000000000
69316  -54.272  -5.075  31.785 0.0000000000
69315  -53.481  -5.261  31.929 0.0000000000
69333  -53.813  -5.421  31.346 0.0000000000
70452  -52.596  -5.029  30.825 0.0000000000
71605  -52.019  -4.525  30.266 0.0000000000
72797  -50.303  -3.490  26.873 0.0000000000
72788  -50.174  -3.603  27.824 0.0000000000
58531  -21.556  -15.642  52.852 0.0000000000
57378  -20.953  -15.986  52.589 0.0000000000
57417  -20.309  -16.801  51.140 0.0000000000
56287  -19.935  -17.326  50.332 0.0000000000
56288  -20.615  -17.055  50.260 0.0000000000
56321  -20.647  -17.369  49.061 0.0000000000
56336  -20.671  -17.539  48.490 0.0000000000
57405  -25.947  -16.495  52.419 0.0000000000
57437  -24.742  -16.658  50.202 0.0000000000
56371  -24.423  -17.180  45.839 0.0000000000
56369  -22.526  -17.478  46.159 0.0000000000
56368  -21.660  -17.694  46.338 0.0000000000
54057  -21.131  -19.425  44.975 0.0000000000
54070  -21.692  -19.511  44.179 0.0000000000
52888  -22.131  -20.517  44.210 0.0000000000
52889  -22.890  -20.715  43.857 0.0000000000
53983  -33.838  -18.288  52.610 0.0000000000
53994  -33.787  -18.664  51.859 0.0000000000
54005  -33.854  -18.833  51.076 0.0000000000
54049  -32.650  -19.145  46.692 0.0000000000
54048  -32.104  -18.830  46.327 0.0000000000
55207  -31.574  -18.437  46.204 0.0000000000
55206  -30.963  -18.184  45.835 0.0000000000
55224  -30.693  -18.750  44.372 0.0000000000
52917  -30.266  -20.285  39.786 0.0000000000
62372  -41.366  -12.503  42.286 0.0000000000
62385  -41.669  -12.306  41.704 0.0000000000
61115  -41.905  -12.637  42.377 0.0000000000
61104  -42.615  -12.687  42.747 0.0000000000
59802  -43.469  -12.681  43.546 0.0000000000
59812  -43.974  -12.627  42.979 0.0000000000
59813  -44.464  -12.452  42.743 0.0000000000
61089  -44.854  -12.326  43.234 0.0000000000
63469  -41.559  -12.409  49.011 0.0000000000
62263  -41.928  -13.106  49.098 0.0000000000
62264  -42.663  -13.113  49.043 0.0000000000
58603  -42.739  -14.130  47.817 0.0000000000
59725  -43.416  -13.643  47.973 0.0000000000
59744  -43.042  -13.915  47.788 0.0000000000
57499  -42.154  -14.067  47.425 0.0000000000
58620  -41.467  -14.008  46.251 0.0000000000
59774  -41.534  -13.876  45.668 0.0000000000
61068  -40.306  -13.291  44.743 0.0000000000
61086  -40.777  -13.017  43.921 0.0000000000
58633  -42.180  -13.877  44.692 0.0000000000
66064  -39.261  -9.419  30.249 0.0000000000
56224  -29.918  -16.709  53.940 0.0000000000
62461  -43.110  -12.519  37.150 0.0000000000
62486  -42.657  -12.774  36.613 0.0000000000
62487  -43.483  -12.984  36.675 0.0000000000
61174  -43.867  -13.418  36.157 0.0000000000
61198  -44.274  -13.676  35.570 0.0000000000
59876  -45.479  -14.283  34.043 0.0000000000
59862  -45.911  -14.045  34.615 0.0000000000
61223  -46.079  -13.578  34.628 0.0000000000
62488  -46.297  -12.889  36.128 0.0000000000
63688  -46.065  -12.524  35.635 0.0000000000
63676  -45.885  -11.871  36.285 0.0000000000
64823  -46.233  -10.537  37.991 0.0000000000
59659  -35.136  -14.973  52.751 0.0000000000
58535  -35.047  -15.790  52.788 0.0000000000
59672  -35.444  -15.493  52.333 0.0000000000
58536  -36.720  -16.306  51.803 0.0000000000
57388  -37.223  -16.870  52.104 0.0000000000
56248  -37.714  -17.744  52.230 0.0000000000
55149  -38.185  -17.986  52.127 0.0000000000
53999  -38.776  -18.548  51.488 0.0000000000
58591  -38.120  -15.664  48.587 0.0000000000
58608  -35.614  -15.612  46.367 0.0000000000
57494  -35.595  -15.959  46.499 0.0000000000
57511  -36.405  -16.992  44.474 0.0000000000
57517  -36.589  -16.911  43.519 0.0000000000
57541  -35.140  -16.716  41.772 0.0000000000
61150  -34.716  -12.602  38.571 0.0000000000
62431  -34.703  -12.461  38.073 0.0000000000
62452  -34.418  -12.466  37.452 0.0000000000
62477  -34.013  -12.567  36.609 0.0000000000
62496  -34.098  -12.665  35.674 0.0000000000
70296  -50.545  -5.156  40.330 0.0000000000
69174  -50.569  -6.633  40.087 0.0000000000
69191  -50.607  -6.433  39.722 0.0000000000
70318  -50.616  -5.190  38.750 0.0000000000
69237  -50.303  -5.438  38.724 0.0000000000
70333  -49.945  -4.927  38.280 0.0000000000
70351  -49.500  -4.811  37.891 0.0000000000
70350  -49.018  -4.766  37.655 0.0000000000
77243  -50.842  0.625  35.600 0.0000000000
76067  -50.002  -0.042  35.178 0.0000000000
74981  -49.985  -1.008  33.789 0.0000000000
74994  -49.414  -1.638  33.317 0.0000000000
73890  -48.770  -2.372  32.846 0.0000000000
71580  -47.826  -4.326  32.637 0.0000000000
70400  -47.646  -5.534  33.031 0.0000000000
69297  -48.119  -6.288  33.030 0.0000000000
69298  -48.717  -6.299  32.585 0.0000000000
69311  -48.875  -6.410  32.341 0.0000000000
70418  -50.197  -5.574  32.495 0.0000000000
69299  -49.367  -6.234  32.427 0.0000000000
69328  -48.594  -6.260  31.648 0.0000000000
70448  -48.351  -5.693  30.955 0.0000000000
70469  -48.708  -5.020  30.169 0.0000000000
70472  -54.470  -4.612  30.224 0.0000000000
70471  -53.935  -4.802  30.422 0.0000000000
71623  -53.761  -4.328  29.733 0.0000000000
71635  -52.618  -3.580  28.726 0.0000000000
57401  -22.387  -16.103  51.839 0.0000000000
57420  -23.089  -16.437  51.188 0.0000000000
57470  -26.352  -16.616  48.875 0.0000000000
57483  -25.957  -16.640  48.259 0.0000000000
56356  -25.261  -16.848  46.726 0.0000000000
56385  -23.528  -17.298  45.005 0.0000000000
54100  -23.299  -18.962  42.676 0.0000000000
54088  -24.035  -19.824  42.655 0.0000000000
54102  -24.430  -19.468  41.997 0.0000000000
52822  -34.716  -19.656  49.497 0.0000000000
52821  -34.301  -19.478  49.485 0.0000000000
52838  -34.692  -19.619  48.929 0.0000000000
54031  -34.489  -19.490  48.288 0.0000000000
54050  -33.666  -19.521  46.562 0.0000000000
62483  -40.132  -12.023  36.630 0.0000000000
62459  -41.524  -12.034  37.197 0.0000000000
63660  -42.116  -11.804  37.731 0.0000000000
63607  -41.360  -11.733  41.043 0.0000000000
63617  -42.388  -11.495  40.168 0.0000000000
63661  -42.778  -12.131  37.597 0.0000000000
62418  -45.267  -11.897  39.117 0.0000000000
59678  -39.760  -14.968  50.841 0.0000000000
58561  -40.433  -15.480  50.770 0.0000000000
59688  -40.426  -14.816  50.610 0.0000000000
57427  -40.717  -15.728  50.529 0.0000000000
59699  -42.287  -14.523  49.558 0.0000000000
58579  -42.420  -15.062  49.310 0.0000000000
57462  -42.113  -15.282  49.231 0.0000000000
57497  -41.239  -14.633  47.722 0.0000000000
57488  -41.173  -14.810  48.483 0.0000000000
58594  -40.323  -15.321  48.561 0.0000000000
58593  -39.919  -15.496  48.531 0.0000000000
58592  -39.114  -15.607  48.549 0.0000000000
59740  -36.921  -14.721  47.251 0.0000000000
59754  -36.466  -14.434  46.361 0.0000000000
61097  -35.059  -13.990  42.405 0.0000000000
61111  -34.909  -13.736  41.843 0.0000000000
62368  -38.024  -12.569  42.720 0.0000000000
62369  -38.793  -12.402  42.506 0.0000000000
61114  -37.284  -12.593  41.674 0.0000000000
61141  -35.683  -12.562  39.572 0.0000000000
62412  -35.687  -12.458  39.055 0.0000000000
62433  -36.239  -12.171  38.487 0.0000000000
72702  -54.047  -2.621  32.958 0.0000000000
72703  -54.381  -2.802  33.062 0.0000000000
71548  -54.372  -3.508  32.871 0.0000000000
71566  -54.674  -4.025  32.649 0.0000000000
70407  -54.862  -4.433  32.201 0.0000000000
69317  -55.051  -4.634  31.685 0.0000000000
69349  -55.158  -4.734  30.952 0.0000000000
71588  -56.649  -4.320  31.603 0.0000000000
70439  -56.068  -4.888  31.430 0.0000000000
69350  -55.693  -4.853  30.948 0.0000000000
69363  -55.669  -4.727  30.693 0.0000000000
70473  -55.284  -4.629  30.340 0.0000000000
70484  -55.620  -4.559  29.331 0.0000000000
71638  -55.594  -4.320  28.571 0.0000000000
70495  -56.107  -4.559  28.589 0.0000000000
58509  -24.762  -15.280  55.345 0.0000000000
57337  -25.316  -15.407  55.479 0.0000000000
56260  -28.477  -16.615  52.234 0.0000000000
57425  -27.704  -16.534  51.806 0.0000000000
57453  -26.793  -16.555  49.625 0.0000000000
57471  -27.180  -16.689  48.711 0.0000000000
56358  -27.296  -17.044  46.561 0.0000000000
56374  -27.444  -17.103  45.420 0.0000000000
56389  -27.582  -17.110  44.305 0.0000000000
56400  -27.674  -17.362  43.219 0.0000000000
54094  -35.992  -19.246  43.437 0.0000000000
59897  -39.816  -13.680  33.012 0.0000000000
61220  -41.952  -13.643  35.020 0.0000000000
59873  -42.330  -13.916  34.465 0.0000000000
59885  -41.439  -13.836  33.924 0.0000000000
62520  -45.361  -13.249  33.853 0.0000000000
64858  -43.355  -11.756  34.890 0.0000000000
63696  -41.979  -11.583  34.155 0.0000000000
64856  -41.722  -10.623  34.917 0.0000000000
66028  -41.807  -9.719  35.301 0.0000000000
67100  -41.619  -9.082  34.839 0.0000000000
55098  -32.632  -16.589  55.145 0.0000000000
55107  -32.507  -16.992  54.669 0.0000000000
55108  -32.972  -16.814  54.626 0.0000000000
55120  -33.016  -17.683  54.170 0.0000000000
53963  -33.317  -17.694  53.756 0.0000000000
53964  -34.012  -17.896  53.362 0.0000000000
53975  -34.202  -18.024  53.026 0.0000000000
53984  -34.376  -18.439  52.601 0.0000000000
52778  -34.929  -19.403  51.626 0.0000000000
52793  -34.990  -19.534  50.957 0.0000000000
57386  -35.191  -16.546  52.820 0.0000000000
55135  -36.076  -18.035  53.079 0.0000000000
53987  -36.925  -19.007  52.632 0.0000000000
53986  -36.661  -18.876  52.893 0.0000000000
53985  -35.743  -18.628  52.886 0.0000000000
53996  -35.935  -19.565  51.568 0.0000000000
52794  -35.731  -19.727  51.152 0.0000000000
52808  -35.543  -19.718  50.579 0.0000000000
52823  -35.503  -19.714  49.896 0.0000000000
52824  -36.061  -19.862  49.491 0.0000000000
52825  -36.691  -20.185  49.562 0.0000000000
52865  -36.451  -20.134  46.714 0.0000000000
52880  -36.499  -19.955  45.909 0.0000000000
58540  -39.156  -15.815  51.571 0.0000000000
57410  -39.635  -16.466  51.496 0.0000000000
56282  -40.075  -17.054  51.055 0.0000000000
56264  -39.608  -17.212  51.390 0.0000000000
55163  -39.500  -17.914  51.130 0.0000000000
54015  -38.880  -18.634  50.719 0.0000000000
57474  -37.732  -16.352  49.077 0.0000000000
57457  -38.364  -16.940  49.508 0.0000000000
56314  -37.916  -17.661  49.701 0.0000000000
56333  -36.669  -17.660  48.494 0.0000000000
55180  -37.231  -18.175  48.947 0.0000000000
55182  -38.297  -18.194  50.134 0.0000000000
54023  -37.796  -19.028  49.829 0.0000000000
52843  -37.663  -19.608  49.251 0.0000000000
52867  -37.379  -19.543  45.888 0.0000000000
52882  -37.222  -19.458  45.363 0.0000000000
54064  -37.023  -19.444  44.891 0.0000000000
66941  -42.967  -8.987  46.411 0.0000000000
59609  -21.068  -13.866  56.816 0.0000000000
60865  -22.670  -13.458  56.973 0.0000000000
59611  -23.499  -13.938  56.583 0.0000000000
58482  -24.353  -14.634  56.294 0.0000000000
58469  -24.538  -14.374  56.812 0.0000000000
58471  -25.951  -14.907  56.933 0.0000000000
57322  -28.001  -15.961  56.558 0.0000000000
57306  -28.225  -15.810  56.967 0.0000000000
57323  -28.830  -16.150  56.642 0.0000000000
56187  -31.684  -16.397  55.729 0.0000000000
56176  -31.780  -16.054  56.297 0.0000000000
56188  -32.347  -16.243  55.739 0.0000000000
57327  -32.931  -15.846  55.823 0.0000000000
58487  -33.510  -15.036  56.075 0.0000000000
58511  -34.623  -14.863  54.342 0.0000000000
59625  -34.786  -14.255  55.485 0.0000000000
59648  -34.964  -14.424  53.581 0.0000000000
60925  -35.881  -13.358  52.830 0.0000000000
60913  -36.601  -12.758  54.301 0.0000000000
62229  -37.830  -12.819  51.661 0.0000000000
63416  -38.106  -11.624  53.667 0.0000000000
62245  -38.949  -12.479  50.568 0.0000000000
62261  -40.031  -12.560  49.877 0.0000000000
62278  -40.390  -12.273  49.442 0.0000000000
63483  -39.567  -11.147  49.343 0.0000000000
63484  -40.131  -11.588  49.006 0.0000000000
63485  -41.210  -11.705  48.558 0.0000000000
64670  -42.813  -11.364  48.028 0.0000000000
64671  -43.603  -11.056  48.054 0.0000000000
64672  -44.145  -10.993  47.955 0.0000000000
63545  -43.167  -11.117  46.413 0.0000000000
63558  -43.241  -11.255  45.643 0.0000000000
63573  -43.236  -11.452  44.582 0.0000000000
63574  -43.600  -11.835  43.837 0.0000000000
63589  -43.528  -11.274  43.719 0.0000000000
63590  -44.283  -11.450  43.161 0.0000000000
63591  -45.423  -11.210  42.620 0.0000000000
68035  -45.174  -6.465  44.370 0.0000000000
68047  -44.624  -6.958  43.784 0.0000000000
68061  -44.302  -7.803  43.284 0.0000000000
62359  -45.796  -11.777  42.510 0.0000000000
62360  -46.452  -11.657  42.282 0.0000000000
62377  -46.719  -11.903  41.963 0.0000000000
63593  -47.328  -10.003  41.684 0.0000000000
62391  -46.871  -11.844  41.234 0.0000000000
62406  -47.236  -11.520  40.598 0.0000000000
62421  -47.532  -11.440  39.797 0.0000000000
68066  -48.503  -7.050  41.980 0.0000000000
64794  -48.575  -9.236  41.195 0.0000000000
65980  -49.329  -8.857  40.985 0.0000000000
64795  -49.075  -9.299  41.126 0.0000000000
64798  -48.989  -9.798  41.220 0.0000000000
63610  -48.936  -10.356  41.030 0.0000000000
63633  -48.225  -10.801  40.089 0.0000000000
62442  -47.921  -11.452  39.050 0.0000000000
62468  -48.074  -11.428  38.832 0.0000000000
63664  -48.000  -11.447  38.451 0.0000000000
64825  -47.944  -10.884  38.688 0.0000000000
63648  -49.069  -10.246  39.817 0.0000000000
64824  -47.324  -10.767  38.231 0.0000000000
67057  -49.719  -8.057  39.433 0.0000000000
67056  -49.127  -8.338  39.222 0.0000000000
67055  -48.503  -8.621  39.378 0.0000000000
67046  -47.523  -8.691  39.428 0.0000000000
66000  -46.417  -9.560  38.667 0.0000000000
66012  -45.446  -9.794  38.097 0.0000000000
66011  -44.575  -9.709  37.588 0.0000000000
66010  -43.695  -9.243  37.255 0.0000000000
68137  -45.487  -7.288  37.799 0.0000000000
67064  -43.588  -8.629  37.133 0.0000000000
67077  -43.064  -8.733  36.476 0.0000000000
68175  -42.751  -7.896  34.744 0.0000000000
72669  -49.098  -3.491  37.482 0.0000000000
71509  -48.496  -4.223  36.913 0.0000000000
73862  -48.184  -2.561  34.646 0.0000000000
73863  -48.430  -2.299  35.181 0.0000000000
72686  -48.568  -3.016  35.857 0.0000000000
71529  -48.417  -3.638  36.151 0.0000000000
71508  -48.234  -4.500  36.684 0.0000000000
70347  -46.791  -5.528  36.279 0.0000000000
69280  -45.925  -5.794  34.871 0.0000000000
69279  -45.501  -6.326  35.427 0.0000000000
68178  -44.909  -6.748  35.960 0.0000000000
68177  -44.265  -7.139  35.497 0.0000000000
67114  -41.748  -7.968  32.347 0.0000000000
67122  -41.729  -7.885  31.704 0.0000000000
68217  -43.205  -7.426  32.128 0.0000000000
68230  -41.965  -7.730  31.201 0.0000000000
68253  -41.356  -7.316  29.749 0.0000000000
68234  -45.950  -6.745  32.166 0.0000000000
68245  -44.036  -6.761  30.605 0.0000000000
68254  -42.368  -6.926  29.539 0.0000000000
71564  -53.388  -3.771  32.549 0.0000000000
70404  -52.991  -4.702  32.281 0.0000000000
69314  -52.495  -5.319  32.188 0.0000000000
69332  -52.809  -5.373  31.672 0.0000000000
69331  -51.826  -5.804  31.849 0.0000000000
70435  -50.303  -5.848  31.434 0.0000000000
71620  -50.527  -4.263  29.733 0.0000000000
72779  -49.978  -3.784  28.482 0.0000000000
71633  -50.212  -3.975  29.107 0.0000000000
71619  -49.796  -4.384  29.587 0.0000000000
71618  -49.045  -4.520  29.403 0.0000000000
71617  -48.202  -4.607  29.265 0.0000000000
71616  -47.220  -4.573  29.032 0.0000000000
58530  -20.565  -15.856  52.985 0.0000000000
54018  -19.362  -18.904  49.414 0.0000000000
56301  -19.767  -17.630  49.774 0.0000000000
55176  -19.523  -18.081  49.617 0.0000000000
57350  -24.446  -15.685  54.215 0.0000000000
57363  -24.227  -15.888  53.597 0.0000000000
57379  -23.916  -16.057  52.844 0.0000000000
56274  -23.361  -16.534  50.928 0.0000000000
56289  -23.228  -16.536  50.605 0.0000000000
57451  -25.113  -16.687  49.541 0.0000000000
56307  -24.393  -16.798  49.498 0.0000000000
56340  -24.109  -17.194  47.818 0.0000000000
56306  -23.675  -16.800  49.546 0.0000000000
56305  -22.769  -16.679  49.753 0.0000000000
57450  -22.508  -16.605  50.072 0.0000000000
55197  -20.835  -17.909  47.277 0.0000000000
55204  -20.396  -18.494  46.922 0.0000000000
53961  -32.646  -18.104  54.672 0.0000000000
53972  -32.401  -17.935  54.504 0.0000000000
53993  -32.968  -18.183  52.493 0.0000000000
55153  -32.055  -17.926  52.722 0.0000000000
55161  -31.831  -17.835  51.768 0.0000000000
54020  -33.874  -19.162  49.388 0.0000000000
54019  -33.191  -18.684  49.734 0.0000000000
55178  -31.808  -17.822  49.530 0.0000000000
56311  -31.057  -17.408  48.778 0.0000000000
56361  -30.468  -17.849  45.857 0.0000000000
56390  -28.595  -17.487  44.116 0.0000000000
56415  -27.757  -17.831  42.260 0.0000000000
54093  -35.112  -19.402  43.548 0.0000000000
54092  -34.112  -19.491  43.645 0.0000000000
54107  -34.429  -19.356  42.655 0.0000000000
54144  -32.276  -19.445  40.879 0.0000000000
55250  -30.292  -19.084  42.644 0.0000000000
55249  -29.688  -18.755  42.461 0.0000000000
54123  -29.778  -19.216  41.069 0.0000000000
55263  -29.485  -18.951  41.640 0.0000000000
55248  -28.846  -18.236  42.490 0.0000000000
55261  -27.917  -18.385  41.589 0.0000000000
56427  -27.365  -18.122  41.690 0.0000000000
55260  -26.774  -18.517  41.314 0.0000000000
54138  -26.659  -20.037  40.564 0.0000000000
51654  -37.721  -19.373  51.592 0.0000000000
51668  -37.113  -19.720  50.965 0.0000000000
51669  -37.848  -19.511  51.178 0.0000000000
51670  -38.226  -19.385  51.187 0.0000000000
51681  -36.073  -19.754  50.369 0.0000000000
51682  -36.523  -19.963  50.434 0.0000000000
51695  -36.041  -19.660  49.976 0.0000000000
51699  -37.925  -19.495  50.588 0.0000000000
52769  -34.737  -18.913  52.261 0.0000000000
52771  -36.566  -19.080  52.591 0.0000000000
52772  -37.229  -19.094  52.529 0.0000000000
52773  -37.476  -19.050  52.383 0.0000000000
52783  -38.397  -18.954  51.548 0.0000000000
52799  -38.899  -19.039  51.172 0.0000000000
52806  -34.327  -19.462  49.928 0.0000000000
52809  -37.042  -20.355  50.074 0.0000000000
52863  -35.162  -19.819  47.070 0.0000000000
52936  -30.254  -20.807  39.693 0.0000000000
52937  -30.845  -20.470  39.665 0.0000000000
53949  -32.101  -18.054  54.553 0.0000000000
53950  -32.668  -17.829  54.721 0.0000000000
53951  -33.010  -17.658  54.461 0.0000000000
53978  -36.384  -18.785  52.751 0.0000000000
53981  -32.582  -17.683  53.860 0.0000000000
53995  -35.743  -19.617  51.421 0.0000000000
53998  -38.389  -18.602  51.744 0.0000000000
54006  -35.972  -19.685  51.349 0.0000000000
54007  -36.166  -19.607  51.486 0.0000000000
54043  -35.103  -19.708  47.555 0.0000000000
54118  -25.105  -19.483  41.360 0.0000000000
54137  -26.126  -20.293  40.706 0.0000000000
54161  -30.983  -19.856  39.869 0.0000000000
55097  -32.326  -16.658  55.144 0.0000000000
55118  -31.430  -16.998  54.620 0.0000000000
55119  -32.023  -17.415  54.470 0.0000000000
55137  -37.244  -18.531  52.507 0.0000000000
55147  -37.254  -18.800  52.541 0.0000000000
55148  -37.716  -18.513  52.300 0.0000000000
55155  -38.669  -18.187  51.665 0.0000000000
55156  -39.121  -17.970  51.518 0.0000000000
55208  -32.144  -18.792  46.587 0.0000000000
55225  -31.211  -18.932  44.732 0.0000000000
55242  -22.995  -18.478  42.882 0.0000000000
55247  -28.243  -18.071  42.191 0.0000000000
56202  -32.963  -16.841  54.772 0.0000000000
56245  -35.234  -17.077  53.009 0.0000000000
56246  -35.704  -17.235  52.774 0.0000000000
56265  -39.940  -16.851  51.263 0.0000000000
56273  -20.322  -16.977  50.768 0.0000000000
56275  -23.604  -16.598  50.915 0.0000000000
56281  -39.748  -17.397  51.154 0.0000000000
56303  -21.054  -17.071  49.642 0.0000000000
56304  -21.821  -16.858  49.488 0.0000000000
56312  -36.852  -17.461  49.039 0.0000000000
56313  -37.095  -17.747  49.117 0.0000000000
56327  -27.442  -16.770  48.432 0.0000000000
56332  -36.658  -17.319  48.836 0.0000000000
56362  -31.058  -18.064  46.113 0.0000000000
56377  -30.248  -18.050  45.275 0.0000000000
56401  -28.658  -17.810  43.099 0.0000000000
56402  -29.252  -18.018  43.373 0.0000000000
57369  -34.563  -16.602  53.374 0.0000000000
57370  -34.983  -16.956  53.102 0.0000000000
57385  -34.803  -16.302  53.108 0.0000000000
57387  -36.116  -16.725  52.274 0.0000000000
57408  -35.283  -16.135  52.573 0.0000000000
57449  -22.172  -16.648  50.024 0.0000000000
57456  -37.439  -17.084  49.369 0.0000000000
57479  -41.734  -15.005  48.971 0.0000000000
57485  -27.009  -16.687  48.257 0.0000000000
57487  -40.636  -15.108  48.560 0.0000000000
57490  -42.318  -14.343  48.149 0.0000000000
57508  -34.727  -16.023  44.438 0.0000000000
58534  -34.914  -16.096  52.928 0.0000000000
58537  -37.585  -16.138  51.635 0.0000000000
58550  -35.421  -15.923  52.363 0.0000000000
58551  -35.888  -15.924  51.920 0.0000000000
58578  -42.073  -15.388  49.533 0.0000000000
58604  -42.741  -13.677  47.478 0.0000000000
58613  -41.764  -14.121  46.798 0.0000000000
59639  -35.597  -13.473  54.342 0.0000000000
59663  -39.243  -15.501  52.078 0.0000000000
59698  -41.773  -14.654  50.052 0.0000000000
59743  -39.660  -14.773  47.427 0.0000000000
59788  -41.971  -13.987  44.687 0.0000000000
59803  -44.288  -13.049  43.098 0.0000000000
59872  -41.714  -13.728  34.552 0.0000000000
60977  -42.547  -13.764  49.340 0.0000000000
61007  -43.327  -13.617  48.206 0.0000000000
61087  -41.374  -13.077  43.619 0.0000000000
61109  -46.535  -12.216  41.556 0.0000000000
61120  -46.316  -12.233  41.277 0.0000000000
61131  -46.303  -12.081  40.873 0.0000000000
61249  -39.732  -13.581  33.399 0.0000000000
62174  -35.350  -12.969  56.188 0.0000000000
62201  -37.758  -12.027  53.604 0.0000000000
62280  -42.453  -12.614  49.042 0.0000000000
62281  -43.146  -12.538  49.067 0.0000000000
62282  -43.648  -12.340  48.459 0.0000000000
62390  -46.576  -12.097  41.168 0.0000000000
62423  -48.433  -10.817  39.270 0.0000000000
62443  -48.256  -11.185  39.101 0.0000000000
62467  -47.893  -11.586  38.660 0.0000000000
63508  -44.119  -11.450  47.598 0.0000000000
63605  -40.306  -11.875  41.508 0.0000000000
63609  -48.010  -10.651  41.170 0.0000000000
63626  -39.024  -11.632  40.308 0.0000000000
63632  -47.753  -11.155  40.428 0.0000000000
63665  -48.157  -11.272  38.875 0.0000000000
64805  -47.348  -9.680  39.172 0.0000000000
64806  -47.556  -9.727  39.291 0.0000000000
64808  -50.713  -9.465  39.771 0.0000000000
64811  -46.584  -10.053  38.493 0.0000000000
64821  -44.734  -10.281  37.343 0.0000000000
64867  -39.705  -10.383  32.061 0.0000000000
64868  -39.945  -10.644  32.434 0.0000000000
64873  -39.535  -10.393  31.616 0.0000000000
65965  -45.084  -9.521  42.489 0.0000000000
65977  -45.638  -9.431  42.317 0.0000000000
65978  -45.906  -9.356  42.215 0.0000000000
65988  -50.402  -8.621  40.224 0.0000000000
65991  -50.620  -9.518  40.295 0.0000000000
65994  -47.372  -9.290  39.376 0.0000000000
66001  -46.901  -9.382  39.085 0.0000000000
66005  -50.317  -8.849  39.672 0.0000000000
66013  -45.975  -9.852  38.356 0.0000000000
66029  -42.227  -9.639  35.734 0.0000000000
66045  -39.950  -9.627  32.439 0.0000000000
66059  -39.412  -9.600  31.179 0.0000000000
66998  -43.207  -8.772  44.140 0.0000000000
67012  -43.844  -8.672  43.401 0.0000000000
67026  -45.428  -9.003  42.410 0.0000000000
67027  -45.802  -9.084  42.249 0.0000000000
67047  -47.957  -8.737  39.508 0.0000000000
67052  -45.674  -8.300  38.337 0.0000000000
67076  -42.669  -9.080  36.041 0.0000000000
67087  -41.873  -9.199  35.241 0.0000000000
67108  -40.681  -9.446  33.469 0.0000000000
68104  -48.264  -8.296  39.368 0.0000000000
68105  -50.373  -7.206  39.759 0.0000000000
68176  -43.554  -7.515  35.070 0.0000000000
68213  -48.323  -6.510  32.666 0.0000000000
68214  -48.502  -6.524  32.468 0.0000000000
68216  -42.343  -7.767  31.856 0.0000000000
68221  -47.433  -6.651  32.530 0.0000000000
68222  -48.203  -6.516  32.608 0.0000000000
68223  -48.312  -6.651  32.408 0.0000000000
68229  -41.387  -7.786  31.350 0.0000000000
69159  -50.266  -6.641  40.444 0.0000000000
69210  -46.541  -6.995  38.283 0.0000000000
69215  -50.310  -6.196  39.244 0.0000000000
69232  -46.183  -6.757  37.941 0.0000000000
69234  -48.531  -5.966  38.492 0.0000000000
69250  -45.695  -6.672  37.307 0.0000000000
69303  -54.504  -4.730  32.021 0.0000000000
69310  -48.083  -6.519  32.279 0.0000000000
69324  -44.705  -6.583  31.052 0.0000000000
69335  -55.375  -4.734  31.271 0.0000000000
69336  -55.808  -4.855  31.215 0.0000000000
69340  -43.847  -6.633  29.916 0.0000000000
69345  -48.955  -6.003  31.233 0.0000000000
69346  -49.214  -6.096  31.395 0.0000000000
69359  -42.937  -6.492  29.025 0.0000000000
69362  -44.845  -6.162  29.951 0.0000000000
69364  -55.865  -4.803  30.879 0.0000000000
70334  -50.412  -5.022  38.457 0.0000000000
70368  -47.755  -4.918  36.437 0.0000000000
70386  -54.414  -3.914  32.686 0.0000000000
70401  -48.561  -5.832  32.812 0.0000000000
70403  -49.756  -6.090  32.488 0.0000000000
70406  -54.361  -4.391  32.456 0.0000000000
70416  -48.219  -5.106  32.629 0.0000000000
70419  -51.466  -5.176  32.441 0.0000000000
70423  -56.331  -4.640  31.793 0.0000000000
70432  -47.480  -6.160  31.360 0.0000000000
70434  -49.860  -5.926  31.405 0.0000000000
70440  -56.530  -4.770  31.283 0.0000000000
70453  -53.558  -5.090  30.791 0.0000000000
70454  -54.180  -5.081  30.738 0.0000000000
71526  -46.746  -4.832  35.081 0.0000000000
71547  -54.133  -3.430  32.846 0.0000000000
71586  -55.648  -4.477  32.150 0.0000000000
71587  -56.099  -4.252  32.145 0.0000000000
71624  -54.455  -4.367  29.553 0.0000000000
71634  -50.723  -3.936  29.301 0.0000000000
72728  -48.298  -3.432  32.514 0.0000000000
72774  -51.259  -3.776  29.112 0.0000000000
72778  -49.648  -3.868  28.418 0.0000000000
73876  -48.384  -2.084  34.513 0.0000000000
73907  -48.894  -3.021  32.318 0.0000000000
73909  -50.535  -2.830  32.248 0.0000000000
73910  -51.464  -2.758  32.351 0.0000000000
74956  -48.979  -1.583  35.861 0.0000000000
74979  -48.617  -1.807  33.924 0.0000000000
74983  -52.473  -0.968  34.160 0.0000000000
