#!ascii label  , from subject 3008 vox2ras=TkReg
378
71221  -25.851  -4.807  -21.785 0.0000000000
67792  -23.198  -8.728  -18.597 0.0000000000
67806  -29.014  -8.676  -20.062 0.0000000000
63237  -25.507  -12.799  -17.682 0.0000000000
83251  -27.502  5.876  -22.797 0.0000000000
81336  -28.882  3.454  -23.022 0.0000000000
76807  -22.730  -0.891  -21.530 0.0000000000
58320  -25.390  -16.218  -15.385 0.0000000000
65669  -24.584  -10.792  -18.018 0.0000000000
64415  -23.415  -12.544  -16.835 0.0000000000
83259  -28.253  5.121  -22.305 0.0000000000
80228  -24.582  2.433  -21.495 0.0000000000
71198  -22.603  -5.039  -20.118 0.0000000000
73467  -21.148  -3.250  -19.535 0.0000000000
73527  -23.251  -2.491  -22.122 0.0000000000
76831  -26.482  -0.660  -23.589 0.0000000000
74620  -28.327  -2.098  -22.638 0.0000000000
72344  -29.186  -4.350  -21.485 0.0000000000
68869  -21.036  -7.612  -18.485 0.0000000000
68888  -23.925  -6.972  -19.815 0.0000000000
68909  -27.377  -7.325  -21.212 0.0000000000
67803  -25.974  -8.785  -19.949 0.0000000000
64470  -27.143  -11.047  -19.106 0.0000000000
63224  -28.140  -12.073  -17.071 0.0000000000
79103  -21.879  0.964  -20.094 0.0000000000
79132  -26.301  1.209  -22.373 0.0000000000
80230  -29.967  2.359  -21.818 0.0000000000
61998  -23.353  -14.036  -16.100 0.0000000000
60701  -25.933  -14.725  -16.825 0.0000000000
64433  -22.635  -11.498  -17.222 0.0000000000
63219  -21.547  -12.449  -16.103 0.0000000000
81312  -23.720  3.580  -20.620 0.0000000000
80215  -22.821  2.377  -20.154 0.0000000000
71207  -23.618  -5.083  -21.125 0.0000000000
72342  -23.370  -3.974  -20.902 0.0000000000
72354  -24.217  -4.114  -22.163 0.0000000000
74618  -25.971  -2.689  -22.535 0.0000000000
72357  -26.576  -3.987  -22.026 0.0000000000
73517  -28.961  -3.603  -22.122 0.0000000000
71223  -27.657  -5.064  -22.039 0.0000000000
68870  -21.673  -7.890  -18.837 0.0000000000
68879  -22.242  -7.378  -19.214 0.0000000000
67800  -22.902  -7.859  -19.137 0.0000000000
67818  -24.965  -7.915  -20.369 0.0000000000
66753  -24.517  -9.064  -18.827 0.0000000000
64453  -24.860  -11.547  -17.898 0.0000000000
65670  -25.938  -10.596  -18.785 0.0000000000
63257  -26.588  -12.257  -18.367 0.0000000000
63258  -27.497  -12.029  -18.625 0.0000000000
63239  -27.387  -12.517  -17.780 0.0000000000
83239  -25.468  6.250  -21.627 0.0000000000
84252  -26.307  6.785  -22.104 0.0000000000
84253  -27.137  6.860  -22.257 0.0000000000
85292  -28.762  8.022  -21.921 0.0000000000
84255  -29.614  6.647  -22.094 0.0000000000
82318  -28.165  3.643  -22.869 0.0000000000
74576  -21.507  -2.201  -19.916 0.0000000000
75686  -21.161  -1.302  -19.746 0.0000000000
77965  -21.953  0.216  -20.373 0.0000000000
77978  -23.686  0.686  -21.396 0.0000000000
77989  -23.501  0.007  -21.818 0.0000000000
77995  -28.529  0.121  -21.752 0.0000000000
77994  -27.951  0.300  -22.064 0.0000000000
79123  -29.585  1.350  -21.519 0.0000000000
67837  -27.938  -7.629  -20.645 0.0000000000
70024  -28.831  -6.688  -20.796 0.0000000000
59424  -24.677  -15.754  -15.482 0.0000000000
60676  -24.267  -15.106  -15.866 0.0000000000
61999  -24.160  -14.018  -16.627 0.0000000000
59446  -25.597  -15.189  -16.490 0.0000000000
65666  -21.595  -9.818  -17.971 0.0000000000
66740  -24.016  -9.723  -18.291 0.0000000000
65643  -22.415  -10.770  -17.594 0.0000000000
65645  -24.267  -11.560  -17.694 0.0000000000
63236  -24.542  -12.904  -17.267 0.0000000000
82289  -25.857  5.328  -21.847 0.0000000000
81315  -25.991  4.703  -22.245 0.0000000000
81335  -26.301  3.759  -22.577 0.0000000000
81344  -26.325  2.875  -22.519 0.0000000000
71183  -20.259  -5.323  -19.051 0.0000000000
72314  -21.381  -4.180  -19.897 0.0000000000
73492  -22.424  -2.629  -20.484 0.0000000000
74614  -22.846  -1.827  -21.429 0.0000000000
76829  -24.880  -1.189  -22.553 0.0000000000
75739  -25.426  -1.379  -23.289 0.0000000000
75741  -27.202  -1.367  -23.583 0.0000000000
75723  -28.789  -1.594  -21.985 0.0000000000
75712  -29.310  -1.680  -21.421 0.0000000000
57153  -26.251  -17.027  -14.631 0.0000000000
58321  -26.050  -16.114  -15.504 0.0000000000
70011  -21.368  -6.429  -19.311 0.0000000000
70021  -23.199  -5.630  -20.002 0.0000000000
70035  -24.713  -6.336  -21.260 0.0000000000
70036  -25.999  -6.080  -21.687 0.0000000000
68907  -25.463  -7.071  -21.277 0.0000000000
67820  -26.436  -8.301  -20.546 0.0000000000
67804  -26.987  -8.818  -19.991 0.0000000000
66741  -24.956  -9.920  -18.602 0.0000000000
65688  -26.240  -10.010  -19.220 0.0000000000
65690  -27.914  -10.358  -19.375 0.0000000000
64457  -28.464  -11.170  -18.956 0.0000000000
64416  -28.649  -11.159  -17.390 0.0000000000
84261  -29.618  5.904  -22.042 0.0000000000
79105  -22.930  1.746  -20.587 0.0000000000
79122  -24.765  1.874  -21.623 0.0000000000
79144  -26.872  2.006  -22.440 0.0000000000
76811  -26.144  -0.452  -22.709 0.0000000000
79133  -27.088  1.239  -22.422 0.0000000000
80248  -29.035  2.915  -23.211 0.0000000000
70052  -28.295  -6.191  -22.000 0.0000000000
71200  -29.291  -5.444  -20.692 0.0000000000
61983  -22.000  -13.503  -15.713 0.0000000000
63221  -23.341  -13.136  -16.494 0.0000000000
62016  -24.617  -13.629  -17.051 0.0000000000
62017  -25.266  -13.552  -17.325 0.0000000000
60678  -26.561  -14.839  -16.175 0.0000000000
60702  -26.825  -14.287  -16.673 0.0000000000
62019  -26.970  -13.208  -17.312 0.0000000000
80175  -22.071  2.414  -19.356 0.0000000000
71220  -24.778  -4.814  -21.868 0.0000000000
71219  -24.037  -4.782  -21.793 0.0000000000
72355  -25.126  -4.062  -22.100 0.0000000000
72356  -25.876  -3.887  -22.038 0.0000000000
72358  -27.432  -4.063  -22.134 0.0000000000
71222  -26.828  -4.822  -21.886 0.0000000000
66738  -21.909  -9.274  -18.189 0.0000000000
67790  -21.487  -8.532  -18.359 0.0000000000
67791  -22.479  -8.406  -18.695 0.0000000000
67801  -23.632  -8.303  -19.115 0.0000000000
64436  -25.485  -12.243  -17.931 0.0000000000
64454  -25.615  -11.719  -18.272 0.0000000000
63256  -25.922  -12.369  -18.041 0.0000000000
63238  -26.422  -12.784  -17.788 0.0000000000
83250  -26.279  6.161  -22.607 0.0000000000
84254  -28.397  7.026  -21.964 0.0000000000
82308  -29.487  4.150  -22.583 0.0000000000
82309  -30.085  3.929  -22.343 0.0000000000
75711  -22.192  -1.228  -20.941 0.0000000000
75699  -21.782  -1.283  -20.361 0.0000000000
76773  -21.586  -0.468  -20.116 0.0000000000
76785  -22.064  -0.513  -20.728 0.0000000000
77976  -22.351  0.188  -20.906 0.0000000000
76798  -22.845  -0.255  -21.715 0.0000000000
77980  -29.283  0.381  -21.361 0.0000000000
67822  -28.465  -7.850  -20.383 0.0000000000
67823  -29.162  -8.023  -20.192 0.0000000000
58319  -24.966  -16.248  -15.177 0.0000000000
59423  -24.033  -15.267  -15.383 0.0000000000
60677  -24.798  -15.457  -16.078 0.0000000000
59425  -25.483  -15.683  -16.079 0.0000000000
65642  -21.469  -10.312  -17.379 0.0000000000
65667  -22.173  -10.013  -17.933 0.0000000000
64432  -21.986  -11.046  -17.210 0.0000000000
64414  -22.853  -12.230  -16.734 0.0000000000
64434  -23.690  -12.126  -17.314 0.0000000000
63235  -23.826  -12.757  -16.887 0.0000000000
82288  -24.814  4.945  -21.457 0.0000000000
81314  -25.481  4.264  -21.771 0.0000000000
80218  -24.870  3.274  -21.670 0.0000000000
81326  -25.638  3.573  -22.195 0.0000000000
81345  -26.750  3.295  -22.762 0.0000000000
80229  -25.236  2.609  -22.072 0.0000000000
71184  -21.056  -5.278  -19.633 0.0000000000
71197  -21.735  -4.879  -20.047 0.0000000000
73494  -23.384  -3.307  -21.357 0.0000000000
73481  -22.443  -3.344  -20.389 0.0000000000
73510  -23.117  -2.514  -21.540 0.0000000000
74600  -22.868  -2.247  -21.106 0.0000000000
73526  -23.125  -2.253  -21.953 0.0000000000
75737  -23.652  -1.614  -22.457 0.0000000000
74637  -23.713  -2.048  -23.018 0.0000000000
73528  -27.277  -2.578  -22.706 0.0000000000
74640  -26.741  -2.294  -22.944 0.0000000000
74641  -27.645  -2.260  -22.967 0.0000000000
75722  -28.327  -1.490  -22.547 0.0000000000
74621  -28.729  -2.603  -22.206 0.0000000000
73495  -29.238  -3.509  -21.518 0.0000000000
72345  -29.365  -4.211  -20.879 0.0000000000
57139  -26.445  -17.190  -13.997 0.0000000000
69999  -21.005  -6.962  -18.846 0.0000000000
69998  -20.256  -6.474  -18.554 0.0000000000
70013  -23.502  -6.641  -19.752 0.0000000000
70012  -22.751  -6.261  -19.707 0.0000000000
70022  -23.883  -6.153  -20.325 0.0000000000
70023  -24.435  -6.770  -20.710 0.0000000000
68906  -24.813  -7.067  -20.879 0.0000000000
67802  -24.868  -8.325  -19.749 0.0000000000
67819  -25.522  -8.195  -20.461 0.0000000000
65668  -23.233  -10.323  -17.916 0.0000000000
65671  -26.705  -10.911  -18.996 0.0000000000
65689  -26.952  -10.382  -19.215 0.0000000000
66756  -27.531  -9.598  -19.545 0.0000000000
64471  -27.586  -10.855  -19.245 0.0000000000
65691  -28.412  -10.439  -19.336 0.0000000000
65672  -28.166  -10.867  -19.269 0.0000000000
63240  -28.143  -11.872  -18.030 0.0000000000
83258  -27.515  4.948  -22.496 0.0000000000
83252  -28.905  6.032  -22.774 0.0000000000
72299  -19.960  -4.381  -18.460 0.0000000000
77949  -20.996  0.661  -19.152 0.0000000000
79083  -21.470  1.249  -19.486 0.0000000000
79084  -21.901  1.593  -19.896 0.0000000000
79104  -22.326  1.519  -20.298 0.0000000000
77979  -24.169  0.956  -21.437 0.0000000000
79131  -25.395  1.503  -22.035 0.0000000000
79143  -26.239  1.950  -22.293 0.0000000000
76830  -25.745  -0.872  -23.285 0.0000000000
76810  -25.299  -0.557  -22.205 0.0000000000
79135  -29.034  1.556  -22.029 0.0000000000
79134  -27.897  1.560  -22.311 0.0000000000
80238  -28.622  2.542  -22.711 0.0000000000
80239  -29.281  2.658  -22.525 0.0000000000
81328  -29.865  3.025  -22.396 0.0000000000
70037  -27.068  -6.485  -21.660 0.0000000000
70051  -27.738  -5.964  -22.025 0.0000000000
70038  -27.917  -6.655  -21.663 0.0000000000
70040  -28.983  -6.168  -21.100 0.0000000000
60675  -23.311  -14.691  -15.476 0.0000000000
61984  -22.634  -13.840  -15.773 0.0000000000
63204  -22.249  -13.327  -16.051 0.0000000000
63205  -22.765  -13.410  -16.052 0.0000000000
62000  -25.084  -14.217  -17.019 0.0000000000
62001  -25.772  -14.056  -17.173 0.0000000000
59426  -26.276  -15.530  -15.870 0.0000000000
60720  -26.771  -13.793  -17.099 0.0000000000
64413  -21.737  -11.586  -16.636 0.0000000000
63220  -22.289  -12.767  -16.271 0.0000000000
81313  -24.508  3.897  -21.190 0.0000000000
81311  -23.192  3.283  -20.142 0.0000000000
80216  -23.395  2.594  -20.485 0.0000000000
71206  -23.180  -4.653  -20.553 0.0000000000
72343  -23.535  -4.135  -21.728 0.0000000000
73512  -24.578  -3.318  -22.335 0.0000000000
74617  -25.061  -2.627  -22.613 0.0000000000
73513  -25.484  -3.306  -22.278 0.0000000000
74619  -26.542  -2.819  -22.502 0.0000000000
73529  -27.509  -2.737  -22.638 0.0000000000
73516  -28.047  -3.118  -22.536 0.0000000000
72359  -28.299  -4.334  -22.238 0.0000000000
67789  -20.936  -8.492  -17.968 0.0000000000
68878  -21.433  -7.280  -18.976 0.0000000000
68880  -23.296  -7.300  -19.475 0.0000000000
68881  -24.072  -7.643  -19.692 0.0000000000
68889  -24.549  -7.285  -20.247 0.0000000000
64455  -26.728  -11.503  -18.877 0.0000000000
64456  -27.697  -11.390  -19.081 0.0000000000
85294  -30.453  7.793  -21.899 0.0000000000
83271  -27.877  4.371  -22.607 0.0000000000
83260  -29.339  5.247  -22.265 0.0000000000
82307  -28.685  4.252  -22.564 0.0000000000
75685  -20.506  -1.248  -18.971 0.0000000000
76772  -20.970  -0.343  -19.465 0.0000000000
79118  -22.227  0.749  -20.488 0.0000000000
77977  -22.869  0.301  -21.480 0.0000000000
77990  -24.553  0.396  -21.717 0.0000000000
76813  -27.407  -0.566  -22.634 0.0000000000
76812  -26.808  -0.525  -22.791 0.0000000000
67836  -27.746  -7.548  -20.831 0.0000000000
68910  -28.194  -7.145  -20.931 0.0000000000
68893  -28.672  -7.221  -20.530 0.0000000000
60699  -23.886  -14.564  -16.134 0.0000000000
60700  -24.860  -14.985  -16.543 0.0000000000
66739  -22.942  -9.341  -18.242 0.0000000000
65644  -23.424  -11.216  -17.676 0.0000000000
64435  -24.859  -12.122  -17.702 0.0000000000
83208  -23.223  5.468  -20.636 0.0000000000
83238  -23.988  5.329  -20.954 0.0000000000
82299  -26.596  5.079  -22.486 0.0000000000
82300  -27.140  5.174  -22.499 0.0000000000
82306  -27.081  4.651  -22.610 0.0000000000
81327  -26.072  4.306  -22.415 0.0000000000
83270  -27.416  4.472  -22.631 0.0000000000
82317  -27.278  3.991  -22.823 0.0000000000
81346  -27.673  3.297  -22.986 0.0000000000
72328  -22.056  -4.117  -20.349 0.0000000000
73480  -21.949  -3.107  -20.033 0.0000000000
74590  -22.117  -2.025  -20.428 0.0000000000
74599  -22.536  -1.902  -20.950 0.0000000000
75720  -22.528  -1.159  -21.279 0.0000000000
76808  -23.218  -0.749  -21.772 0.0000000000
76827  -23.618  -1.346  -21.933 0.0000000000
75738  -24.248  -1.507  -23.018 0.0000000000
76845  -25.695  -0.952  -23.874 0.0000000000
74639  -25.683  -2.101  -23.082 0.0000000000
75740  -26.287  -1.499  -23.546 0.0000000000
75749  -27.104  -0.929  -24.195 0.0000000000
76833  -27.592  -0.972  -23.137 0.0000000000
76815  -28.781  -0.577  -21.706 0.0000000000
76799  -29.364  -0.865  -21.273 0.0000000000
66757  -28.738  -9.760  -19.491 0.0000000000
58298  -25.851  -16.696  -15.087 0.0000000000
70010  -20.668  -5.920  -19.213 0.0000000000
71185  -21.866  -5.601  -19.808 0.0000000000
71199  -23.322  -5.290  -20.396 0.0000000000
70034  -24.093  -5.803  -21.107 0.0000000000
71209  -25.116  -5.544  -21.737 0.0000000000
70049  -26.427  -5.334  -21.749 0.0000000000
68908  -26.431  -7.135  -21.377 0.0000000000
68890  -25.097  -7.667  -20.827 0.0000000000
68891  -25.910  -7.862  -21.101 0.0000000000
68892  -26.744  -7.835  -21.050 0.0000000000
67821  -27.459  -8.014  -20.566 0.0000000000
67805  -28.031  -8.775  -19.948 0.0000000000
66752  -23.685  -9.013  -18.581 0.0000000000
66754  -25.591  -9.442  -19.208 0.0000000000
66755  -26.537  -9.508  -19.519 0.0000000000
66742  -29.225  -10.245  -18.934 0.0000000000
63259  -28.124  -11.626  -18.673 0.0000000000
64437  -28.500  -11.188  -18.295 0.0000000000
84262  -30.083  5.863  -22.153 0.0000000000
80197  -22.295  2.231  -19.796 0.0000000000
79106  -23.496  1.958  -20.832 0.0000000000
79120  -23.266  1.143  -20.959 0.0000000000
79121  -24.062  1.607  -21.208 0.0000000000
80237  -25.968  2.450  -22.293 0.0000000000
80245  -27.236  2.748  -22.788 0.0000000000
80246  -27.989  2.873  -23.028 0.0000000000
76809  -24.245  -0.660  -21.803 0.0000000000
77991  -25.714  0.368  -22.203 0.0000000000
77993  -27.269  0.323  -22.323 0.0000000000
77992  -26.567  0.302  -22.400 0.0000000000
79145  -27.561  2.214  -22.580 0.0000000000
80247  -28.597  2.948  -23.251 0.0000000000
81348  -28.941  3.156  -23.417 0.0000000000
81337  -29.469  3.326  -22.916 0.0000000000
70050  -26.959  -5.627  -21.827 0.0000000000
71225  -29.072  -5.030  -21.861 0.0000000000
70039  -28.690  -6.299  -21.567 0.0000000000
71211  -29.056  -5.514  -21.356 0.0000000000
61997  -21.831  -13.083  -16.052 0.0000000000
59447  -26.015  -15.245  -16.341 0.0000000000
60719  -26.336  -14.115  -17.082 0.0000000000
62018  -26.171  -13.511  -17.417 0.0000000000
60698  -23.523  -14.423  -15.924 0.0000000000
63222  -24.116  -13.284  -16.796 0.0000000000
65673  -28.740  -10.608  -19.197 0.0000000000
71208  -24.367  -5.426  -21.515 0.0000000000
71210  -28.935  -5.827  -21.790 0.0000000000
71224  -28.602  -5.483  -22.086 0.0000000000
72329  -22.784  -3.990  -20.448 0.0000000000
72360  -28.936  -4.585  -22.109 0.0000000000
73493  -22.973  -2.921  -20.760 0.0000000000
73511  -23.544  -3.199  -22.214 0.0000000000
73514  -26.270  -3.288  -22.268 0.0000000000
73515  -27.071  -3.076  -22.421 0.0000000000
74613  -22.632  -1.498  -21.296 0.0000000000
74615  -23.536  -2.464  -22.498 0.0000000000
74616  -24.142  -2.572  -22.613 0.0000000000
74635  -23.086  -2.023  -21.808 0.0000000000
74636  -23.317  -2.027  -22.304 0.0000000000
74638  -24.640  -2.046  -23.110 0.0000000000
75721  -22.822  -1.240  -21.539 0.0000000000
75736  -23.273  -1.510  -21.839 0.0000000000
75742  -27.954  -1.476  -22.996 0.0000000000
75747  -25.987  -1.163  -24.012 0.0000000000
75748  -26.600  -1.121  -24.146 0.0000000000
76797  -22.529  -0.524  -21.377 0.0000000000
76814  -28.125  -0.825  -22.341 0.0000000000
76828  -23.996  -1.311  -22.143 0.0000000000
76832  -27.145  -0.742  -23.627 0.0000000000
76846  -26.160  -0.809  -24.079 0.0000000000
76847  -26.731  -0.761  -24.121 0.0000000000
77935  -20.470  0.781  -18.610 0.0000000000
77950  -21.491  0.390  -19.808 0.0000000000
77988  -22.999  -0.128  -21.888 0.0000000000
79082  -21.198  1.144  -19.153 0.0000000000
79119  -22.647  0.908  -20.759 0.0000000000
79130  -24.548  1.250  -21.593 0.0000000000
79146  -28.142  2.588  -22.829 0.0000000000
80196  -21.734  1.933  -19.542 0.0000000000
80217  -23.988  2.781  -21.136 0.0000000000
80244  -26.570  2.571  -22.539 0.0000000000
81334  -26.032  3.116  -22.412 0.0000000000
81338  -29.968  3.411  -22.444 0.0000000000
81347  -28.454  3.211  -23.263 0.0000000000
82305  -26.667  4.283  -22.657 0.0000000000
82316  -26.728  3.853  -22.774 0.0000000000
83253  -29.198  5.926  -21.875 0.0000000000
