#!ascii label  , from subject 3008 vox2ras=TkReg
310
63209  -30.106  -11.680  -15.518 0.0000000000
67806  -29.014  -8.676  -20.062 0.0000000000
81336  -28.882  3.454  -23.022 0.0000000000
77980  -29.283  0.381  -21.361 0.0000000000
73469  -31.007  -3.587  -19.134 0.0000000000
68844  -33.048  -7.375  -16.217 0.0000000000
83259  -28.253  5.121  -22.305 0.0000000000
75700  -30.589  -1.451  -20.116 0.0000000000
72344  -29.186  -4.350  -21.485 0.0000000000
66726  -29.368  -9.935  -18.263 0.0000000000
68857  -30.974  -7.796  -18.316 0.0000000000
66711  -31.787  -9.287  -16.173 0.0000000000
59407  -26.738  -15.500  -14.579 0.0000000000
63224  -28.140  -12.073  -17.071 0.0000000000
86297  -29.236  9.264  -22.166 0.0000000000
86299  -30.208  9.009  -22.314 0.0000000000
85294  -30.453  7.793  -21.899 0.0000000000
84257  -31.049  6.326  -21.363 0.0000000000
83242  -31.779  5.723  -20.381 0.0000000000
80230  -29.967  2.359  -21.818 0.0000000000
81319  -32.006  3.705  -20.093 0.0000000000
79091  -31.911  1.282  -19.427 0.0000000000
76763  -32.110  -0.594  -18.337 0.0000000000
74547  -32.922  -2.652  -17.738 0.0000000000
70026  -29.895  -6.056  -20.194 0.0000000000
71169  -31.824  -5.448  -18.479 0.0000000000
73517  -28.961  -3.603  -22.122 0.0000000000
71223  -27.657  -5.064  -22.039 0.0000000000
64417  -29.430  -10.851  -16.655 0.0000000000
66710  -30.832  -9.368  -17.098 0.0000000000
65594  -30.607  -10.510  -16.053 0.0000000000
55943  -26.749  -19.003  -11.055 0.0000000000
57090  -26.663  -17.516  -12.521 0.0000000000
57114  -27.054  -16.919  -12.520 0.0000000000
63258  -27.497  -12.029  -18.625 0.0000000000
63239  -27.387  -12.517  -17.780 0.0000000000
86287  -30.639  8.832  -21.870 0.0000000000
82318  -28.165  3.643  -22.869 0.0000000000
84262  -30.083  5.863  -22.153 0.0000000000
83261  -30.330  4.956  -22.210 0.0000000000
83255  -31.160  5.287  -21.281 0.0000000000
82301  -30.715  4.434  -21.807 0.0000000000
79123  -29.585  1.350  -21.519 0.0000000000
81330  -31.218  3.307  -21.166 0.0000000000
80221  -30.835  1.725  -20.634 0.0000000000
80222  -31.566  2.354  -20.352 0.0000000000
79110  -30.970  1.286  -20.133 0.0000000000
75701  -30.748  -2.129  -19.847 0.0000000000
76775  -31.440  -0.427  -19.216 0.0000000000
75675  -31.632  -1.696  -18.700 0.0000000000
75676  -32.194  -1.716  -18.136 0.0000000000
74563  -32.279  -2.617  -18.220 0.0000000000
67837  -27.938  -7.629  -20.645 0.0000000000
70024  -28.831  -6.688  -20.796 0.0000000000
68894  -29.360  -7.317  -20.286 0.0000000000
68842  -31.929  -7.624  -17.332 0.0000000000
68872  -31.310  -6.869  -18.586 0.0000000000
69982  -32.519  -6.192  -17.443 0.0000000000
72289  -33.415  -4.467  -17.280 0.0000000000
71136  -33.968  -5.673  -16.160 0.0000000000
59390  -27.605  -15.376  -13.415 0.0000000000
61971  -26.914  -14.408  -15.279 0.0000000000
61949  -27.366  -14.242  -14.423 0.0000000000
61973  -28.506  -13.072  -14.767 0.0000000000
75723  -28.789  -1.594  -21.985 0.0000000000
76800  -29.877  -0.816  -20.935 0.0000000000
75712  -29.310  -1.680  -21.421 0.0000000000
74602  -29.735  -2.560  -20.905 0.0000000000
73482  -30.191  -3.579  -20.109 0.0000000000
66743  -29.726  -9.642  -19.007 0.0000000000
66759  -30.140  -8.518  -19.561 0.0000000000
66727  -30.339  -9.298  -18.195 0.0000000000
66728  -30.997  -8.755  -17.735 0.0000000000
67768  -32.279  -8.417  -16.360 0.0000000000
59361  -27.356  -15.742  -13.276 0.0000000000
65690  -27.914  -10.358  -19.375 0.0000000000
64457  -28.464  -11.170  -18.956 0.0000000000
64416  -28.649  -11.159  -17.390 0.0000000000
64396  -28.880  -11.604  -16.411 0.0000000000
88320  -29.327  10.499  -22.129 0.0000000000
85283  -28.207  8.226  -21.946 0.0000000000
86298  -29.563  8.916  -22.291 0.0000000000
88304  -31.151  10.436  -21.546 0.0000000000
88305  -31.998  10.515  -21.224 0.0000000000
87321  -32.188  9.555  -21.014 0.0000000000
84261  -29.618  5.904  -22.042 0.0000000000
85295  -31.243  7.459  -21.096 0.0000000000
87306  -32.648  9.020  -20.730 0.0000000000
85285  -32.420  7.500  -20.319 0.0000000000
84246  -32.460  6.611  -20.059 0.0000000000
84220  -32.709  6.300  -19.686 0.0000000000
80248  -29.035  2.915  -23.211 0.0000000000
81329  -30.498  3.385  -21.821 0.0000000000
82292  -31.746  4.710  -20.608 0.0000000000
82272  -32.404  4.845  -19.440 0.0000000000
82273  -32.997  4.794  -18.847 0.0000000000
80180  -32.535  2.739  -19.100 0.0000000000
77954  -30.729  0.352  -19.880 0.0000000000
77956  -31.831  0.326  -18.856 0.0000000000
70052  -28.295  -6.191  -22.000 0.0000000000
71200  -29.291  -5.444  -20.692 0.0000000000
72315  -30.489  -4.440  -19.686 0.0000000000
68883  -30.244  -7.400  -19.727 0.0000000000
71187  -31.044  -5.294  -19.182 0.0000000000
72300  -31.677  -4.371  -18.655 0.0000000000
73439  -32.943  -3.533  -17.852 0.0000000000
73440  -33.505  -3.563  -17.304 0.0000000000
63206  -27.693  -13.258  -16.292 0.0000000000
63188  -28.925  -12.544  -15.141 0.0000000000
63189  -30.020  -12.265  -14.983 0.0000000000
64418  -30.143  -10.853  -16.267 0.0000000000
64398  -30.524  -11.084  -15.685 0.0000000000
65595  -31.224  -10.472  -15.507 0.0000000000
64374  -30.706  -11.517  -15.131 0.0000000000
55944  -27.863  -18.860  -10.661 0.0000000000
55969  -26.428  -18.222  -11.905 0.0000000000
55970  -27.469  -17.980  -11.087 0.0000000000
82308  -29.487  4.150  -22.583 0.0000000000
83254  -30.753  4.975  -21.765 0.0000000000
82309  -30.085  3.929  -22.343 0.0000000000
77995  -28.529  0.121  -21.752 0.0000000000
79124  -30.235  1.219  -21.077 0.0000000000
79109  -30.640  1.171  -20.584 0.0000000000
74577  -30.540  -3.078  -19.705 0.0000000000
74578  -30.903  -2.561  -19.393 0.0000000000
74562  -31.585  -2.583  -18.659 0.0000000000
73453  -31.622  -3.518  -18.625 0.0000000000
67822  -28.465  -7.850  -20.383 0.0000000000
67823  -29.162  -8.023  -20.192 0.0000000000
68843  -32.500  -7.529  -16.768 0.0000000000
68859  -32.157  -6.994  -17.446 0.0000000000
69966  -32.699  -6.732  -17.071 0.0000000000
69983  -32.961  -6.269  -17.092 0.0000000000
69967  -33.260  -6.627  -16.526 0.0000000000
69941  -33.843  -6.493  -15.840 0.0000000000
60642  -27.859  -14.742  -13.645 0.0000000000
74620  -28.327  -2.098  -22.638 0.0000000000
74621  -28.729  -2.603  -22.206 0.0000000000
73495  -29.238  -3.509  -21.518 0.0000000000
73496  -29.596  -3.451  -20.894 0.0000000000
72345  -29.365  -4.211  -20.879 0.0000000000
66742  -29.225  -10.245  -18.934 0.0000000000
67767  -31.662  -8.387  -17.182 0.0000000000
67746  -32.565  -8.856  -15.734 0.0000000000
66686  -32.282  -9.385  -15.597 0.0000000000
54883  -25.922  -19.338  -11.719 0.0000000000
58257  -27.248  -16.276  -12.878 0.0000000000
58258  -28.238  -15.969  -12.312 0.0000000000
65691  -28.412  -10.439  -19.336 0.0000000000
63240  -28.143  -11.872  -18.030 0.0000000000
87330  -28.949  9.691  -22.180 0.0000000000
87331  -29.501  9.718  -22.242 0.0000000000
88321  -29.897  10.401  -22.018 0.0000000000
85300  -29.886  8.567  -22.382 0.0000000000
86286  -29.207  8.420  -22.115 0.0000000000
87332  -30.046  9.667  -22.161 0.0000000000
87319  -30.569  9.625  -21.787 0.0000000000
87320  -31.279  9.590  -21.448 0.0000000000
86288  -31.251  8.621  -21.351 0.0000000000
84263  -30.682  5.716  -21.804 0.0000000000
84256  -30.581  6.638  -21.846 0.0000000000
86289  -31.911  8.508  -20.799 0.0000000000
85296  -31.907  7.855  -20.560 0.0000000000
86276  -32.576  8.363  -20.504 0.0000000000
85284  -31.754  7.343  -20.613 0.0000000000
84247  -33.162  6.768  -19.757 0.0000000000
83243  -32.244  5.931  -19.948 0.0000000000
79135  -29.034  1.556  -22.029 0.0000000000
79134  -27.897  1.560  -22.311 0.0000000000
80239  -29.281  2.658  -22.525 0.0000000000
81328  -29.865  3.025  -22.396 0.0000000000
80232  -31.384  2.952  -20.807 0.0000000000
81318  -31.846  3.547  -20.719 0.0000000000
82271  -31.921  4.951  -19.891 0.0000000000
81297  -31.964  4.245  -20.039 0.0000000000
80203  -31.899  1.893  -19.906 0.0000000000
80204  -32.204  2.571  -19.602 0.0000000000
81274  -32.901  3.480  -18.788 0.0000000000
76786  -30.270  -0.671  -20.541 0.0000000000
76774  -30.763  -0.465  -19.797 0.0000000000
76776  -31.790  -0.440  -18.816 0.0000000000
79068  -32.366  1.571  -18.684 0.0000000000
77937  -32.443  0.162  -18.000 0.0000000000
75660  -32.877  -1.747  -17.623 0.0000000000
74548  -33.507  -2.692  -17.208 0.0000000000
70051  -27.738  -5.964  -22.025 0.0000000000
70025  -29.340  -6.133  -20.566 0.0000000000
70040  -28.983  -6.168  -21.100 0.0000000000
71201  -29.811  -5.324  -20.173 0.0000000000
67793  -30.362  -8.136  -19.153 0.0000000000
67808  -30.140  -8.081  -19.622 0.0000000000
68871  -30.794  -7.524  -18.705 0.0000000000
71150  -31.982  -5.719  -18.146 0.0000000000
70001  -31.285  -6.106  -18.752 0.0000000000
72301  -32.282  -4.278  -18.268 0.0000000000
71170  -32.253  -4.807  -18.298 0.0000000000
72269  -33.997  -4.435  -16.637 0.0000000000
63187  -28.305  -13.020  -15.356 0.0000000000
63208  -29.321  -11.959  -15.639 0.0000000000
63163  -29.252  -12.819  -14.374 0.0000000000
73516  -28.047  -3.118  -22.536 0.0000000000
72359  -28.299  -4.334  -22.238 0.0000000000
65618  -29.272  -10.268  -17.505 0.0000000000
66709  -29.908  -9.809  -17.582 0.0000000000
65619  -30.158  -10.205  -16.734 0.0000000000
65620  -31.001  -9.931  -16.190 0.0000000000
65621  -31.497  -9.888  -15.781 0.0000000000
65570  -31.745  -10.469  -15.127 0.0000000000
57113  -26.651  -17.255  -13.240 0.0000000000
57091  -27.333  -17.138  -11.779 0.0000000000
64456  -27.697  -11.390  -19.081 0.0000000000
86285  -28.871  8.830  -21.932 0.0000000000
85293  -29.532  7.982  -22.150 0.0000000000
85301  -30.180  8.416  -22.274 0.0000000000
83260  -29.339  5.247  -22.265 0.0000000000
82307  -28.685  4.252  -22.564 0.0000000000
84245  -31.624  6.589  -20.665 0.0000000000
83262  -30.744  5.233  -21.768 0.0000000000
80231  -30.809  2.489  -21.079 0.0000000000
80223  -32.020  3.221  -20.097 0.0000000000
79090  -31.618  1.471  -19.878 0.0000000000
75687  -30.810  -1.146  -19.754 0.0000000000
75688  -31.150  -1.499  -19.376 0.0000000000
76762  -31.751  -1.058  -18.788 0.0000000000
68910  -28.194  -7.145  -20.931 0.0000000000
68893  -28.672  -7.221  -20.530 0.0000000000
68895  -29.932  -6.631  -20.210 0.0000000000
68858  -31.435  -7.580  -17.994 0.0000000000
69981  -31.829  -6.285  -18.071 0.0000000000
71151  -32.334  -5.459  -17.908 0.0000000000
71152  -33.194  -5.449  -17.150 0.0000000000
71137  -34.405  -4.851  -15.907 0.0000000000
60641  -27.007  -14.966  -14.310 0.0000000000
60664  -26.542  -15.003  -14.870 0.0000000000
61972  -27.710  -13.538  -15.047 0.0000000000
61950  -28.362  -13.571  -14.043 0.0000000000
76815  -28.781  -0.577  -21.706 0.0000000000
77981  -29.907  -0.051  -20.906 0.0000000000
76799  -29.364  -0.865  -21.273 0.0000000000
75713  -29.849  -1.651  -20.898 0.0000000000
74601  -29.272  -2.587  -21.504 0.0000000000
74591  -30.299  -2.567  -20.347 0.0000000000
73468  -30.550  -3.674  -19.652 0.0000000000
66757  -28.738  -9.760  -19.491 0.0000000000
66758  -29.704  -9.032  -19.628 0.0000000000
66744  -30.352  -8.930  -19.088 0.0000000000
67779  -30.768  -8.286  -18.343 0.0000000000
67780  -31.202  -8.259  -17.790 0.0000000000
68819  -32.866  -7.999  -15.954 0.0000000000
53726  -25.439  -20.088  -11.589 0.0000000000
59388  -26.690  -15.993  -14.589 0.0000000000
58256  -26.748  -16.692  -13.571 0.0000000000
58285  -26.962  -16.178  -13.545 0.0000000000
59389  -27.050  -15.634  -13.909 0.0000000000
59362  -28.167  -15.358  -12.941 0.0000000000
65646  -28.892  -10.546  -18.577 0.0000000000
63259  -28.124  -11.626  -18.673 0.0000000000
64437  -28.500  -11.188  -18.295 0.0000000000
65617  -28.738  -10.613  -17.963 0.0000000000
64397  -29.769  -11.375  -16.047 0.0000000000
88303  -30.429  10.357  -21.783 0.0000000000
88306  -33.156  10.739  -21.331 0.0000000000
87322  -33.260  9.660  -20.881 0.0000000000
84255  -29.614  6.647  -22.094 0.0000000000
87307  -33.299  8.922  -20.575 0.0000000000
86277  -33.321  8.253  -20.339 0.0000000000
80247  -28.597  2.948  -23.251 0.0000000000
81348  -28.941  3.156  -23.417 0.0000000000
81337  -29.469  3.326  -22.916 0.0000000000
81338  -29.968  3.411  -22.444 0.0000000000
82302  -31.355  4.094  -21.373 0.0000000000
83215  -31.921  5.384  -20.057 0.0000000000
83216  -32.439  5.663  -19.565 0.0000000000
81298  -32.479  4.139  -19.626 0.0000000000
81299  -33.140  4.208  -18.715 0.0000000000
81275  -33.805  4.008  -18.114 0.0000000000
77966  -30.499  0.454  -20.372 0.0000000000
77967  -30.775  0.724  -19.959 0.0000000000
77955  -31.207  0.616  -19.556 0.0000000000
76746  -32.842  -0.805  -17.582 0.0000000000
71225  -29.072  -5.030  -21.861 0.0000000000
70039  -28.690  -6.299  -21.567 0.0000000000
71211  -29.056  -5.514  -21.356 0.0000000000
72331  -29.751  -4.297  -20.402 0.0000000000
67807  -29.761  -8.141  -19.978 0.0000000000
70000  -30.819  -6.683  -19.099 0.0000000000
70015  -30.861  -6.047  -19.142 0.0000000000
70014  -30.382  -6.104  -19.671 0.0000000000
71186  -30.431  -5.297  -19.664 0.0000000000
72316  -31.060  -4.436  -19.155 0.0000000000
73454  -32.304  -3.501  -18.264 0.0000000000
72288  -32.829  -4.393  -17.847 0.0000000000
63223  -27.621  -12.862  -16.863 0.0000000000
61987  -27.873  -13.261  -15.753 0.0000000000
63207  -28.341  -12.566  -16.051 0.0000000000
61948  -26.887  -14.641  -14.689 0.0000000000
64399  -30.967  -11.007  -15.246 0.0000000000
65647  -28.944  -10.220  -18.077 0.0000000000
65673  -28.740  -10.608  -19.197 0.0000000000
66708  -29.458  -9.909  -17.752 0.0000000000
66725  -29.152  -10.252  -18.629 0.0000000000
68882  -29.856  -7.653  -20.098 0.0000000000
71210  -28.935  -5.827  -21.790 0.0000000000
71224  -28.602  -5.483  -22.086 0.0000000000
72330  -29.259  -4.830  -20.775 0.0000000000
72360  -28.936  -4.585  -22.109 0.0000000000
74592  -30.616  -2.573  -19.827 0.0000000000
83253  -29.198  5.926  -21.875 0.0000000000
87308  -33.789  8.746  -20.497 0.0000000000
89280  -32.525  11.168  -21.465 0.0000000000
