#!ascii label  , from subject 4105 vox2ras=TkReg
927
53584  -19.596  -42.680  53.549 0.0000000000
73931  -50.923  -25.933  44.992 0.0000000000
86439  -51.918  -17.368  39.447 0.0000000000
85256  -58.963  -18.251  30.911 0.0000000000
68713  -49.216  -30.965  44.800 0.0000000000
86537  -55.770  -17.565  35.032 0.0000000000
89226  -58.822  -14.615  28.394 0.0000000000
91624  -64.690  -12.527  26.045 0.0000000000
75251  -53.205  -25.275  43.236 0.0000000000
82595  -55.316  -19.732  42.861 0.0000000000
80052  -51.394  -21.117  43.028 0.0000000000
54595  -24.563  -42.334  57.456 0.0000000000
56986  -29.213  -40.325  55.138 0.0000000000
60517  -34.381  -36.939  53.995 0.0000000000
61701  -38.827  -36.804  51.046 0.0000000000
61720  -44.587  -35.621  50.248 0.0000000000
63877  -49.081  -34.030  48.531 0.0000000000
68702  -52.724  -30.204  45.650 0.0000000000
83858  -56.845  -18.197  40.163 0.0000000000
92811  -66.015  -11.467  23.442 0.0000000000
76404  -52.278  -25.362  45.091 0.0000000000
78816  -52.844  -22.771  44.394 0.0000000000
77602  -51.237  -23.682  44.208 0.0000000000
56999  -25.567  -41.132  55.181 0.0000000000
54598  -26.633  -42.157  56.066 0.0000000000
65051  -44.694  -34.130  49.281 0.0000000000
62791  -47.767  -35.350  49.018 0.0000000000
66233  -47.557  -33.286  47.763 0.0000000000
71277  -50.363  -28.381  44.436 0.0000000000
69967  -50.165  -29.634  46.574 0.0000000000
71249  -51.782  -28.084  46.029 0.0000000000
72573  -52.140  -27.365  44.540 0.0000000000
86373  -53.359  -17.471  42.619 0.0000000000
85086  -54.822  -18.384  40.338 0.0000000000
87821  -54.635  -16.491  39.956 0.0000000000
86563  -57.775  -17.500  33.164 0.0000000000
86525  -58.002  -17.491  34.488 0.0000000000
85221  -59.455  -18.962  32.115 0.0000000000
82789  -60.068  -20.609  29.712 0.0000000000
88008  -59.942  -15.859  26.605 0.0000000000
86667  -56.933  -16.593  26.679 0.0000000000
67404  -47.493  -32.864  46.245 0.0000000000
82742  -56.368  -19.975  31.785 0.0000000000
90427  -61.949  -13.871  28.170 0.0000000000
86673  -63.189  -15.753  25.883 0.0000000000
90524  -64.729  -13.600  21.328 0.0000000000
73966  -54.467  -25.907  41.451 0.0000000000
78837  -54.118  -22.261  42.914 0.0000000000
82576  -53.320  -19.710  44.028 0.0000000000
52487  -22.028  -43.374  55.541 0.0000000000
55798  -30.734  -40.954  52.691 0.0000000000
59323  -31.614  -38.245  55.445 0.0000000000
59355  -32.469  -37.796  53.506 0.0000000000
58228  -35.752  -38.194  52.447 0.0000000000
57052  -38.263  -38.406  50.734 0.0000000000
58272  -40.514  -38.444  49.651 0.0000000000
61704  -41.980  -36.247  51.323 0.0000000000
60617  -45.703  -35.962  47.599 0.0000000000
67393  -48.911  -32.085  47.257 0.0000000000
66243  -51.077  -32.442  47.267 0.0000000000
65124  -51.973  -32.852  44.913 0.0000000000
67448  -52.678  -30.889  43.849 0.0000000000
71294  -53.152  -27.958  42.348 0.0000000000
87872  -56.476  -16.432  37.739 0.0000000000
84030  -56.212  -18.682  27.188 0.0000000000
84032  -59.115  -19.193  27.241 0.0000000000
53559  -20.341  -42.995  55.182 0.0000000000
75243  -51.444  -25.443  45.140 0.0000000000
76413  -51.765  -24.516  45.107 0.0000000000
76412  -51.191  -24.509  44.715 0.0000000000
65089  -45.019  -33.908  47.703 0.0000000000
66224  -46.222  -33.673  48.430 0.0000000000
66232  -46.621  -33.442  47.768 0.0000000000
72584  -50.583  -27.483  44.406 0.0000000000
71248  -50.900  -28.176  45.842 0.0000000000
73915  -51.079  -26.447  45.334 0.0000000000
73917  -51.953  -26.610  45.264 0.0000000000
86400  -54.037  -16.831  40.694 0.0000000000
86441  -53.753  -16.628  39.486 0.0000000000
85218  -58.380  -18.033  32.250 0.0000000000
86565  -58.991  -17.747  32.557 0.0000000000
85239  -59.194  -18.028  31.716 0.0000000000
83975  -59.404  -19.596  31.305 0.0000000000
85271  -59.843  -19.250  30.330 0.0000000000
88036  -59.529  -15.867  25.198 0.0000000000
88021  -58.317  -15.831  25.487 0.0000000000
86721  -57.910  -16.499  23.746 0.0000000000
91620  -61.632  -13.354  26.106 0.0000000000
91614  -63.583  -13.365  27.183 0.0000000000
87982  -63.278  -14.976  27.777 0.0000000000
89254  -64.186  -14.359  26.748 0.0000000000
86692  -63.382  -15.641  25.163 0.0000000000
89267  -65.029  -14.120  25.312 0.0000000000
90502  -66.170  -13.139  22.972 0.0000000000
75265  -53.863  -25.181  42.349 0.0000000000
77639  -54.050  -23.470  42.074 0.0000000000
77622  -53.390  -23.576  43.070 0.0000000000
80043  -52.378  -21.728  44.177 0.0000000000
81289  -52.938  -21.304  44.359 0.0000000000
81304  -52.246  -20.622  43.426 0.0000000000
82594  -52.561  -19.274  43.278 0.0000000000
82609  -51.480  -19.723  42.088 0.0000000000
52489  -23.719  -44.009  55.175 0.0000000000
53549  -24.801  -43.475  56.499 0.0000000000
55769  -27.999  -41.231  54.838 0.0000000000
62677  -33.209  -36.433  54.425 0.0000000000
60515  -33.294  -37.124  54.585 0.0000000000
59337  -32.432  -37.951  54.397 0.0000000000
59338  -33.612  -37.345  54.149 0.0000000000
59377  -34.847  -37.745  52.764 0.0000000000
59358  -35.483  -37.611  53.012 0.0000000000
59397  -38.765  -37.639  50.739 0.0000000000
58271  -39.813  -38.088  49.770 0.0000000000
59416  -40.460  -37.825  50.210 0.0000000000
63850  -43.570  -34.241  50.706 0.0000000000
63826  -42.744  -34.726  51.072 0.0000000000
62754  -43.698  -35.466  51.089 0.0000000000
60566  -42.420  -36.792  50.154 0.0000000000
60581  -44.419  -36.645  49.485 0.0000000000
60615  -44.304  -36.818  47.826 0.0000000000
61742  -45.518  -36.716  49.306 0.0000000000
63876  -48.475  -34.596  48.691 0.0000000000
62808  -48.067  -35.662  48.295 0.0000000000
62830  -48.812  -35.052  47.054 0.0000000000
63929  -50.133  -34.219  46.798 0.0000000000
67405  -48.307  -32.356  46.375 0.0000000000
68686  -49.335  -31.108  46.409 0.0000000000
69969  -51.886  -29.594  46.511 0.0000000000
68673  -51.049  -31.138  47.436 0.0000000000
67408  -51.957  -31.365  46.669 0.0000000000
65109  -52.061  -32.692  45.615 0.0000000000
67433  -52.561  -31.511  45.146 0.0000000000
68703  -53.156  -30.120  45.096 0.0000000000
73934  -52.150  -26.255  43.915 0.0000000000
71266  -52.255  -28.023  43.690 0.0000000000
73956  -52.843  -26.584  42.926 0.0000000000
72600  -53.590  -27.014  42.170 0.0000000000
56970  -23.248  -40.763  57.356 0.0000000000
54588  -23.106  -42.330  58.128 0.0000000000
53526  -22.193  -42.585  57.557 0.0000000000
80062  -56.023  -22.326  42.195 0.0000000000
81348  -54.737  -20.577  41.504 0.0000000000
83837  -56.100  -17.944  39.752 0.0000000000
86523  -54.768  -17.423  36.097 0.0000000000
87887  -55.442  -16.070  37.727 0.0000000000
87896  -56.124  -17.244  36.131 0.0000000000
86515  -58.458  -18.818  34.723 0.0000000000
86498  -57.731  -18.743  37.101 0.0000000000
85329  -56.167  -17.801  26.036 0.0000000000
86651  -56.344  -17.441  27.308 0.0000000000
84043  -56.609  -18.705  26.418 0.0000000000
82817  -58.077  -19.386  27.410 0.0000000000
84046  -59.137  -19.265  26.415 0.0000000000
84048  -59.943  -19.864  27.059 0.0000000000
93951  -63.721  -11.729  24.407 0.0000000000
92800  -65.230  -11.764  24.714 0.0000000000
95148  -64.432  -10.909  23.146 0.0000000000
95159  -64.892  -10.542  22.465 0.0000000000
75245  -52.268  -25.489  44.155 0.0000000000
77588  -52.686  -23.605  44.197 0.0000000000
77587  -52.501  -23.687  44.798 0.0000000000
78814  -51.869  -22.974  44.732 0.0000000000
80041  -51.326  -22.126  43.265 0.0000000000
56972  -24.793  -41.475  57.137 0.0000000000
54596  -25.361  -42.364  57.105 0.0000000000
56985  -28.269  -40.729  54.819 0.0000000000
65031  -44.977  -34.259  49.857 0.0000000000
62772  -45.773  -35.291  49.530 0.0000000000
65033  -46.384  -34.182  49.392 0.0000000000
65054  -47.019  -34.130  48.774 0.0000000000
66227  -48.304  -33.310  48.367 0.0000000000
69991  -49.889  -29.153  45.121 0.0000000000
69966  -49.672  -30.018  46.334 0.0000000000
69979  -50.044  -29.005  45.927 0.0000000000
71235  -51.372  -28.588  46.235 0.0000000000
71237  -52.217  -29.091  46.230 0.0000000000
69981  -53.074  -29.258  45.502 0.0000000000
72563  -52.333  -27.483  45.087 0.0000000000
73933  -52.125  -26.499  44.563 0.0000000000
56980  -23.708  -40.818  56.283 0.0000000000
83803  -54.824  -18.551  42.888 0.0000000000
83818  -54.718  -18.853  41.913 0.0000000000
85056  -54.183  -18.174  41.875 0.0000000000
86388  -54.651  -17.428  40.451 0.0000000000
86420  -56.286  -16.900  40.243 0.0000000000
86550  -56.439  -17.152  34.128 0.0000000000
87905  -57.014  -16.997  34.525 0.0000000000
87915  -58.098  -17.121  33.941 0.0000000000
86540  -58.750  -18.158  33.739 0.0000000000
87978  -59.744  -15.916  28.209 0.0000000000
87966  -58.741  -15.618  28.678 0.0000000000
87993  -58.586  -16.016  26.940 0.0000000000
86685  -56.876  -16.258  25.847 0.0000000000
73955  -50.807  -26.600  43.507 0.0000000000
72598  -50.654  -27.666  43.567 0.0000000000
86469  -52.415  -17.005  38.548 0.0000000000
86560  -54.980  -18.019  33.790 0.0000000000
85216  -56.450  -18.132  33.234 0.0000000000
83954  -57.071  -18.769  32.662 0.0000000000
82744  -58.287  -19.429  31.047 0.0000000000
89228  -60.580  -14.601  28.285 0.0000000000
87980  -61.387  -15.352  28.105 0.0000000000
86671  -61.792  -16.040  26.351 0.0000000000
86707  -61.280  -16.167  24.765 0.0000000000
90487  -65.645  -13.145  23.846 0.0000000000
89301  -65.123  -14.233  22.502 0.0000000000
76465  -54.619  -24.158  40.683 0.0000000000
78852  -55.472  -22.849  42.267 0.0000000000
80053  -55.285  -21.880  43.313 0.0000000000
78817  -53.216  -22.676  44.019 0.0000000000
81307  -53.951  -20.864  43.909 0.0000000000
82578  -54.734  -19.848  43.695 0.0000000000
83801  -53.452  -18.512  43.483 0.0000000000
85067  -52.724  -17.689  42.435 0.0000000000
76436  -51.229  -24.324  43.140 0.0000000000
78849  -50.793  -22.663  42.172 0.0000000000
81332  -50.639  -20.614  41.725 0.0000000000
53560  -21.213  -43.203  54.918 0.0000000000
52501  -22.850  -43.855  54.405 0.0000000000
57062  -30.705  -39.938  51.503 0.0000000000
59354  -28.711  -38.715  54.435 0.0000000000
59320  -29.447  -38.815  55.081 0.0000000000
58168  -30.862  -39.146  55.482 0.0000000000
57047  -31.237  -39.495  52.885 0.0000000000
57049  -36.451  -38.538  51.266 0.0000000000
55800  -37.859  -38.877  50.678 0.0000000000
63806  -40.115  -36.101  50.575 0.0000000000
63807  -41.128  -35.565  51.040 0.0000000000
61703  -41.079  -36.568  51.123 0.0000000000
60565  -41.499  -37.208  50.675 0.0000000000
59456  -41.815  -37.857  48.792 0.0000000000
61744  -46.823  -36.017  48.766 0.0000000000
67391  -47.544  -33.126  47.048 0.0000000000
66234  -48.302  -33.023  47.806 0.0000000000
66235  -48.951  -32.857  47.948 0.0000000000
68687  -49.788  -30.598  46.722 0.0000000000
67395  -50.151  -31.764  47.639 0.0000000000
65076  -50.048  -33.367  47.830 0.0000000000
63930  -51.073  -34.032  46.467 0.0000000000
63979  -50.512  -33.601  45.255 0.0000000000
67462  -52.389  -30.735  42.448 0.0000000000
69992  -52.255  -29.156  44.050 0.0000000000
70003  -52.396  -29.088  43.095 0.0000000000
68755  -52.916  -29.543  41.501 0.0000000000
71312  -53.721  -27.904  41.072 0.0000000000
53548  -21.248  -43.193  55.870 0.0000000000
86471  -54.243  -16.398  38.752 0.0000000000
87849  -55.840  -16.517  38.807 0.0000000000
86445  -57.744  -16.584  39.735 0.0000000000
87890  -56.753  -17.395  36.241 0.0000000000
86473  -58.183  -17.718  37.848 0.0000000000
82651  -58.416  -18.932  38.972 0.0000000000
81495  -57.194  -20.612  30.592 0.0000000000
82788  -58.445  -19.688  29.585 0.0000000000
86634  -57.039  -16.888  28.269 0.0000000000
85287  -56.409  -17.247  28.073 0.0000000000
82816  -57.247  -19.699  27.518 0.0000000000
84020  -58.548  -19.296  28.454 0.0000000000
84008  -59.167  -18.827  29.393 0.0000000000
84023  -59.975  -19.947  29.041 0.0000000000
75242  -51.054  -25.267  44.867 0.0000000000
75249  -50.936  -25.241  44.385 0.0000000000
65107  -44.623  -33.938  46.851 0.0000000000
66241  -45.778  -33.557  47.588 0.0000000000
66249  -45.986  -33.446  46.682 0.0000000000
73944  -50.685  -26.225  44.303 0.0000000000
72572  -50.714  -27.010  45.188 0.0000000000
73932  -51.258  -26.053  45.202 0.0000000000
86416  -52.452  -17.160  40.640 0.0000000000
86417  -53.395  -16.761  40.335 0.0000000000
86440  -52.840  -16.830  39.555 0.0000000000
85237  -58.756  -18.365  31.364 0.0000000000
85238  -58.941  -17.919  31.573 0.0000000000
85257  -59.240  -18.247  30.952 0.0000000000
85258  -59.555  -18.582  30.910 0.0000000000
83997  -59.495  -18.677  30.486 0.0000000000
86706  -60.031  -15.855  24.667 0.0000000000
88035  -59.333  -15.943  24.970 0.0000000000
92772  -63.818  -12.580  25.729 0.0000000000
91623  -63.957  -12.725  26.792 0.0000000000
90446  -63.744  -13.721  27.258 0.0000000000
90458  -64.336  -13.391  26.438 0.0000000000
89266  -64.459  -14.585  25.893 0.0000000000
90459  -65.052  -13.213  25.813 0.0000000000
75258  -53.479  -25.235  42.844 0.0000000000
76438  -53.638  -24.303  42.607 0.0000000000
76423  -53.259  -24.417  43.262 0.0000000000
80042  -51.642  -21.797  43.508 0.0000000000
82593  -52.260  -19.742  42.812 0.0000000000
81320  -51.547  -20.437  42.679 0.0000000000
53528  -23.868  -42.742  57.434 0.0000000000
53539  -24.363  -42.998  56.929 0.0000000000
54606  -27.953  -41.843  54.669 0.0000000000
62678  -33.769  -36.431  53.866 0.0000000000
61637  -32.848  -36.726  54.859 0.0000000000
59325  -33.241  -37.318  54.530 0.0000000000
60528  -34.041  -37.101  54.136 0.0000000000
59339  -34.707  -37.201  53.614 0.0000000000
60529  -34.927  -37.048  53.835 0.0000000000
60549  -38.369  -37.256  51.214 0.0000000000
60556  -39.322  -37.194  50.848 0.0000000000
59398  -39.646  -37.650  50.402 0.0000000000
63828  -44.542  -34.915  51.006 0.0000000000
61719  -44.209  -36.001  50.332 0.0000000000
60568  -44.235  -36.403  49.947 0.0000000000
61731  -44.489  -36.317  49.883 0.0000000000
60582  -45.174  -36.840  49.459 0.0000000000
61732  -45.057  -36.031  49.626 0.0000000000
63900  -48.763  -35.052  48.292 0.0000000000
63901  -49.354  -34.392  47.885 0.0000000000
63928  -49.390  -34.582  47.132 0.0000000000
63902  -50.072  -33.963  47.551 0.0000000000
68685  -48.886  -31.597  46.170 0.0000000000
68701  -49.279  -30.914  45.635 0.0000000000
68690  -52.214  -30.405  46.351 0.0000000000
68689  -51.366  -30.520  47.050 0.0000000000
67419  -52.488  -31.219  45.679 0.0000000000
67434  -53.129  -31.154  44.788 0.0000000000
67420  -52.932  -30.695  45.323 0.0000000000
75250  -52.676  -25.308  43.562 0.0000000000
73945  -52.680  -26.126  43.242 0.0000000000
73946  -53.179  -25.662  42.999 0.0000000000
73957  -53.328  -26.105  42.653 0.0000000000
55752  -23.860  -41.803  58.141 0.0000000000
56960  -23.629  -41.395  58.067 0.0000000000
54589  -23.888  -42.364  57.878 0.0000000000
53527  -23.159  -42.795  57.629 0.0000000000
80061  -55.661  -21.585  42.578 0.0000000000
80071  -55.531  -21.581  41.927 0.0000000000
81334  -55.354  -20.657  42.288 0.0000000000
83838  -56.259  -17.793  40.037 0.0000000000
83857  -55.823  -18.113  39.765 0.0000000000
83876  -56.463  -18.013  38.994 0.0000000000
85129  -57.397  -18.365  39.079 0.0000000000
86524  -55.604  -17.296  36.144 0.0000000000
87903  -56.054  -17.455  35.532 0.0000000000
89213  -58.368  -15.012  29.153 0.0000000000
84059  -56.931  -18.742  25.670 0.0000000000
84058  -56.491  -18.357  25.838 0.0000000000
84044  -57.538  -19.061  26.158 0.0000000000
76405  -52.374  -25.537  44.887 0.0000000000
76415  -52.413  -24.822  44.643 0.0000000000
76414  -52.240  -24.548  45.138 0.0000000000
77585  -51.514  -23.743  44.807 0.0000000000
77586  -52.065  -23.657  45.065 0.0000000000
77603  -51.558  -23.089  44.372 0.0000000000
78834  -51.837  -22.457  44.207 0.0000000000
78833  -51.355  -22.649  43.555 0.0000000000
56982  -25.414  -41.193  56.404 0.0000000000
57002  -28.053  -40.761  54.684 0.0000000000
65072  -44.350  -34.246  48.534 0.0000000000
65030  -44.154  -34.052  50.103 0.0000000000
65032  -45.838  -34.009  49.760 0.0000000000
66225  -46.894  -33.700  48.300 0.0000000000
65055  -47.949  -33.904  48.702 0.0000000000
66226  -47.674  -33.482  48.362 0.0000000000
71263  -50.309  -28.516  45.173 0.0000000000
71236  -51.825  -28.830  46.322 0.0000000000
71250  -52.561  -28.424  45.877 0.0000000000
72562  -52.168  -27.421  45.516 0.0000000000
75237  -52.220  -25.990  45.053 0.0000000000
73918  -52.067  -26.667  44.976 0.0000000000
75244  -52.262  -25.834  44.727 0.0000000000
56998  -24.454  -40.902  55.397 0.0000000000
56981  -24.442  -40.911  56.403 0.0000000000
85055  -53.944  -18.029  42.600 0.0000000000
86375  -53.938  -17.624  41.957 0.0000000000
87810  -54.391  -16.690  40.223 0.0000000000
86387  -54.092  -17.474  41.063 0.0000000000
86401  -54.761  -16.958  40.354 0.0000000000
86402  -55.429  -17.212  40.089 0.0000000000
86419  -55.424  -16.917  39.903 0.0000000000
86562  -56.884  -17.404  33.467 0.0000000000
86551  -57.284  -16.926  33.745 0.0000000000
86552  -57.970  -17.251  33.569 0.0000000000
85220  -59.324  -18.273  32.335 0.0000000000
86554  -59.018  -17.879  33.183 0.0000000000
85204  -59.357  -18.698  33.034 0.0000000000
85193  -58.875  -18.902  33.719 0.0000000000
83956  -59.458  -19.550  32.083 0.0000000000
86655  -60.234  -16.098  27.499 0.0000000000
87994  -59.629  -15.950  27.359 0.0000000000
85341  -56.440  -17.277  25.344 0.0000000000
86561  -55.965  -17.766  33.785 0.0000000000
83972  -55.913  -19.385  32.053 0.0000000000
82724  -56.683  -19.389  32.239 0.0000000000
83973  -57.661  -19.081  32.149 0.0000000000
82743  -57.495  -19.789  31.471 0.0000000000
90443  -61.784  -13.620  27.135 0.0000000000
90442  -60.810  -13.811  27.185 0.0000000000
90426  -61.106  -14.051  27.908 0.0000000000
87969  -61.088  -15.052  28.560 0.0000000000
89230  -62.199  -14.584  28.285 0.0000000000
87998  -63.015  -15.534  27.106 0.0000000000
86658  -62.233  -15.785  26.832 0.0000000000
86672  -62.614  -15.893  26.214 0.0000000000
86689  -61.124  -16.113  25.682 0.0000000000
86690  -61.946  -16.204  25.500 0.0000000000
86708  -62.031  -16.421  24.616 0.0000000000
86691  -62.671  -16.013  25.277 0.0000000000
86710  -63.479  -15.516  24.161 0.0000000000
92801  -65.505  -11.633  24.052 0.0000000000
91651  -65.431  -12.355  24.438 0.0000000000
91652  -65.894  -12.227  23.805 0.0000000000
90513  -65.680  -13.635  21.918 0.0000000000
89302  -65.831  -13.643  22.481 0.0000000000
73972  -54.551  -25.873  40.833 0.0000000000
75290  -54.583  -25.175  40.437 0.0000000000
75278  -54.468  -25.048  41.077 0.0000000000
77623  -53.751  -23.118  42.549 0.0000000000
77624  -54.521  -22.899  42.137 0.0000000000
78851  -54.931  -22.742  42.832 0.0000000000
80054  -55.631  -22.304  42.702 0.0000000000
77604  -53.163  -23.460  43.567 0.0000000000
81306  -53.377  -20.562  44.242 0.0000000000
81290  -53.327  -21.336  44.282 0.0000000000
82577  -53.976  -19.777  44.024 0.0000000000
83783  -53.763  -19.026  43.783 0.0000000000
83782  -53.225  -19.014  43.737 0.0000000000
83816  -52.127  -19.057  42.220 0.0000000000
83817  -52.450  -18.460  42.581 0.0000000000
52500  -22.017  -43.438  54.629 0.0000000000
52490  -24.714  -44.015  54.981 0.0000000000
54597  -26.153  -42.392  56.644 0.0000000000
54604  -26.453  -42.563  56.098 0.0000000000
54634  -29.886  -41.757  52.369 0.0000000000
54635  -30.212  -41.278  52.174 0.0000000000
55808  -30.705  -40.913  51.847 0.0000000000
57046  -30.918  -40.257  52.416 0.0000000000
60537  -29.224  -38.209  54.184 0.0000000000
59335  -29.021  -38.658  54.902 0.0000000000
56988  -30.809  -39.571  55.340 0.0000000000
58169  -31.378  -38.946  55.211 0.0000000000
58206  -31.688  -38.735  54.076 0.0000000000
58226  -31.695  -38.641  53.215 0.0000000000
58248  -31.718  -38.662  52.306 0.0000000000
59375  -32.431  -37.762  52.590 0.0000000000
59394  -32.371  -37.819  51.694 0.0000000000
59378  -35.432  -37.821  52.788 0.0000000000
59396  -34.699  -37.839  52.052 0.0000000000
58227  -35.341  -38.115  52.221 0.0000000000
58250  -35.780  -38.449  51.679 0.0000000000
58251  -36.174  -38.479  51.967 0.0000000000
58232  -38.005  -38.018  51.439 0.0000000000
58231  -37.366  -37.996  52.101 0.0000000000
57036  -38.081  -38.141  51.714 0.0000000000
57051  -37.599  -38.562  51.124 0.0000000000
55801  -38.221  -38.865  50.723 0.0000000000
57067  -38.745  -38.663  49.887 0.0000000000
57069  -40.051  -38.738  49.425 0.0000000000
57082  -40.594  -39.186  49.292 0.0000000000
57083  -41.042  -39.619  49.157 0.0000000000
58283  -40.880  -38.874  49.274 0.0000000000
62739  -42.609  -35.522  51.315 0.0000000000
63808  -41.897  -35.165  51.448 0.0000000000
62738  -41.538  -35.826  51.340 0.0000000000
62737  -40.589  -36.209  50.920 0.0000000000
61716  -41.634  -36.776  51.135 0.0000000000
60558  -41.212  -37.039  51.107 0.0000000000
60580  -43.070  -36.656  49.219 0.0000000000
60579  -42.355  -36.916  49.554 0.0000000000
59457  -42.619  -37.353  48.447 0.0000000000
59471  -42.074  -37.972  47.881 0.0000000000
60616  -45.121  -36.571  47.592 0.0000000000
59475  -44.471  -37.199  47.294 0.0000000000
62790  -46.782  -35.464  49.238 0.0000000000
62789  -46.157  -35.807  49.303 0.0000000000
62807  -47.278  -35.764  48.701 0.0000000000
66242  -46.714  -33.378  46.936 0.0000000000
67406  -48.736  -31.952  46.699 0.0000000000
67392  -48.214  -32.597  47.193 0.0000000000
67394  -49.504  -31.906  47.572 0.0000000000
67407  -51.308  -31.535  47.179 0.0000000000
68672  -50.597  -31.044  47.407 0.0000000000
67396  -50.753  -31.714  47.475 0.0000000000
66237  -50.405  -32.476  47.643 0.0000000000
65077  -50.620  -33.069  47.459 0.0000000000
65092  -51.053  -33.463  46.960 0.0000000000
65108  -51.419  -33.286  45.907 0.0000000000
65123  -50.612  -32.708  44.953 0.0000000000
68737  -52.477  -30.374  42.865 0.0000000000
71251  -53.095  -28.150  45.150 0.0000000000
69982  -53.289  -29.121  44.771 0.0000000000
71265  -52.597  -28.165  44.448 0.0000000000
71279  -52.610  -28.092  42.998 0.0000000000
69993  -52.326  -28.584  43.447 0.0000000000
70015  -52.635  -28.776  42.402 0.0000000000
68739  -52.662  -29.180  41.979 0.0000000000
70016  -52.982  -28.646  41.812 0.0000000000
70030  -53.333  -28.685  41.212 0.0000000000
71295  -53.517  -27.863  41.685 0.0000000000
73965  -54.050  -26.058  42.040 0.0000000000
72615  -54.178  -26.910  41.419 0.0000000000
72616  -54.485  -26.345  41.129 0.0000000000
52468  -22.192  -43.319  56.851 0.0000000000
53536  -21.475  -43.096  56.889 0.0000000000
83836  -54.308  -19.062  41.059 0.0000000000
82626  -54.645  -19.757  41.308 0.0000000000
83835  -54.265  -19.170  40.613 0.0000000000
86494  -53.084  -16.825  37.707 0.0000000000
86470  -53.382  -16.657  38.665 0.0000000000
87888  -55.941  -16.304  37.056 0.0000000000
87871  -56.020  -16.022  38.080 0.0000000000
87850  -56.474  -16.561  38.675 0.0000000000
87851  -57.038  -16.687  38.488 0.0000000000
87898  -57.119  -17.391  35.024 0.0000000000
87897  -56.594  -17.363  35.509 0.0000000000
87891  -57.338  -17.692  35.758 0.0000000000
86497  -57.507  -18.159  37.307 0.0000000000
85147  -59.116  -18.003  37.857 0.0000000000
85130  -58.412  -17.850  38.688 0.0000000000
83892  -58.687  -18.577  38.516 0.0000000000
81496  -57.769  -20.396  30.220 0.0000000000
81521  -58.015  -20.244  29.590 0.0000000000
86653  -57.758  -16.524  27.476 0.0000000000
86635  -57.985  -16.248  28.462 0.0000000000
86652  -56.791  -16.948  27.422 0.0000000000
85316  -56.074  -17.959  26.869 0.0000000000
85302  -56.505  -17.254  27.799 0.0000000000
85301  -56.088  -17.799  27.607 0.0000000000
85286  -55.939  -17.479  28.157 0.0000000000
84019  -55.803  -18.670  27.669 0.0000000000
82815  -56.416  -19.436  27.586 0.0000000000
82827  -56.721  -19.232  27.069 0.0000000000
82818  -58.684  -19.180  27.548 0.0000000000
82805  -58.462  -19.279  28.027 0.0000000000
84021  -58.991  -18.940  28.240 0.0000000000
84007  -58.691  -19.222  29.077 0.0000000000
84022  -59.542  -19.333  28.702 0.0000000000
76403  -51.979  -25.247  45.235 0.0000000000
65073  -45.155  -34.013  48.472 0.0000000000
65052  -45.636  -34.042  48.950 0.0000000000
65074  -45.733  -33.871  48.234 0.0000000000
66231  -46.021  -33.514  48.132 0.0000000000
71278  -50.440  -28.084  44.818 0.0000000000
71264  -50.531  -27.952  45.188 0.0000000000
72560  -51.140  -27.033  45.589 0.0000000000
72561  -51.620  -27.281  45.633 0.0000000000
73916  -51.555  -26.317  45.296 0.0000000000
75235  -51.814  -25.734  45.241 0.0000000000
86398  -52.721  -17.119  41.853 0.0000000000
86386  -53.716  -17.139  41.702 0.0000000000
86399  -53.227  -16.909  41.329 0.0000000000
86418  -54.135  -16.653  40.033 0.0000000000
86564  -58.592  -17.679  32.661 0.0000000000
85219  -58.731  -17.711  32.114 0.0000000000
86575  -58.964  -17.698  32.196 0.0000000000
85240  -59.467  -18.867  31.355 0.0000000000
85259  -59.797  -19.114  30.737 0.0000000000
84010  -59.834  -19.703  29.859 0.0000000000
86688  -60.444  -15.912  26.060 0.0000000000
88007  -59.208  -15.738  26.363 0.0000000000
88022  -58.951  -15.853  25.424 0.0000000000
86687  -58.261  -15.881  25.069 0.0000000000
91612  -62.685  -13.494  26.691 0.0000000000
90444  -62.657  -13.688  27.511 0.0000000000
89231  -63.027  -14.569  28.264 0.0000000000
90429  -63.333  -13.986  27.970 0.0000000000
87999  -63.762  -15.050  27.228 0.0000000000
88010  -63.857  -15.370  26.254 0.0000000000
88024  -64.316  -14.942  24.926 0.0000000000
88025  -65.042  -14.531  24.716 0.0000000000
91663  -66.226  -12.180  23.134 0.0000000000
92820  -66.249  -11.426  22.624 0.0000000000
91675  -66.260  -12.304  22.310 0.0000000000
90537  -65.011  -13.299  20.950 0.0000000000
75266  -54.304  -25.094  41.743 0.0000000000
76437  -53.453  -23.869  42.865 0.0000000000
77605  -53.524  -22.939  43.093 0.0000000000
80030  -52.666  -21.909  44.311 0.0000000000
80031  -52.908  -21.980  44.291 0.0000000000
81305  -52.832  -20.533  44.174 0.0000000000
82575  -52.772  -19.574  43.713 0.0000000000
82574  -52.489  -19.762  43.372 0.0000000000
52477  -22.777  -43.488  56.088 0.0000000000
52488  -22.807  -43.732  55.320 0.0000000000
52478  -23.579  -43.751  55.955 0.0000000000
52471  -24.151  -43.626  56.467 0.0000000000
52479  -24.580  -44.009  55.972 0.0000000000
55787  -30.296  -41.054  54.011 0.0000000000
58170  -32.002  -38.450  54.966 0.0000000000
59324  -32.566  -37.854  54.964 0.0000000000
59356  -33.654  -37.505  53.529 0.0000000000
59376  -33.647  -37.574  52.769 0.0000000000
59357  -34.671  -37.787  52.979 0.0000000000
58252  -38.471  -38.061  50.788 0.0000000000
57053  -38.660  -38.239  50.294 0.0000000000
58253  -39.074  -37.950  50.156 0.0000000000
63849  -42.929  -34.232  50.555 0.0000000000
63848  -42.286  -34.482  50.379 0.0000000000
62753  -43.226  -35.064  51.306 0.0000000000
61705  -42.634  -36.095  51.142 0.0000000000
61717  -42.290  -36.661  51.001 0.0000000000
60596  -43.783  -36.686  48.359 0.0000000000
60597  -45.146  -37.010  48.725 0.0000000000
60598  -45.617  -36.596  48.409 0.0000000000
62809  -48.699  -35.220  47.827 0.0000000000
62831  -49.145  -34.509  46.627 0.0000000000
67418  -48.184  -32.376  45.470 0.0000000000
69968  -51.039  -29.309  46.526 0.0000000000
68688  -50.423  -30.289  47.032 0.0000000000
66244  -51.554  -32.070  46.795 0.0000000000
66251  -51.394  -32.704  46.610 0.0000000000
66252  -52.115  -32.323  46.213 0.0000000000
66260  -52.351  -32.076  45.316 0.0000000000
66261  -52.499  -31.663  44.878 0.0000000000
68714  -53.057  -30.107  44.328 0.0000000000
72574  -52.101  -27.155  43.808 0.0000000000
72585  -52.557  -27.149  43.236 0.0000000000
72599  -52.995  -27.125  42.704 0.0000000000
55750  -22.445  -41.508  58.208 0.0000000000
54587  -22.390  -41.991  57.913 0.0000000000
53537  -22.513  -43.171  57.241 0.0000000000
85085  -54.624  -18.892  40.414 0.0000000000
83856  -55.164  -18.792  39.964 0.0000000000
86510  -53.912  -16.990  36.915 0.0000000000
86511  -55.039  -16.535  37.032 0.0000000000
86512  -55.696  -16.762  36.577 0.0000000000
87889  -56.367  -16.935  36.713 0.0000000000
86526  -58.227  -17.762  34.394 0.0000000000
87892  -57.625  -18.195  35.932 0.0000000000
86684  -56.400  -16.879  26.017 0.0000000000
86666  -56.355  -17.216  26.735 0.0000000000
82828  -57.357  -19.317  26.810 0.0000000000
84031  -58.609  -19.165  26.888 0.0000000000
84033  -59.509  -19.449  27.654 0.0000000000
92773  -64.314  -12.320  25.841 0.0000000000
91635  -65.141  -12.397  25.274 0.0000000000
92784  -64.780  -11.776  25.268 0.0000000000
93970  -64.926  -11.205  24.061 0.0000000000
95149  -64.801  -11.033  23.193 0.0000000000
93985  -65.101  -11.067  23.179 0.0000000000
93986  -65.704  -10.768  22.862 0.0000000000
76416  -52.639  -24.478  43.813 0.0000000000
78815  -52.398  -22.686  44.515 0.0000000000
78835  -52.116  -22.502  44.439 0.0000000000
55758  -24.459  -41.766  57.628 0.0000000000
55759  -25.282  -41.677  57.170 0.0000000000
55760  -26.116  -41.800  56.922 0.0000000000
55768  -27.032  -41.719  55.438 0.0000000000
62723  -38.297  -36.460  51.162 0.0000000000
65029  -43.354  -34.039  50.132 0.0000000000
63851  -44.394  -34.382  50.622 0.0000000000
63852  -45.060  -34.741  50.102 0.0000000000
62771  -45.085  -35.271  49.826 0.0000000000
63853  -46.070  -34.506  49.739 0.0000000000
63854  -46.689  -34.574  49.330 0.0000000000
65053  -46.318  -34.054  48.921 0.0000000000
63875  -47.527  -34.652  49.157 0.0000000000
65056  -48.724  -33.639  48.578 0.0000000000
69990  -49.468  -29.995  44.987 0.0000000000
69978  -49.565  -30.000  45.766 0.0000000000
71247  -50.447  -28.424  45.542 0.0000000000
69980  -50.509  -29.015  46.262 0.0000000000
69970  -52.506  -29.501  46.069 0.0000000000
56971  -24.126  -41.266  57.419 0.0000000000
83785  -55.036  -19.204  43.421 0.0000000000
85069  -54.267  -17.837  40.985 0.0000000000
85070  -54.984  -17.570  40.321 0.0000000000
86403  -56.268  -17.198  40.452 0.0000000000
85088  -56.617  -17.613  40.613 0.0000000000
87904  -56.542  -17.379  34.879 0.0000000000
87913  -56.967  -16.842  34.259 0.0000000000
87914  -57.568  -16.846  34.081 0.0000000000
87907  -58.077  -17.311  34.247 0.0000000000
86553  -58.500  -17.531  33.326 0.0000000000
86539  -58.442  -17.553  33.820 0.0000000000
86527  -58.506  -18.517  34.338 0.0000000000
89214  -59.337  -15.018  28.843 0.0000000000
87977  -58.737  -15.953  27.890 0.0000000000
86668  -57.708  -16.177  26.417 0.0000000000
88006  -58.396  -15.814  26.028 0.0000000000
86702  -56.560  -16.683  25.503 0.0000000000
85330  -56.507  -18.133  25.353 0.0000000000
75264  -51.142  -26.097  42.700 0.0000000000
70001  -49.913  -29.225  44.275 0.0000000000
72597  -50.504  -28.106  43.925 0.0000000000
86468  -51.408  -17.495  38.288 0.0000000000
86493  -52.075  -17.057  37.540 0.0000000000
86509  -52.845  -17.085  36.728 0.0000000000
86536  -54.533  -17.907  35.147 0.0000000000
86549  -55.386  -17.767  34.331 0.0000000000
85217  -57.436  -18.013  32.937 0.0000000000
83955  -57.814  -18.519  32.374 0.0000000000
83974  -58.299  -18.908  31.646 0.0000000000
90424  -59.393  -14.204  27.775 0.0000000000
89227  -59.767  -14.658  28.303 0.0000000000
89215  -60.193  -14.937  28.717 0.0000000000
86638  -60.878  -15.842  28.066 0.0000000000
86656  -61.000  -16.071  27.558 0.0000000000
87981  -62.558  -15.200  28.035 0.0000000000
86657  -61.612  -15.898  27.058 0.0000000000
86670  -61.089  -16.210  26.645 0.0000000000
85344  -60.801  -16.106  24.178 0.0000000000
86709  -62.712  -16.121  24.265 0.0000000000
90472  -65.227  -13.173  24.850 0.0000000000
89279  -65.245  -13.973  24.384 0.0000000000
88038  -65.085  -14.753  24.118 0.0000000000
90501  -65.748  -13.547  23.318 0.0000000000
89290  -65.430  -14.063  23.461 0.0000000000
76452  -54.430  -24.121  41.258 0.0000000000
77640  -54.700  -23.150  41.512 0.0000000000
78860  -56.003  -23.127  41.772 0.0000000000
81321  -55.505  -20.897  42.971 0.0000000000
78836  -53.597  -22.419  43.484 0.0000000000
80032  -53.220  -21.978  44.176 0.0000000000
80044  -53.588  -21.792  43.884 0.0000000000
80045  -54.276  -21.645  43.492 0.0000000000
81308  -54.983  -20.807  43.516 0.0000000000
83784  -54.530  -19.017  43.706 0.0000000000
83802  -54.022  -18.403  43.358 0.0000000000
85054  -53.350  -17.808  42.933 0.0000000000
83800  -52.838  -18.491  43.223 0.0000000000
85053  -52.941  -17.771  42.948 0.0000000000
85068  -53.021  -17.527  42.774 0.0000000000
86415  -52.035  -17.337  40.155 0.0000000000
76422  -51.002  -24.403  43.832 0.0000000000
77621  -51.088  -23.496  43.076 0.0000000000
77620  -50.979  -23.389  42.148 0.0000000000
78850  -51.058  -22.670  42.906 0.0000000000
80051  -51.001  -21.918  42.745 0.0000000000
81319  -50.870  -20.885  42.549 0.0000000000
81333  -51.018  -20.289  42.228 0.0000000000
86438  -51.584  -17.565  38.854 0.0000000000
53572  -20.398  -43.121  54.248 0.0000000000
53586  -21.257  -43.352  53.610 0.0000000000
52519  -21.871  -43.465  53.612 0.0000000000
53540  -25.369  -42.922  56.610 0.0000000000
53550  -25.482  -43.473  56.186 0.0000000000
58187  -28.570  -39.759  54.782 0.0000000000
58166  -29.215  -39.414  55.175 0.0000000000
56987  -30.208  -40.132  55.295 0.0000000000
57018  -31.037  -40.529  54.147 0.0000000000
58189  -31.520  -38.921  54.759 0.0000000000
57031  -31.047  -40.399  53.251 0.0000000000
59359  -35.907  -37.480  52.893 0.0000000000
58208  -36.101  -38.044  52.697 0.0000000000
58229  -36.322  -38.326  52.335 0.0000000000
57033  -36.557  -38.491  51.751 0.0000000000
55814  -39.734  -38.893  49.436 0.0000000000
55825  -40.360  -39.521  49.396 0.0000000000
63805  -38.685  -36.192  50.697 0.0000000000
62736  -39.396  -36.474  50.797 0.0000000000
63824  -40.815  -35.565  50.534 0.0000000000
61702  -39.961  -36.738  51.019 0.0000000000
60557  -40.533  -37.295  50.863 0.0000000000
60564  -40.953  -37.643  50.543 0.0000000000
59417  -41.159  -37.940  50.008 0.0000000000
59418  -41.626  -37.237  50.107 0.0000000000
59437  -41.313  -38.291  49.274 0.0000000000
59455  -41.402  -38.547  48.732 0.0000000000
61733  -45.855  -35.952  49.450 0.0000000000
61743  -46.184  -36.451  49.007 0.0000000000
61753  -45.722  -36.056  48.194 0.0000000000
61754  -46.641  -35.935  47.879 0.0000000000
65075  -49.292  -33.451  48.146 0.0000000000
68670  -49.454  -31.344  47.036 0.0000000000
68671  -49.947  -31.134  47.230 0.0000000000
66236  -49.741  -32.581  47.931 0.0000000000
63956  -50.844  -34.200  45.962 0.0000000000
68724  -52.518  -30.052  43.413 0.0000000000
70060  -53.617  -28.915  39.982 0.0000000000
53547  -20.368  -42.829  56.116 0.0000000000
82610  -55.044  -19.718  41.781 0.0000000000
86442  -54.470  -16.464  39.453 0.0000000000
86496  -54.810  -16.044  38.096 0.0000000000
86472  -54.878  -16.254  38.878 0.0000000000
87848  -55.301  -16.426  38.988 0.0000000000
87833  -56.361  -16.791  39.562 0.0000000000
87824  -56.692  -16.610  40.174 0.0000000000
86422  -57.970  -17.011  40.074 0.0000000000
87873  -56.802  -17.035  37.489 0.0000000000
87874  -57.156  -17.725  37.196 0.0000000000
87852  -57.637  -16.947  38.179 0.0000000000
86446  -58.282  -16.931  39.029 0.0000000000
85110  -58.074  -17.599  39.641 0.0000000000
83859  -57.635  -17.996  39.955 0.0000000000
81475  -56.680  -20.446  31.244 0.0000000000
82766  -57.685  -20.191  30.693 0.0000000000
83995  -58.755  -18.969  30.421 0.0000000000
86616  -58.051  -16.023  28.930 0.0000000000
86615  -57.417  -16.288  28.898 0.0000000000
86614  -56.462  -16.733  28.786 0.0000000000
82803  -56.840  -20.208  28.129 0.0000000000
82804  -58.003  -19.901  28.531 0.0000000000
83996  -59.223  -18.626  30.360 0.0000000000
84009  -59.647  -19.109  29.865 0.0000000000
84024  -59.991  -20.126  29.451 0.0000000000
84034  -59.943  -19.918  28.022 0.0000000000
82819  -60.255  -20.441  28.401 0.0000000000
82807  -60.346  -20.641  29.061 0.0000000000
52469  -22.723  -43.409  56.753 0.0000000000
52470  -23.470  -43.493  56.626 0.0000000000
52476  -22.070  -43.356  56.357 0.0000000000
52518  -21.292  -43.300  53.396 0.0000000000
53573  -21.198  -43.423  54.058 0.0000000000
53602  -29.492  -41.808  51.954 0.0000000000
54645  -30.230  -41.249  51.724 0.0000000000
55751  -23.139  -41.668  58.318 0.0000000000
55792  -30.669  -41.025  53.444 0.0000000000
55799  -37.489  -38.879  50.636 0.0000000000
55807  -30.294  -41.130  51.395 0.0000000000
55811  -38.118  -39.209  50.200 0.0000000000
56959  -23.197  -41.105  58.098 0.0000000000
57004  -30.807  -40.037  54.903 0.0000000000
57035  -37.490  -38.286  51.665 0.0000000000
57048  -36.135  -38.556  50.966 0.0000000000
57050  -37.016  -38.529  51.096 0.0000000000
57068  -39.148  -38.439  49.759 0.0000000000
58188  -31.182  -39.376  54.947 0.0000000000
58207  -35.871  -38.031  52.706 0.0000000000
58296  -41.187  -39.026  48.870 0.0000000000
59334  -28.538  -39.159  54.511 0.0000000000
59438  -41.823  -37.435  49.618 0.0000000000
59439  -42.298  -37.165  49.146 0.0000000000
59470  -41.570  -38.446  48.204 0.0000000000
59490  -41.779  -38.456  47.827 0.0000000000
60516  -34.052  -36.904  54.136 0.0000000000
60525  -29.485  -38.290  54.537 0.0000000000
60527  -33.563  -37.163  54.419 0.0000000000
61638  -33.584  -36.700  54.310 0.0000000000
61639  -34.154  -36.681  53.855 0.0000000000
61657  -34.767  -37.050  53.865 0.0000000000
62692  -32.928  -36.116  54.400 0.0000000000
62740  -43.039  -35.807  51.088 0.0000000000
62755  -44.570  -35.427  50.771 0.0000000000
62756  -44.789  -35.294  50.257 0.0000000000
62773  -46.342  -34.923  49.475 0.0000000000
63825  -41.617  -34.853  50.984 0.0000000000
63827  -43.741  -34.725  51.117 0.0000000000
63829  -44.840  -35.078  50.709 0.0000000000
65028  -42.730  -34.154  50.143 0.0000000000
65090  -45.455  -33.901  47.969 0.0000000000
65091  -50.414  -33.620  47.350 0.0000000000
66223  -45.938  -33.765  48.436 0.0000000000
66240  -45.413  -33.735  47.479 0.0000000000
67461  -52.246  -30.688  43.156 0.0000000000
68725  -52.486  -29.635  43.084 0.0000000000
70002  -52.418  -29.505  43.393 0.0000000000
71293  -50.607  -28.013  43.269 0.0000000000
71327  -53.806  -28.075  40.413 0.0000000000
72583  -50.548  -27.919  44.101 0.0000000000
72630  -54.456  -26.592  40.648 0.0000000000
75236  -52.042  -25.883  45.283 0.0000000000
76424  -53.451  -24.828  43.035 0.0000000000
76451  -54.122  -24.216  41.919 0.0000000000
77584  -51.242  -23.960  44.663 0.0000000000
81291  -53.502  -21.467  44.124 0.0000000000
82725  -57.269  -19.304  32.210 0.0000000000
82767  -58.176  -19.883  30.459 0.0000000000
82806  -60.174  -20.364  28.850 0.0000000000
82829  -58.028  -19.226  26.658 0.0000000000
83799  -52.451  -18.978  42.881 0.0000000000
83877  -57.432  -18.295  39.385 0.0000000000
83878  -58.225  -18.419  39.399 0.0000000000
83891  -57.404  -18.580  38.767 0.0000000000
83999  -59.789  -20.194  29.977 0.0000000000
84011  -59.896  -20.193  29.783 0.0000000000
85087  -55.584  -17.699  40.014 0.0000000000
85104  -51.822  -17.668  40.297 0.0000000000
85106  -55.005  -19.075  40.015 0.0000000000
85107  -55.169  -18.575  40.148 0.0000000000
85108  -55.399  -18.182  40.093 0.0000000000
85109  -57.431  -17.535  40.333 0.0000000000
85128  -57.221  -18.006  38.895 0.0000000000
85145  -57.248  -18.162  38.674 0.0000000000
85146  -57.356  -18.303  38.844 0.0000000000
85169  -58.492  -19.166  34.978 0.0000000000
85181  -58.638  -19.103  34.290 0.0000000000
85205  -59.474  -19.124  32.528 0.0000000000
85270  -59.785  -18.928  30.451 0.0000000000
86374  -53.586  -17.483  42.421 0.0000000000
86384  -52.846  -17.270  42.269 0.0000000000
86385  -53.168  -17.198  42.377 0.0000000000
86421  -57.150  -16.763  40.705 0.0000000000
86443  -55.999  -17.016  39.846 0.0000000000
86444  -56.298  -16.860  39.965 0.0000000000
86474  -58.711  -18.096  37.429 0.0000000000
86513  -57.820  -17.929  34.998 0.0000000000
86538  -56.419  -17.311  34.479 0.0000000000
86574  -58.958  -17.692  32.008 0.0000000000
86633  -56.462  -17.036  28.354 0.0000000000
86636  -60.018  -16.112  27.802 0.0000000000
86637  -60.435  -16.052  27.987 0.0000000000
86654  -59.972  -16.085  27.579 0.0000000000
86669  -60.458  -16.149  26.928 0.0000000000
86705  -58.740  -16.045  24.570 0.0000000000
87811  -54.641  -16.677  40.226 0.0000000000
87822  -55.061  -16.557  39.999 0.0000000000
87823  -56.480  -16.755  40.084 0.0000000000
87831  -55.006  -16.384  39.511 0.0000000000
87832  -55.539  -16.794  39.458 0.0000000000
87834  -57.084  -16.529  39.527 0.0000000000
87835  -57.820  -16.256  38.940 0.0000000000
87870  -55.402  -16.066  38.445 0.0000000000
87899  -57.721  -17.447  34.600 0.0000000000
87900  -58.238  -17.335  34.353 0.0000000000
87906  -57.634  -17.124  34.330 0.0000000000
87912  -56.667  -17.077  34.360 0.0000000000
87965  -57.823  -15.686  29.065 0.0000000000
87967  -59.892  -15.412  28.647 0.0000000000
87968  -60.661  -15.236  28.574 0.0000000000
87979  -60.524  -15.663  28.326 0.0000000000
87983  -63.504  -14.714  27.550 0.0000000000
87995  -60.075  -16.023  27.111 0.0000000000
87996  -61.512  -15.711  27.542 0.0000000000
87997  -62.005  -15.400  27.330 0.0000000000
88009  -63.184  -15.634  26.362 0.0000000000
88023  -59.709  -15.733  25.714 0.0000000000
89216  -60.781  -14.870  28.615 0.0000000000
89229  -61.314  -14.601  28.399 0.0000000000
89232  -63.417  -14.469  27.792 0.0000000000
89244  -63.717  -14.394  27.407 0.0000000000
89255  -64.633  -13.920  26.072 0.0000000000
89291  -65.735  -13.791  22.936 0.0000000000
89300  -64.569  -14.362  22.312 0.0000000000
90425  -60.276  -14.251  27.762 0.0000000000
90428  -62.799  -13.929  28.252 0.0000000000
90430  -63.518  -14.132  27.598 0.0000000000
90445  -63.250  -13.702  27.548 0.0000000000
90457  -61.203  -13.592  26.702 0.0000000000
90488  -66.074  -12.700  23.468 0.0000000000
90514  -66.208  -13.173  22.085 0.0000000000
91611  -62.186  -13.388  26.453 0.0000000000
91613  -63.307  -13.360  27.041 0.0000000000
92783  -64.166  -12.293  24.992 0.0000000000
93971  -65.427  -11.201  23.538 0.0000000000
