#!ascii label  , from subject 4105 vox2ras=TkReg
2124
69935  -44.092  -28.534  50.565 0.0000000000
93921  -58.931  -9.325  29.077 0.0000000000
91431  -45.361  -11.834  41.061 0.0000000000
67357  -8.993  -31.587  52.611 0.0000000000
67365  -28.591  -29.832  51.651 0.0000000000
75159  -17.894  -26.428  52.048 0.0000000000
77399  -16.155  -24.311  61.858 0.0000000000
91518  -53.376  -10.396  35.617 0.0000000000
75282  -10.065  -25.268  40.798 0.0000000000
64921  -8.594  -32.938  63.178 0.0000000000
76433  -42.961  -25.473  44.155 0.0000000000
67387  -38.692  -30.150  47.309 0.0000000000
69923  -37.031  -28.730  51.282 0.0000000000
97567  -59.647  -6.284  25.814 0.0000000000
92640  -49.517  -10.951  38.508 0.0000000000
63913  -23.739  -32.116  47.678 0.0000000000
80004  -13.738  -21.262  46.980 0.0000000000
75152  -10.852  -27.531  52.543 0.0000000000
73908  -11.238  -27.084  46.940 0.0000000000
154692  -9.171  -32.308  47.771 0.0000000000
62630  -18.459  -35.443  61.596 0.0000000000
64899  -14.882  -32.750  65.031 0.0000000000
86383  -46.914  -16.027  43.023 0.0000000000
71148  -33.637  -26.814  55.498 0.0000000000
71229  -32.142  -26.763  48.096 0.0000000000
76294  -16.678  -26.021  57.607 0.0000000000
76305  -10.447  -25.450  57.581 0.0000000000
91573  -55.619  -11.188  32.724 0.0000000000
61626  -20.032  -35.228  57.050 0.0000000000
61724  -21.405  -34.092  51.754 0.0000000000
75246  -16.385  -25.542  45.171 0.0000000000
70033  -8.105  -29.080  41.092 0.0000000000
72407  -18.061  -27.206  66.014 0.0000000000
72416  -12.088  -29.383  62.060 0.0000000000
68566  -6.882  -31.022  58.498 0.0000000000
72548  -45.453  -25.760  49.871 0.0000000000
69977  -43.672  -28.886  46.687 0.0000000000
72559  -45.453  -26.652  46.818 0.0000000000
68656  -41.864  -29.565  49.346 0.0000000000
68697  -41.198  -29.310  45.754 0.0000000000
68625  -39.825  -29.843  51.080 0.0000000000
95125  -59.616  -7.801  27.218 0.0000000000
93928  -54.764  -9.665  27.974 0.0000000000
93940  -56.900  -8.448  26.501 0.0000000000
95155  -57.298  -7.571  24.550 0.0000000000
92623  -48.056  -11.180  39.866 0.0000000000
87847  -43.731  -14.727  40.212 0.0000000000
90309  -43.806  -12.836  38.881 0.0000000000
90312  -46.352  -12.611  36.939 0.0000000000
73851  -9.212  -29.035  52.254 0.0000000000
73872  -8.947  -28.716  50.047 0.0000000000
67367  -9.589  -31.697  50.394 0.0000000000
62811  -8.236  -35.660  47.887 0.0000000000
63855  -8.108  -35.682  50.499 0.0000000000
62644  -16.740  -34.474  59.390 0.0000000000
61555  -15.198  -35.495  61.494 0.0000000000
85031  -45.058  -17.002  46.170 0.0000000000
78795  -43.108  -23.093  47.496 0.0000000000
78848  -41.961  -23.129  44.914 0.0000000000
81287  -42.392  -20.154  46.720 0.0000000000
83797  -43.374  -16.922  44.393 0.0000000000
73811  -36.660  -26.436  56.115 0.0000000000
69951  -36.080  -26.834  48.026 0.0000000000
71204  -34.274  -28.110  50.011 0.0000000000
100124  -60.001  -4.224  21.621 0.0000000000
102560  -61.701  -3.687  19.865 0.0000000000
77423  -15.325  -24.949  59.628 0.0000000000
76291  -13.618  -25.554  57.773 0.0000000000
76249  -13.440  -24.651  60.293 0.0000000000
91558  -55.071  -11.393  33.893 0.0000000000
91553  -49.472  -11.231  33.824 0.0000000000
90378  -51.637  -12.271  32.618 0.0000000000
90398  -53.193  -12.865  31.578 0.0000000000
61597  -21.353  -36.396  59.219 0.0000000000
60508  -22.436  -36.473  56.640 0.0000000000
77513  -18.920  -23.606  50.930 0.0000000000
77565  -18.117  -23.371  47.919 0.0000000000
75216  -17.280  -26.134  48.065 0.0000000000
154696  -8.447  -30.020  44.373 0.0000000000
72589  -10.319  -27.953  43.889 0.0000000000
68741  -7.555  -30.523  41.861 0.0000000000
69813  -20.163  -29.099  64.964 0.0000000000
64908  -11.373  -32.880  64.034 0.0000000000
68513  -12.734  -30.176  64.327 0.0000000000
68530  -10.085  -30.327  62.500 0.0000000000
72429  -9.186  -29.536  60.181 0.0000000000
67312  -6.977  -31.615  60.321 0.0000000000
76401  -44.382  -24.763  47.161 0.0000000000
69875  -38.194  -28.175  55.010 0.0000000000
69902  -39.306  -29.124  53.336 0.0000000000
68637  -37.846  -30.092  49.928 0.0000000000
98887  -61.565  -4.641  24.217 0.0000000000
97576  -58.970  -6.126  23.757 0.0000000000
91478  -51.724  -9.919  37.602 0.0000000000
91513  -48.208  -12.157  35.751 0.0000000000
68660  -27.488  -29.923  47.780 0.0000000000
66222  -26.705  -31.048  49.566 0.0000000000
77612  -12.118  -23.347  43.256 0.0000000000
75156  -14.565  -26.989  52.614 0.0000000000
73876  -14.528  -27.665  49.593 0.0000000000
75202  -11.087  -27.288  49.532 0.0000000000
71238  -8.538  -29.585  47.084 0.0000000000
65110  -8.513  -33.145  44.791 0.0000000000
63698  -20.171  -33.631  63.647 0.0000000000
66147  -18.075  -31.866  65.201 0.0000000000
63705  -16.447  -34.189  63.714 0.0000000000
62590  -13.602  -34.695  63.662 0.0000000000
90245  -44.726  -13.641  42.950 0.0000000000
85063  -43.476  -16.300  42.752 0.0000000000
69897  -30.978  -27.517  53.973 0.0000000000
71181  -35.831  -26.810  53.104 0.0000000000
71196  -33.104  -27.185  51.568 0.0000000000
69939  -29.962  -28.476  50.214 0.0000000000
77471  -19.207  -23.531  54.341 0.0000000000
77455  -19.266  -23.831  56.358 0.0000000000
75100  -17.164  -26.217  54.814 0.0000000000
75097  -13.772  -26.157  55.018 0.0000000000
75112  -10.457  -26.775  54.430 0.0000000000
75090  -8.734  -28.687  54.900 0.0000000000
92742  -57.634  -10.576  31.080 0.0000000000
91601  -53.967  -10.627  30.841 0.0000000000
62621  -21.040  -34.758  61.724 0.0000000000
61604  -19.085  -35.091  59.271 0.0000000000
62663  -17.759  -33.645  57.407 0.0000000000
65016  -25.556  -33.368  51.225 0.0000000000
62716  -24.368  -34.675  52.744 0.0000000000
61668  -22.898  -35.183  54.754 0.0000000000
61679  -20.372  -34.705  54.599 0.0000000000
63780  -17.913  -32.985  53.823 0.0000000000
78754  -16.231  -21.169  48.540 0.0000000000
77597  -16.506  -22.872  44.680 0.0000000000
76460  -14.053  -24.784  41.567 0.0000000000
73925  -13.992  -27.757  45.640 0.0000000000
72593  -13.864  -27.986  42.546 0.0000000000
72645  -10.725  -27.647  39.544 0.0000000000
76220  -16.238  -25.702  64.258 0.0000000000
68510  -16.521  -29.569  65.912 0.0000000000
72402  -13.825  -27.141  65.594 0.0000000000
76232  -14.114  -26.899  62.702 0.0000000000
75029  -10.724  -26.972  60.609 0.0000000000
73781  -8.572  -28.574  57.312 0.0000000000
68588  -7.239  -30.909  55.107 0.0000000000
63719  -5.900  -34.503  61.026 0.0000000000
63736  -6.373  -34.635  58.054 0.0000000000
63794  -7.002  -34.167  52.753 0.0000000000
71213  -44.493  -27.471  49.968 0.0000000000
69916  -44.508  -27.526  51.804 0.0000000000
69954  -43.979  -28.272  48.746 0.0000000000
71223  -45.006  -28.053  48.927 0.0000000000
68657  -42.643  -29.222  49.452 0.0000000000
68684  -42.349  -29.695  47.652 0.0000000000
69925  -43.940  -29.092  51.281 0.0000000000
68628  -42.234  -28.808  51.326 0.0000000000
93932  -59.105  -8.611  28.309 0.0000000000
93919  -56.872  -9.169  29.016 0.0000000000
93929  -55.889  -9.180  27.898 0.0000000000
93930  -57.129  -8.786  27.811 0.0000000000
95123  -58.251  -7.752  26.812 0.0000000000
92621  -46.370  -11.410  39.987 0.0000000000
93795  -48.588  -10.645  41.542 0.0000000000
93782  -47.757  -10.297  42.123 0.0000000000
89107  -43.713  -14.138  39.488 0.0000000000
91455  -45.156  -12.264  39.939 0.0000000000
91471  -45.355  -12.308  39.092 0.0000000000
69917  -9.103  -30.273  52.643 0.0000000000
69928  -9.381  -30.246  51.447 0.0000000000
67361  -9.460  -31.551  51.486 0.0000000000
63833  -9.251  -33.711  50.522 0.0000000000
64994  -8.533  -33.875  52.337 0.0000000000
62652  -15.834  -34.534  58.175 0.0000000000
61592  -15.257  -35.527  59.318 0.0000000000
81248  -43.329  -20.930  48.149 0.0000000000
80014  -42.483  -21.194  47.198 0.0000000000
82550  -43.898  -18.891  47.509 0.0000000000
82562  -43.764  -18.142  46.685 0.0000000000
100119  -61.390  -4.401  22.477 0.0000000000
101315  -60.653  -3.909  21.009 0.0000000000
102556  -62.915  -4.032  20.473 0.0000000000
77403  -16.005  -23.870  61.333 0.0000000000
77409  -14.610  -24.552  60.053 0.0000000000
77397  -14.549  -24.983  61.242 0.0000000000
91539  -54.213  -10.936  34.668 0.0000000000
91540  -55.361  -10.759  34.830 0.0000000000
91536  -50.752  -10.655  34.628 0.0000000000
90364  -50.082  -11.361  32.974 0.0000000000
91556  -52.599  -11.109  33.586 0.0000000000
90367  -52.980  -11.725  32.901 0.0000000000
61608  -23.656  -36.392  58.530 0.0000000000
61618  -24.192  -36.339  57.443 0.0000000000
67360  -28.979  -29.326  53.330 0.0000000000
67358  -27.814  -29.739  52.329 0.0000000000
76455  -8.983  -24.950  41.705 0.0000000000
75160  -18.618  -25.711  51.904 0.0000000000
75193  -18.623  -25.114  50.058 0.0000000000
73857  -17.602  -26.948  50.294 0.0000000000
67450  -7.752  -31.676  43.192 0.0000000000
68726  -7.770  -30.550  43.669 0.0000000000
154680  -7.567  -32.583  41.219 0.0000000000
71076  -20.816  -28.027  64.056 0.0000000000
68522  -20.656  -29.987  64.954 0.0000000000
64922  -9.676  -32.751  63.481 0.0000000000
66152  -10.682  -31.488  63.251 0.0000000000
66160  -9.294  -31.735  63.410 0.0000000000
68533  -8.077  -30.013  62.095 0.0000000000
66163  -7.203  -32.013  61.992 0.0000000000
75226  -46.294  -25.078  47.919 0.0000000000
75241  -45.267  -25.441  46.559 0.0000000000
76395  -46.160  -24.206  47.680 0.0000000000
78778  -45.327  -22.932  48.707 0.0000000000
68653  -39.211  -30.239  49.281 0.0000000000
68638  -38.681  -30.273  50.121 0.0000000000
68666  -38.255  -30.219  48.294 0.0000000000
68664  -37.227  -29.137  47.656 0.0000000000
97568  -60.277  -5.469  25.482 0.0000000000
96333  -58.849  -6.820  25.430 0.0000000000
96348  -58.005  -6.663  23.879 0.0000000000
97571  -59.581  -5.947  24.752 0.0000000000
97577  -59.790  -5.336  23.947 0.0000000000
92656  -50.263  -10.318  38.111 0.0000000000
92643  -52.586  -11.001  39.181 0.0000000000
92642  -51.483  -10.953  39.129 0.0000000000
91474  -48.019  -11.576  37.889 0.0000000000
90333  -46.789  -12.918  36.123 0.0000000000
91489  -48.350  -11.345  36.813 0.0000000000
91514  -48.788  -10.884  35.705 0.0000000000
78783  -12.507  -21.366  45.948 0.0000000000
78823  -11.493  -22.378  44.351 0.0000000000
78805  -13.719  -21.822  45.263 0.0000000000
75154  -12.515  -27.819  52.334 0.0000000000
73853  -12.414  -27.634  51.393 0.0000000000
75174  -11.781  -27.605  51.444 0.0000000000
68658  -8.855  -30.653  48.341 0.0000000000
71226  -8.464  -29.163  48.707 0.0000000000
68675  -8.619  -30.764  47.359 0.0000000000
154687  -8.635  -31.642  45.827 0.0000000000
66245  -8.816  -32.253  46.117 0.0000000000
63931  -8.751  -34.174  46.136 0.0000000000
62603  -19.197  -35.125  62.921 0.0000000000
63696  -18.454  -33.730  63.866 0.0000000000
62601  -17.255  -34.507  62.755 0.0000000000
61553  -13.805  -36.005  61.894 0.0000000000
62614  -14.368  -35.458  62.445 0.0000000000
62613  -13.440  -35.578  62.589 0.0000000000
62596  -12.172  -34.947  63.071 0.0000000000
89059  -46.128  -14.949  42.675 0.0000000000
85050  -45.179  -17.136  44.139 0.0000000000
83814  -43.181  -16.607  43.417 0.0000000000
85082  -44.734  -16.450  43.194 0.0000000000
87820  -44.539  -14.845  42.777 0.0000000000
71132  -33.273  -27.195  56.354 0.0000000000
69874  -32.396  -27.951  55.112 0.0000000000
71165  -32.503  -26.798  54.952 0.0000000000
69900  -37.290  -27.834  53.424 0.0000000000
71168  -36.619  -27.456  54.420 0.0000000000
69911  -36.648  -27.522  52.016 0.0000000000
71219  -33.007  -27.138  48.716 0.0000000000
71203  -33.324  -27.421  50.452 0.0000000000
71210  -32.435  -27.312  49.819 0.0000000000
71209  -31.006  -27.874  50.315 0.0000000000
71217  -30.576  -27.976  49.564 0.0000000000
69959  -28.786  -27.780  48.295 0.0000000000
77434  -17.937  -25.057  58.487 0.0000000000
77443  -18.341  -25.091  57.571 0.0000000000
76313  -17.913  -25.464  56.337 0.0000000000
76325  -16.519  -26.426  56.221 0.0000000000
75099  -16.122  -26.689  55.411 0.0000000000
75081  -15.370  -26.510  56.100 0.0000000000
76307  -11.948  -25.135  57.054 0.0000000000
76322  -11.958  -25.626  56.242 0.0000000000
75079  -10.841  -25.500  56.408 0.0000000000
75092  -9.525  -27.451  55.148 0.0000000000
75077  -9.553  -26.910  56.023 0.0000000000
91582  -56.663  -10.639  32.244 0.0000000000
92731  -58.371  -10.788  32.064 0.0000000000
91575  -57.635  -11.398  32.974 0.0000000000
90400  -54.645  -12.291  31.693 0.0000000000
90409  -53.611  -11.518  31.686 0.0000000000
91580  -55.117  -11.732  31.485 0.0000000000
92740  -55.412  -10.233  31.031 0.0000000000
62622  -21.821  -34.498  61.271 0.0000000000
60490  -20.957  -36.378  58.000 0.0000000000
61596  -20.391  -35.870  59.476 0.0000000000
61615  -19.894  -35.391  57.969 0.0000000000
62664  -18.698  -33.973  58.082 0.0000000000
62672  -18.787  -33.947  56.919 0.0000000000
65062  -25.667  -32.289  48.459 0.0000000000
65039  -25.833  -32.262  49.718 0.0000000000
63886  -24.431  -32.818  48.818 0.0000000000
61737  -21.707  -33.748  50.531 0.0000000000
62747  -23.614  -34.456  51.051 0.0000000000
61711  -22.584  -34.679  52.043 0.0000000000
61684  -23.848  -34.873  53.315 0.0000000000
61695  -22.400  -35.187  52.857 0.0000000000
61681  -21.587  -35.300  53.997 0.0000000000
62729  -20.541  -34.108  53.207 0.0000000000
63796  -17.860  -32.994  52.824 0.0000000000
78715  -16.627  -21.452  50.279 0.0000000000
75233  -17.483  -24.452  46.548 0.0000000000
77572  -17.584  -22.782  46.579 0.0000000000
76419  -16.861  -24.068  44.439 0.0000000000
76430  -15.243  -23.686  42.582 0.0000000000
75260  -15.633  -25.593  42.755 0.0000000000
73898  -13.121  -26.849  47.647 0.0000000000
73899  -14.168  -26.742  47.600 0.0000000000
73909  -12.340  -27.337  46.814 0.0000000000
72618  -9.311  -28.617  42.375 0.0000000000
72591  -12.042  -28.857  43.560 0.0000000000
71315  -10.502  -29.082  41.349 0.0000000000
72631  -12.621  -27.755  40.505 0.0000000000
71330  -10.323  -28.773  40.542 0.0000000000
71370  -8.355  -28.265  38.569 0.0000000000
75002  -17.344  -25.917  65.199 0.0000000000
64901  -16.738  -32.651  64.858 0.0000000000
67290  -17.571  -31.092  65.445 0.0000000000
67288  -15.744  -31.101  65.241 0.0000000000
71066  -12.410  -29.553  63.163 0.0000000000
71068  -13.192  -28.580  64.815 0.0000000000
72410  -13.115  -28.293  63.979 0.0000000000
75007  -13.798  -26.641  64.085 0.0000000000
75020  -13.056  -27.730  62.098 0.0000000000
75031  -11.797  -26.832  61.011 0.0000000000
73752  -11.115  -28.172  61.083 0.0000000000
71097  -8.392  -29.840  58.841 0.0000000000
72450  -9.036  -28.930  58.417 0.0000000000
71115  -7.356  -28.864  57.595 0.0000000000
71124  -6.925  -28.723  56.258 0.0000000000
68584  -6.504  -30.865  55.868 0.0000000000
61590  -5.157  -36.129  59.471 0.0000000000
63725  -5.707  -34.459  59.653 0.0000000000
75218  -46.645  -24.821  49.350 0.0000000000
69988  -43.741  -29.038  45.586 0.0000000000
71262  -44.510  -28.133  45.761 0.0000000000
71246  -45.013  -27.966  46.897 0.0000000000
72555  -45.586  -26.695  47.679 0.0000000000
67378  -40.379  -30.291  48.492 0.0000000000
68683  -41.859  -30.058  47.251 0.0000000000
68699  -42.489  -29.659  46.754 0.0000000000
68641  -41.061  -29.239  50.170 0.0000000000
96313  -59.469  -7.474  26.668 0.0000000000
93947  -55.245  -9.329  25.682 0.0000000000
93964  -56.322  -8.468  24.716 0.0000000000
95153  -56.489  -8.554  23.575 0.0000000000
95133  -57.186  -7.774  25.434 0.0000000000
95135  -58.613  -7.483  26.367 0.0000000000
92624  -49.177  -11.163  39.657 0.0000000000
92625  -50.488  -10.966  40.049 0.0000000000
92609  -49.544  -10.907  41.001 0.0000000000
92595  -50.065  -10.675  42.027 0.0000000000
85100  -42.592  -16.341  40.194 0.0000000000
85142  -42.818  -16.020  39.015 0.0000000000
86505  -42.285  -15.174  37.833 0.0000000000
89145  -42.608  -13.084  37.570 0.0000000000
90345  -43.377  -12.518  36.620 0.0000000000
90310  -44.538  -12.417  37.978 0.0000000000
91473  -47.142  -11.896  38.212 0.0000000000
75150  -9.649  -27.525  52.597 0.0000000000
75186  -9.287  -27.720  50.579 0.0000000000
73862  -9.108  -28.874  51.151 0.0000000000
69937  -9.183  -30.126  50.080 0.0000000000
67382  -9.345  -32.176  48.716 0.0000000000
63933  -9.391  -34.127  47.614 0.0000000000
63879  -9.432  -34.367  49.170 0.0000000000
62776  -8.386  -35.991  49.463 0.0000000000
62637  -17.774  -35.193  60.711 0.0000000000
62616  -16.577  -35.026  62.133 0.0000000000
62627  -15.921  -35.325  61.101 0.0000000000
85043  -46.447  -16.539  44.535 0.0000000000
77600  -42.973  -23.847  45.513 0.0000000000
77599  -42.616  -23.454  45.070 0.0000000000
78812  -42.156  -22.770  46.435 0.0000000000
80027  -41.682  -21.429  46.322 0.0000000000
81303  -41.238  -20.444  45.770 0.0000000000
83769  -42.928  -18.267  45.821 0.0000000000
83781  -44.387  -17.147  45.157 0.0000000000
72503  -35.036  -26.874  55.627 0.0000000000
69932  -35.605  -29.032  49.985 0.0000000000
69921  -35.146  -28.164  50.461 0.0000000000
71212  -34.813  -27.503  49.210 0.0000000000
71230  -33.641  -27.069  47.402 0.0000000000
101322  -59.676  -4.076  20.019 0.0000000000
102567  -60.750  -3.881  18.972 0.0000000000
102568  -61.785  -2.820  18.759 0.0000000000
103822  -62.068  -2.299  17.849 0.0000000000
76279  -16.304  -25.829  58.589 0.0000000000
76292  -14.509  -26.163  57.782 0.0000000000
76266  -14.907  -25.456  59.221 0.0000000000
76276  -13.585  -24.971  58.600 0.0000000000
76274  -11.718  -24.867  58.965 0.0000000000
91566  -55.886  -11.251  33.402 0.0000000000
91559  -56.187  -11.311  34.239 0.0000000000
89171  -49.309  -12.976  31.749 0.0000000000
89186  -50.277  -13.244  31.144 0.0000000000
89199  -51.349  -13.233  30.724 0.0000000000
89175  -52.218  -13.274  31.781 0.0000000000
90381  -54.158  -12.710  32.648 0.0000000000
62632  -22.243  -35.197  60.687 0.0000000000
61599  -23.277  -36.304  59.283 0.0000000000
60491  -21.693  -36.665  58.239 0.0000000000
60506  -21.040  -36.272  56.591 0.0000000000
62800  -21.266  -33.927  48.940 0.0000000000
62745  -19.815  -33.448  51.812 0.0000000000
78697  -18.694  -22.406  51.185 0.0000000000
78735  -18.130  -22.124  49.448 0.0000000000
77547  -18.458  -23.648  49.536 0.0000000000
76387  -18.170  -24.909  48.499 0.0000000000
75231  -16.626  -25.948  46.510 0.0000000000
73935  -9.922  -28.245  45.634 0.0000000000
72567  -10.828  -28.129  45.098 0.0000000000
72587  -8.634  -28.650  43.852 0.0000000000
72601  -8.460  -28.569  43.082 0.0000000000
68742  -7.423  -29.889  41.518 0.0000000000
73745  -20.342  -25.901  62.547 0.0000000000
72415  -20.270  -27.224  64.240 0.0000000000
71070  -18.994  -28.180  65.390 0.0000000000
64897  -13.150  -32.628  64.735 0.0000000000
67286  -13.861  -30.995  65.051 0.0000000000
66141  -12.417  -31.364  64.658 0.0000000000
68525  -11.690  -30.329  63.164 0.0000000000
71074  -11.443  -29.792  62.096 0.0000000000
72422  -10.821  -29.518  61.242 0.0000000000
71078  -9.808  -29.561  61.696 0.0000000000
69825  -7.708  -30.001  60.449 0.0000000000
68546  -8.249  -31.324  59.389 0.0000000000
75255  -43.866  -26.032  44.484 0.0000000000
72582  -45.057  -27.353  44.803 0.0000000000
75248  -44.884  -25.389  45.083 0.0000000000
77601  -43.544  -24.826  45.693 0.0000000000
77576  -43.754  -23.949  47.454 0.0000000000
78777  -44.310  -22.546  48.641 0.0000000000
69913  -38.185  -29.140  52.376 0.0000000000
68601  -39.489  -29.705  52.637 0.0000000000
68611  -38.701  -29.620  51.869 0.0000000000
68622  -37.376  -29.562  50.649 0.0000000000
68649  -36.617  -28.804  48.420 0.0000000000
97584  -57.485  -6.789  22.392 0.0000000000
98895  -59.685  -5.082  22.464 0.0000000000
98897  -60.989  -4.056  23.207 0.0000000000
91517  -52.277  -10.129  35.607 0.0000000000
92672  -53.526  -10.157  37.318 0.0000000000
92658  -52.422  -10.165  38.076 0.0000000000
90346  -44.776  -12.468  35.999 0.0000000000
91534  -48.752  -11.568  34.652 0.0000000000
91515  -50.006  -10.582  35.727 0.0000000000
68646  -28.418  -29.711  49.556 0.0000000000
67369  -27.050  -30.280  49.995 0.0000000000
67374  -27.153  -30.515  49.164 0.0000000000
66239  -26.160  -31.897  47.737 0.0000000000
77629  -10.695  -23.565  43.039 0.0000000000
76443  -11.747  -24.404  42.414 0.0000000000
75157  -15.567  -26.911  52.285 0.0000000000
75176  -15.966  -26.685  51.170 0.0000000000
73855  -14.163  -27.428  51.126 0.0000000000
73874  -12.721  -26.998  49.593 0.0000000000
73885  -11.262  -27.083  48.168 0.0000000000
75200  -10.140  -27.710  49.577 0.0000000000
75219  -9.479  -27.119  48.172 0.0000000000
73905  -9.477  -27.477  47.103 0.0000000000
72575  -8.677  -29.748  45.652 0.0000000000
66149  -19.749  -31.732  64.925 0.0000000000
64916  -18.949  -33.024  64.219 0.0000000000
64914  -17.174  -33.179  64.323 0.0000000000
64913  -16.306  -33.355  64.476 0.0000000000
62600  -16.104  -34.605  63.153 0.0000000000
62592  -15.282  -34.594  63.709 0.0000000000
64911  -14.436  -33.474  64.583 0.0000000000
63690  -12.907  -34.174  63.810 0.0000000000
63702  -11.108  -33.644  63.508 0.0000000000
62593  -9.823  -34.155  62.916 0.0000000000
91430  -44.666  -12.489  41.754 0.0000000000
92593  -46.664  -10.720  42.529 0.0000000000
92574  -45.210  -11.556  43.297 0.0000000000
77635  -42.245  -24.104  43.242 0.0000000000
83852  -42.526  -16.209  41.161 0.0000000000
89084  -44.352  -14.358  41.581 0.0000000000
69882  -31.131  -28.949  54.485 0.0000000000
68621  -29.776  -28.466  52.631 0.0000000000
72490  -37.175  -27.062  56.038 0.0000000000
72504  -36.269  -27.046  55.220 0.0000000000
71167  -35.149  -26.937  54.316 0.0000000000
71197  -34.223  -27.780  51.035 0.0000000000
71188  -34.434  -27.213  52.159 0.0000000000
71187  -32.877  -27.127  52.736 0.0000000000
71195  -31.508  -27.333  52.207 0.0000000000
69918  -29.950  -28.218  51.646 0.0000000000
68634  -29.618  -29.110  51.038 0.0000000000
68662  -28.521  -28.875  49.043 0.0000000000
103823  -62.591  -1.240  18.227 0.0000000000
105182  -63.625  -0.497  17.706 0.0000000000
107708  -64.106  0.371  16.878 0.0000000000
77482  -19.228  -23.582  53.187 0.0000000000
76346  -18.373  -25.811  53.177 0.0000000000
77463  -19.221  -23.414  55.500 0.0000000000
76327  -18.187  -25.428  55.049 0.0000000000
75119  -17.226  -26.211  53.924 0.0000000000
75137  -15.471  -26.967  53.403 0.0000000000
75136  -14.357  -26.859  53.436 0.0000000000
75134  -12.320  -27.487  53.553 0.0000000000
76309  -13.794  -25.825  56.698 0.0000000000
75096  -12.853  -26.237  55.136 0.0000000000
75132  -10.699  -27.354  53.581 0.0000000000
75130  -9.745  -27.871  53.546 0.0000000000
73831  -9.019  -29.144  54.071 0.0000000000
69907  -8.693  -30.163  53.676 0.0000000000
93912  -57.667  -9.857  29.855 0.0000000000
89209  -51.794  -12.803  30.301 0.0000000000
90422  -52.240  -11.610  29.764 0.0000000000
92756  -52.894  -11.180  28.732 0.0000000000
92758  -54.211  -10.055  29.531 0.0000000000
93911  -56.619  -9.448  29.993 0.0000000000
62605  -20.707  -34.686  62.471 0.0000000000
62619  -19.596  -35.362  62.068 0.0000000000
61576  -21.448  -35.680  60.724 0.0000000000
61585  -20.136  -35.677  60.290 0.0000000000
61583  -18.761  -35.499  60.701 0.0000000000
63731  -16.288  -33.573  58.181 0.0000000000
66214  -26.368  -30.825  51.969 0.0000000000
65002  -26.317  -32.135  52.056 0.0000000000
64987  -26.825  -32.731  52.865 0.0000000000
63838  -24.202  -33.626  50.272 0.0000000000
63815  -25.323  -33.869  51.853 0.0000000000
63783  -25.797  -33.750  53.736 0.0000000000
62703  -25.558  -34.286  54.490 0.0000000000
61652  -24.769  -35.338  55.196 0.0000000000
61631  -24.865  -36.078  56.050 0.0000000000
61650  -22.917  -36.115  55.721 0.0000000000
61648  -21.297  -35.909  55.615 0.0000000000
61664  -20.206  -34.648  55.230 0.0000000000
62713  -19.078  -34.085  53.168 0.0000000000
62700  -19.232  -34.339  54.484 0.0000000000
62685  -18.765  -33.914  55.646 0.0000000000
63752  -17.400  -33.219  55.551 0.0000000000
78767  -14.933  -21.332  47.899 0.0000000000
78755  -17.334  -21.647  48.524 0.0000000000
78788  -16.764  -21.971  46.545 0.0000000000
78807  -15.450  -22.019  45.540 0.0000000000
78844  -14.328  -22.355  43.777 0.0000000000
77632  -13.372  -23.507  42.538 0.0000000000
75272  -11.891  -25.333  41.150 0.0000000000
75204  -16.542  -27.206  49.134 0.0000000000
73901  -15.928  -26.852  47.422 0.0000000000
73927  -15.703  -26.846  45.677 0.0000000000
73938  -12.511  -28.715  44.791 0.0000000000
73939  -13.607  -28.576  44.702 0.0000000000
73952  -15.192  -27.306  43.566 0.0000000000
73968  -14.174  -26.522  41.988 0.0000000000
75285  -13.071  -26.374  40.737 0.0000000000
75295  -11.204  -26.326  39.772 0.0000000000
72664  -8.866  -27.557  38.702 0.0000000000
67292  -19.379  -30.960  65.226 0.0000000000
69811  -18.441  -29.080  65.526 0.0000000000
69803  -17.227  -28.902  66.127 0.0000000000
69809  -14.628  -29.759  65.286 0.0000000000
71061  -15.130  -28.337  65.880 0.0000000000
72405  -16.363  -27.319  66.170 0.0000000000
75000  -15.727  -26.363  65.131 0.0000000000
76227  -15.649  -25.969  63.161 0.0000000000
77392  -15.261  -25.521  61.576 0.0000000000
76242  -13.151  -26.151  60.677 0.0000000000
76262  -11.616  -25.099  59.937 0.0000000000
76272  -10.199  -25.613  59.233 0.0000000000
73755  -10.457  -28.862  59.880 0.0000000000
73775  -9.586  -27.512  58.463 0.0000000000
75056  -9.240  -27.232  57.191 0.0000000000
73803  -8.358  -28.520  56.038 0.0000000000
71158  -7.986  -29.647  55.013 0.0000000000
67352  -8.483  -31.665  54.158 0.0000000000
62607  -7.840  -34.764  62.092 0.0000000000
62625  -6.961  -35.242  61.776 0.0000000000
64927  -6.981  -33.421  62.169 0.0000000000
66167  -6.237  -32.784  60.649 0.0000000000
66170  -6.683  -32.455  59.739 0.0000000000
66182  -6.774  -32.797  57.922 0.0000000000
64952  -6.697  -33.759  56.615 0.0000000000
66189  -6.834  -32.908  56.241 0.0000000000
67345  -7.104  -32.062  55.588 0.0000000000
66202  -8.232  -33.014  54.148 0.0000000000
64982  -7.750  -33.725  52.969 0.0000000000
63810  -7.392  -34.425  52.155 0.0000000000
62774  -6.613  -36.202  50.027 0.0000000000
69945  -44.204  -27.945  49.859 0.0000000000
71205  -44.380  -27.256  50.887 0.0000000000
69936  -44.244  -27.902  50.686 0.0000000000
69944  -43.872  -28.395  49.758 0.0000000000
69955  -44.148  -27.943  49.282 0.0000000000
69943  -43.417  -28.903  49.558 0.0000000000
69934  -43.649  -29.066  50.430 0.0000000000
68643  -42.827  -29.093  50.379 0.0000000000
69926  -44.236  -28.391  51.349 0.0000000000
93931  -58.321  -8.784  28.160 0.0000000000
93922  -59.757  -8.859  29.050 0.0000000000
93920  -58.014  -9.507  28.930 0.0000000000
92606  -46.291  -11.076  41.038 0.0000000000
93793  -47.133  -10.578  40.999 0.0000000000
93781  -47.050  -10.407  41.535 0.0000000000
91441  -44.920  -12.317  40.759 0.0000000000
91454  -44.511  -12.818  40.302 0.0000000000
91442  -45.691  -11.789  40.395 0.0000000000
68607  -8.734  -30.736  53.018 0.0000000000
68618  -9.224  -30.805  52.038 0.0000000000
66211  -9.164  -32.572  52.257 0.0000000000
61613  -15.324  -35.262  57.656 0.0000000000
82535  -43.537  -20.012  47.740 0.0000000000
77402  -15.011  -24.434  60.868 0.0000000000
77398  -15.457  -24.612  61.482 0.0000000000
91538  -53.065  -10.759  34.551 0.0000000000
91519  -54.437  -10.359  35.634 0.0000000000
91537  -51.893  -10.556  34.556 0.0000000000
91555  -51.483  -10.900  33.583 0.0000000000
62657  -25.280  -35.278  57.982 0.0000000000
61610  -24.810  -36.061  57.888 0.0000000000
61619  -24.967  -36.102  57.096 0.0000000000
68608  -29.363  -29.226  52.349 0.0000000000
67359  -28.752  -29.498  52.661 0.0000000000
76456  -10.228  -24.820  41.638 0.0000000000
76467  -9.384  -25.152  41.167 0.0000000000
75178  -18.344  -26.425  51.197 0.0000000000
75177  -17.269  -26.809  50.955 0.0000000000
67463  -8.308  -32.277  42.060 0.0000000000
68526  -21.226  -29.903  64.348 0.0000000000
64920  -8.275  -32.567  62.967 0.0000000000
66159  -8.392  -31.811  63.041 0.0000000000
75227  -46.526  -24.702  48.451 0.0000000000
76396  -46.445  -24.030  48.359 0.0000000000
77570  -46.199  -23.292  48.579 0.0000000000
67376  -38.957  -30.252  48.346 0.0000000000
96334  -59.259  -6.704  25.554 0.0000000000
96340  -59.094  -6.571  25.094 0.0000000000
92655  -49.682  -10.646  37.678 0.0000000000
92641  -50.374  -10.864  38.978 0.0000000000
91475  -48.943  -11.149  37.763 0.0000000000
78784  -13.290  -21.515  46.042 0.0000000000
78804  -12.803  -21.828  45.162 0.0000000000
75153  -11.601  -27.833  52.535 0.0000000000
75175  -12.201  -27.836  51.735 0.0000000000
75173  -11.068  -27.466  51.498 0.0000000000
67380  -8.938  -31.345  47.687 0.0000000000
154684  -8.761  -31.569  46.547 0.0000000000
154689  -8.974  -31.954  46.941 0.0000000000
65093  -8.844  -33.080  45.697 0.0000000000
65094  -9.015  -33.023  46.740 0.0000000000
62618  -18.620  -35.389  62.032 0.0000000000
62602  -18.199  -35.006  62.931 0.0000000000
62617  -17.640  -35.145  62.141 0.0000000000
87796  -46.502  -15.684  42.756 0.0000000000
89049  -46.259  -14.705  43.324 0.0000000000
89050  -46.930  -14.863  43.531 0.0000000000
85065  -45.444  -16.893  43.009 0.0000000000
87809  -45.652  -15.453  42.811 0.0000000000
72502  -34.320  -26.992  56.156 0.0000000000
69912  -37.515  -28.605  52.355 0.0000000000
71218  -31.576  -27.377  49.182 0.0000000000
71228  -30.279  -27.142  48.666 0.0000000000
76280  -17.184  -25.686  58.190 0.0000000000
76295  -17.693  -25.563  57.411 0.0000000000
76312  -17.076  -26.064  56.738 0.0000000000
75082  -16.040  -26.684  56.198 0.0000000000
76311  -16.053  -26.492  56.856 0.0000000000
76306  -11.021  -25.148  57.129 0.0000000000
76321  -11.314  -25.418  56.480 0.0000000000
75078  -10.208  -25.898  56.557 0.0000000000
75065  -9.437  -26.534  56.935 0.0000000000
91583  -57.620  -10.792  32.562 0.0000000000
91574  -56.799  -11.113  32.977 0.0000000000
91572  -55.257  -12.190  32.077 0.0000000000
91581  -55.534  -11.126  32.085 0.0000000000
91594  -55.414  -10.724  31.641 0.0000000000
61616  -20.428  -36.004  57.540 0.0000000000
61625  -19.417  -34.639  57.500 0.0000000000
61645  -19.590  -34.413  56.508 0.0000000000
65080  -24.766  -32.274  47.905 0.0000000000
65061  -25.097  -32.645  49.123 0.0000000000
63914  -24.190  -32.258  48.333 0.0000000000
61725  -21.858  -34.066  51.285 0.0000000000
61726  -22.561  -34.180  51.330 0.0000000000
61710  -21.903  -34.536  52.319 0.0000000000
61694  -21.722  -35.033  53.125 0.0000000000
61709  -21.138  -34.282  52.539 0.0000000000
75239  -16.765  -24.990  45.561 0.0000000000
76397  -17.301  -24.524  45.858 0.0000000000
75247  -16.733  -24.901  44.734 0.0000000000
75253  -16.587  -24.606  44.058 0.0000000000
75252  -16.515  -25.514  43.985 0.0000000000
73897  -12.094  -27.005  47.729 0.0000000000
71313  -8.935  -28.906  41.504 0.0000000000
71298  -10.052  -28.717  42.342 0.0000000000
71314  -9.658  -28.996  41.517 0.0000000000
70035  -10.195  -29.097  40.933 0.0000000000
71328  -8.527  -28.902  40.278 0.0000000000
70048  -7.639  -29.235  40.093 0.0000000000
73734  -19.105  -26.375  65.266 0.0000000000
73732  -17.674  -26.433  65.777 0.0000000000
64900  -15.829  -32.719  64.933 0.0000000000
66145  -16.254  -31.926  65.129 0.0000000000
66144  -15.323  -31.920  65.131 0.0000000000
71075  -12.246  -29.465  62.620 0.0000000000
72409  -12.638  -29.008  63.306 0.0000000000
72417  -12.739  -28.754  62.878 0.0000000000
72418  -13.328  -28.060  63.419 0.0000000000
73741  -12.452  -28.774  62.052 0.0000000000
73748  -12.624  -28.237  61.976 0.0000000000
73747  -11.893  -28.420  61.502 0.0000000000
69852  -7.227  -30.214  58.677 0.0000000000
71106  -8.080  -29.580  58.082 0.0000000000
68567  -6.702  -30.181  58.189 0.0000000000
69862  -6.681  -29.484  57.262 0.0000000000
68576  -6.494  -30.582  57.246 0.0000000000
61589  -5.028  -37.038  59.228 0.0000000000
73882  -45.960  -25.518  49.765 0.0000000000
71261  -44.071  -28.637  46.220 0.0000000000
71245  -44.193  -28.326  46.860 0.0000000000
71224  -45.191  -27.363  48.911 0.0000000000
72554  -45.316  -27.370  48.153 0.0000000000
72551  -45.443  -26.770  48.716 0.0000000000
73892  -46.358  -25.433  48.850 0.0000000000
67379  -40.819  -30.318  48.366 0.0000000000
68667  -41.166  -30.217  47.850 0.0000000000
68668  -41.864  -30.014  48.310 0.0000000000
69964  -43.035  -29.254  47.452 0.0000000000
69976  -43.158  -29.347  46.316 0.0000000000
69987  -43.230  -29.424  45.756 0.0000000000
68642  -41.897  -28.766  50.274 0.0000000000
68655  -41.041  -30.241  49.112 0.0000000000
95136  -59.127  -7.591  26.687 0.0000000000
96314  -60.046  -7.591  26.956 0.0000000000
95126  -60.152  -7.961  27.467 0.0000000000
93917  -54.438  -9.769  28.884 0.0000000000
93937  -54.029  -10.118  27.020 0.0000000000
93939  -56.036  -8.978  26.707 0.0000000000
93948  -56.043  -8.617  25.614 0.0000000000
93963  -55.464  -8.901  24.537 0.0000000000
93949  -56.732  -8.134  25.544 0.0000000000
95124  -58.951  -7.795  27.070 0.0000000000
91445  -48.260  -11.385  39.313 0.0000000000
92608  -48.463  -10.826  40.574 0.0000000000
93783  -48.664  -10.436  42.379 0.0000000000
93796  -49.247  -10.676  41.925 0.0000000000
92579  -49.878  -11.185  43.201 0.0000000000
86436  -43.350  -15.616  39.990 0.0000000000
86465  -43.216  -15.435  39.520 0.0000000000
87869  -42.905  -14.648  38.956 0.0000000000
89126  -43.186  -13.680  38.360 0.0000000000
87886  -42.409  -14.435  37.691 0.0000000000
90330  -43.582  -12.664  37.763 0.0000000000
91457  -46.958  -11.490  39.227 0.0000000000
91472  -46.249  -12.081  38.684 0.0000000000
91444  -47.639  -11.385  39.425 0.0000000000
91458  -47.803  -11.564  38.826 0.0000000000
75149  -9.308  -28.077  52.724 0.0000000000
75170  -9.113  -27.729  51.693 0.0000000000
67366  -9.666  -31.208  50.816 0.0000000000
68630  -9.566  -30.741  50.729 0.0000000000
68631  -9.639  -31.107  50.467 0.0000000000
67372  -9.463  -31.571  49.260 0.0000000000
67373  -9.385  -32.143  49.528 0.0000000000
66228  -9.460  -32.771  49.070 0.0000000000
66220  -9.332  -32.685  49.764 0.0000000000
63832  -8.815  -34.300  50.686 0.0000000000
63857  -9.230  -34.076  50.032 0.0000000000
63856  -8.568  -35.128  49.825 0.0000000000
62775  -7.722  -36.221  50.042 0.0000000000
62636  -16.938  -35.020  60.375 0.0000000000
62635  -16.044  -35.176  59.906 0.0000000000
85042  -45.754  -16.965  44.902 0.0000000000
78813  -42.694  -23.235  46.528 0.0000000000
78832  -42.401  -23.420  46.003 0.0000000000
80029  -42.598  -22.394  46.957 0.0000000000
81288  -42.760  -20.038  47.019 0.0000000000
80028  -42.224  -21.437  46.779 0.0000000000
81286  -41.728  -20.426  46.195 0.0000000000
82559  -41.833  -19.771  45.957 0.0000000000
82560  -42.258  -19.396  46.062 0.0000000000
83771  -44.436  -17.428  46.060 0.0000000000
83770  -43.693  -17.850  45.983 0.0000000000
73809  -35.828  -26.114  56.717 0.0000000000
72489  -36.085  -26.537  55.861 0.0000000000
69942  -35.853  -28.599  49.020 0.0000000000
69931  -35.324  -28.131  49.711 0.0000000000
69941  -35.686  -27.629  48.842 0.0000000000
98906  -59.679  -4.908  21.677 0.0000000000
100122  -59.620  -4.966  20.482 0.0000000000
100123  -59.752  -4.436  20.873 0.0000000000
101324  -61.206  -3.993  20.391 0.0000000000
101323  -60.666  -3.826  20.001 0.0000000000
102559  -61.048  -3.750  19.592 0.0000000000
102561  -62.912  -3.092  19.247 0.0000000000
77424  -16.616  -25.189  59.608 0.0000000000
76267  -15.663  -25.593  59.243 0.0000000000
76250  -13.942  -24.592  59.898 0.0000000000
76265  -14.277  -24.899  59.302 0.0000000000
76264  -13.415  -24.709  59.456 0.0000000000
76275  -12.651  -24.810  58.767 0.0000000000
76263  -12.579  -24.807  59.680 0.0000000000
90375  -48.818  -12.051  32.899 0.0000000000
90377  -50.640  -12.167  32.539 0.0000000000
89163  -49.906  -12.487  32.127 0.0000000000
89164  -50.581  -12.629  32.053 0.0000000000
89173  -50.842  -12.978  31.683 0.0000000000
89174  -51.580  -13.165  31.766 0.0000000000
90389  -52.053  -13.001  32.307 0.0000000000
91557  -53.809  -11.799  33.602 0.0000000000
90380  -53.467  -12.508  32.734 0.0000000000
91564  -54.106  -12.590  33.104 0.0000000000
91565  -54.925  -12.314  33.016 0.0000000000
62647  -23.909  -35.883  59.492 0.0000000000
60493  -23.248  -36.499  57.927 0.0000000000
60486  -23.065  -36.512  58.495 0.0000000000
60498  -22.053  -36.662  57.283 0.0000000000
60497  -21.160  -36.404  57.232 0.0000000000
60507  -21.602  -36.411  56.401 0.0000000000
62799  -21.013  -33.794  49.257 0.0000000000
63861  -20.009  -33.297  49.493 0.0000000000
78717  -18.567  -22.882  50.079 0.0000000000
77529  -18.528  -23.808  50.220 0.0000000000
73879  -18.743  -25.945  49.309 0.0000000000
75207  -18.405  -25.127  49.320 0.0000000000
75206  -18.226  -25.927  48.595 0.0000000000
75217  -17.809  -25.385  47.850 0.0000000000
72576  -8.827  -29.385  45.034 0.0000000000
72577  -9.641  -28.606  45.071 0.0000000000
72586  -8.361  -29.591  43.866 0.0000000000
68740  -7.682  -31.435  42.421 0.0000000000
68727  -7.973  -29.651  42.900 0.0000000000
70017  -7.881  -29.789  42.267 0.0000000000
70018  -8.112  -29.531  41.903 0.0000000000
67479  -7.344  -31.370  40.761 0.0000000000
72419  -20.493  -27.081  63.574 0.0000000000
71072  -20.260  -28.190  64.542 0.0000000000
72414  -19.971  -27.296  64.799 0.0000000000
71071  -19.730  -28.204  65.047 0.0000000000
64909  -12.429  -33.026  64.404 0.0000000000
66155  -12.601  -32.168  64.737 0.0000000000
66154  -11.833  -32.007  64.469 0.0000000000
67295  -10.854  -30.771  62.791 0.0000000000
67296  -11.198  -30.869  63.186 0.0000000000
68524  -11.228  -30.366  62.677 0.0000000000
69816  -11.767  -29.932  62.664 0.0000000000
69815  -11.079  -30.058  62.338 0.0000000000
71079  -10.633  -29.705  61.751 0.0000000000
69820  -10.103  -29.795  62.190 0.0000000000
68532  -7.431  -30.484  61.613 0.0000000000
68537  -7.754  -29.629  61.505 0.0000000000
68540  -7.995  -31.010  60.278 0.0000000000
68547  -8.363  -30.784  59.702 0.0000000000
67311  -7.774  -31.746  59.794 0.0000000000
75262  -44.252  -26.384  43.628 0.0000000000
72570  -45.235  -26.954  46.078 0.0000000000
76411  -44.777  -25.136  46.818 0.0000000000
75240  -45.186  -25.284  45.763 0.0000000000
76410  -44.578  -24.881  46.003 0.0000000000
76421  -43.874  -25.256  45.142 0.0000000000
77583  -43.595  -24.544  46.516 0.0000000000
67429  -40.642  -28.708  45.149 0.0000000000
69887  -39.077  -28.566  54.068 0.0000000000
69901  -38.258  -28.753  53.262 0.0000000000
68600  -38.831  -29.155  52.648 0.0000000000
68614  -41.044  -30.055  52.091 0.0000000000
68613  -40.143  -29.867  52.023 0.0000000000
68623  -38.200  -29.936  50.917 0.0000000000
68636  -37.071  -29.733  49.640 0.0000000000
68635  -36.374  -29.271  49.324 0.0000000000
68663  -37.084  -28.200  47.616 0.0000000000
100111  -62.588  -5.146  23.488 0.0000000000
95154  -56.939  -8.021  24.020 0.0000000000
95167  -56.582  -8.155  23.443 0.0000000000
96337  -57.552  -7.380  24.092 0.0000000000
97575  -57.997  -6.497  23.137 0.0000000000
97585  -58.562  -6.052  22.424 0.0000000000
98894  -59.418  -5.672  21.929 0.0000000000
97586  -59.323  -5.703  22.759 0.0000000000
98886  -60.344  -4.653  24.303 0.0000000000
98891  -60.294  -4.535  23.635 0.0000000000
98892  -61.336  -4.054  23.790 0.0000000000
100110  -61.872  -5.145  23.365 0.0000000000
91492  -51.468  -9.869  36.714 0.0000000000
91493  -52.581  -9.943  36.781 0.0000000000
92610  -50.704  -11.115  41.175 0.0000000000
92611  -51.677  -11.069  41.347 0.0000000000
90331  -44.540  -12.313  37.024 0.0000000000
90332  -45.646  -12.641  36.484 0.0000000000
90334  -47.492  -12.612  35.604 0.0000000000
90349  -47.803  -12.221  34.923 0.0000000000
91533  -48.255  -12.022  34.971 0.0000000000
91491  -50.463  -10.454  36.871 0.0000000000
91516  -51.128  -10.278  35.671 0.0000000000
67375  -27.771  -30.214  49.405 0.0000000000
67384  -27.291  -30.488  48.360 0.0000000000
67397  -26.589  -31.361  46.962 0.0000000000
78822  -10.828  -22.532  44.253 0.0000000000
77595  -12.348  -22.599  43.708 0.0000000000
77594  -11.677  -22.810  43.816 0.0000000000
77611  -11.357  -23.420  43.454 0.0000000000
77630  -11.381  -23.840  42.825 0.0000000000
76428  -11.930  -23.918  42.954 0.0000000000
73856  -14.958  -26.960  51.215 0.0000000000
73843  -14.599  -27.061  51.860 0.0000000000
73863  -11.987  -27.183  50.465 0.0000000000
73864  -12.598  -27.287  50.437 0.0000000000
73873  -12.032  -26.899  49.702 0.0000000000
73886  -11.855  -26.910  48.665 0.0000000000
75213  -11.140  -27.123  48.630 0.0000000000
75187  -9.903  -27.398  50.451 0.0000000000
75198  -9.266  -28.312  49.847 0.0000000000
72552  -8.495  -29.086  47.943 0.0000000000
73884  -8.980  -27.959  48.569 0.0000000000
73893  -8.579  -28.104  47.997 0.0000000000
73895  -9.359  -26.925  47.578 0.0000000000
73904  -9.141  -28.078  47.198 0.0000000000
72565  -9.084  -28.547  46.186 0.0000000000
72564  -8.621  -29.230  46.395 0.0000000000
66253  -8.468  -32.406  45.222 0.0000000000
154695  -8.366  -31.065  45.571 0.0000000000
63904  -9.113  -34.660  47.701 0.0000000000
63903  -8.792  -34.935  47.160 0.0000000000
64917  -19.964  -32.767  64.089 0.0000000000
63697  -19.357  -33.648  63.749 0.0000000000
63695  -17.578  -33.790  63.984 0.0000000000
63694  -16.759  -33.882  64.085 0.0000000000
62615  -15.394  -35.243  62.173 0.0000000000
62598  -13.990  -35.215  63.212 0.0000000000
62599  -14.974  -35.129  63.151 0.0000000000
62591  -14.465  -34.772  63.781 0.0000000000
63692  -14.919  -34.182  64.237 0.0000000000
63691  -13.957  -34.214  64.207 0.0000000000
64910  -13.481  -33.383  64.434 0.0000000000
62595  -11.313  -34.687  63.058 0.0000000000
62594  -10.410  -34.392  63.001 0.0000000000
63701  -10.103  -33.642  63.271 0.0000000000
90259  -44.702  -13.726  41.753 0.0000000000
92591  -44.982  -11.684  42.996 0.0000000000
91423  -44.790  -12.274  43.023 0.0000000000
77618  -42.370  -23.481  44.456 0.0000000000
77617  -41.912  -23.458  44.192 0.0000000000
83832  -42.480  -16.471  42.153 0.0000000000
85080  -43.012  -15.940  41.955 0.0000000000
89073  -44.974  -14.736  43.007 0.0000000000
89085  -44.615  -14.433  42.358 0.0000000000
89072  -44.685  -14.298  42.042 0.0000000000
90258  -44.599  -13.483  41.304 0.0000000000
69884  -31.553  -27.218  54.696 0.0000000000
69883  -31.559  -28.453  54.594 0.0000000000
69896  -30.824  -28.545  54.196 0.0000000000
68599  -30.160  -28.662  53.817 0.0000000000
69908  -30.381  -27.987  53.380 0.0000000000
71182  -36.673  -27.284  53.549 0.0000000000
72515  -35.840  -27.062  54.724 0.0000000000
72514  -35.358  -26.944  54.967 0.0000000000
69910  -35.330  -27.683  51.370 0.0000000000
71180  -34.060  -27.026  53.441 0.0000000000
71208  -30.489  -28.094  50.022 0.0000000000
71201  -31.000  -27.564  51.469 0.0000000000
69940  -30.258  -28.144  50.686 0.0000000000
69929  -29.928  -28.459  51.124 0.0000000000
68648  -29.416  -29.147  50.503 0.0000000000
68647  -28.882  -28.944  50.064 0.0000000000
69938  -29.541  -28.630  49.640 0.0000000000
69958  -27.962  -27.873  47.459 0.0000000000
103818  -63.009  -2.388  18.519 0.0000000000
103819  -63.424  -1.508  18.456 0.0000000000
107707  -64.223  -0.183  17.111 0.0000000000
108864  -64.391  0.116  17.518 0.0000000000
76347  -18.791  -24.953  52.841 0.0000000000
76336  -18.905  -24.667  54.044 0.0000000000
77444  -18.929  -24.305  57.344 0.0000000000
76326  -17.220  -26.097  55.792 0.0000000000
75101  -17.648  -25.815  54.393 0.0000000000
75138  -16.517  -26.680  53.204 0.0000000000
75118  -16.371  -26.830  54.240 0.0000000000
75098  -14.839  -26.344  55.163 0.0000000000
75117  -15.229  -26.663  54.317 0.0000000000
75116  -14.069  -26.590  54.262 0.0000000000
75135  -13.292  -27.225  53.482 0.0000000000
75115  -13.064  -26.910  54.437 0.0000000000
75094  -10.957  -25.980  55.616 0.0000000000
75095  -11.969  -26.292  55.420 0.0000000000
75114  -12.118  -27.001  54.570 0.0000000000
75113  -11.235  -26.752  54.517 0.0000000000
75131  -10.193  -27.443  53.523 0.0000000000
75091  -9.124  -28.193  55.010 0.0000000000
75109  -9.129  -28.619  54.379 0.0000000000
75108  -8.881  -28.913  54.400 0.0000000000
71185  -8.770  -29.896  53.940 0.0000000000
71174  -8.394  -29.827  54.330 0.0000000000
92753  -58.018  -10.476  30.455 0.0000000000
93906  -58.968  -10.742  30.567 0.0000000000
92743  -58.552  -10.880  30.955 0.0000000000
92594  -47.546  -10.469  43.010 0.0000000000
89200  -51.881  -13.035  30.855 0.0000000000
89208  -51.437  -13.424  30.195 0.0000000000
89201  -52.524  -12.803  30.999 0.0000000000
90416  -53.157  -11.231  31.199 0.0000000000
90415  -52.523  -11.506  30.604 0.0000000000
91599  -52.683  -11.195  29.867 0.0000000000
91603  -52.640  -11.509  29.009 0.0000000000
91604  -53.011  -11.063  29.557 0.0000000000
92757  -53.417  -10.808  29.139 0.0000000000
92749  -54.146  -10.500  30.228 0.0000000000
92751  -56.128  -9.815  30.638 0.0000000000
92752  -57.219  -9.999  30.638 0.0000000000
63716  -21.177  -34.412  62.566 0.0000000000
62620  -20.404  -35.151  62.049 0.0000000000
61558  -20.091  -35.359  61.487 0.0000000000
61587  -22.006  -36.218  60.259 0.0000000000
61595  -19.652  -35.407  59.738 0.0000000000
61584  -19.391  -35.579  60.445 0.0000000000
61594  -18.808  -35.223  59.996 0.0000000000
61593  -18.305  -35.225  60.436 0.0000000000
62646  -18.594  -34.830  59.558 0.0000000000
62654  -17.344  -33.848  58.586 0.0000000000
63739  -16.703  -33.397  57.676 0.0000000000
63738  -15.922  -33.387  57.860 0.0000000000
63745  -16.156  -33.318  56.928 0.0000000000
67363  -26.938  -29.982  51.031 0.0000000000
66219  -26.228  -30.851  50.598 0.0000000000
65017  -25.861  -32.488  51.019 0.0000000000
65018  -25.939  -31.565  51.303 0.0000000000
65001  -26.221  -33.256  52.011 0.0000000000
62803  -23.097  -32.872  48.952 0.0000000000
62785  -23.118  -33.116  49.997 0.0000000000
61713  -23.922  -35.163  51.359 0.0000000000
62748  -24.196  -34.619  51.064 0.0000000000
62731  -24.781  -34.280  52.352 0.0000000000
63799  -25.805  -33.625  52.608 0.0000000000
63798  -25.277  -33.814  52.883 0.0000000000
62718  -25.307  -34.127  53.958 0.0000000000
62717  -24.933  -34.077  53.378 0.0000000000
61669  -23.770  -34.991  54.484 0.0000000000
61670  -24.547  -34.868  54.231 0.0000000000
61651  -23.869  -35.777  55.398 0.0000000000
61680  -20.841  -34.991  54.190 0.0000000000
61666  -21.493  -35.418  54.876 0.0000000000
61665  -20.831  -35.174  55.065 0.0000000000
61647  -20.660  -35.468  55.816 0.0000000000
62744  -19.251  -33.831  50.970 0.0000000000
62727  -19.074  -34.140  51.989 0.0000000000
63781  -18.510  -33.704  53.491 0.0000000000
63767  -18.449  -33.567  54.529 0.0000000000
62684  -18.109  -33.529  55.695 0.0000000000
63766  -17.736  -33.053  54.703 0.0000000000
78733  -15.714  -21.238  49.573 0.0000000000
78732  -14.664  -21.545  50.014 0.0000000000
78753  -14.884  -21.190  48.887 0.0000000000
78768  -15.670  -21.358  47.460 0.0000000000
78736  -18.457  -22.892  49.148 0.0000000000
79972  -17.763  -21.830  49.035 0.0000000000
78771  -18.117  -22.766  48.139 0.0000000000
77578  -17.132  -22.395  45.726 0.0000000000
77571  -17.261  -22.301  46.260 0.0000000000
78808  -16.281  -22.107  45.582 0.0000000000
78787  -15.678  -21.763  46.320 0.0000000000
78828  -15.970  -22.170  45.009 0.0000000000
78826  -14.371  -22.054  44.592 0.0000000000
77596  -15.853  -22.645  44.310 0.0000000000
76446  -14.815  -24.673  41.941 0.0000000000
77633  -14.331  -23.576  42.108 0.0000000000
76445  -13.729  -24.104  41.765 0.0000000000
76458  -12.314  -24.924  41.821 0.0000000000
76459  -13.307  -24.818  41.560 0.0000000000
73867  -15.299  -27.197  50.322 0.0000000000
75191  -16.296  -27.029  50.140 0.0000000000
73877  -15.569  -27.355  49.323 0.0000000000
73911  -14.484  -26.910  46.505 0.0000000000
73900  -15.120  -26.859  47.512 0.0000000000
73912  -15.352  -26.898  46.544 0.0000000000
73926  -14.985  -27.395  45.612 0.0000000000
71253  -10.966  -28.200  44.587 0.0000000000
72568  -11.235  -28.276  45.076 0.0000000000
72580  -11.270  -28.549  44.284 0.0000000000
72592  -13.305  -28.514  42.828 0.0000000000
73950  -12.995  -28.679  43.871 0.0000000000
73951  -14.323  -28.257  43.184 0.0000000000
73940  -14.846  -28.161  44.587 0.0000000000
73959  -14.824  -26.656  42.452 0.0000000000
73958  -14.054  -27.261  42.299 0.0000000000
72647  -11.892  -27.768  40.045 0.0000000000
73975  -13.221  -27.148  40.732 0.0000000000
73982  -11.459  -27.123  39.713 0.0000000000
73973  -11.845  -26.513  40.183 0.0000000000
73981  -10.618  -26.779  39.414 0.0000000000
73980  -9.754  -26.482  39.378 0.0000000000
72644  -9.803  -27.442  39.211 0.0000000000
76228  -16.449  -25.405  63.369 0.0000000000
67293  -20.158  -30.908  64.904 0.0000000000
68518  -17.032  -30.364  65.705 0.0000000000
68519  -17.942  -30.102  65.593 0.0000000000
68511  -17.316  -29.677  65.893 0.0000000000
69804  -17.919  -28.705  65.977 0.0000000000
67285  -12.998  -30.836  64.747 0.0000000000
68514  -13.465  -30.168  64.832 0.0000000000
71069  -13.760  -28.160  65.454 0.0000000000
71060  -14.430  -28.602  65.526 0.0000000000
71062  -15.979  -28.160  66.234 0.0000000000
72404  -15.424  -27.401  66.013 0.0000000000
73730  -15.976  -26.752  65.576 0.0000000000
73729  -15.002  -26.660  65.505 0.0000000000
76225  -14.183  -26.925  63.181 0.0000000000
76218  -14.794  -26.748  63.971 0.0000000000
76226  -14.617  -26.737  63.433 0.0000000000
76234  -15.718  -25.717  62.239 0.0000000000
76233  -14.792  -26.292  62.238 0.0000000000
76239  -14.293  -25.970  61.170 0.0000000000
76238  -13.527  -26.824  61.582 0.0000000000
75030  -11.070  -26.823  61.188 0.0000000000
76247  -11.642  -25.898  60.803 0.0000000000
76246  -10.863  -25.751  60.724 0.0000000000
76261  -10.566  -25.586  60.091 0.0000000000
75051  -10.207  -25.998  60.238 0.0000000000
72426  -9.929  -29.528  60.754 0.0000000000
73750  -10.415  -29.317  60.377 0.0000000000
72430  -9.903  -29.456  59.932 0.0000000000
72458  -8.932  -28.588  57.823 0.0000000000
73774  -9.353  -28.314  58.384 0.0000000000
73783  -9.453  -27.147  57.872 0.0000000000
73782  -9.136  -28.000  57.496 0.0000000000
73791  -8.797  -27.947  56.646 0.0000000000
73790  -8.451  -28.452  56.754 0.0000000000
69869  -6.636  -29.998  55.254 0.0000000000
71140  -7.763  -29.138  55.474 0.0000000000
69881  -7.518  -30.058  54.815 0.0000000000
69894  -8.178  -30.103  54.508 0.0000000000
68596  -8.113  -30.802  54.658 0.0000000000
62624  -5.964  -35.544  60.854 0.0000000000
63712  -6.949  -34.335  62.146 0.0000000000
63720  -6.372  -34.267  61.560 0.0000000000
64933  -6.545  -33.049  61.384 0.0000000000
64932  -5.846  -33.709  61.000 0.0000000000
63729  -5.977  -34.500  58.832 0.0000000000
64938  -6.217  -33.543  59.236 0.0000000000
64944  -6.584  -33.719  58.403 0.0000000000
66174  -6.838  -32.752  58.776 0.0000000000
64949  -6.771  -33.748  57.508 0.0000000000
66192  -7.241  -33.287  55.740 0.0000000000
64969  -7.270  -33.929  54.199 0.0000000000
64981  -7.294  -33.629  53.379 0.0000000000
66207  -8.006  -33.166  53.450 0.0000000000
71214  -44.988  -27.112  49.416 0.0000000000
72542  -44.764  -26.010  50.723 0.0000000000
71206  -44.601  -26.733  50.303 0.0000000000
71192  -45.220  -26.910  51.638 0.0000000000
69965  -43.818  -28.710  47.708 0.0000000000
71233  -44.571  -28.242  47.913 0.0000000000
71222  -44.532  -28.154  48.507 0.0000000000
68669  -42.517  -29.487  48.471 0.0000000000
69953  -43.273  -29.035  48.571 0.0000000000
68616  -42.640  -29.092  52.088 0.0000000000
68629  -43.129  -29.075  51.250 0.0000000000
69914  -44.126  -28.842  52.108 0.0000000000
95117  -59.353  -8.062  27.766 0.0000000000
95118  -60.048  -8.021  28.017 0.0000000000
93933  -59.753  -8.302  28.388 0.0000000000
93918  -55.526  -9.413  29.208 0.0000000000
95115  -57.813  -8.220  27.216 0.0000000000
95116  -58.674  -8.198  27.546 0.0000000000
92622  -47.116  -11.156  39.829 0.0000000000
92607  -47.493  -10.799  40.500 0.0000000000
93794  -47.779  -10.608  41.218 0.0000000000
93767  -48.148  -10.072  42.860 0.0000000000
89108  -43.875  -14.345  40.227 0.0000000000
90295  -44.153  -13.369  39.823 0.0000000000
91470  -44.524  -12.592  39.457 0.0000000000
91485  -44.694  -12.471  38.701 0.0000000000
92638  -46.524  -11.545  39.593 0.0000000000
72534  -9.226  -29.522  52.690 0.0000000000
71200  -9.335  -29.872  52.119 0.0000000000
67362  -9.645  -31.911  51.106 0.0000000000
66217  -9.454  -32.517  50.401 0.0000000000
66212  -9.467  -32.422  51.445 0.0000000000
64995  -9.245  -33.351  51.770 0.0000000000
65010  -8.790  -34.101  51.465 0.0000000000
62653  -16.255  -33.812  58.435 0.0000000000
62643  -15.999  -34.844  58.948 0.0000000000
61603  -15.330  -35.384  58.475 0.0000000000
79994  -43.032  -21.143  47.905 0.0000000000
80015  -42.768  -21.468  47.627 0.0000000000
81259  -43.311  -20.467  47.851 0.0000000000
81275  -42.961  -20.230  47.346 0.0000000000
82561  -43.087  -19.150  46.774 0.0000000000
83761  -44.144  -17.795  47.008 0.0000000000
73798  -37.185  -26.043  56.418 0.0000000000
69961  -35.308  -26.725  46.971 0.0000000000
100118  -60.701  -4.172  21.946 0.0000000000
101311  -61.598  -4.452  21.569 0.0000000000
101317  -62.196  -4.389  21.148 0.0000000000
102551  -63.367  -3.728  21.546 0.0000000000
77410  -15.654  -24.377  60.304 0.0000000000
77401  -14.168  -24.600  60.685 0.0000000000
91520  -55.478  -10.408  35.935 0.0000000000
91554  -50.413  -10.942  33.677 0.0000000000
90365  -51.092  -11.567  33.036 0.0000000000
90366  -52.067  -11.618  32.971 0.0000000000
90379  -52.536  -12.330  32.529 0.0000000000
61600  -24.103  -36.246  59.085 0.0000000000
61609  -24.329  -36.158  58.367 0.0000000000
61617  -23.822  -36.450  57.933 0.0000000000
60500  -23.517  -36.433  57.298 0.0000000000
68589  -29.922  -29.138  54.574 0.0000000000
76441  -9.729  -24.002  42.671 0.0000000000
76440  -8.392  -24.008  42.381 0.0000000000
76358  -18.899  -24.634  51.560 0.0000000000
76369  -18.706  -24.501  50.580 0.0000000000
75179  -18.780  -25.531  50.854 0.0000000000
73869  -18.625  -26.583  49.824 0.0000000000
75205  -17.491  -26.787  48.931 0.0000000000
154694  -7.954  -30.765  44.399 0.0000000000
67465  -7.727  -32.419  41.064 0.0000000000
69817  -20.814  -29.016  64.516 0.0000000000
64907  -10.815  -32.368  63.671 0.0000000000
66153  -11.060  -31.664  63.927 0.0000000000
64906  -10.336  -32.222  63.563 0.0000000000
67302  -10.220  -30.936  62.913 0.0000000000
67301  -9.367  -30.868  62.845 0.0000000000
68529  -9.231  -30.181  62.378 0.0000000000
67300  -8.748  -30.829  62.716 0.0000000000
67305  -7.940  -31.070  62.561 0.0000000000
67308  -6.958  -30.988  61.184 0.0000000000
73914  -45.570  -26.037  47.163 0.0000000000
73930  -45.385  -26.265  46.446 0.0000000000
75234  -45.969  -25.256  47.281 0.0000000000
76402  -45.213  -24.840  47.313 0.0000000000
77577  -44.929  -23.996  48.091 0.0000000000
77569  -45.826  -23.358  47.894 0.0000000000
68709  -41.758  -29.072  45.117 0.0000000000
68639  -39.544  -30.180  50.205 0.0000000000
68652  -38.402  -30.301  49.159 0.0000000000
68651  -37.630  -30.161  48.890 0.0000000000
68650  -37.010  -29.610  48.589 0.0000000000
68665  -37.735  -29.923  47.723 0.0000000000
98880  -61.376  -4.614  25.125 0.0000000000
96332  -58.170  -6.837  25.334 0.0000000000
96338  -57.966  -6.712  24.602 0.0000000000
96349  -58.404  -6.457  24.296 0.0000000000
97572  -60.464  -4.769  24.851 0.0000000000
91477  -50.899  -10.094  37.580 0.0000000000
92657  -51.214  -10.423  38.302 0.0000000000
92627  -52.574  -10.991  40.376 0.0000000000
91488  -47.373  -12.238  36.951 0.0000000000
91512  -47.500  -12.573  36.128 0.0000000000
91490  -49.428  -10.759  36.846 0.0000000000
92669  -49.975  -10.679  37.237 0.0000000000
68676  -27.099  -29.712  47.071 0.0000000000
78803  -12.020  -21.937  45.087 0.0000000000
78824  -12.189  -22.210  44.376 0.0000000000
78825  -13.244  -22.148  44.179 0.0000000000
75155  -13.552  -27.292  52.631 0.0000000000
73842  -13.824  -27.275  51.893 0.0000000000
73840  -12.623  -27.869  51.913 0.0000000000
75190  -11.545  -27.288  50.440 0.0000000000
71216  -8.630  -29.570  49.251 0.0000000000
72549  -8.546  -28.950  49.283 0.0000000000
69946  -8.525  -29.781  48.380 0.0000000000
69957  -8.575  -30.242  47.944 0.0000000000
68674  -8.508  -30.352  47.158 0.0000000000
69971  -8.486  -30.106  46.735 0.0000000000
154686  -8.599  -31.048  46.510 0.0000000000
66254  -8.634  -33.046  45.192 0.0000000000
65111  -8.518  -33.568  45.303 0.0000000000
63958  -8.378  -34.239  45.335 0.0000000000
63709  -19.742  -34.329  63.312 0.0000000000
63708  -18.818  -34.342  63.359 0.0000000000
63707  -17.901  -34.197  63.355 0.0000000000
63706  -17.003  -34.129  63.479 0.0000000000
61554  -14.619  -35.684  61.692 0.0000000000
62597  -13.039  -34.994  63.294 0.0000000000
62612  -12.519  -35.527  62.597 0.0000000000
62611  -11.601  -35.398  62.548 0.0000000000
89058  -44.855  -14.497  42.794 0.0000000000
90235  -45.698  -14.067  43.760 0.0000000000
78830  -41.428  -22.782  45.456 0.0000000000
83798  -44.239  -17.043  44.238 0.0000000000
83815  -43.923  -16.817  43.769 0.0000000000
85064  -44.423  -16.749  43.309 0.0000000000
86396  -44.055  -15.735  42.807 0.0000000000
86397  -44.719  -15.756  43.173 0.0000000000
71147  -32.668  -27.041  55.792 0.0000000000
69898  -31.433  -26.945  54.105 0.0000000000
69886  -37.941  -28.227  54.389 0.0000000000
71169  -37.336  -27.911  54.623 0.0000000000
69885  -37.280  -27.898  54.279 0.0000000000
71211  -33.703  -27.519  49.403 0.0000000000
71202  -32.045  -27.230  50.941 0.0000000000
69949  -29.862  -28.140  49.340 0.0000000000
69960  -29.552  -27.941  48.840 0.0000000000
71227  -29.508  -27.060  48.251 0.0000000000
102576  -59.898  -4.159  17.975 0.0000000000
76314  -18.857  -24.656  56.091 0.0000000000
75080  -14.387  -26.046  55.915 0.0000000000
76290  -12.752  -25.059  57.837 0.0000000000
76308  -12.840  -25.346  56.884 0.0000000000
75093  -9.983  -26.566  55.293 0.0000000000
75076  -9.129  -27.761  55.685 0.0000000000
92729  -57.223  -10.496  31.624 0.0000000000
92730  -57.769  -10.702  31.756 0.0000000000
91584  -57.934  -10.830  32.674 0.0000000000
90399  -53.814  -12.221  31.857 0.0000000000
90408  -52.816  -11.978  31.507 0.0000000000
91579  -54.368  -11.692  31.559 0.0000000000
91593  -54.598  -10.763  31.303 0.0000000000
92739  -54.785  -10.287  30.728 0.0000000000
92741  -56.495  -10.338  31.371 0.0000000000
61607  -21.119  -36.413  58.498 0.0000000000
61606  -20.529  -36.033  58.512 0.0000000000
61605  -19.932  -35.250  58.907 0.0000000000
61614  -19.197  -34.904  58.434 0.0000000000
62655  -18.521  -34.463  59.022 0.0000000000
66221  -26.245  -31.547  49.868 0.0000000000
65038  -25.291  -32.973  50.213 0.0000000000
62783  -21.678  -33.688  49.878 0.0000000000
62784  -22.363  -33.514  50.210 0.0000000000
61739  -22.478  -33.788  50.905 0.0000000000
61712  -23.210  -34.951  51.546 0.0000000000
61697  -23.872  -35.240  52.189 0.0000000000
61696  -23.133  -35.302  52.554 0.0000000000
61683  -22.920  -34.795  53.623 0.0000000000
61682  -22.271  -35.295  53.819 0.0000000000
61693  -21.074  -34.801  53.434 0.0000000000
62715  -20.645  -34.563  53.697 0.0000000000
63797  -18.382  -33.741  52.375 0.0000000000
64972  -17.086  -32.500  53.280 0.0000000000
64964  -17.117  -32.637  54.180 0.0000000000
76393  -17.708  -23.881  47.183 0.0000000000
77564  -17.782  -23.137  47.337 0.0000000000
76398  -17.787  -23.868  46.143 0.0000000000
77579  -17.605  -23.270  45.412 0.0000000000
77598  -17.392  -23.704  44.853 0.0000000000
77616  -16.298  -23.652  44.005 0.0000000000
76432  -16.448  -24.157  43.956 0.0000000000
76447  -15.547  -24.560  42.527 0.0000000000
75259  -14.873  -25.642  42.172 0.0000000000
73888  -13.876  -27.236  48.581 0.0000000000
73889  -14.865  -27.395  48.444 0.0000000000
73910  -13.431  -27.121  46.604 0.0000000000
72603  -9.659  -27.878  43.006 0.0000000000
72590  -10.905  -28.513  43.729 0.0000000000
72604  -10.514  -28.386  43.025 0.0000000000
72605  -11.479  -28.834  42.838 0.0000000000
71300  -11.979  -28.886  41.930 0.0000000000
72619  -12.836  -28.216  41.245 0.0000000000
71316  -11.506  -28.843  41.320 0.0000000000
71331  -11.119  -28.647  40.617 0.0000000000
71350  -10.068  -28.259  39.804 0.0000000000
71349  -9.082  -28.412  39.344 0.0000000000
66146  -17.166  -31.917  65.196 0.0000000000
67289  -16.664  -31.132  65.339 0.0000000000
68517  -16.151  -30.346  65.494 0.0000000000
69806  -12.537  -29.746  63.781 0.0000000000
69807  -13.016  -29.484  64.531 0.0000000000
71067  -12.711  -29.061  63.948 0.0000000000
72411  -13.411  -27.417  65.211 0.0000000000
73736  -13.638  -26.442  64.792 0.0000000000
73735  -13.456  -27.278  64.078 0.0000000000
73743  -13.526  -27.638  63.304 0.0000000000
75021  -13.589  -27.274  62.401 0.0000000000
76237  -13.062  -27.130  61.111 0.0000000000
75025  -12.712  -27.353  61.344 0.0000000000
75024  -11.684  -27.572  61.223 0.0000000000
73757  -10.954  -27.470  61.030 0.0000000000
71089  -8.808  -29.643  59.798 0.0000000000
72438  -9.236  -29.378  59.278 0.0000000000
72449  -8.658  -29.396  58.586 0.0000000000
72467  -7.882  -28.702  56.965 0.0000000000
69861  -6.495  -29.808  56.246 0.0000000000
62634  -5.489  -35.467  59.972 0.0000000000
62642  -5.455  -35.314  59.208 0.0000000000
62651  -5.708  -35.355  58.458 0.0000000000
64961  -7.021  -34.099  55.139 0.0000000000
69998  -43.619  -29.048  44.604 0.0000000000
69999  -44.047  -28.746  44.828 0.0000000000
69989  -44.139  -28.495  45.179 0.0000000000
72558  -45.316  -27.276  47.229 0.0000000000
71234  -45.157  -27.869  47.807 0.0000000000
73902  -46.112  -25.896  48.084 0.0000000000
73903  -46.362  -25.285  48.307 0.0000000000
67388  -39.527  -30.207  47.490 0.0000000000
67402  -40.045  -29.765  46.807 0.0000000000
67403  -40.551  -30.126  47.141 0.0000000000
68682  -41.180  -29.995  46.702 0.0000000000
68698  -41.849  -30.039  46.126 0.0000000000
68711  -43.243  -29.470  45.506 0.0000000000
68627  -41.365  -29.160  51.290 0.0000000000
68626  -40.596  -29.559  51.178 0.0000000000
68640  -40.325  -29.772  50.173 0.0000000000
67377  -39.710  -30.226  48.455 0.0000000000
96325  -59.636  -6.968  26.304 0.0000000000
97565  -60.240  -6.399  26.435 0.0000000000
96326  -60.075  -7.140  26.734 0.0000000000
93938  -55.052  -9.551  26.827 0.0000000000
93946  -54.218  -9.876  25.846 0.0000000000
93962  -54.466  -9.601  24.692 0.0000000000
95142  -56.183  -8.712  23.914 0.0000000000
95143  -56.656  -8.364  24.223 0.0000000000
95144  -56.998  -7.850  24.674 0.0000000000
95122  -57.454  -7.912  26.272 0.0000000000
95134  -57.776  -7.513  26.118 0.0000000000
95145  -57.523  -7.334  25.278 0.0000000000
96323  -58.639  -7.138  25.830 0.0000000000
96324  -59.100  -7.286  26.060 0.0000000000
91459  -48.625  -11.390  38.697 0.0000000000
87846  -43.494  -14.873  39.576 0.0000000000
86490  -42.579  -15.462  38.413 0.0000000000
87885  -41.962  -14.580  37.269 0.0000000000
87895  -42.169  -13.508  37.062 0.0000000000
89154  -42.377  -12.793  36.870 0.0000000000
91486  -45.431  -12.332  38.238 0.0000000000
91487  -46.358  -12.320  37.724 0.0000000000
79987  -14.344  -21.163  47.897 0.0000000000
75151  -10.202  -27.227  52.537 0.0000000000
75172  -10.384  -27.114  51.474 0.0000000000
75171  -9.599  -27.182  51.532 0.0000000000
75185  -8.946  -28.262  50.830 0.0000000000
72544  -8.974  -29.228  50.332 0.0000000000
72539  -9.272  -29.406  51.573 0.0000000000
71207  -9.246  -29.741  50.798 0.0000000000
68644  -9.287  -30.527  49.409 0.0000000000
68659  -9.353  -31.037  48.765 0.0000000000
65095  -9.238  -33.425  47.753 0.0000000000
66238  -9.248  -32.826  48.384 0.0000000000
63905  -9.454  -34.241  48.205 0.0000000000
63878  -9.023  -34.969  48.569 0.0000000000
62794  -8.611  -35.650  48.726 0.0000000000
62793  -8.081  -36.343  49.023 0.0000000000
62629  -18.118  -35.376  61.420 0.0000000000
62628  -17.161  -35.139  61.329 0.0000000000
61581  -15.122  -35.701  60.222 0.0000000000
61570  -14.917  -35.898  61.034 0.0000000000
61569  -14.081  -36.133  61.144 0.0000000000
85052  -46.618  -16.533  44.033 0.0000000000
87786  -47.172  -15.382  43.866 0.0000000000
86363  -46.806  -16.161  45.164 0.0000000000
76420  -43.110  -24.936  44.993 0.0000000000
77619  -43.072  -24.284  44.161 0.0000000000
78831  -42.169  -23.261  45.499 0.0000000000
78811  -41.674  -22.304  46.216 0.0000000000
80040  -41.162  -21.475  45.809 0.0000000000
80039  -40.581  -21.421  45.308 0.0000000000
81302  -40.756  -20.424  45.273 0.0000000000
82572  -41.467  -19.552  45.564 0.0000000000
82573  -42.202  -18.457  45.540 0.0000000000
83779  -42.752  -17.531  45.183 0.0000000000
83780  -43.553  -17.248  45.217 0.0000000000
72488  -35.341  -26.664  56.540 0.0000000000
69922  -36.140  -28.239  50.772 0.0000000000
69950  -35.294  -26.871  47.598 0.0000000000
71220  -34.385  -27.268  48.246 0.0000000000
101321  -59.450  -4.471  19.531 0.0000000000
101314  -60.085  -3.814  20.560 0.0000000000
101334  -60.252  -4.063  19.517 0.0000000000
101333  -59.840  -4.286  19.044 0.0000000000
102566  -60.168  -4.122  18.640 0.0000000000
102577  -60.785  -2.976  18.115 0.0000000000
102578  -61.491  -2.632  18.083 0.0000000000
102569  -62.566  -2.722  18.735 0.0000000000
102557  -63.843  -3.067  19.693 0.0000000000
77433  -17.074  -25.555  58.791 0.0000000000
76293  -15.617  -26.262  57.753 0.0000000000
76278  -15.203  -26.035  58.643 0.0000000000
76277  -14.298  -25.710  58.661 0.0000000000
77422  -14.775  -24.902  59.486 0.0000000000
76289  -11.832  -24.958  57.982 0.0000000000
76288  -10.962  -25.036  58.195 0.0000000000
91541  -56.378  -11.018  35.188 0.0000000000
90376  -49.627  -11.951  32.601 0.0000000000
89162  -49.073  -12.490  32.206 0.0000000000
87933  -50.964  -13.360  30.674 0.0000000000
89188  -51.813  -13.209  31.292 0.0000000000
89189  -52.496  -13.184  31.405 0.0000000000
90390  -52.897  -13.085  32.113 0.0000000000
90391  -53.678  -12.687  32.193 0.0000000000
90392  -54.461  -12.632  32.191 0.0000000000
63723  -23.347  -34.287  60.496 0.0000000000
62638  -22.736  -35.877  60.505 0.0000000000
61598  -22.342  -36.463  59.418 0.0000000000
60485  -22.508  -36.626  58.732 0.0000000000
60484  -21.974  -36.676  58.928 0.0000000000
61627  -20.527  -35.908  56.611 0.0000000000
63912  -23.174  -32.894  47.357 0.0000000000
62820  -22.584  -33.237  48.008 0.0000000000
62819  -21.867  -34.039  48.181 0.0000000000
62801  -21.603  -33.765  48.892 0.0000000000
62782  -21.285  -33.713  50.300 0.0000000000
62763  -20.783  -33.641  51.403 0.0000000000
62762  -20.001  -33.343  50.803 0.0000000000
78696  -17.443  -21.566  51.540 0.0000000000
78716  -17.941  -21.769  50.232 0.0000000000
77559  -18.395  -23.563  48.735 0.0000000000
76379  -18.374  -24.405  49.839 0.0000000000
76388  -18.360  -24.301  49.051 0.0000000000
76391  -18.257  -24.136  48.280 0.0000000000
75225  -17.581  -24.867  47.140 0.0000000000
75232  -16.995  -25.102  46.417 0.0000000000
75238  -16.545  -25.528  45.897 0.0000000000
73921  -10.328  -27.618  46.140 0.0000000000
73922  -10.799  -27.860  46.042 0.0000000000
73936  -10.196  -28.236  45.299 0.0000000000
73947  -9.957  -28.179  44.662 0.0000000000
72588  -9.452  -27.855  44.163 0.0000000000
72602  -8.697  -28.085  42.832 0.0000000000
71297  -8.811  -29.005  42.169 0.0000000000
70032  -7.324  -29.562  40.924 0.0000000000
73744  -20.353  -26.034  63.261 0.0000000000
73740  -20.429  -26.208  64.051 0.0000000000
73739  -20.112  -26.397  64.630 0.0000000000
72413  -19.356  -27.298  65.106 0.0000000000
72408  -18.679  -27.269  65.489 0.0000000000
64898  -13.937  -32.677  64.870 0.0000000000
66143  -14.353  -31.878  65.132 0.0000000000
66142  -13.296  -31.795  65.030 0.0000000000
67284  -12.385  -30.679  64.317 0.0000000000
67297  -11.627  -30.863  64.063 0.0000000000
68512  -12.184  -30.270  63.768 0.0000000000
69805  -12.148  -29.962  63.211 0.0000000000
72423  -11.678  -29.179  61.561 0.0000000000
71080  -11.347  -29.593  61.710 0.0000000000
72421  -10.115  -29.568  61.357 0.0000000000
72425  -9.073  -29.540  60.753 0.0000000000
68534  -8.964  -29.743  62.113 0.0000000000
71082  -8.621  -29.369  61.096 0.0000000000
71086  -8.490  -29.517  60.416 0.0000000000
69828  -8.231  -30.264  59.980 0.0000000000
69835  -8.251  -31.020  58.846 0.0000000000
68558  -7.944  -31.443  58.587 0.0000000000
75261  -43.515  -25.980  43.560 0.0000000000
75254  -43.180  -26.031  44.167 0.0000000000
71276  -44.452  -28.210  44.577 0.0000000000
73954  -44.893  -26.675  44.045 0.0000000000
73929  -45.288  -25.921  45.743 0.0000000000
73943  -45.231  -26.289  44.831 0.0000000000
77582  -43.179  -23.778  46.836 0.0000000000
78797  -44.710  -23.215  48.440 0.0000000000
78796  -44.016  -23.301  48.213 0.0000000000
80016  -43.451  -22.452  48.246 0.0000000000
81249  -43.501  -21.081  48.334 0.0000000000
68612  -39.435  -29.838  51.749 0.0000000000
69924  -37.790  -29.332  51.615 0.0000000000
69933  -36.563  -29.161  50.308 0.0000000000
69952  -36.528  -27.748  48.371 0.0000000000
96347  -57.462  -7.129  23.232 0.0000000000
96359  -57.065  -7.251  22.711 0.0000000000
97583  -57.032  -7.068  21.945 0.0000000000
98890  -59.733  -5.243  23.254 0.0000000000
98896  -60.296  -4.446  22.831 0.0000000000
100115  -61.710  -4.750  22.974 0.0000000000
100116  -62.311  -5.132  22.674 0.0000000000
91494  -53.566  -10.205  36.521 0.0000000000
92671  -53.036  -10.057  37.200 0.0000000000
92626  -51.595  -11.084  40.233 0.0000000000
91552  -48.966  -11.531  33.890 0.0000000000
91535  -49.677  -10.938  34.687 0.0000000000
68633  -29.163  -29.874  50.746 0.0000000000
67371  -28.523  -30.124  51.040 0.0000000000
67370  -28.175  -30.234  50.386 0.0000000000
66230  -26.972  -31.098  48.804 0.0000000000
67398  -27.268  -30.676  47.345 0.0000000000
67383  -26.817  -31.264  48.002 0.0000000000
66229  -26.425  -31.738  48.876 0.0000000000
65081  -25.473  -32.159  47.588 0.0000000000
65098  -25.120  -31.978  47.305 0.0000000000
65079  -24.220  -31.660  47.365 0.0000000000
63942  -23.472  -32.553  46.739 0.0000000000
77592  -10.844  -22.865  44.031 0.0000000000
76442  -10.871  -24.179  42.322 0.0000000000
76457  -11.338  -24.866  41.816 0.0000000000
75158  -16.777  -26.568  52.137 0.0000000000
72546  -14.295  -27.664  50.135 0.0000000000
73854  -13.314  -27.580  51.081 0.0000000000
72540  -13.704  -27.654  50.300 0.0000000000
73875  -13.546  -27.509  49.560 0.0000000000
73887  -12.892  -26.918  48.646 0.0000000000
75230  -10.910  -26.952  47.395 0.0000000000
75188  -10.558  -27.334  50.451 0.0000000000
75201  -10.595  -27.434  49.538 0.0000000000
73883  -8.840  -28.449  48.996 0.0000000000
75210  -9.558  -27.750  48.792 0.0000000000
75212  -10.514  -27.151  48.612 0.0000000000
75220  -9.825  -26.591  47.939 0.0000000000
75228  -10.146  -26.514  47.325 0.0000000000
73907  -10.432  -26.997  46.809 0.0000000000
73920  -9.926  -27.824  46.267 0.0000000000
71267  -8.433  -30.385  45.009 0.0000000000
154693  -8.542  -30.408  45.983 0.0000000000
67436  -7.830  -31.394  44.443 0.0000000000
63932  -9.347  -34.130  47.017 0.0000000000
64905  -19.877  -32.176  64.515 0.0000000000
64903  -18.525  -32.509  64.781 0.0000000000
64915  -18.063  -33.159  64.349 0.0000000000
64902  -17.639  -32.604  64.864 0.0000000000
63693  -15.917  -34.155  64.102 0.0000000000
64912  -15.394  -33.478  64.604 0.0000000000
63689  -11.856  -33.596  63.880 0.0000000000
63703  -12.007  -34.246  63.389 0.0000000000
63688  -11.453  -33.372  63.781 0.0000000000
64923  -10.477  -32.958  63.602 0.0000000000
63699  -8.729  -33.532  62.926 0.0000000000
92605  -45.353  -11.631  41.519 0.0000000000
92592  -45.371  -11.423  42.436 0.0000000000
91411  -45.132  -11.991  43.832 0.0000000000
77636  -42.759  -24.833  43.434 0.0000000000
77634  -41.706  -23.540  43.691 0.0000000000
85124  -43.126  -15.607  40.740 0.0000000000
86437  -43.383  -15.300  40.575 0.0000000000
86413  -43.818  -15.362  42.115 0.0000000000
87830  -43.727  -14.591  41.212 0.0000000000
89094  -44.060  -14.365  40.697 0.0000000000
90284  -44.298  -14.161  40.879 0.0000000000
91440  -44.503  -13.077  41.071 0.0000000000
68587  -32.341  -28.706  55.112 0.0000000000
68586  -31.904  -29.223  55.015 0.0000000000
68591  -31.344  -29.072  54.655 0.0000000000
68609  -29.514  -28.941  53.097 0.0000000000
71150  -36.853  -27.495  55.125 0.0000000000
72505  -36.974  -27.397  55.402 0.0000000000
71149  -34.561  -26.825  54.957 0.0000000000
71189  -35.619  -27.046  52.016 0.0000000000
71166  -33.700  -26.913  54.497 0.0000000000
71179  -32.381  -26.959  53.903 0.0000000000
71186  -31.646  -27.140  53.237 0.0000000000
69909  -30.811  -27.271  53.136 0.0000000000
71194  -30.872  -27.427  51.997 0.0000000000
69920  -30.528  -27.453  52.734 0.0000000000
69919  -30.176  -27.782  52.252 0.0000000000
68620  -29.719  -28.773  51.979 0.0000000000
68632  -28.830  -29.883  50.080 0.0000000000
68661  -27.973  -29.723  48.571 0.0000000000
69948  -29.131  -28.301  49.275 0.0000000000
68678  -28.228  -28.822  48.391 0.0000000000
103833  -62.004  -1.307  17.102 0.0000000000
103824  -63.205  -0.845  18.149 0.0000000000
105185  -62.781  -0.083  17.103 0.0000000000
108865  -64.293  1.042  17.187 0.0000000000
77498  -19.245  -23.339  52.648 0.0000000000
77497  -19.072  -23.442  52.157 0.0000000000
75140  -18.405  -25.966  52.655 0.0000000000
76328  -19.122  -24.452  55.021 0.0000000000
76335  -18.130  -25.614  53.812 0.0000000000
75139  -17.665  -26.297  53.045 0.0000000000
76310  -14.928  -26.247  56.861 0.0000000000
76324  -13.518  -25.868  55.707 0.0000000000
76323  -12.818  -25.727  55.953 0.0000000000
75133  -11.421  -27.468  53.617 0.0000000000
75148  -9.164  -28.687  52.924 0.0000000000
75111  -9.928  -27.344  54.403 0.0000000000
75129  -9.399  -28.449  53.636 0.0000000000
73839  -9.162  -29.144  53.222 0.0000000000
72528  -9.064  -29.536  53.569 0.0000000000
93914  -59.532  -9.794  29.788 0.0000000000
93913  -58.699  -10.196  30.107 0.0000000000
91495  -54.397  -10.189  36.551 0.0000000000
89221  -51.674  -13.696  29.297 0.0000000000
89222  -51.781  -12.758  29.519 0.0000000000
89210  -52.252  -12.254  30.783 0.0000000000
90414  -51.934  -12.103  30.089 0.0000000000
90420  -51.751  -13.071  28.628 0.0000000000
90421  -52.055  -12.235  29.146 0.0000000000
91602  -52.162  -12.004  28.547 0.0000000000
92764  -52.647  -11.231  28.003 0.0000000000
92765  -53.233  -10.747  28.335 0.0000000000
93916  -53.860  -10.165  28.952 0.0000000000
92750  -55.092  -9.897  30.167 0.0000000000
63710  -20.773  -34.216  63.238 0.0000000000
62604  -20.097  -34.895  62.749 0.0000000000
61556  -19.125  -35.540  61.597 0.0000000000
62623  -22.421  -34.459  61.008 0.0000000000
62631  -21.375  -35.001  60.948 0.0000000000
61586  -20.937  -36.121  60.249 0.0000000000
61575  -20.655  -35.369  60.953 0.0000000000
61574  -19.841  -35.600  60.947 0.0000000000
61573  -19.210  -35.655  61.081 0.0000000000
61572  -18.624  -35.491  61.332 0.0000000000
62645  -17.920  -34.591  59.873 0.0000000000
63737  -15.828  -33.667  57.510 0.0000000000
67364  -27.875  -29.940  51.384 0.0000000000
66215  -27.081  -29.955  51.983 0.0000000000
66210  -27.242  -30.544  52.754 0.0000000000
66218  -26.003  -31.740  50.515 0.0000000000
66209  -26.905  -31.621  52.876 0.0000000000
64974  -26.573  -32.949  53.908 0.0000000000
63885  -23.763  -32.553  48.638 0.0000000000
63862  -23.997  -33.253  49.671 0.0000000000
63839  -24.717  -33.776  50.553 0.0000000000
62766  -23.930  -33.764  50.622 0.0000000000
63816  -25.795  -33.619  52.063 0.0000000000
64986  -26.282  -33.312  53.133 0.0000000000
64973  -26.261  -33.362  53.676 0.0000000000
63769  -26.397  -33.461  54.660 0.0000000000
63768  -26.099  -34.046  54.903 0.0000000000
61685  -24.521  -34.582  53.560 0.0000000000
62686  -25.276  -34.836  54.769 0.0000000000
61632  -25.425  -35.364  56.074 0.0000000000
61630  -23.873  -36.283  56.475 0.0000000000
60524  -22.694  -36.370  56.242 0.0000000000
61667  -22.183  -35.570  54.761 0.0000000000
61649  -21.972  -36.069  55.390 0.0000000000
60522  -21.761  -36.278  55.822 0.0000000000
61628  -20.963  -36.115  56.150 0.0000000000
61646  -20.266  -34.884  56.200 0.0000000000
62746  -20.449  -33.604  52.452 0.0000000000
62728  -19.733  -33.562  52.915 0.0000000000
62714  -20.066  -34.215  53.928 0.0000000000
62701  -19.960  -34.406  54.590 0.0000000000
61663  -19.653  -34.369  55.611 0.0000000000
62671  -17.956  -33.673  56.310 0.0000000000
64957  -17.058  -32.906  54.842 0.0000000000
63746  -17.032  -33.367  56.642 0.0000000000
80005  -14.544  -21.356  46.832 0.0000000000
79939  -17.358  -21.588  49.727 0.0000000000
78734  -16.872  -21.326  49.332 0.0000000000
78789  -17.259  -22.198  47.093 0.0000000000
78769  -16.904  -21.634  47.590 0.0000000000
80006  -15.128  -21.494  46.806 0.0000000000
78785  -14.138  -21.630  46.102 0.0000000000
78806  -14.663  -21.925  45.407 0.0000000000
78843  -13.655  -22.568  43.517 0.0000000000
77615  -15.516  -22.934  43.731 0.0000000000
77614  -14.208  -23.045  43.061 0.0000000000
77631  -12.635  -23.581  42.868 0.0000000000
76444  -12.608  -24.119  42.337 0.0000000000
75271  -10.883  -25.154  41.176 0.0000000000
75192  -17.193  -27.018  49.890 0.0000000000
75215  -16.589  -26.769  48.232 0.0000000000
73890  -15.789  -27.181  48.338 0.0000000000
75223  -16.623  -26.375  47.335 0.0000000000
73913  -16.087  -26.597  46.543 0.0000000000
73942  -15.980  -26.300  44.858 0.0000000000
73923  -11.616  -28.023  46.152 0.0000000000
73924  -12.745  -28.162  45.828 0.0000000000
73949  -12.294  -28.821  44.201 0.0000000000
73941  -15.471  -27.183  44.666 0.0000000000
73953  -15.817  -26.491  43.761 0.0000000000
73960  -15.406  -26.539  43.080 0.0000000000
75274  -14.188  -25.669  41.649 0.0000000000
72620  -13.399  -27.775  41.323 0.0000000000
73967  -13.782  -26.728  41.343 0.0000000000
75273  -13.062  -25.571  41.111 0.0000000000
75284  -12.303  -26.031  40.651 0.0000000000
75283  -11.270  -25.725  40.452 0.0000000000
75294  -10.421  -25.959  39.851 0.0000000000
73991  -8.456  -26.718  38.615 0.0000000000
72662  -7.056  -27.534  38.132 0.0000000000
77394  -16.722  -24.648  62.349 0.0000000000
68521  -19.832  -30.045  65.244 0.0000000000
67291  -18.496  -31.018  65.419 0.0000000000
68520  -18.907  -30.069  65.317 0.0000000000
69812  -19.354  -29.124  65.215 0.0000000000
71065  -18.349  -28.085  65.888 0.0000000000
71064  -17.636  -28.044  66.221 0.0000000000
67287  -14.805  -31.061  65.174 0.0000000000
68516  -15.204  -30.170  65.367 0.0000000000
68509  -15.670  -29.694  65.580 0.0000000000
69808  -13.990  -29.271  65.199 0.0000000000
69800  -14.998  -29.272  65.397 0.0000000000
69801  -15.781  -28.999  65.939 0.0000000000
69802  -16.473  -28.760  66.179 0.0000000000
71063  -16.825  -28.077  66.383 0.0000000000
72406  -17.243  -27.229  66.224 0.0000000000
73731  -16.803  -26.476  65.837 0.0000000000
75001  -16.437  -26.038  65.034 0.0000000000
75010  -15.931  -26.132  64.769 0.0000000000
73737  -14.431  -26.310  65.049 0.0000000000
76219  -15.251  -26.507  63.993 0.0000000000
77393  -16.078  -25.076  61.877 0.0000000000
76243  -13.629  -25.191  60.949 0.0000000000
76248  -12.660  -25.222  60.472 0.0000000000
76241  -12.680  -26.847  60.829 0.0000000000
76273  -10.808  -25.124  59.162 0.0000000000
76287  -10.307  -25.475  58.395 0.0000000000
73746  -11.178  -28.928  61.126 0.0000000000
73751  -10.760  -28.772  60.622 0.0000000000
73756  -10.723  -27.951  60.319 0.0000000000
72439  -9.959  -29.047  59.329 0.0000000000
73765  -10.015  -28.099  59.283 0.0000000000
75037  -10.198  -26.979  59.169 0.0000000000
75049  -9.728  -26.646  58.542 0.0000000000
75058  -9.768  -25.934  58.538 0.0000000000
75066  -9.879  -25.897  57.637 0.0000000000
73804  -8.699  -28.127  55.931 0.0000000000
73814  -8.427  -28.754  55.338 0.0000000000
72480  -7.907  -28.733  56.138 0.0000000000
72496  -8.161  -29.045  55.457 0.0000000000
72509  -8.375  -29.328  54.852 0.0000000000
69895  -8.054  -30.065  54.058 0.0000000000
68597  -8.429  -30.609  53.919 0.0000000000
67353  -8.648  -31.557  53.426 0.0000000000
63715  -9.012  -34.220  62.427 0.0000000000
63714  -8.419  -33.835  62.662 0.0000000000
61561  -6.562  -36.483  61.069 0.0000000000
62606  -7.296  -34.593  62.139 0.0000000000
63713  -7.540  -34.000  62.410 0.0000000000
64928  -7.961  -32.882  62.612 0.0000000000
66168  -6.530  -31.990  61.041 0.0000000000
66171  -6.506  -32.159  60.418 0.0000000000
64935  -5.846  -33.505  60.135 0.0000000000
67315  -7.659  -32.087  59.076 0.0000000000
67326  -7.298  -32.031  58.297 0.0000000000
67335  -6.777  -31.809  57.555 0.0000000000
62660  -6.195  -35.505  57.771 0.0000000000
63743  -6.704  -34.710  57.188 0.0000000000
66186  -6.777  -32.785  57.025 0.0000000000
67342  -6.659  -31.805  56.540 0.0000000000
67348  -8.052  -31.910  54.954 0.0000000000
66197  -7.639  -33.091  55.007 0.0000000000
66203  -8.588  -32.479  53.709 0.0000000000
66208  -8.652  -32.756  53.119 0.0000000000
60492  -22.580  -36.640  57.992 0.0000000000
60499  -22.830  -36.460  57.294 0.0000000000
60501  -23.806  -36.410  57.015 0.0000000000
60509  -23.141  -36.327  56.605 0.0000000000
60510  -23.584  -36.376  56.847 0.0000000000
60523  -22.241  -36.398  56.008 0.0000000000
61557  -19.570  -35.509  61.429 0.0000000000
61559  -20.548  -35.162  61.544 0.0000000000
61571  -18.368  -35.435  61.236 0.0000000000
61582  -18.325  -35.396  60.969 0.0000000000
61588  -22.880  -36.265  60.059 0.0000000000
61629  -23.307  -36.280  56.267 0.0000000000
61727  -22.977  -33.984  51.117 0.0000000000
61738  -22.078  -33.784  50.708 0.0000000000
62589  -13.201  -34.614  63.562 0.0000000000
62656  -24.748  -35.720  58.336 0.0000000000
62662  -15.908  -33.830  58.044 0.0000000000
62673  -26.094  -35.065  55.967 0.0000000000
62702  -25.051  -34.522  54.056 0.0000000000
62730  -24.378  -34.886  51.810 0.0000000000
62749  -24.547  -34.250  51.454 0.0000000000
62764  -21.343  -33.837  51.188 0.0000000000
62765  -23.228  -33.614  50.781 0.0000000000
62767  -24.313  -34.111  50.951 0.0000000000
62798  -20.459  -33.540  49.409 0.0000000000
62812  -8.632  -35.144  47.961 0.0000000000
62840  -22.692  -33.315  47.163 0.0000000000
63700  -9.213  -33.768  62.958 0.0000000000
63704  -12.552  -34.588  63.357 0.0000000000
63722  -5.767  -34.529  60.470 0.0000000000
63730  -16.052  -33.461  58.243 0.0000000000
63753  -18.160  -33.393  55.234 0.0000000000
63782  -25.332  -33.848  53.346 0.0000000000
63784  -26.274  -33.377  53.987 0.0000000000
63863  -24.703  -33.147  49.656 0.0000000000
64904  -19.348  -32.358  64.631 0.0000000000
64924  -10.952  -32.974  63.685 0.0000000000
64929  -8.304  -33.248  62.797 0.0000000000
64996  -9.486  -33.065  51.246 0.0000000000
65000  -25.726  -33.546  51.798 0.0000000000
65011  -9.234  -33.676  51.081 0.0000000000
65012  -9.454  -33.161  50.701 0.0000000000
65034  -9.337  -33.234  50.144 0.0000000000
65057  -9.481  -33.431  49.498 0.0000000000
65078  -9.531  -33.510  48.648 0.0000000000
66148  -18.964  -31.802  65.140 0.0000000000
66161  -10.042  -31.722  63.457 0.0000000000
66164  -7.835  -31.950  62.588 0.0000000000
66213  -9.588  -32.657  50.957 0.0000000000
66216  -9.644  -32.211  50.885 0.0000000000
66297  -7.890  -32.394  41.702 0.0000000000
67304  -7.423  -30.878  61.962 0.0000000000
67368  -9.366  -32.210  50.023 0.0000000000
67381  -9.259  -31.641  48.417 0.0000000000
67385  -27.481  -30.173  48.884 0.0000000000
67389  -40.127  -30.164  47.718 0.0000000000
67390  -40.590  -30.297  47.907 0.0000000000
67449  -8.264  -32.153  42.732 0.0000000000
67464  -7.980  -32.072  42.187 0.0000000000
68508  -15.300  -29.727  65.456 0.0000000000
68515  -14.318  -30.251  65.154 0.0000000000
68523  -10.707  -30.373  62.541 0.0000000000
68528  -8.536  -30.450  62.513 0.0000000000
68536  -7.382  -30.101  61.157 0.0000000000
68539  -8.187  -31.450  59.837 0.0000000000
68577  -6.637  -29.884  57.786 0.0000000000
68590  -30.566  -29.205  54.762 0.0000000000
68598  -29.751  -28.979  54.176 0.0000000000
68610  -29.933  -28.360  53.091 0.0000000000
68619  -29.265  -29.466  51.726 0.0000000000
68624  -39.052  -30.148  51.059 0.0000000000
68645  -9.596  -31.038  49.828 0.0000000000
68654  -40.033  -30.139  49.303 0.0000000000
68691  -8.539  -30.664  46.871 0.0000000000
68708  -41.202  -28.851  45.228 0.0000000000
68721  -43.243  -29.592  44.993 0.0000000000
69799  -14.483  -29.058  65.361 0.0000000000
69810  -17.771  -29.300  65.800 0.0000000000
69814  -10.570  -30.048  62.345 0.0000000000
69819  -9.469  -29.681  62.013 0.0000000000
69822  -8.198  -29.362  61.598 0.0000000000
69823  -8.984  -29.535  61.685 0.0000000000
69826  -7.783  -29.360  60.913 0.0000000000
69836  -8.322  -30.502  59.133 0.0000000000
69845  -7.792  -30.719  58.831 0.0000000000
69846  -7.947  -30.093  58.482 0.0000000000
69853  -7.077  -29.489  58.309 0.0000000000
69873  -32.144  -28.653  54.846 0.0000000000
69899  -36.746  -27.186  52.992 0.0000000000
69927  -44.417  -27.743  51.401 0.0000000000
69930  -30.343  -27.952  51.230 0.0000000000
69947  -8.729  -30.158  48.908 0.0000000000
69956  -8.496  -29.886  47.567 0.0000000000
70004  -8.111  -29.618  42.397 0.0000000000
70005  -8.299  -29.389  42.560 0.0000000000
70019  -8.527  -29.136  41.657 0.0000000000
70034  -9.980  -29.181  41.124 0.0000000000
70049  -9.731  -29.052  41.003 0.0000000000
70050  -9.936  -29.024  40.816 0.0000000000
71073  -10.766  -29.862  62.136 0.0000000000
71083  -9.422  -29.526  61.214 0.0000000000
71085  -8.051  -29.723  60.292 0.0000000000
71088  -8.470  -29.879  59.699 0.0000000000
71123  -6.688  -29.406  55.701 0.0000000000
71139  -7.120  -29.284  55.204 0.0000000000
71159  -8.129  -29.344  55.034 0.0000000000
71173  -8.166  -30.006  54.274 0.0000000000
71178  -31.475  -26.962  53.726 0.0000000000
71193  -9.077  -29.933  53.190 0.0000000000
71198  -44.548  -27.153  51.599 0.0000000000
71199  -44.563  -26.543  51.256 0.0000000000
71215  -8.496  -29.559  48.570 0.0000000000
71221  -35.289  -27.204  48.396 0.0000000000
71225  -8.494  -29.377  48.125 0.0000000000
71232  -35.283  -26.850  46.718 0.0000000000
71252  -8.557  -29.902  46.147 0.0000000000
71254  -11.142  -28.363  44.513 0.0000000000
71268  -10.751  -28.137  44.161 0.0000000000
71269  -11.042  -28.407  44.133 0.0000000000
71280  -8.369  -29.235  43.405 0.0000000000
71281  -8.394  -29.058  43.047 0.0000000000
71282  -10.670  -28.169  43.890 0.0000000000
71283  -10.831  -28.357  43.932 0.0000000000
71296  -8.632  -29.004  42.626 0.0000000000
71299  -11.001  -29.064  42.256 0.0000000000
71301  -12.476  -28.540  41.640 0.0000000000
71317  -12.290  -28.494  41.183 0.0000000000
71329  -9.509  -28.774  40.591 0.0000000000
71332  -11.881  -28.347  40.590 0.0000000000
71351  -10.860  -28.266  40.014 0.0000000000
71352  -11.451  -28.207  40.162 0.0000000000
72403  -14.233  -27.512  65.799 0.0000000000
72412  -13.756  -27.652  65.565 0.0000000000
72427  -10.677  -29.316  60.800 0.0000000000
72437  -8.739  -29.657  59.235 0.0000000000
72457  -8.375  -28.976  57.773 0.0000000000
72519  -8.686  -29.460  54.244 0.0000000000
72535  -13.519  -27.572  50.629 0.0000000000
72536  -13.764  -27.604  50.738 0.0000000000
72538  -45.007  -25.612  50.907 0.0000000000
72541  -14.093  -27.663  50.479 0.0000000000
72545  -14.035  -27.845  50.010 0.0000000000
72547  -45.163  -26.197  49.743 0.0000000000
72550  -45.241  -27.404  48.660 0.0000000000
72553  -8.507  -28.828  48.219 0.0000000000
72556  -8.566  -29.107  47.507 0.0000000000
72557  -8.759  -28.646  47.264 0.0000000000
72566  -9.676  -28.296  45.966 0.0000000000
72569  -11.904  -28.480  45.342 0.0000000000
72571  -45.377  -26.620  46.429 0.0000000000
72578  -9.831  -28.303  44.771 0.0000000000
72579  -10.649  -28.103  44.578 0.0000000000
72581  -11.802  -28.687  44.567 0.0000000000
72606  -12.687  -28.542  42.157 0.0000000000
72607  -13.601  -27.829  42.020 0.0000000000
72617  -9.007  -28.684  42.278 0.0000000000
72632  -13.123  -27.741  40.862 0.0000000000
72646  -11.323  -27.832  39.804 0.0000000000
72663  -7.942  -27.493  38.356 0.0000000000
73728  -13.989  -26.730  65.507 0.0000000000
73742  -13.126  -28.174  62.649 0.0000000000
73764  -9.546  -28.790  58.891 0.0000000000
73766  -10.530  -27.286  59.835 0.0000000000
73810  -36.157  -26.119  56.319 0.0000000000
73815  -8.769  -28.350  55.391 0.0000000000
73823  -8.590  -28.996  54.774 0.0000000000
73841  -13.005  -27.660  51.915 0.0000000000
73852  -11.907  -27.392  50.966 0.0000000000
73858  -18.092  -26.775  50.453 0.0000000000
73859  -18.664  -26.326  50.496 0.0000000000
73865  -13.233  -27.446  50.287 0.0000000000
73866  -14.543  -27.435  50.478 0.0000000000
73868  -17.925  -26.952  49.752 0.0000000000
73870  -18.984  -25.851  50.010 0.0000000000
73878  -18.259  -26.532  49.217 0.0000000000
73880  -18.669  -25.480  49.670 0.0000000000
73881  -45.520  -25.798  49.630 0.0000000000
73891  -45.722  -25.910  49.132 0.0000000000
73894  -8.993  -27.488  47.906 0.0000000000
73896  -11.320  -27.069  47.747 0.0000000000
73906  -9.843  -26.921  46.969 0.0000000000
73919  -9.554  -28.084  46.595 0.0000000000
73928  -16.182  -26.131  45.789 0.0000000000
73937  -10.541  -28.128  45.307 0.0000000000
73948  -10.202  -28.196  44.650 0.0000000000
73974  -12.589  -26.788  40.394 0.0000000000
73983  -12.140  -27.162  40.103 0.0000000000
73992  -9.193  -26.864  38.966 0.0000000000
75008  -14.455  -26.584  64.297 0.0000000000
75009  -15.291  -26.354  64.710 0.0000000000
75014  -13.513  -27.623  62.781 0.0000000000
75015  -13.832  -27.029  63.346 0.0000000000
75016  -14.139  -26.767  63.861 0.0000000000
75019  -12.403  -27.892  61.619 0.0000000000
75026  -13.268  -27.350  61.834 0.0000000000
75038  -10.347  -26.512  60.071 0.0000000000
75039  -10.591  -26.098  60.922 0.0000000000
75040  -11.213  -26.312  61.235 0.0000000000
75050  -9.886  -26.049  59.520 0.0000000000
75057  -9.531  -26.509  57.789 0.0000000000
75064  -9.155  -27.429  56.426 0.0000000000
75110  -9.533  -28.044  54.393 0.0000000000
75128  -9.158  -28.946  53.793 0.0000000000
75169  -9.112  -28.443  51.923 0.0000000000
75189  -11.103  -27.395  50.484 0.0000000000
75199  -9.713  -28.041  49.703 0.0000000000
75203  -11.546  -27.056  49.661 0.0000000000
75209  -9.335  -28.207  49.139 0.0000000000
75211  -10.006  -27.266  48.748 0.0000000000
75214  -11.613  -26.908  49.169 0.0000000000
75221  -10.423  -26.803  47.855 0.0000000000
75222  -10.842  -27.018  47.788 0.0000000000
75224  -17.251  -25.717  47.166 0.0000000000
75229  -10.564  -26.786  47.316 0.0000000000
75270  -10.400  -25.067  41.205 0.0000000000
75281  -8.865  -25.345  40.772 0.0000000000
76260  -10.184  -25.725  59.618 0.0000000000
76296  -18.418  -25.083  56.938 0.0000000000
76390  -17.939  -24.546  47.796 0.0000000000
76394  -18.022  -23.998  47.794 0.0000000000
76399  -17.939  -23.834  44.783 0.0000000000
76400  -18.099  -23.994  44.736 0.0000000000
76406  -17.094  -24.478  45.135 0.0000000000
76407  -17.712  -24.087  45.286 0.0000000000
76408  -17.583  -24.037  45.005 0.0000000000
76409  -17.759  -23.974  44.845 0.0000000000
76429  -12.301  -23.808  42.896 0.0000000000
76431  -16.144  -24.305  43.321 0.0000000000
76434  -43.264  -25.581  44.851 0.0000000000
76468  -9.655  -25.033  41.344 0.0000000000
77382  -17.046  -25.046  63.711 0.0000000000
77387  -16.320  -25.330  62.645 0.0000000000
77408  -14.026  -24.529  60.272 0.0000000000
77483  -19.339  -23.179  52.830 0.0000000000
77573  -17.749  -23.898  44.888 0.0000000000
77574  -18.004  -24.120  44.937 0.0000000000
77575  -43.343  -23.636  47.300 0.0000000000
77580  -17.678  -23.837  45.062 0.0000000000
77581  -17.909  -23.804  44.791 0.0000000000
77593  -11.108  -22.933  44.010 0.0000000000
77613  -13.033  -22.944  43.264 0.0000000000
78674  -19.225  -22.930  52.537 0.0000000000
78756  -18.050  -22.340  48.612 0.0000000000
78757  -18.327  -22.970  48.483 0.0000000000
78770  -17.691  -22.465  47.698 0.0000000000
78786  -14.912  -21.764  46.165 0.0000000000
78827  -15.437  -22.265  44.631 0.0000000000
78845  -14.961  -22.261  44.117 0.0000000000
79940  -17.768  -21.792  49.678 0.0000000000
79954  -17.322  -21.552  49.438 0.0000000000
79955  -17.637  -21.724  49.431 0.0000000000
79971  -17.405  -21.563  49.170 0.0000000000
79980  -43.173  -21.055  48.084 0.0000000000
79981  -43.281  -21.139  48.187 0.0000000000
79988  -14.912  -21.332  47.372 0.0000000000
79995  -43.572  -21.531  48.408 0.0000000000
81260  -43.942  -20.684  48.512 0.0000000000
81274  -42.520  -20.719  47.176 0.0000000000
82536  -43.777  -19.837  47.996 0.0000000000
82549  -43.451  -19.759  47.507 0.0000000000
82571  -40.920  -19.703  45.277 0.0000000000
85051  -46.261  -16.747  43.807 0.0000000000
85081  -43.873  -15.983  42.802 0.0000000000
85101  -42.883  -15.861  40.910 0.0000000000
85123  -43.175  -15.950  39.989 0.0000000000
86371  -46.569  -16.466  43.493 0.0000000000
86372  -47.035  -16.270  43.814 0.0000000000
86414  -44.214  -15.197  42.581 0.0000000000
86466  -43.552  -15.141  39.942 0.0000000000
87772  -47.143  -15.513  44.705 0.0000000000
87797  -47.017  -15.436  43.109 0.0000000000
87819  -44.115  -14.873  41.985 0.0000000000
89060  -46.754  -14.911  43.035 0.0000000000
89187  -51.075  -13.189  31.129 0.0000000000
90236  -46.416  -14.569  43.896 0.0000000000
90246  -45.430  -14.617  43.224 0.0000000000
90273  -44.581  -13.666  41.180 0.0000000000
90274  -44.620  -14.050  41.247 0.0000000000
90363  -49.238  -11.638  33.322 0.0000000000
90388  -51.250  -12.746  32.207 0.0000000000
91410  -45.106  -11.747  43.506 0.0000000000
91422  -45.008  -11.832  43.319 0.0000000000
91429  -44.597  -13.234  41.455 0.0000000000
91443  -47.317  -11.345  39.465 0.0000000000
91456  -46.062  -11.850  39.573 0.0000000000
91476  -50.452  -10.340  37.527 0.0000000000
91592  -53.849  -10.971  31.324 0.0000000000
91595  -56.024  -10.682  31.854 0.0000000000
91600  -53.377  -10.915  30.301 0.0000000000
91610  -52.338  -11.705  28.345 0.0000000000
92639  -46.726  -11.383  39.652 0.0000000000
92670  -50.174  -10.498  37.490 0.0000000000
92748  -53.667  -10.728  29.847 0.0000000000
92759  -54.801  -9.721  29.487 0.0000000000
93768  -48.862  -10.055  43.080 0.0000000000
93784  -49.360  -10.551  42.637 0.0000000000
93910  -55.830  -9.524  30.088 0.0000000000
93965  -56.746  -8.087  24.846 0.0000000000
95146  -58.154  -7.169  25.879 0.0000000000
96309  -60.439  -7.860  27.368 0.0000000000
96315  -60.458  -7.418  26.942 0.0000000000
96331  -57.611  -7.121  24.800 0.0000000000
96339  -58.775  -6.509  24.723 0.0000000000
97564  -59.730  -6.524  26.220 0.0000000000
97570  -59.144  -6.284  24.390 0.0000000000
97574  -57.640  -6.732  22.976 0.0000000000
98907  -59.945  -4.476  22.190 0.0000000000
100120  -61.844  -5.049  22.333 0.0000000000
100132  -59.613  -4.656  20.334 0.0000000000
101310  -61.190  -4.163  21.353 0.0000000000
101316  -61.734  -4.217  20.738 0.0000000000
102555  -62.156  -4.073  20.338 0.0000000000
102575  -59.216  -3.980  17.763 0.0000000000
103817  -62.392  -2.532  18.468 0.0000000000
105181  -62.985  -0.390  17.896 0.0000000000
105186  -63.328  -0.245  17.392 0.0000000000
106503  -64.097  -0.479  17.652 0.0000000000
108858  -64.681  0.943  18.240 0.0000000000
154683  -8.694  -31.218  47.016 0.0000000000
154685  -8.813  -31.488  47.029 0.0000000000
154688  -8.308  -31.697  45.295 0.0000000000
154690  -8.556  -30.587  46.468 0.0000000000
154691  -8.097  -31.506  45.041 0.0000000000
154697  -17.357  -24.112  44.879 0.0000000000
