#!ascii label  , from subject 4105 vox2ras=TkReg
1441
119272  -44.433  10.326  13.403 0.0000000000
111228  -54.066  4.607  0.494 0.0000000000
125277  -52.193  17.646  15.664 0.0000000000
113429  -52.740  5.877  8.372 0.0000000000
112127  -57.233  4.591  17.206 0.0000000000
120260  -48.161  11.912  4.792 0.0000000000
125366  -54.487  18.056  6.389 0.0000000000
127726  -52.418  20.294  14.269 0.0000000000
119252  -50.163  10.160  16.923 0.0000000000
112223  -46.672  4.868  9.751 0.0000000000
114694  -48.289  7.098  5.775 0.0000000000
119330  -46.410  10.470  9.272 0.0000000000
126069  -55.406  18.502  18.374 0.0000000000
124532  -55.576  16.709  11.112 0.0000000000
126940  -57.655  18.586  13.302 0.0000000000
126976  -53.479  19.225  10.910 0.0000000000
127695  -56.630  20.729  16.014 0.0000000000
113538  -50.328  6.010  0.161 0.0000000000
123598  -43.026  15.445  16.969 0.0000000000
124491  -48.225  15.992  13.602 0.0000000000
118255  -58.251  9.777  9.472 0.0000000000
112190  -54.679  5.284  12.010 0.0000000000
111037  -48.154  2.632  13.111 0.0000000000
109901  -49.901  3.576  17.210 0.0000000000
116015  -50.582  7.758  0.970 0.0000000000
120303  -49.580  10.826  0.726 0.0000000000
122841  -51.004  14.428  10.018 0.0000000000
124583  -52.305  16.416  4.577 0.0000000000
123759  -49.245  15.679  1.137 0.0000000000
125394  -48.730  18.011  5.231 0.0000000000
126170  -47.628  19.066  7.997 0.0000000000
115854  -45.361  7.741  12.235 0.0000000000
115895  -45.396  8.144  9.070 0.0000000000
117079  -46.570  9.575  11.751 0.0000000000
126053  -57.138  19.361  18.740 0.0000000000
124448  -57.903  17.379  16.478 0.0000000000
126081  -58.080  18.576  16.265 0.0000000000
126920  -57.205  19.632  14.177 0.0000000000
112370  -52.053  5.010  0.141 0.0000000000
125222  -42.086  18.010  18.824 0.0000000000
125228  -44.578  17.515  18.044 0.0000000000
111041  -55.686  3.917  14.146 0.0000000000
109940  -52.342  3.015  12.908 0.0000000000
109924  -53.176  2.575  14.807 0.0000000000
155219  -50.007  6.558  16.282 0.0000000000
113292  -40.528  5.142  16.882 0.0000000000
119245  -39.916  10.259  16.732 0.0000000000
116993  -38.588  8.716  18.351 0.0000000000
114711  -52.995  6.339  6.052 0.0000000000
118330  -47.803  9.625  4.685 0.0000000000
114727  -49.812  6.833  3.506 0.0000000000
118342  -49.185  9.754  3.182 0.0000000000
119415  -50.336  9.722  0.529 0.0000000000
121100  -49.260  12.294  2.302 0.0000000000
125293  -50.304  17.326  14.698 0.0000000000
121928  -50.168  13.547  11.627 0.0000000000
123632  -52.566  16.131  12.919 0.0000000000
124563  -56.482  17.357  7.391 0.0000000000
123696  -54.163  16.078  6.783 0.0000000000
124585  -54.087  16.770  4.627 0.0000000000
123762  -51.452  16.435  1.548 0.0000000000
125409  -51.921  17.632  3.536 0.0000000000
124608  -48.675  17.063  3.065 0.0000000000
126221  -51.399  18.151  5.286 0.0000000000
126955  -52.309  19.317  12.157 0.0000000000
126997  -49.999  18.584  9.426 0.0000000000
126972  -49.483  19.466  11.338 0.0000000000
126983  -47.503  19.236  10.153 0.0000000000
127742  -49.467  20.471  13.278 0.0000000000
112267  -50.078  4.801  8.429 0.0000000000
113445  -50.559  5.439  7.017 0.0000000000
114660  -48.059  6.295  7.650 0.0000000000
115948  -46.956  8.586  6.696 0.0000000000
120249  -46.507  11.503  7.028 0.0000000000
125251  -53.533  17.930  17.326 0.0000000000
124478  -54.327  17.128  14.263 0.0000000000
124459  -56.242  17.233  15.294 0.0000000000
125325  -57.146  17.718  11.846 0.0000000000
126145  -56.554  18.256  10.200 0.0000000000
127010  -54.180  18.829  8.536 0.0000000000
126131  -55.928  18.492  11.174 0.0000000000
126918  -55.303  19.549  13.801 0.0000000000
127711  -54.161  20.562  15.089 0.0000000000
114778  -48.425  6.722  0.950 0.0000000000
121910  -43.635  13.238  14.533 0.0000000000
121916  -46.059  13.223  12.959 0.0000000000
123607  -45.210  15.898  14.922 0.0000000000
125259  -47.740  17.730  16.471 0.0000000000
126075  -48.922  18.133  17.527 0.0000000000
127663  -48.529  20.347  19.815 0.0000000000
126884  -51.062  19.049  18.814 0.0000000000
115896  -55.897  7.514  8.756 0.0000000000
114609  -56.712  6.826  11.217 0.0000000000
113386  -53.323  5.453  9.995 0.0000000000
111095  -51.198  3.808  10.353 0.0000000000
112185  -47.386  3.512  11.928 0.0000000000
113255  -56.237  5.944  19.483 0.0000000000
117004  -52.694  8.957  18.370 0.0000000000
113269  -52.563  6.293  18.090 0.0000000000
111001  -52.646  3.679  17.694 0.0000000000
108870  -49.037  1.570  15.610 0.0000000000
118191  -42.773  9.667  14.069 0.0000000000
113541  -53.818  5.722  0.170 0.0000000000
113485  -51.162  5.729  4.149 0.0000000000
113527  -52.121  6.214  1.482 0.0000000000
114807  -52.924  6.296  -0.750 0.0000000000
116047  -50.952  7.321  -0.192 0.0000000000
117222  -49.475  8.372  -0.332 0.0000000000
118361  -48.818  9.430  0.547 0.0000000000
120187  -48.543  12.199  11.397 0.0000000000
121039  -49.054  12.583  9.373 0.0000000000
121988  -48.891  14.035  7.515 0.0000000000
124531  -53.542  16.189  10.229 0.0000000000
123707  -52.228  15.525  6.645 0.0000000000
122892  -49.080  14.575  3.939 0.0000000000
122912  -50.468  14.557  1.957 0.0000000000
122036  -49.804  13.659  0.303 0.0000000000
120286  -47.803  11.957  1.391 0.0000000000
125347  -50.958  17.748  8.020 0.0000000000
126188  -48.237  18.454  7.192 0.0000000000
123703  -46.471  15.578  7.179 0.0000000000
125344  -45.832  17.599  8.901 0.0000000000
126151  -44.872  18.193  9.606 0.0000000000
117054  -45.281  8.909  12.728 0.0000000000
115871  -45.762  8.329  11.299 0.0000000000
118201  -45.505  9.865  12.681 0.0000000000
126072  -57.723  18.867  18.142 0.0000000000
127677  -58.348  19.948  17.950 0.0000000000
111227  -53.307  4.847  0.163 0.0000000000
111030  -56.257  3.971  15.274 0.0000000000
111040  -54.723  3.535  14.359 0.0000000000
111016  -55.227  3.369  16.436 0.0000000000
113282  -40.152  5.244  17.820 0.0000000000
115798  -39.334  7.767  17.633 0.0000000000
114683  -53.376  6.694  7.452 0.0000000000
114696  -52.609  6.258  6.765 0.0000000000
119391  -47.831  10.594  4.602 0.0000000000
118341  -48.487  9.704  3.790 0.0000000000
119401  -49.069  10.521  3.336 0.0000000000
120278  -49.296  11.294  2.756 0.0000000000
121087  -48.816  12.237  3.297 0.0000000000
125276  -51.251  17.637  15.846 0.0000000000
124494  -51.666  16.666  13.448 0.0000000000
124476  -52.772  16.921  14.059 0.0000000000
126196  -56.297  18.168  6.638 0.0000000000
124573  -55.717  17.413  6.087 0.0000000000
125396  -54.020  17.304  5.053 0.0000000000
125410  -52.787  17.208  3.907 0.0000000000
126223  -53.195  17.358  5.042 0.0000000000
126238  -51.685  17.918  4.381 0.0000000000
126209  -53.003  17.456  6.089 0.0000000000
127745  -52.692  19.951  13.640 0.0000000000
126954  -51.418  19.420  12.069 0.0000000000
126933  -51.176  19.927  12.821 0.0000000000
127753  -50.009  20.139  12.810 0.0000000000
127743  -50.636  20.285  13.205 0.0000000000
111111  -48.391  4.432  9.244 0.0000000000
112265  -48.597  5.176  8.258 0.0000000000
112246  -47.390  5.158  9.009 0.0000000000
118252  -45.954  9.864  9.425 0.0000000000
115910  -45.832  8.105  8.047 0.0000000000
118268  -46.095  10.031  8.359 0.0000000000
118301  -46.468  9.949  7.118 0.0000000000
119347  -46.452  10.916  8.588 0.0000000000
125235  -54.381  18.214  17.874 0.0000000000
124444  -55.413  17.351  15.941 0.0000000000
125268  -56.194  17.654  16.769 0.0000000000
124464  -58.593  17.966  14.159 0.0000000000
155620  -57.752  17.068  14.140 0.0000000000
125326  -57.706  17.910  12.429 0.0000000000
126146  -56.816  18.024  9.877 0.0000000000
126978  -56.997  18.487  12.173 0.0000000000
126144  -55.949  18.495  10.238 0.0000000000
126959  -56.890  18.748  12.385 0.0000000000
127714  -57.009  20.132  15.013 0.0000000000
126919  -56.355  19.718  13.840 0.0000000000
127729  -55.782  20.170  14.564 0.0000000000
127728  -54.692  20.116  14.440 0.0000000000
128456  -55.535  21.253  15.761 0.0000000000
114779  -49.025  6.551  0.325 0.0000000000
123604  -43.285  14.607  15.968 0.0000000000
123614  -44.545  14.827  14.803 0.0000000000
124438  -44.070  15.891  16.238 0.0000000000
126059  -45.451  18.687  18.477 0.0000000000
124431  -46.237  17.013  17.044 0.0000000000
125231  -47.091  18.373  17.515 0.0000000000
125246  -48.749  17.950  16.962 0.0000000000
126061  -47.899  18.593  17.664 0.0000000000
127625  -47.676  20.732  21.935 0.0000000000
126865  -49.409  19.781  19.070 0.0000000000
127665  -50.435  20.325  19.925 0.0000000000
126867  -51.588  19.530  19.428 0.0000000000
127647  -51.405  20.722  20.304 0.0000000000
115914  -56.448  8.175  8.139 0.0000000000
115898  -57.114  8.158  9.352 0.0000000000
114593  -57.119  6.406  11.934 0.0000000000
113347  -55.117  5.704  11.797 0.0000000000
113389  -54.957  6.223  10.708 0.0000000000
112210  -53.796  5.191  11.101 0.0000000000
112227  -51.935  4.498  10.190 0.0000000000
111076  -52.986  4.321  11.565 0.0000000000
109938  -50.611  2.491  13.194 0.0000000000
112188  -49.747  3.005  11.771 0.0000000000
112174  -48.082  3.201  12.615 0.0000000000
117003  -51.624  9.172  17.963 0.0000000000
113283  -50.701  6.246  16.925 0.0000000000
112123  -51.263  5.608  17.265 0.0000000000
110988  -52.649  4.693  18.009 0.0000000000
109902  -51.418  3.339  17.272 0.0000000000
109908  -52.151  2.632  16.998 0.0000000000
109906  -48.299  2.360  16.809 0.0000000000
120171  -42.186  11.453  15.009 0.0000000000
119258  -41.243  9.983  15.601 0.0000000000
113531  -55.597  5.784  1.508 0.0000000000
114695  -48.764  6.328  6.159 0.0000000000
113472  -51.309  5.814  5.306 0.0000000000
113471  -50.410  5.891  4.851 0.0000000000
114763  -49.970  7.429  2.317 0.0000000000
114747  -50.499  6.494  2.513 0.0000000000
114780  -50.824  6.992  1.235 0.0000000000
114793  -52.716  6.568  0.126 0.0000000000
116027  -51.504  7.019  0.199 0.0000000000
114806  -51.842  6.455  -0.413 0.0000000000
116026  -50.792  7.677  0.252 0.0000000000
120295  -49.756  11.314  1.062 0.0000000000
118379  -50.340  9.352  -0.064 0.0000000000
119421  -49.640  10.142  0.294 0.0000000000
118362  -49.352  9.327  -0.002 0.0000000000
120302  -49.259  11.426  0.455 0.0000000000
122799  -46.988  14.700  12.992 0.0000000000
121925  -47.345  13.335  12.394 0.0000000000
121926  -48.204  13.496  12.125 0.0000000000
122823  -51.297  14.152  11.349 0.0000000000
120200  -50.084  12.590  10.786 0.0000000000
121953  -50.154  13.627  9.648 0.0000000000
121965  -49.228  13.565  8.656 0.0000000000
121976  -50.269  14.480  8.572 0.0000000000
124513  -55.224  16.678  12.856 0.0000000000
123659  -54.216  16.187  11.918 0.0000000000
123678  -54.740  16.448  10.293 0.0000000000
123720  -52.942  16.118  5.445 0.0000000000
123695  -53.246  15.980  7.266 0.0000000000
123719  -51.770  15.940  5.489 0.0000000000
123706  -50.935  15.377  6.378 0.0000000000
123732  -50.801  15.836  3.912 0.0000000000
123742  -50.262  15.264  3.087 0.0000000000
123743  -51.177  15.811  2.902 0.0000000000
124629  -50.550  16.443  1.133 0.0000000000
123770  -50.743  15.922  0.885 0.0000000000
122924  -49.745  14.663  0.499 0.0000000000
121113  -48.707  12.672  0.273 0.0000000000
122027  -48.682  14.205  0.753 0.0000000000
121098  -47.468  12.727  1.683 0.0000000000
122918  -48.476  14.738  1.322 0.0000000000
124595  -48.275  17.189  3.852 0.0000000000
124607  -47.946  16.499  3.332 0.0000000000
126989  -53.603  19.282  9.955 0.0000000000
126175  -52.537  18.189  8.223 0.0000000000
126158  -52.280  18.624  8.948 0.0000000000
126996  -49.072  19.139  9.419 0.0000000000
127009  -49.720  18.493  8.938 0.0000000000
126171  -48.793  18.734  8.060 0.0000000000
125361  -47.506  17.885  7.259 0.0000000000
125346  -47.048  18.201  7.924 0.0000000000
124558  -46.703  16.609  7.729 0.0000000000
126169  -46.717  18.570  8.481 0.0000000000
126970  -47.288  19.362  11.288 0.0000000000
126141  -45.979  18.720  9.842 0.0000000000
126981  -45.862  18.937  10.583 0.0000000000
126127  -44.766  18.744  10.806 0.0000000000
112222  -45.874  5.259  10.233 0.0000000000
113384  -45.840  5.916  9.699 0.0000000000
114607  -45.247  7.007  10.809 0.0000000000
117090  -46.161  9.038  10.708 0.0000000000
118239  -46.874  9.814  10.687 0.0000000000
125255  -56.928  18.030  17.422 0.0000000000
125239  -57.507  18.117  17.537 0.0000000000
125270  -58.291  17.977  16.323 0.0000000000
126088  -58.205  18.476  15.014 0.0000000000
126921  -57.611  19.010  13.828 0.0000000000
126899  -57.629  19.412  16.083 0.0000000000
127697  -57.572  19.921  16.622 0.0000000000
112369  -51.026  5.103  0.236 0.0000000000
124423  -42.881  16.638  18.086 0.0000000000
125241  -43.858  16.777  17.404 0.0000000000
126056  -43.126  17.705  18.484 0.0000000000
111052  -55.510  4.370  13.240 0.0000000000
111062  -53.792  4.272  12.338 0.0000000000
111050  -53.782  3.542  13.449 0.0000000000
109930  -52.498  2.576  13.769 0.0000000000
109929  -51.335  2.238  13.809 0.0000000000
115818  -50.148  8.837  16.285 0.0000000000
155211  -47.673  5.670  16.502 0.0000000000
114557  -40.693  6.653  15.942 0.0000000000
118170  -40.652  9.452  15.744 0.0000000000
117024  -39.760  8.723  16.650 0.0000000000
118157  -39.081  9.749  17.709 0.0000000000
115964  -48.395  8.043  5.371 0.0000000000
114725  -48.983  7.522  4.482 0.0000000000
115976  -48.710  8.081  4.554 0.0000000000
117193  -49.132  8.862  3.130 0.0000000000
117203  -49.688  8.855  2.159 0.0000000000
117212  -50.406  8.707  1.046 0.0000000000
118363  -49.948  9.641  1.468 0.0000000000
119408  -49.676  10.461  1.567 0.0000000000
121108  -49.783  12.527  1.342 0.0000000000
124492  -48.914  16.253  13.582 0.0000000000
123645  -48.919  15.415  12.692 0.0000000000
124508  -49.737  16.240  12.815 0.0000000000
123647  -51.411  15.472  12.410 0.0000000000
122834  -52.030  14.513  11.018 0.0000000000
124542  -56.335  17.137  9.394 0.0000000000
124550  -54.729  16.450  8.468 0.0000000000
124562  -55.924  17.036  7.096 0.0000000000
123722  -54.680  16.550  5.412 0.0000000000
124584  -53.178  16.573  4.583 0.0000000000
124609  -51.865  16.332  3.071 0.0000000000
124611  -52.422  16.997  2.892 0.0000000000
125431  -51.794  17.114  2.178 0.0000000000
125429  -50.702  17.281  1.729 0.0000000000
124618  -49.145  16.748  1.892 0.0000000000
125420  -50.453  17.583  2.704 0.0000000000
126236  -50.032  18.112  4.589 0.0000000000
126219  -49.640  18.160  5.336 0.0000000000
126956  -53.409  19.140  11.986 0.0000000000
126987  -51.726  19.410  10.307 0.0000000000
126974  -51.482  19.417  11.220 0.0000000000
126985  -49.759  19.191  10.347 0.0000000000
126984  -48.692  19.298  10.277 0.0000000000
126154  -47.052  19.171  9.034 0.0000000000
126971  -48.357  19.487  11.259 0.0000000000
126951  -48.007  19.787  12.165 0.0000000000
126931  -48.543  20.200  12.852 0.0000000000
113428  -51.751  5.273  8.305 0.0000000000
113446  -51.511  5.432  7.279 0.0000000000
113427  -50.792  5.090  7.906 0.0000000000
113443  -48.781  6.173  7.167 0.0000000000
114680  -48.276  6.749  7.066 0.0000000000
114640  -46.209  6.634  8.409 0.0000000000
114678  -47.038  7.482  7.372 0.0000000000
115950  -47.857  7.771  6.327 0.0000000000
117150  -47.332  8.974  6.174 0.0000000000
119374  -47.299  10.646  5.879 0.0000000000
121072  -47.471  12.304  5.830 0.0000000000
125250  -52.666  17.992  17.279 0.0000000000
125296  -53.436  17.224  14.863 0.0000000000
125279  -54.088  17.411  15.949 0.0000000000
124479  -55.128  17.174  14.385 0.0000000000
124514  -56.115  17.033  12.873 0.0000000000
124460  -57.151  17.307  15.339 0.0000000000
124501  -57.538  17.176  13.803 0.0000000000
125324  -56.638  17.427  11.417 0.0000000000
125339  -56.655  17.548  9.667 0.0000000000
126180  -56.623  18.107  8.314 0.0000000000
126178  -55.992  18.433  7.844 0.0000000000
126194  -54.116  18.082  6.743 0.0000000000
126160  -55.157  18.794  9.389 0.0000000000
126143  -55.202  18.792  10.362 0.0000000000
126977  -54.383  19.027  10.600 0.0000000000
126938  -56.796  19.225  13.125 0.0000000000
126937  -55.925  19.159  12.937 0.0000000000
126936  -54.672  18.930  12.802 0.0000000000
126917  -54.167  19.606  13.752 0.0000000000
127727  -53.469  20.007  14.137 0.0000000000
127710  -53.094  20.530  15.039 0.0000000000
120175  -44.101  11.558  13.760 0.0000000000
120178  -45.337  11.535  12.882 0.0000000000
121912  -45.039  13.666  13.738 0.0000000000
123627  -45.899  14.869  13.692 0.0000000000
123616  -46.685  15.729  13.947 0.0000000000
124430  -45.298  16.795  16.938 0.0000000000
124440  -46.112  16.766  16.184 0.0000000000
124472  -47.924  16.378  14.294 0.0000000000
125273  -48.711  17.322  15.690 0.0000000000
125261  -49.542  17.643  16.399 0.0000000000
125248  -50.638  17.993  17.181 0.0000000000
126863  -47.422  19.807  19.030 0.0000000000
126882  -49.205  19.097  18.505 0.0000000000
126063  -49.943  18.548  18.246 0.0000000000
126078  -51.600  18.365  17.791 0.0000000000
125233  -52.727  18.128  17.946 0.0000000000
126067  -53.514  18.356  18.465 0.0000000000
126869  -53.754  19.400  19.389 0.0000000000
115912  -54.945  7.258  7.702 0.0000000000
114641  -54.025  6.477  8.879 0.0000000000
115873  -57.574  7.763  11.398 0.0000000000
115886  -57.351  8.143  10.251 0.0000000000
114644  -55.812  7.050  9.884 0.0000000000
114642  -54.507  6.433  9.389 0.0000000000
113430  -53.155  6.047  8.936 0.0000000000
112250  -51.505  4.900  9.313 0.0000000000
112226  -51.063  4.321  9.795 0.0000000000
111093  -49.080  3.823  9.818 0.0000000000
111074  -50.437  3.250  11.183 0.0000000000
111073  -49.339  3.519  10.672 0.0000000000
111071  -47.550  3.997  10.347 0.0000000000
113342  -45.857  4.007  11.458 0.0000000000
116987  -54.600  9.194  19.555 0.0000000000
115801  -51.093  8.468  16.769 0.0000000000
114541  -52.763  7.804  17.995 0.0000000000
115791  -54.876  8.267  19.433 0.0000000000
113271  -54.315  6.625  18.996 0.0000000000
112111  -55.245  4.594  18.855 0.0000000000
111003  -54.951  3.708  17.647 0.0000000000
111014  -53.258  3.183  16.790 0.0000000000
108878  -51.080  1.726  15.282 0.0000000000
109921  -49.224  1.797  14.114 0.0000000000
118192  -43.407  10.024  13.750 0.0000000000
120172  -42.876  11.423  14.616 0.0000000000
120989  -42.627  12.361  14.881 0.0000000000
122784  -42.176  14.323  16.241 0.0000000000
123596  -41.796  14.786  17.663 0.0000000000
113532  -56.618  5.450  1.666 0.0000000000
112374  -55.983  4.828  0.627 0.0000000000
112372  -54.126  5.059  0.074 0.0000000000
114710  -52.464  6.161  6.167 0.0000000000
113486  -52.300  5.856  4.652 0.0000000000
113484  -50.297  6.327  3.745 0.0000000000
113501  -51.873  5.538  3.270 0.0000000000
113514  -53.295  5.990  2.311 0.0000000000
113528  -52.802  6.080  1.207 0.0000000000
114808  -53.906  6.215  -0.982 0.0000000000
112391  -53.943  5.555  -1.725 0.0000000000
113553  -52.631  5.959  -0.873 0.0000000000
113552  -51.632  6.015  -0.462 0.0000000000
114791  -50.220  6.570  -0.293 0.0000000000
118397  -50.463  8.896  -0.025 0.0000000000
117237  -49.967  8.292  -0.571 0.0000000000
114803  -49.177  7.112  -0.649 0.0000000000
116025  -48.966  7.634  -0.357 0.0000000000
117209  -48.532  8.473  0.928 0.0000000000
118351  -48.372  9.556  1.473 0.0000000000
119285  -46.531  10.786  12.512 0.0000000000
119287  -47.560  11.133  11.829 0.0000000000
119314  -47.887  10.968  10.456 0.0000000000
121011  -49.408  12.977  11.516 0.0000000000
120210  -48.859  12.160  10.370 0.0000000000
119332  -48.214  11.503  9.671 0.0000000000
121049  -47.716  12.787  8.409 0.0000000000
121986  -47.540  13.430  6.911 0.0000000000
122882  -47.678  13.434  5.799 0.0000000000
124496  -53.401  16.603  13.389 0.0000000000
123658  -53.377  15.765  11.659 0.0000000000
123676  -52.377  15.447  9.645 0.0000000000
124549  -53.554  16.342  8.418 0.0000000000
124548  -52.764  16.123  8.706 0.0000000000
122863  -51.528  15.130  8.406 0.0000000000
122874  -50.088  14.801  7.093 0.0000000000
123704  -49.170  14.894  6.140 0.0000000000
122891  -48.571  14.088  4.395 0.0000000000
122010  -49.103  13.830  3.128 0.0000000000
121109  -50.076  13.123  1.155 0.0000000000
123753  -51.066  15.451  2.009 0.0000000000
122919  -50.398  14.708  1.410 0.0000000000
121115  -49.744  12.391  0.675 0.0000000000
120301  -48.950  12.121  0.197 0.0000000000
120293  -48.496  11.656  0.675 0.0000000000
122910  -47.932  14.966  2.120 0.0000000000
126193  -52.823  17.893  7.186 0.0000000000
125381  -50.937  17.658  6.915 0.0000000000
126205  -49.304  18.176  6.318 0.0000000000
126156  -50.552  18.254  9.074 0.0000000000
126189  -49.173  18.388  7.330 0.0000000000
125379  -48.498  17.962  5.944 0.0000000000
125378  -48.008  17.654  6.345 0.0000000000
123714  -46.412  15.364  6.035 0.0000000000
122870  -45.899  14.799  6.873 0.0000000000
126153  -46.292  18.689  9.135 0.0000000000
126152  -45.520  18.336  9.246 0.0000000000
128453  -52.694  21.043  15.679 0.0000000000
128452  -51.642  21.076  15.545 0.0000000000
127707  -50.641  20.846  14.808 0.0000000000
127723  -49.112  20.842  14.120 0.0000000000
127740  -47.303  20.654  13.802 0.0000000000
118200  -44.830  9.705  13.099 0.0000000000
111233  -53.628  4.979  -0.592 0.0000000000
112139  -57.496  4.766  16.171 0.0000000000
112138  -56.759  4.225  16.254 0.0000000000
111017  -56.057  3.654  16.297 0.0000000000
112103  -41.058  4.814  18.502 0.0000000000
114661  -53.109  6.375  7.928 0.0000000000
114682  -52.852  6.328  7.469 0.0000000000
119392  -48.356  10.542  3.968 0.0000000000
120268  -48.296  11.442  4.344 0.0000000000
120277  -48.865  11.286  3.452 0.0000000000
121080  -48.374  12.377  4.316 0.0000000000
125294  -51.676  17.347  14.593 0.0000000000
125384  -54.993  18.057  5.791 0.0000000000
125397  -55.458  17.747  5.562 0.0000000000
126224  -53.712  17.329  5.228 0.0000000000
126210  -53.798  17.443  5.724 0.0000000000
127744  -51.745  20.145  13.509 0.0000000000
127725  -51.391  20.484  14.204 0.0000000000
112224  -47.730  4.634  9.404 0.0000000000
112247  -48.362  4.759  8.744 0.0000000000
117117  -45.944  9.562  8.364 0.0000000000
119346  -46.078  10.360  8.824 0.0000000000
118284  -46.251  10.177  7.863 0.0000000000
125236  -55.319  18.185  17.897 0.0000000000
125253  -55.305  17.837  17.388 0.0000000000
125254  -56.163  17.956  17.408 0.0000000000
155618  -58.315  18.158  13.846 0.0000000000
155619  -58.427  17.925  13.916 0.0000000000
126118  -57.887  18.135  13.125 0.0000000000
126117  -57.369  18.388  12.627 0.0000000000
126960  -57.290  18.639  12.711 0.0000000000
127730  -56.658  20.092  14.582 0.0000000000
127713  -56.277  20.664  15.501 0.0000000000
128457  -56.012  21.239  15.909 0.0000000000
112368  -50.371  5.343  0.816 0.0000000000
113526  -49.862  5.791  0.799 0.0000000000
113537  -49.573  6.270  0.402 0.0000000000
123601  -43.099  14.891  16.522 0.0000000000
123605  -43.924  14.962  15.691 0.0000000000
124437  -43.436  15.538  16.697 0.0000000000
126879  -46.106  19.301  18.669 0.0000000000
125230  -46.383  18.095  17.718 0.0000000000
126060  -46.669  18.690  18.024 0.0000000000
126880  -47.110  19.304  18.422 0.0000000000
127646  -50.397  20.873  20.655 0.0000000000
127666  -50.976  20.416  19.947 0.0000000000
117104  -57.628  9.016  9.376 0.0000000000
113370  -54.679  5.817  11.270 0.0000000000
112189  -54.100  4.928  11.814 0.0000000000
112209  -53.189  4.838  10.980 0.0000000000
111077  -53.584  4.705  11.554 0.0000000000
111048  -49.630  2.517  13.060 0.0000000000
111058  -49.240  2.655  12.646 0.0000000000
112165  -48.284  2.803  12.975 0.0000000000
113320  -46.851  3.291  12.927 0.0000000000
113321  -46.967  3.123  13.174 0.0000000000
118151  -51.044  9.378  17.424 0.0000000000
110999  -49.779  5.339  16.922 0.0000000000
111000  -51.578  4.577  17.422 0.0000000000
117039  -41.504  8.606  14.999 0.0000000000
118184  -41.747  9.467  14.993 0.0000000000
118183  -41.181  9.244  15.325 0.0000000000
113515  -54.275  6.095  2.391 0.0000000000
113457  -49.571  6.029  5.511 0.0000000000
116003  -50.132  7.938  1.658 0.0000000000
114764  -50.387  7.103  1.897 0.0000000000
116016  -51.010  7.202  0.652 0.0000000000
119422  -50.110  9.970  0.122 0.0000000000
122800  -47.470  14.864  12.938 0.0000000000
122811  -47.679  14.399  12.628 0.0000000000
123644  -48.249  14.879  12.747 0.0000000000
122833  -51.291  14.057  10.739 0.0000000000
121944  -50.632  13.477  10.448 0.0000000000
121954  -50.416  14.077  9.837 0.0000000000
121967  -50.266  14.185  9.303 0.0000000000
122851  -50.869  14.564  9.106 0.0000000000
124522  -55.532  16.683  12.062 0.0000000000
123670  -54.915  16.442  11.502 0.0000000000
123679  -55.008  16.436  10.732 0.0000000000
124582  -51.430  16.175  4.583 0.0000000000
124596  -51.683  16.351  3.739 0.0000000000
123760  -49.954  15.936  0.863 0.0000000000
123769  -50.307  15.643  0.814 0.0000000000
123768  -49.722  15.346  0.704 0.0000000000
122923  -49.185  14.702  0.723 0.0000000000
125405  -48.305  17.513  4.551 0.0000000000
124594  -47.654  16.804  4.357 0.0000000000
125393  -48.038  17.512  5.306 0.0000000000
127000  -52.881  19.114  9.397 0.0000000000
126988  -52.684  19.384  10.202 0.0000000000
127007  -48.576  19.146  8.642 0.0000000000
126950  -47.003  19.646  12.254 0.0000000000
126969  -46.341  19.251  11.393 0.0000000000
117078  -46.345  9.007  11.489 0.0000000000
117091  -46.643  9.440  11.236 0.0000000000
118227  -47.099  9.896  11.419 0.0000000000
126071  -57.082  18.635  18.252 0.0000000000
126079  -58.018  18.619  17.171 0.0000000000
125256  -57.992  17.786  17.092 0.0000000000
125280  -58.339  18.160  15.703 0.0000000000
127678  -58.809  20.632  18.292 0.0000000000
111226  -52.614  4.829  0.239 0.0000000000
112379  -51.665  5.470  -0.221 0.0000000000
125226  -42.442  17.307  18.560 0.0000000000
112167  -56.908  5.105  14.106 0.0000000000
112166  -56.127  4.594  13.620 0.0000000000
111051  -54.766  4.057  13.163 0.0000000000
111039  -53.933  3.095  14.623 0.0000000000
109923  -52.136  1.791  14.834 0.0000000000
111023  -42.590  3.404  16.512 0.0000000000
113293  -41.061  4.676  16.161 0.0000000000
113301  -41.231  5.327  15.470 0.0000000000
113300  -40.669  5.683  16.213 0.0000000000
115812  -40.205  7.728  16.330 0.0000000000
114548  -40.057  6.608  16.791 0.0000000000
117013  -39.200  8.769  17.527 0.0000000000
117012  -38.848  9.263  17.980 0.0000000000
117166  -47.879  8.764  5.568 0.0000000000
117179  -48.406  8.826  4.537 0.0000000000
117192  -48.708  9.117  3.657 0.0000000000
116002  -49.752  8.024  2.275 0.0000000000
117211  -50.178  9.091  1.460 0.0000000000
118352  -49.513  9.693  2.315 0.0000000000
119402  -49.431  10.523  2.510 0.0000000000
120287  -49.477  11.400  1.831 0.0000000000
124474  -49.782  17.115  14.506 0.0000000000
124493  -50.145  16.904  13.726 0.0000000000
123631  -51.957  15.887  12.782 0.0000000000
124510  -51.525  16.059  12.798 0.0000000000
122824  -51.862  14.767  11.673 0.0000000000
123648  -52.414  15.455  12.231 0.0000000000
124552  -56.430  16.986  8.146 0.0000000000
124551  -55.740  16.739  8.317 0.0000000000
124586  -55.072  17.193  5.384 0.0000000000
124572  -55.211  16.771  6.134 0.0000000000
123721  -53.980  16.189  5.264 0.0000000000
124598  -52.828  16.903  3.929 0.0000000000
125422  -51.943  17.343  2.729 0.0000000000
125430  -51.425  17.233  1.910 0.0000000000
125421  -51.069  17.542  2.708 0.0000000000
125428  -49.925  17.367  2.005 0.0000000000
125408  -51.073  17.743  3.563 0.0000000000
126237  -50.821  18.055  4.478 0.0000000000
126220  -50.529  18.176  5.372 0.0000000000
126975  -52.422  19.346  11.206 0.0000000000
126973  -50.547  19.466  11.279 0.0000000000
126952  -49.185  19.948  12.293 0.0000000000
112268  -50.919  4.932  8.681 0.0000000000
113425  -48.592  5.725  7.768 0.0000000000
113404  -45.877  6.506  8.887 0.0000000000
114639  -45.775  7.241  8.471 0.0000000000
115930  -46.562  8.120  7.291 0.0000000000
115911  -46.248  7.657  7.767 0.0000000000
115931  -47.366  7.666  6.998 0.0000000000
115949  -47.279  8.228  6.587 0.0000000000
117151  -47.596  8.414  6.148 0.0000000000
119373  -46.738  10.684  6.641 0.0000000000
120250  -47.097  11.499  6.225 0.0000000000
125265  -53.429  17.651  16.577 0.0000000000
125266  -54.429  17.548  16.557 0.0000000000
124458  -55.350  17.305  15.177 0.0000000000
124480  -56.065  17.143  14.526 0.0000000000
124499  -55.722  17.018  13.675 0.0000000000
124433  -57.375  17.687  16.921 0.0000000000
124446  -56.870  17.404  16.014 0.0000000000
124461  -57.600  17.303  15.504 0.0000000000
124516  -57.529  17.326  13.499 0.0000000000
124482  -57.820  17.103  13.919 0.0000000000
125315  -57.218  17.413  12.774 0.0000000000
124515  -56.884  17.311  13.034 0.0000000000
124524  -56.898  17.387  12.174 0.0000000000
125333  -56.624  17.561  10.544 0.0000000000
126162  -56.521  18.211  8.916 0.0000000000
126161  -55.899  18.518  9.098 0.0000000000
126130  -55.173  18.714  11.269 0.0000000000
126908  -57.718  19.175  14.703 0.0000000000
126939  -57.322  18.950  13.191 0.0000000000
126105  -55.401  18.833  12.497 0.0000000000
126104  -55.100  18.788  12.489 0.0000000000
116013  -48.146  7.589  1.333 0.0000000000
120994  -43.770  12.380  14.143 0.0000000000
120995  -44.443  12.329  13.620 0.0000000000
121911  -44.483  13.267  13.943 0.0000000000
123606  -44.714  15.530  15.084 0.0000000000
122794  -45.034  14.283  13.975 0.0000000000
123615  -45.602  15.365  14.282 0.0000000000
123628  -46.460  15.088  13.535 0.0000000000
124470  -46.239  15.956  14.424 0.0000000000
125242  -44.513  17.021  17.492 0.0000000000
124429  -44.324  16.538  16.919 0.0000000000
124432  -46.745  17.470  17.014 0.0000000000
124441  -47.113  17.449  16.335 0.0000000000
124453  -46.933  17.006  15.191 0.0000000000
124442  -47.870  17.607  16.155 0.0000000000
124454  -48.137  17.217  15.508 0.0000000000
125247  -49.690  17.879  17.106 0.0000000000
125262  -50.496  17.701  16.520 0.0000000000
126076  -49.825  18.166  17.703 0.0000000000
127643  -47.581  20.610  20.756 0.0000000000
127661  -46.937  20.137  19.663 0.0000000000
127662  -47.559  20.282  19.715 0.0000000000
126864  -48.410  19.816  18.949 0.0000000000
126866  -50.399  19.696  19.238 0.0000000000
126883  -50.141  19.121  18.658 0.0000000000
126064  -50.739  18.743  18.350 0.0000000000
126077  -50.853  18.444  17.793 0.0000000000
126065  -51.736  18.496  18.362 0.0000000000
125232  -52.110  18.233  17.750 0.0000000000
126849  -52.165  19.974  19.770 0.0000000000
126048  -52.696  18.630  19.031 0.0000000000
126868  -52.782  19.242  19.431 0.0000000000
126049  -53.594  18.737  18.938 0.0000000000
117135  -56.831  8.743  7.041 0.0000000000
115913  -55.450  7.363  8.144 0.0000000000
114663  -54.477  6.919  8.264 0.0000000000
114664  -54.950  6.904  8.794 0.0000000000
114610  -57.216  6.940  11.730 0.0000000000
115872  -57.068  7.582  10.795 0.0000000000
115885  -56.769  7.544  10.232 0.0000000000
114624  -56.154  7.008  10.347 0.0000000000
113387  -53.873  5.583  10.323 0.0000000000
113388  -54.476  5.975  10.381 0.0000000000
113411  -54.174  5.900  9.858 0.0000000000
113410  -53.674  5.990  9.413 0.0000000000
113409  -52.862  5.575  9.414 0.0000000000
113408  -52.224  5.348  9.041 0.0000000000
112251  -52.248  5.109  9.676 0.0000000000
111094  -50.201  3.729  9.911 0.0000000000
111061  -52.840  3.569  12.380 0.0000000000
111060  -51.648  3.047  12.097 0.0000000000
113366  -48.632  3.320  11.746 0.0000000000
112206  -49.412  3.310  11.314 0.0000000000
112205  -48.484  3.506  11.403 0.0000000000
111072  -48.356  3.826  10.534 0.0000000000
112204  -47.311  3.548  11.078 0.0000000000
113364  -46.266  3.855  11.165 0.0000000000
113343  -46.439  3.598  11.755 0.0000000000
113273  -56.723  5.165  18.822 0.0000000000
116985  -53.292  9.097  19.039 0.0000000000
116963  -53.700  9.298  19.732 0.0000000000
116964  -54.282  9.365  20.049 0.0000000000
116986  -53.937  9.379  19.267 0.0000000000
114549  -49.714  8.228  16.173 0.0000000000
114550  -50.304  8.393  16.407 0.0000000000
114560  -50.080  7.723  16.302 0.0000000000
113284  -51.887  6.522  17.511 0.0000000000
114540  -52.091  7.686  17.509 0.0000000000
114528  -53.175  7.186  18.094 0.0000000000
114542  -53.277  7.961  18.385 0.0000000000
114529  -53.874  7.617  18.654 0.0000000000
114530  -54.702  7.567  19.194 0.0000000000
113270  -53.532  6.440  18.593 0.0000000000
110989  -53.464  4.420  18.321 0.0000000000
112110  -54.179  5.341  19.027 0.0000000000
110990  -54.336  4.178  18.483 0.0000000000
111002  -53.846  3.673  17.660 0.0000000000
111015  -54.273  3.417  16.616 0.0000000000
108871  -50.383  1.721  15.935 0.0000000000
109913  -51.659  1.882  16.087 0.0000000000
108877  -49.922  1.658  15.016 0.0000000000
108876  -48.527  1.530  14.734 0.0000000000
115842  -43.042  7.693  13.724 0.0000000000
117051  -43.229  8.622  13.649 0.0000000000
118198  -43.449  9.344  13.606 0.0000000000
119265  -43.160  10.635  14.209 0.0000000000
120165  -41.561  11.476  15.501 0.0000000000
118169  -40.018  9.571  16.292 0.0000000000
119246  -40.589  10.490  16.205 0.0000000000
119233  -40.112  10.882  16.828 0.0000000000
122779  -40.407  13.908  17.659 0.0000000000
122780  -41.452  14.336  17.180 0.0000000000
122776  -41.498  14.679  17.785 0.0000000000
123593  -41.677  15.155  18.118 0.0000000000
113517  -57.027  5.212  2.224 0.0000000000
113530  -54.471  5.532  1.401 0.0000000000
113543  -55.772  5.242  0.826 0.0000000000
113542  -54.401  5.144  0.609 0.0000000000
113460  -52.062  5.870  6.643 0.0000000000
113459  -51.352  5.613  6.330 0.0000000000
114726  -49.514  7.261  3.959 0.0000000000
113483  -49.855  6.725  3.963 0.0000000000
113512  -51.570  5.939  2.097 0.0000000000
113500  -50.897  5.985  2.948 0.0000000000
113513  -52.428  5.846  2.297 0.0000000000
113529  -53.597  5.670  1.305 0.0000000000
114794  -53.388  6.288  -0.286 0.0000000000
114819  -54.204  6.100  -1.713 0.0000000000
114818  -53.715  6.165  -1.586 0.0000000000
112389  -53.070  5.611  -1.283 0.0000000000
113563  -53.353  5.946  -1.524 0.0000000000
114805  -50.769  6.759  -0.340 0.0000000000
118364  -50.317  9.484  0.884 0.0000000000
117223  -50.539  8.481  0.354 0.0000000000
118380  -50.444  9.260  0.351 0.0000000000
118378  -49.968  9.209  -0.414 0.0000000000
118395  -50.150  8.632  -0.436 0.0000000000
116045  -49.563  7.650  -0.576 0.0000000000
119413  -49.187  10.317  0.459 0.0000000000
117210  -48.854  8.450  0.034 0.0000000000
119412  -48.597  10.482  0.857 0.0000000000
120998  -45.776  12.372  12.878 0.0000000000
120179  -46.104  11.497  12.679 0.0000000000
121007  -46.400  12.089  12.624 0.0000000000
121009  -47.788  12.568  12.109 0.0000000000
120185  -47.419  11.710  12.179 0.0000000000
120186  -48.061  11.883  11.693 0.0000000000
118240  -47.559  10.374  10.960 0.0000000000
119300  -47.959  11.292  11.177 0.0000000000
122813  -49.679  14.508  12.006 0.0000000000
121927  -49.140  13.590  11.861 0.0000000000
120211  -49.685  12.590  10.292 0.0000000000
120199  -49.500  12.502  10.812 0.0000000000
120225  -49.174  12.373  10.007 0.0000000000
119315  -48.330  11.458  10.052 0.0000000000
120235  -48.356  12.015  9.266 0.0000000000
120234  -47.837  11.842  8.970 0.0000000000
121050  -48.637  12.607  8.968 0.0000000000
121975  -48.967  13.951  8.116 0.0000000000
121973  -47.810  13.442  7.777 0.0000000000
121987  -48.302  13.906  7.236 0.0000000000
121995  -47.398  13.082  6.149 0.0000000000
122872  -48.132  14.098  6.437 0.0000000000
124456  -53.837  17.196  14.818 0.0000000000
124477  -53.562  17.034  14.236 0.0000000000
124497  -54.134  16.792  13.551 0.0000000000
123669  -54.146  16.294  10.882 0.0000000000
123668  -53.141  15.804  10.756 0.0000000000
123667  -52.506  15.182  10.541 0.0000000000
123677  -52.854  15.700  10.145 0.0000000000
124560  -54.151  16.311  7.558 0.0000000000
123686  -52.765  15.959  8.083 0.0000000000
123694  -52.259  15.530  7.731 0.0000000000
123685  -52.231  15.591  8.672 0.0000000000
122876  -51.573  15.177  7.630 0.0000000000
122875  -51.018  14.923  7.317 0.0000000000
123717  -49.225  15.200  5.378 0.0000000000
123705  -49.777  15.280  6.310 0.0000000000
123716  -48.570  14.612  5.143 0.0000000000
122009  -48.717  13.269  3.546 0.0000000000
122901  -48.921  14.073  3.587 0.0000000000
122911  -50.088  14.495  2.474 0.0000000000
122021  -50.172  13.977  2.130 0.0000000000
122029  -50.128  13.590  1.607 0.0000000000
123754  -51.595  16.168  2.051 0.0000000000
123744  -51.610  16.094  2.515 0.0000000000
122925  -50.240  14.901  0.839 0.0000000000
122037  -50.119  13.598  0.919 0.0000000000
121114  -49.289  12.671  0.140 0.0000000000
122034  -48.491  13.152  0.501 0.0000000000
123751  -48.492  15.691  1.937 0.0000000000
124617  -48.410  16.333  2.588 0.0000000000
123741  -47.085  15.789  3.528 0.0000000000
122909  -47.081  14.617  2.746 0.0000000000
126176  -53.557  18.721  8.036 0.0000000000
126174  -51.718  18.042  8.506 0.0000000000
125349  -51.888  17.698  8.067 0.0000000000
125348  -51.273  17.722  8.043 0.0000000000
126206  -50.299  17.887  6.383 0.0000000000
125362  -50.514  17.757  7.446 0.0000000000
126998  -51.092  18.863  9.609 0.0000000000
126172  -49.834  18.278  8.529 0.0000000000
126204  -48.599  18.254  6.573 0.0000000000
124559  -47.329  16.957  7.329 0.0000000000
124570  -47.000  16.220  6.842 0.0000000000
124547  -46.101  16.658  8.530 0.0000000000
124546  -45.588  16.859  9.223 0.0000000000
126142  -46.650  18.938  9.692 0.0000000000
126140  -45.222  18.620  10.161 0.0000000000
125338  -45.161  17.654  9.317 0.0000000000
127708  -51.093  20.744  14.877 0.0000000000
128451  -50.484  21.120  15.177 0.0000000000
128469  -49.706  21.091  14.719 0.0000000000
127741  -48.370  20.478  13.576 0.0000000000
117062  -46.059  9.078  12.186 0.0000000000
117063  -46.440  9.719  12.086 0.0000000000
126054  -57.629  19.591  18.815 0.0000000000
126874  -58.094  19.939  19.062 0.0000000000
126891  -57.893  19.321  17.245 0.0000000000
126887  -58.567  20.253  18.480 0.0000000000
112371  -52.785  5.135  -0.221 0.0000000000
126037  -41.703  18.587  19.664 0.0000000000
126042  -41.934  18.289  19.117 0.0000000000
112152  -56.861  4.622  15.258 0.0000000000
111029  -55.492  3.454  15.307 0.0000000000
111028  -54.592  3.217  15.504 0.0000000000
111027  -53.699  3.008  15.724 0.0000000000
114537  -39.974  5.876  17.257 0.0000000000
114536  -39.518  6.622  17.751 0.0000000000
114684  -53.942  7.065  7.495 0.0000000000
114698  -53.736  7.042  6.698 0.0000000000
114697  -53.163  6.646  6.724 0.0000000000
118329  -47.527  10.141  4.943 0.0000000000
121088  -49.071  11.754  2.937 0.0000000000
125275  -50.447  17.523  15.644 0.0000000000
125306  -51.091  17.174  14.051 0.0000000000
125307  -51.536  17.112  14.009 0.0000000000
124475  -52.238  16.891  13.862 0.0000000000
124495  -52.652  16.561  13.443 0.0000000000
125369  -56.552  17.771  7.255 0.0000000000
125368  -56.238  17.608  6.672 0.0000000000
125385  -56.008  17.853  5.891 0.0000000000
124599  -53.574  17.099  4.237 0.0000000000
125411  -53.429  17.310  4.434 0.0000000000
126240  -52.961  17.334  4.424 0.0000000000
126239  -52.489  17.598  4.376 0.0000000000
126222  -52.283  17.822  5.196 0.0000000000
126208  -51.988  17.788  6.207 0.0000000000
126934  -52.090  19.677  12.933 0.0000000000
126113  -51.779  19.344  11.906 0.0000000000
126953  -50.389  19.852  12.401 0.0000000000
127754  -50.348  20.107  12.815 0.0000000000
112248  -49.408  4.557  8.862 0.0000000000
112266  -49.114  4.959  8.246 0.0000000000
113406  -47.874  5.475  8.402 0.0000000000
113424  -47.679  6.029  7.967 0.0000000000
117116  -45.757  9.077  8.632 0.0000000000
117133  -45.942  8.724  8.045 0.0000000000
117134  -46.130  9.239  7.763 0.0000000000
117149  -46.644  9.084  6.805 0.0000000000
119360  -46.351  10.790  7.505 0.0000000000
120243  -46.393  11.602  7.855 0.0000000000
125252  -54.411  17.862  17.347 0.0000000000
125267  -55.347  17.541  16.711 0.0000000000
124445  -56.268  17.379  16.029 0.0000000000
124462  -57.870  17.284  15.281 0.0000000000
124463  -58.299  17.628  14.300 0.0000000000
125317  -58.023  17.587  13.550 0.0000000000
125316  -57.702  17.662  12.978 0.0000000000
126133  -57.089  18.166  11.890 0.0000000000
126132  -56.592  18.330  11.438 0.0000000000
126116  -56.479  18.579  11.897 0.0000000000
127731  -57.005  19.998  14.539 0.0000000000
127712  -55.209  20.739  15.136 0.0000000000
113525  -49.194  6.051  1.120 0.0000000000
122792  -43.461  13.655  14.968 0.0000000000
122793  -44.015  14.061  14.767 0.0000000000
123613  -44.069  14.584  15.137 0.0000000000
124450  -44.389  15.649  15.609 0.0000000000
124451  -44.824  16.069  15.453 0.0000000000
125229  -45.488  17.758  18.031 0.0000000000
125243  -45.434  17.184  17.581 0.0000000000
125244  -46.281  17.528  17.413 0.0000000000
125245  -47.450  18.000  16.997 0.0000000000
126074  -48.299  18.220  17.249 0.0000000000
127644  -48.600  20.671  20.894 0.0000000000
127664  -49.522  20.328  19.919 0.0000000000
126885  -51.626  18.833  18.943 0.0000000000
126848  -51.707  20.087  19.732 0.0000000000
117118  -57.052  8.770  7.635 0.0000000000
117119  -57.354  8.915  8.282 0.0000000000
115915  -56.838  8.176  8.766 0.0000000000
115897  -56.309  7.561  9.359 0.0000000000
113349  -56.609  5.755  12.101 0.0000000000
113372  -56.102  6.064  11.408 0.0000000000
114608  -55.997  6.419  10.866 0.0000000000
113371  -55.398  6.102  11.226 0.0000000000
113369  -54.208  5.599  10.929 0.0000000000
112229  -53.388  5.223  10.546 0.0000000000
112228  -52.762  5.082  10.275 0.0000000000
112208  -52.568  4.535  10.853 0.0000000000
111075  -52.038  3.742  11.142 0.0000000000
109939  -51.519  2.620  12.989 0.0000000000
111059  -50.266  2.748  12.368 0.0000000000
112187  -48.982  2.856  12.164 0.0000000000
112186  -48.281  3.373  12.086 0.0000000000
112173  -47.417  3.369  12.504 0.0000000000
155213  -49.026  6.161  16.217 0.0000000000
155215  -50.211  6.001  16.628 0.0000000000
112124  -52.028  5.617  17.799 0.0000000000
112108  -52.543  5.360  18.089 0.0000000000
110987  -52.271  5.024  17.812 0.0000000000
109907  -50.530  2.411  16.777 0.0000000000
108863  -49.403  1.878  16.331 0.0000000000
113329  -42.798  6.124  14.055 0.0000000000
115835  -42.435  7.804  14.187 0.0000000000
118190  -42.278  9.278  14.510 0.0000000000
119260  -42.503  10.604  14.649 0.0000000000
118185  -42.221  9.912  14.702 0.0000000000
119259  -41.809  10.527  15.181 0.0000000000
119247  -41.242  10.790  15.719 0.0000000000
113444  -49.414  5.839  6.806 0.0000000000
113458  -50.420  5.539  5.943 0.0000000000
114745  -49.616  7.334  2.957 0.0000000000
114746  -50.044  6.762  2.826 0.0000000000
114765  -50.893  6.456  1.914 0.0000000000
114782  -52.264  6.515  0.819 0.0000000000
114781  -51.549  6.677  1.072 0.0000000000
114792  -52.043  6.737  0.368 0.0000000000
116049  -52.427  6.543  -0.271 0.0000000000
116048  -51.971  6.658  -0.218 0.0000000000
119414  -50.115  10.189  0.734 0.0000000000
119423  -50.314  9.718  0.263 0.0000000000
122809  -46.367  13.643  12.910 0.0000000000
121924  -46.636  13.212  12.638 0.0000000000
121929  -50.846  13.831  11.557 0.0000000000
121935  -50.309  13.063  11.409 0.0000000000
121936  -50.753  13.350  11.201 0.0000000000
121032  -50.382  12.850  10.622 0.0000000000
121041  -49.960  13.099  9.560 0.0000000000
121051  -49.400  12.981  9.112 0.0000000000
122850  -49.630  14.103  8.567 0.0000000000
122860  -49.445  14.336  7.629 0.0000000000
124498  -54.860  16.848  13.614 0.0000000000
124512  -54.569  16.584  13.004 0.0000000000
123660  -54.835  16.504  12.231 0.0000000000
123708  -53.616  15.853  6.178 0.0000000000
123718  -50.479  15.785  5.216 0.0000000000
123731  -49.718  15.219  4.151 0.0000000000
122902  -49.460  14.478  3.173 0.0000000000
123752  -50.603  15.167  2.405 0.0000000000
124630  -51.105  16.465  1.152 0.0000000000
124640  -51.023  16.327  0.955 0.0000000000
122035  -48.959  13.721  0.201 0.0000000000
121107  -48.160  12.642  0.850 0.0000000000
122026  -48.127  13.630  1.110 0.0000000000
127001  -53.725  18.965  9.046 0.0000000000
126159  -52.998  18.796  8.742 0.0000000000
127008  -49.339  18.761  8.816 0.0000000000
125360  -47.065  17.481  7.745 0.0000000000
125345  -46.544  17.640  8.337 0.0000000000
126168  -46.171  18.186  8.832 0.0000000000
126982  -46.579  19.011  10.476 0.0000000000
126139  -44.522  18.228  10.313 0.0000000000
126968  -45.394  19.151  11.259 0.0000000000
113385  -46.517  5.505  9.305 0.0000000000
114621  -45.454  7.151  9.517 0.0000000000
115884  -45.420  8.162  10.213 0.0000000000
117103  -45.745  9.005  9.724 0.0000000000
118238  -46.261  9.606  10.137 0.0000000000
118253  -46.721  10.214  9.935 0.0000000000
125237  -56.229  18.280  17.882 0.0000000000
126070  -56.316  18.565  18.338 0.0000000000
125238  -57.033  18.239  17.826 0.0000000000
124434  -57.824  17.636  17.008 0.0000000000
125271  -58.110  17.519  16.233 0.0000000000
125281  -58.410  17.800  15.227 0.0000000000
126089  -58.488  18.040  14.675 0.0000000000
155621  -58.104  18.406  13.899 0.0000000000
155623  -57.882  18.741  14.039 0.0000000000
126907  -57.423  19.772  15.308 0.0000000000
126898  -57.394  19.808  15.864 0.0000000000
127696  -57.173  20.319  16.287 0.0000000000
128436  -56.965  20.981  16.804 0.0000000000
124427  -42.525  15.717  17.722 0.0000000000
124428  -43.197  16.141  17.338 0.0000000000
125227  -43.546  17.132  18.005 0.0000000000
126043  -42.742  18.446  18.969 0.0000000000
126057  -43.746  17.932  18.440 0.0000000000
126058  -44.609  18.155  18.489 0.0000000000
112177  -55.752  4.854  12.827 0.0000000000
112176  -55.090  4.733  12.630 0.0000000000
111049  -52.978  3.189  13.314 0.0000000000
109928  -50.070  2.309  13.724 0.0000000000
117031  -49.862  9.454  16.190 0.0000000000
115816  -48.489  8.792  16.001 0.0000000000
155222  -48.495  7.463  16.018 0.0000000000
114558  -41.299  6.680  15.289 0.0000000000
117038  -40.926  8.591  15.431 0.0000000000
115826  -40.817  7.711  15.698 0.0000000000
117025  -40.325  8.652  15.963 0.0000000000
118158  -39.520  9.638  17.019 0.0000000000
115811  -39.690  7.838  17.032 0.0000000000
114709  -48.961  6.777  4.985 0.0000000000
114708  -48.585  7.470  5.002 0.0000000000
115977  -49.071  8.037  3.855 0.0000000000
117180  -48.781  8.566  3.952 0.0000000000
115990  -49.393  8.041  3.038 0.0000000000
117204  -50.037  8.556  1.701 0.0000000000
123630  -48.414  15.850  13.243 0.0000000000
123646  -50.251  15.488  12.238 0.0000000000
124509  -50.826  16.213  12.798 0.0000000000
122814  -50.926  14.579  11.842 0.0000000000
124533  -56.138  17.138  10.680 0.0000000000
124541  -55.392  16.583  9.823 0.0000000000
124561  -54.960  16.507  7.157 0.0000000000
123709  -54.549  16.187  6.061 0.0000000000
124597  -52.412  16.618  3.719 0.0000000000
124610  -52.114  16.597  2.861 0.0000000000
124620  -51.840  16.816  2.184 0.0000000000
124621  -52.046  17.118  2.445 0.0000000000
125439  -51.655  16.972  1.774 0.0000000000
125437  -51.075  16.913  1.331 0.0000000000
124628  -49.824  16.348  1.241 0.0000000000
125419  -49.550  17.445  2.875 0.0000000000
125407  -50.194  17.729  3.733 0.0000000000
125406  -49.162  17.648  4.154 0.0000000000
126986  -50.762  19.285  10.313 0.0000000000
126128  -51.653  19.393  11.769 0.0000000000
126995  -48.057  19.431  9.191 0.0000000000
113447  -52.307  5.768  7.466 0.0000000000
113426  -49.761  5.279  7.712 0.0000000000
114681  -48.812  6.270  6.865 0.0000000000
112245  -46.852  5.367  9.180 0.0000000000
113405  -46.767  5.933  8.616 0.0000000000
113423  -47.174  6.359  7.970 0.0000000000
114657  -46.055  7.464  7.978 0.0000000000
114658  -46.657  7.017  7.831 0.0000000000
114659  -47.597  6.621  7.679 0.0000000000
114679  -47.499  7.172  7.366 0.0000000000
115932  -47.797  7.353  6.981 0.0000000000
117165  -47.607  9.175  5.668 0.0000000000
118302  -47.002  9.836  6.351 0.0000000000
118316  -47.454  9.769  5.529 0.0000000000
119384  -47.561  10.641  5.175 0.0000000000
120259  -47.735  11.490  5.271 0.0000000000
121073  -48.005  12.358  5.085 0.0000000000
125264  -52.461  17.788  16.516 0.0000000000
125295  -52.867  17.259  14.838 0.0000000000
125278  -53.356  17.397  15.570 0.0000000000
124457  -54.416  17.298  15.137 0.0000000000
124443  -54.751  17.362  15.770 0.0000000000
125269  -56.834  17.762  16.935 0.0000000000
123620  -58.000  17.017  14.934 0.0000000000
123608  -57.573  17.153  14.804 0.0000000000
124481  -56.967  17.266  14.705 0.0000000000
124500  -56.837  17.260  13.862 0.0000000000
124523  -56.308  17.051  11.888 0.0000000000
124543  -56.625  17.264  9.046 0.0000000000
125334  -56.843  17.873  10.469 0.0000000000
125340  -56.764  17.694  9.228 0.0000000000
125350  -56.723  17.512  7.908 0.0000000000
126197  -56.561  18.015  7.220 0.0000000000
126195  -55.271  18.411  6.665 0.0000000000
126177  -54.795  18.635  8.183 0.0000000000
127011  -54.437  18.787  8.528 0.0000000000
127002  -54.440  18.844  8.893 0.0000000000
126990  -54.428  19.016  9.693 0.0000000000
126958  -56.517  18.915  12.446 0.0000000000
126115  -55.876  18.686  12.047 0.0000000000
126114  -55.125  18.706  12.110 0.0000000000
126957  -54.369  18.905  11.591 0.0000000000
126935  -53.289  19.624  13.205 0.0000000000
126916  -53.633  19.756  13.725 0.0000000000
127746  -53.143  19.867  13.687 0.0000000000
119267  -44.410  10.954  13.482 0.0000000000
119273  -44.955  10.673  13.032 0.0000000000
120176  -44.674  11.568  13.295 0.0000000000
120997  -45.018  12.321  13.216 0.0000000000
121915  -45.321  13.209  13.430 0.0000000000
122797  -45.334  13.849  13.607 0.0000000000
122798  -45.974  14.171  13.333 0.0000000000
123617  -47.305  16.000  13.958 0.0000000000
124439  -45.067  16.429  16.132 0.0000000000
124452  -45.860  16.244  15.132 0.0000000000
124471  -46.838  16.259  14.475 0.0000000000
124473  -49.124  16.843  14.745 0.0000000000
125274  -49.384  17.325  15.502 0.0000000000
125260  -48.466  17.628  16.255 0.0000000000
125263  -51.438  17.809  16.540 0.0000000000
126881  -48.217  19.197  18.315 0.0000000000
126062  -49.001  18.481  18.072 0.0000000000
125249  -51.674  18.113  17.270 0.0000000000
126047  -52.079  18.654  18.910 0.0000000000
126066  -52.711  18.279  18.528 0.0000000000
125234  -53.522  18.186  17.949 0.0000000000
126068  -54.437  18.459  18.381 0.0000000000
126050  -54.559  18.850  18.851 0.0000000000
115935  -56.059  8.058  7.099 0.0000000000
115933  -54.609  7.278  7.294 0.0000000000
114662  -53.540  6.465  8.361 0.0000000000
114643  -55.387  7.005  9.371 0.0000000000
114623  -55.514  6.571  10.359 0.0000000000
114622  -54.974  6.393  10.050 0.0000000000
112249  -50.398  4.551  9.238 0.0000000000
111113  -49.600  4.225  9.410 0.0000000000
111112  -48.845  4.289  9.247 0.0000000000
111092  -48.221  4.259  9.748 0.0000000000
112207  -49.735  3.173  11.482 0.0000000000
111070  -47.166  4.062  10.177 0.0000000000
112203  -46.544  3.973  10.574 0.0000000000
112182  -45.553  4.801  11.095 0.0000000000
113341  -45.357  4.901  11.358 0.0000000000
114590  -44.783  6.068  11.870 0.0000000000
115853  -44.806  7.080  12.380 0.0000000000
117053  -44.637  8.810  13.043 0.0000000000
112113  -56.839  4.708  17.994 0.0000000000
115734  -55.003  8.688  21.544 0.0000000000
116965  -55.129  9.137  20.665 0.0000000000
116988  -55.255  9.016  19.990 0.0000000000
117032  -50.531  9.260  16.474 0.0000000000
115820  -51.220  8.898  16.830 0.0000000000
117018  -51.935  8.970  17.868 0.0000000000
114539  -51.012  7.522  16.913 0.0000000000
115788  -53.034  8.849  18.553 0.0000000000
115789  -53.651  8.652  18.597 0.0000000000
115790  -54.409  8.565  19.030 0.0000000000
115773  -54.887  8.750  19.567 0.0000000000
114531  -55.122  7.860  19.522 0.0000000000
114513  -55.557  7.121  19.576 0.0000000000
113254  -55.348  5.809  19.387 0.0000000000
112100  -54.576  5.549  19.213 0.0000000000
113272  -56.019  5.095  19.175 0.0000000000
112112  -56.234  4.530  18.401 0.0000000000
112126  -56.437  4.096  17.349 0.0000000000
111004  -55.740  3.642  17.163 0.0000000000
109914  -52.811  2.409  15.937 0.0000000000
109922  -50.718  1.894  14.454 0.0000000000
111038  -48.631  2.228  13.375 0.0000000000
108861  -47.641  1.815  16.317 0.0000000000
108869  -47.158  1.681  15.377 0.0000000000
109912  -47.075  2.019  13.856 0.0000000000
111026  -47.402  2.612  13.360 0.0000000000
117052  -43.920  8.636  13.250 0.0000000000
118199  -44.074  9.652  13.439 0.0000000000
119266  -43.876  10.654  13.788 0.0000000000
120174  -43.505  11.449  14.204 0.0000000000
120990  -43.247  12.661  14.613 0.0000000000
121907  -43.030  13.235  14.970 0.0000000000
122785  -42.936  14.487  16.069 0.0000000000
123600  -42.461  14.750  16.764 0.0000000000
122783  -41.464  14.032  16.487 0.0000000000
122781  -42.129  14.640  16.894 0.0000000000
123597  -42.378  15.133  17.334 0.0000000000
123594  -42.234  15.509  17.896 0.0000000000
124422  -42.239  16.110  18.202 0.0000000000
125225  -41.390  16.830  18.623 0.0000000000
123592  -40.480  15.258  18.373 0.0000000000
125224  -40.752  16.526  18.722 0.0000000000
125221  -41.280  17.878  19.124 0.0000000000
112363  -56.070  4.442  1.262 0.0000000000
113544  -56.302  5.031  0.896 0.0000000000
112373  -55.133  4.605  0.791 0.0000000000
113473  -52.019  5.982  5.787 0.0000000000
114728  -52.619  6.143  5.560 0.0000000000
113470  -49.778  6.492  4.507 0.0000000000
113499  -50.369  6.307  3.008 0.0000000000
113502  -52.901  5.963  3.480 0.0000000000
113540  -53.303  6.143  0.446 0.0000000000
113554  -54.169  5.758  -0.577 0.0000000000
113565  -54.160  5.703  -1.622 0.0000000000
112382  -53.934  5.106  -0.963 0.0000000000
112381  -53.269  5.165  -0.885 0.0000000000
112380  -52.493  5.519  -0.587 0.0000000000
113539  -51.095  5.746  -0.157 0.0000000000
113551  -50.828  6.250  -0.205 0.0000000000
117239  -50.523  8.272  -0.096 0.0000000000
117238  -50.291  8.188  -0.362 0.0000000000
116046  -50.209  7.565  -0.513 0.0000000000
114804  -49.853  7.027  -0.647 0.0000000000
114790  -49.491  6.649  -0.225 0.0000000000
114789  -48.668  6.915  -0.198 0.0000000000
116014  -48.481  7.591  0.309 0.0000000000
119274  -45.763  10.729  12.687 0.0000000000
118212  -46.181  10.067  12.335 0.0000000000
118213  -46.935  10.180  12.091 0.0000000000
121008  -46.969  12.427  12.438 0.0000000000
119286  -47.202  10.924  12.325 0.0000000000
118254  -47.346  10.441  10.331 0.0000000000
122812  -48.663  14.363  12.340 0.0000000000
121010  -48.591  12.746  11.699 0.0000000000
121012  -49.968  12.880  11.479 0.0000000000
121021  -49.473  12.619  11.202 0.0000000000
120198  -48.754  12.068  11.026 0.0000000000
119301  -48.357  11.560  10.618 0.0000000000
119331  -47.514  11.010  9.548 0.0000000000
119348  -47.175  11.411  8.947 0.0000000000
120233  -46.866  12.002  8.564 0.0000000000
121058  -46.655  12.307  7.807 0.0000000000
121059  -47.201  12.880  7.692 0.0000000000
121066  -46.928  12.420  6.855 0.0000000000
121996  -47.745  13.040  5.468 0.0000000000
123633  -53.044  16.360  13.041 0.0000000000
124511  -53.991  16.533  12.963 0.0000000000
123649  -53.456  16.116  12.589 0.0000000000
123657  -52.572  15.223  11.344 0.0000000000
122842  -51.808  14.753  10.232 0.0000000000
124540  -54.197  16.432  9.665 0.0000000000
124539  -53.066  16.159  9.529 0.0000000000
124538  -52.554  15.885  9.115 0.0000000000
122852  -51.597  15.022  9.336 0.0000000000
122862  -50.850  14.716  8.245 0.0000000000
122861  -50.052  14.555  8.108 0.0000000000
122873  -49.134  14.358  6.744 0.0000000000
122884  -48.645  14.589  5.920 0.0000000000
122883  -48.068  13.891  5.477 0.0000000000
122003  -48.219  13.159  4.702 0.0000000000
121099  -49.095  12.727  2.689 0.0000000000
121116  -50.047  12.904  0.993 0.0000000000
123761  -51.004  15.756  1.293 0.0000000000
120294  -48.921  10.997  0.567 0.0000000000
123750  -47.873  15.602  2.758 0.0000000000
125365  -52.193  17.724  7.639 0.0000000000
126192  -52.018  17.642  7.042 0.0000000000
126207  -51.091  17.946  6.139 0.0000000000
126999  -52.014  19.052  9.561 0.0000000000
126157  -51.434  18.414  9.055 0.0000000000
126173  -50.806  17.865  8.302 0.0000000000
126155  -50.107  18.235  9.075 0.0000000000
126191  -50.599  17.791  7.823 0.0000000000
126190  -50.194  17.892  7.460 0.0000000000
124581  -47.487  16.685  5.518 0.0000000000
123715  -46.839  15.937  5.396 0.0000000000
124571  -47.541  16.872  6.597 0.0000000000
124580  -47.032  16.242  6.066 0.0000000000
123693  -46.065  15.800  7.919 0.0000000000
128455  -54.696  21.181  15.712 0.0000000000
128454  -53.723  21.041  15.743 0.0000000000
127709  -52.065  20.653  14.965 0.0000000000
128431  -53.289  21.500  16.387 0.0000000000
127724  -50.317  20.780  14.335 0.0000000000
128470  -50.180  20.982  14.736 0.0000000000
126930  -47.663  20.084  12.987 0.0000000000
108862  -48.366  1.706  16.160 0.0000000000
109931  -53.314  3.013  13.990 0.0000000000
111042  -56.376  4.420  14.479 0.0000000000
111047  -48.749  2.586  12.959 0.0000000000
111063  -54.493  4.647  12.377 0.0000000000
111090  -46.962  4.228  10.018 0.0000000000
111091  -47.435  4.335  9.898 0.0000000000
111234  -53.790  4.894  -0.330 0.0000000000
112101  -54.823  5.401  19.239 0.0000000000
112104  -41.569  4.731  18.467 0.0000000000
112109  -53.148  5.389  18.440 0.0000000000
112118  -41.010  4.591  18.186 0.0000000000
112125  -55.786  3.973  17.957 0.0000000000
112151  -47.112  2.948  13.270 0.0000000000
112163  -47.519  3.245  12.796 0.0000000000
112164  -47.679  3.035  13.051 0.0000000000
112175  -48.495  2.844  12.731 0.0000000000
112183  -45.831  4.387  11.073 0.0000000000
112184  -46.101  4.024  11.120 0.0000000000
112201  -45.588  4.916  10.898 0.0000000000
112202  -45.801  4.816  10.653 0.0000000000
112211  -54.282  5.380  11.444 0.0000000000
112225  -48.161  4.512  9.289 0.0000000000
112390  -53.627  5.567  -1.543 0.0000000000
113253  -54.686  5.927  19.248 0.0000000000
113268  -52.370  6.653  17.749 0.0000000000
113285  -52.102  6.149  17.920 0.0000000000
113334  -46.304  3.504  12.384 0.0000000000
113340  -45.412  5.043  11.123 0.0000000000
113344  -48.803  3.156  11.847 0.0000000000
113345  -49.259  3.087  11.758 0.0000000000
113346  -49.569  3.110  11.658 0.0000000000
113362  -45.481  5.135  10.909 0.0000000000
113365  -46.464  3.720  11.241 0.0000000000
113367  -48.994  3.254  11.602 0.0000000000
113368  -49.397  3.201  11.556 0.0000000000
113407  -48.358  5.281  8.295 0.0000000000
113555  -54.240  5.565  -0.856 0.0000000000
113564  -53.882  5.895  -2.076 0.0000000000
114512  -54.916  6.651  19.277 0.0000000000
114527  -52.598  6.998  17.636 0.0000000000
114547  -39.635  7.236  17.289 0.0000000000
114551  -50.673  8.222  16.580 0.0000000000
114594  -57.426  6.832  12.379 0.0000000000
114809  -54.351  6.007  -1.242 0.0000000000
114820  -54.313  5.883  -1.500 0.0000000000
115751  -53.854  9.064  20.431 0.0000000000
115752  -54.484  9.034  20.750 0.0000000000
115802  -51.576  8.547  17.315 0.0000000000
115803  -52.395  8.561  18.064 0.0000000000
115804  -53.013  8.422  18.381 0.0000000000
115817  -49.325  8.731  16.078 0.0000000000
115819  -50.776  8.799  16.521 0.0000000000
115834  -41.902  7.795  14.648 0.0000000000
115929  -46.091  8.535  7.759 0.0000000000
116028  -52.152  6.756  -0.025 0.0000000000
117005  -53.495  9.084  18.763 0.0000000000
117006  -54.086  9.161  18.902 0.0000000000
117017  -51.357  9.107  17.265 0.0000000000
117033  -50.983  9.158  16.717 0.0000000000
117045  -42.613  8.646  14.116 0.0000000000
118162  -50.491  9.720  17.166 0.0000000000
118163  -50.877  9.401  16.919 0.0000000000
118176  -50.296  9.831  16.594 0.0000000000
118177  -50.708  9.373  16.654 0.0000000000
118214  -47.341  10.634  11.998 0.0000000000
118228  -47.440  10.540  11.595 0.0000000000
118267  -45.875  9.888  8.772 0.0000000000
118317  -47.687  9.301  5.377 0.0000000000
118396  -50.295  8.791  -0.281 0.0000000000
119329  -45.961  10.230  9.099 0.0000000000
120184  -46.801  11.543  12.516 0.0000000000
120197  -48.338  11.836  11.315 0.0000000000
120201  -50.275  12.554  10.853 0.0000000000
120212  -50.186  12.705  10.595 0.0000000000
120213  -50.322  12.695  10.806 0.0000000000
120223  -48.174  11.632  9.413 0.0000000000
120224  -48.685  12.106  9.665 0.0000000000
120267  -47.832  11.074  4.843 0.0000000000
120993  -43.208  12.055  14.516 0.0000000000
120999  -46.364  12.663  12.697 0.0000000000
121020  -48.927  12.573  11.293 0.0000000000
121022  -50.160  12.711  11.174 0.0000000000
121023  -50.472  12.837  10.873 0.0000000000
121030  -49.877  12.787  9.891 0.0000000000
121031  -50.253  12.994  10.092 0.0000000000
121040  -49.462  12.681  9.658 0.0000000000
121048  -47.017  12.552  8.186 0.0000000000
121052  -49.732  13.087  9.303 0.0000000000
121065  -46.472  11.991  7.388 0.0000000000
121903  -41.921  13.811  15.755 0.0000000000
121914  -44.818  12.784  13.568 0.0000000000
121943  -50.349  13.538  10.026 0.0000000000
121963  -48.104  13.359  8.173 0.0000000000
121964  -48.519  13.344  8.409 0.0000000000
121966  -49.858  13.849  9.012 0.0000000000
121974  -48.420  13.731  7.912 0.0000000000
121977  -50.409  14.409  8.837 0.0000000000
122019  -48.919  12.934  2.914 0.0000000000
122789  -43.799  14.425  15.295 0.0000000000
122795  -45.617  14.697  13.797 0.0000000000
122810  -46.812  13.936  12.745 0.0000000000
122815  -51.685  15.028  12.059 0.0000000000
122849  -49.440  14.186  8.258 0.0000000000
122871  -47.663  13.658  6.150 0.0000000000
123602  -43.651  15.325  16.302 0.0000000000
123609  -57.724  17.112  15.007 0.0000000000
123610  -57.809  17.247  15.164 0.0000000000
123618  -57.533  17.132  14.348 0.0000000000
123619  -57.856  17.036  14.511 0.0000000000
123629  -47.670  15.421  13.287 0.0000000000
123634  -57.338  17.106  13.993 0.0000000000
123635  -57.778  17.023  14.141 0.0000000000
123650  -54.320  16.415  12.526 0.0000000000
123651  -54.753  16.533  12.626 0.0000000000
123730  -48.928  14.841  4.566 0.0000000000
124424  -57.575  17.920  17.351 0.0000000000
124425  -57.730  17.992  17.548 0.0000000000
124435  -58.142  17.400  17.074 0.0000000000
124447  -57.680  17.391  16.231 0.0000000000
124455  -48.849  17.142  15.395 0.0000000000
124530  -53.176  15.944  10.174 0.0000000000
124553  -56.745  17.400  8.540 0.0000000000
124587  -55.686  17.719  5.602 0.0000000000
124619  -50.047  16.887  1.503 0.0000000000
124631  -51.488  16.786  1.559 0.0000000000
124639  -50.850  16.149  0.922 0.0000000000
125257  -58.019  17.445  16.739 0.0000000000
125282  -58.536  17.874  14.389 0.0000000000
125283  -58.760  18.038  14.028 0.0000000000
125292  -49.632  17.177  14.879 0.0000000000
125327  -58.252  17.741  13.728 0.0000000000
125351  -56.788  17.781  8.418 0.0000000000
125363  -50.805  17.718  7.650 0.0000000000
125364  -51.504  17.628  7.463 0.0000000000
125367  -54.703  18.150  6.299 0.0000000000
125380  -50.541  17.736  7.186 0.0000000000
125382  -51.490  17.705  6.743 0.0000000000
125383  -54.458  17.775  6.046 0.0000000000
125395  -53.314  17.269  4.514 0.0000000000
125398  -55.911  17.880  5.434 0.0000000000
125423  -52.138  17.187  2.704 0.0000000000
125432  -51.957  17.274  2.353 0.0000000000
125438  -51.434  17.038  1.548 0.0000000000
126112  -51.618  19.386  11.923 0.0000000000
126129  -51.906  19.342  11.662 0.0000000000
126134  -57.769  17.920  12.543 0.0000000000
126163  -56.802  18.044  8.790 0.0000000000
126179  -56.645  18.016  7.881 0.0000000000
126211  -55.722  18.136  5.832 0.0000000000
126212  -56.020  18.045  5.604 0.0000000000
126225  -55.949  18.088  5.302 0.0000000000
126226  -56.170  17.973  5.323 0.0000000000
126932  -50.737  20.048  12.814 0.0000000000
126961  -57.588  18.423  13.017 0.0000000000
126979  -57.103  18.510  12.359 0.0000000000
127673  -59.324  20.868  18.654 0.0000000000
155214  -46.908  2.569  13.542 0.0000000000
155617  -57.957  17.090  14.737 0.0000000000
155622  -58.181  18.443  14.170 0.0000000000
155624  -58.426  18.000  13.719 0.0000000000
155625  -58.092  17.502  13.917 0.0000000000
155626  -58.014  18.389  13.620 0.0000000000
155627  -58.465  18.080  14.278 0.0000000000
