#!ascii label  , from subject 4105 vox2ras=TkReg
1204
93412  -20.924  -11.073  -24.235 0.5555555820
94568  -21.118  -10.559  -24.471 0.6666666865
95814  -21.417  -9.731  -24.892 0.7777777910
95834  -21.900  -9.418  -25.225 0.7777777910
98256  -20.976  -7.569  -25.366 0.8888888955
98279  -23.476  -7.307  -26.204 0.8888888955
92262  -20.224  -12.073  -23.361 0.5555555820
94557  -20.125  -10.609  -23.577 0.5555555820
95813  -20.444  -9.729  -24.221 0.6666666865
96981  -20.105  -8.497  -24.188 0.8888888955
97001  -21.897  -8.627  -25.434 0.8888888955
98257  -21.694  -7.605  -25.606 0.8888888955
100730  -22.416  -6.000  -26.455 1.0000000000
99559  -22.938  -6.533  -26.303 0.8888888955
100748  -23.017  -5.567  -26.820 1.0000000000
95801  -19.062  -9.243  -23.452 0.7777777910
98242  -19.603  -7.544  -24.072 1.0000000000
100715  -18.546  -5.421  -23.873 1.0000000000
99530  -19.843  -6.606  -24.542 1.0000000000
101925  -20.729  -4.732  -25.132 1.0000000000
100716  -19.474  -5.543  -24.299 1.0000000000
101940  -21.281  -4.752  -25.841 1.0000000000
101924  -20.090  -4.601  -24.488 1.0000000000
101955  -22.646  -4.574  -26.850 1.0000000000
103165  -21.003  -3.910  -25.507 1.0000000000
103166  -21.713  -3.835  -25.936 1.0000000000
103179  -23.013  -3.629  -26.963 1.0000000000
105819  -22.513  -2.145  -26.210 1.0000000000
104479  -23.431  -2.667  -26.752 0.7777777910
100702  -18.049  -4.889  -23.694 0.8888888955
103153  -20.494  -3.832  -24.993 1.0000000000
103139  -18.502  -3.459  -24.217 1.0000000000
104445  -19.709  -2.687  -24.451 1.0000000000
104447  -21.286  -2.357  -25.125 1.0000000000
105806  -21.933  -1.891  -25.514 1.0000000000
105820  -23.109  -1.709  -26.599 0.8888888955
105821  -23.833  -1.614  -26.960 0.7777777910
105822  -24.224  -1.323  -26.392 0.7777777910
104429  -16.579  -2.598  -23.354 0.5555555820
107086  -17.625  -0.659  -23.491 0.7777777910
105766  -17.930  -1.715  -23.667 0.8888888955
105786  -19.448  -1.953  -24.106 1.0000000000
104446  -20.637  -2.804  -24.842 1.0000000000
107110  -19.230  -1.455  -23.851 0.8888888955
107111  -19.805  -1.156  -23.902 1.0000000000
105788  -21.071  -1.691  -24.911 1.0000000000
107124  -22.261  -0.751  -25.757 1.0000000000
107125  -22.940  -0.649  -26.246 0.8888888955
108298  -21.981  -0.167  -25.519 1.0000000000
108308  -23.926  0.251  -26.847 0.7777777910
107126  -24.508  -0.405  -26.099 0.6666666865
108309  -24.306  0.076  -26.551 0.6666666865
108239  -15.492  0.437  -22.558 0.4444444478
107085  -16.641  -0.666  -23.193 0.7777777910
109375  -15.852  1.607  -22.964 0.6666666865
108263  -18.343  0.433  -23.367 0.7777777910
107088  -19.889  -0.199  -23.921 0.8888888955
107113  -21.530  -0.754  -25.307 1.0000000000
108265  -20.145  0.665  -23.927 1.0000000000
108282  -20.651  0.648  -24.546 1.0000000000
108283  -21.579  0.457  -25.177 1.0000000000
108284  -22.272  0.919  -25.405 0.8888888955
109411  -23.058  1.321  -26.285 0.7777777910
109412  -23.702  1.300  -26.688 0.7777777910
107114  -24.970  -0.213  -25.121 0.5555555820
109413  -24.293  1.100  -26.648 0.7777777910
108301  -25.136  1.023  -25.423 0.6666666865
110404  -16.569  2.468  -22.841 0.6666666865
109377  -17.911  1.420  -23.170 0.7777777910
110405  -17.542  2.498  -22.664 0.7777777910
109378  -19.046  1.649  -22.930 0.8888888955
109379  -19.931  1.508  -23.494 0.8888888955
110445  -20.330  2.029  -23.682 1.0000000000
109391  -21.253  1.524  -24.611 1.0000000000
110464  -22.825  2.457  -25.371 0.8888888955
110481  -22.954  1.930  -25.983 0.8888888955
111583  -22.667  3.056  -24.804 0.8888888955
110482  -23.382  2.482  -26.305 0.7777777910
109404  -24.625  1.952  -26.174 0.7777777910
109405  -25.153  1.738  -25.471 0.6666666865
111523  -16.879  3.384  -22.445 0.6666666865
110422  -15.318  2.551  -22.229 0.5555555820
109355  -18.826  2.398  -22.701 0.8888888955
110425  -19.188  2.525  -22.760 0.8888888955
110426  -20.087  2.822  -23.039 1.0000000000
110446  -20.861  2.334  -24.020 1.0000000000
110447  -22.044  2.572  -24.392 1.0000000000
110465  -23.214  3.095  -25.721 0.7777777910
111602  -23.614  3.639  -25.860 0.7777777910
110466  -24.590  3.007  -26.284 0.6666666865
110448  -25.392  2.567  -25.189 0.5555555820
109393  -25.592  2.066  -24.798 0.5555555820
155260  -16.944  4.885  -21.437 0.6666666865
110406  -18.686  3.352  -22.550 0.8888888955
111543  -19.999  4.007  -23.153 1.0000000000
110427  -21.525  3.096  -23.454 1.0000000000
111566  -22.582  3.488  -24.371 0.8888888955
111567  -23.183  4.119  -24.425 0.8888888955
112745  -23.663  4.501  -25.531 0.7777777910
112746  -24.053  4.471  -26.090 0.7777777910
111604  -24.607  3.884  -26.225 0.7777777910
110468  -25.408  3.060  -25.284 0.5555555820
113931  -23.987  5.265  -25.056 0.7777777910
112747  -24.644  4.463  -26.345 0.5555555820
110450  -25.902  3.322  -23.885 0.5555555820
113949  -24.821  5.111  -26.550 0.6666666865
113812  -17.360  5.296  -19.683 0.4444444478
155253  -16.876  5.362  -20.727 0.5555555820
155251  -18.553  5.034  -21.642 0.7777777910
155250  -18.599  4.553  -22.057 0.8888888955
112697  -21.271  4.439  -22.519 1.0000000000
111545  -22.362  4.026  -23.601 0.8888888955
111527  -23.326  3.602  -22.391 0.8888888955
111546  -24.219  3.762  -23.705 0.8888888955
112717  -24.004  4.638  -24.554 0.8888888955
113947  -23.976  5.190  -25.784 0.6666666865
111568  -26.086  4.223  -25.067 0.5555555820
112657  -20.271  6.030  -20.132 0.6666666865
112656  -19.046  5.545  -20.596 0.6666666865
113886  -21.188  5.972  -21.330 0.7777777910
112684  -22.865  4.187  -21.444 0.8888888955
113888  -22.475  4.402  -20.666 0.7777777910
111505  -24.052  3.430  -21.083 0.7777777910
112672  -26.296  3.651  -21.127 0.7777777910
112687  -26.815  4.265  -22.569 0.7777777910
112700  -25.691  4.221  -23.852 0.7777777910
113900  -25.077  5.107  -24.406 0.6666666865
115132  -25.717  6.731  -23.277 0.6666666865
115147  -24.847  6.548  -24.394 0.6666666865
113916  -24.877  5.880  -24.459 0.6666666865
113932  -24.633  5.701  -25.332 0.5555555820
116364  -25.128  7.077  -25.095 0.6666666865
115166  -25.011  6.419  -25.151 0.5555555820
113934  -25.833  5.776  -25.697 0.5555555820
112734  -25.647  4.749  -25.945 0.4444444478
115167  -25.484  6.403  -25.425 0.5555555820
115057  -21.783  6.093  -19.260 0.3333333433
115077  -21.438  5.499  -19.235 0.3333333433
115106  -21.646  5.402  -20.085 0.5555555820
115117  -21.967  4.920  -20.051 0.6666666865
116307  -22.250  5.811  -20.008 0.5555555820
115118  -22.521  4.596  -20.044 0.7777777910
112659  -24.217  4.314  -19.952 0.7777777910
116309  -24.003  6.842  -20.737 0.6666666865
113877  -26.241  4.497  -20.819 0.6666666865
113876  -25.567  4.960  -20.054 0.6666666865
113889  -25.825  6.143  -21.169 0.6666666865
116333  -24.846  7.287  -22.841 0.6666666865
116334  -24.691  7.124  -23.561 0.6666666865
117553  -25.231  7.461  -25.151 0.6666666865
115148  -26.580  6.683  -25.255 0.5555555820
115149  -27.249  6.800  -24.767 0.5555555820
116366  -26.047  7.370  -25.480 0.6666666865
117462  -22.054  6.458  -19.292 0.4444444478
116268  -22.187  6.036  -18.861 0.4444444478
116283  -21.557  6.131  -19.631 0.4444444478
117499  -24.246  6.491  -20.563 0.5555555820
117507  -22.861  5.972  -19.913 0.5555555820
116308  -23.599  5.984  -20.019 0.6666666865
115119  -24.962  6.355  -21.036 0.6666666865
117528  -24.610  7.419  -22.786 0.6666666865
117529  -24.600  7.804  -23.557 0.6666666865
117555  -26.054  8.116  -25.278 0.6666666865
115151  -29.150  6.650  -24.576 0.5555555820
115150  -28.137  6.841  -24.417 0.6666666865
117509  -24.081  7.018  -20.932 0.6666666865
117518  -24.425  7.523  -22.037 0.6666666865
116321  -24.451  7.079  -21.965 0.6666666865
97000  -21.342  -8.136  -25.420 0.8888888955
99538  -20.604  -6.629  -25.129 1.0000000000
100747  -22.316  -5.312  -26.639 1.0000000000
108260  -15.169  1.095  -23.161 0.5555555820
109392  -22.147  1.536  -25.062 0.8888888955
112696  -15.956  4.055  -21.945 0.5555555820
113813  -18.059  5.293  -19.406 0.5555555820
110386  -18.522  4.105  -22.279 0.7777777910
111544  -20.934  4.118  -23.069 1.0000000000
112732  -23.445  4.557  -24.986 0.8888888955
112611  -17.859  4.876  -19.398 0.2222222239
113933  -25.128  5.608  -26.055 0.6666666865
112671  -25.120  3.590  -20.010 0.7777777910
112718  -26.306  5.184  -25.297 0.4444444478
117519  -25.022  7.589  -22.619 0.6666666865
109351  -14.578  1.750  -22.351 0.4444444478
111541  -15.501  3.253  -21.752 0.4444444478
113937  -30.648  5.294  -25.791 0.5555555820
113936  -30.100  5.263  -25.207 0.5555555820
116284  -23.455  5.734  -19.067 0.2222222239
117484  -24.059  6.071  -19.828 0.3333333433
115169  -29.844  6.108  -24.898 0.5555555820
91106  -21.610  -13.413  -24.225 0.5555555820
92281  -22.116  -12.470  -24.581 0.5555555820
93413  -21.457  -11.497  -24.410 0.6666666865
94569  -21.868  -10.598  -24.875 0.5555555820
94587  -22.489  -10.437  -25.235 0.5555555820
97003  -23.692  -8.274  -26.065 0.7777777910
97023  -24.091  -7.804  -26.238 0.8888888955
92263  -20.688  -12.624  -23.705 0.5555555820
95835  -22.511  -9.565  -25.458 0.6666666865
97002  -22.846  -8.602  -25.704 0.8888888955
98280  -24.127  -7.194  -26.280 0.7777777910
98260  -24.686  -7.020  -26.066 0.7777777910
100749  -23.829  -5.333  -26.611 0.8888888955
92251  -19.790  -12.685  -22.811 0.4444444478
94556  -19.316  -10.500  -22.939 0.5555555820
101956  -23.400  -4.526  -26.973 1.0000000000
94553  -18.179  -8.667  -22.813 0.2222222239
96969  -19.004  -8.145  -23.491 0.6666666865
103180  -23.705  -3.592  -26.786 0.8888888955
103167  -24.536  -3.425  -25.987 0.6666666865
104464  -24.581  -2.237  -25.895 0.6666666865
99526  -17.585  -6.408  -23.093 0.5555555820
104448  -24.887  -1.888  -25.074 0.6666666865
101906  -16.939  -4.023  -22.947 0.4444444478
105789  -24.915  -1.154  -25.007 0.5555555820
107115  -25.609  -0.090  -24.024 0.5555555820
105732  -15.876  -1.441  -21.899 0.2222222239
108285  -25.091  0.636  -25.346 0.5555555820
108199  -14.881  1.041  -21.682 0.4444444478
108287  -25.956  0.831  -23.461 0.5555555820
110364  -16.484  2.354  -20.673 0.3333333433
109395  -26.452  1.526  -23.310 0.5555555820
155254  -16.732  4.979  -20.410 0.4444444478
110429  -25.862  2.689  -23.738 0.4444444478
112638  -17.918  4.272  -19.634 0.3333333433
111569  -26.267  4.033  -24.171 0.5555555820
111550  -27.263  4.230  -23.869 0.4444444478
113817  -21.714  4.988  -19.480 0.3333333433
113816  -20.722  5.038  -19.120 0.3333333433
113843  -20.114  5.654  -19.492 0.4444444478
113903  -27.442  5.256  -24.591 0.4444444478
113920  -28.890  5.598  -24.182 0.4444444478
113950  -31.216  5.309  -26.493 0.2222222239
116285  -24.327  5.606  -20.219 0.3333333433
117510  -25.057  7.486  -21.654 0.6666666865
117539  -25.586  8.519  -24.439 0.6666666865
117540  -26.688  8.852  -25.216 0.6666666865
116348  -28.346  7.803  -24.591 0.6666666865
116347  -27.522  7.833  -25.030 0.6666666865
115152  -29.851  6.802  -24.746 0.6666666865
115171  -30.940  6.386  -25.694 0.4444444478
113960  -31.656  5.402  -27.419 0.3333333433
116310  -25.362  7.651  -22.665 0.5555555820
93394  -19.924  -11.479  -23.125 0.5555555820
94567  -20.617  -10.698  -24.085 0.6666666865
93395  -20.603  -11.508  -23.826 0.5555555820
93414  -22.541  -11.345  -24.928 0.6666666865
95815  -22.035  -9.978  -25.206 0.7777777910
96982  -20.933  -8.664  -25.039 0.8888888955
96983  -21.547  -9.118  -25.140 0.8888888955
99539  -21.381  -6.666  -25.592 1.0000000000
98243  -20.337  -7.590  -24.728 1.0000000000
98278  -22.839  -7.249  -26.004 0.8888888955
98259  -23.074  -7.853  -25.943 0.8888888955
93386  -19.370  -11.589  -22.596 0.4444444478
95802  -19.707  -9.849  -23.584 0.6666666865
95812  -19.707  -9.149  -23.813 0.8888888955
98258  -22.432  -7.791  -25.756 0.8888888955
99540  -22.214  -6.785  -25.957 1.0000000000
100729  -21.721  -5.716  -26.155 1.0000000000
99560  -23.645  -6.346  -26.428 1.0000000000
95800  -18.480  -8.770  -23.199 0.5555555820
96970  -19.372  -8.366  -23.728 0.8888888955
94555  -18.639  -9.629  -22.843 0.6666666865
99518  -18.545  -7.077  -23.567 0.8888888955
99529  -19.034  -6.613  -23.866 0.8888888955
98232  -18.949  -7.568  -23.636 1.0000000000
99528  -18.335  -6.460  -23.570 0.8888888955
100717  -20.340  -5.635  -24.763 1.0000000000
100728  -21.082  -5.681  -25.351 1.0000000000
101941  -21.952  -4.650  -26.422 1.0000000000
101923  -19.085  -4.330  -24.312 1.0000000000
103152  -19.886  -3.595  -24.535 1.0000000000
101957  -24.077  -4.401  -26.753 0.8888888955
103178  -22.406  -3.746  -26.460 1.0000000000
104463  -21.422  -3.033  -25.377 1.0000000000
104477  -22.188  -2.922  -25.971 1.0000000000
104478  -22.780  -2.800  -26.556 1.0000000000
101909  -18.159  -4.306  -24.077 1.0000000000
101907  -17.158  -4.103  -23.169 0.5555555820
100714  -17.985  -5.716  -23.512 0.6666666865
100700  -17.310  -4.918  -23.036 0.5555555820
103151  -19.190  -3.339  -24.441 1.0000000000
104444  -18.942  -2.655  -24.221 1.0000000000
105787  -20.249  -1.817  -24.393 1.0000000000
105807  -22.567  -1.427  -26.102 1.0000000000
107134  -23.627  -0.682  -26.577 0.8888888955
107135  -24.030  -0.634  -26.655 0.7777777910
105808  -24.578  -1.200  -25.610 0.6666666865
104428  -16.134  -2.650  -22.899 0.5555555820
103136  -16.585  -3.371  -23.063 0.5555555820
105763  -15.743  -2.084  -22.841 0.6666666865
105765  -16.939  -1.661  -23.559 0.6666666865
103137  -17.101  -3.387  -23.452 0.7777777910
104430  -17.346  -2.593  -23.656 0.7777777910
108262  -17.231  0.439  -23.189 0.6666666865
107087  -18.892  -0.787  -23.595 0.8888888955
104431  -18.202  -2.653  -23.852 0.8888888955
105785  -18.773  -1.885  -23.859 1.0000000000
107112  -20.604  -0.534  -24.594 1.0000000000
108299  -22.511  0.362  -25.856 0.8888888955
108307  -23.333  0.329  -26.476 0.8888888955
107136  -24.194  -0.557  -26.476 0.7777777910
108300  -24.798  0.734  -25.950 0.6666666865
108261  -16.090  0.466  -22.955 0.5555555820
108220  -15.409  0.431  -21.944 0.3333333433
107043  -15.778  -0.559  -22.151 0.3333333433
108240  -15.864  -0.134  -22.727 0.4444444478
107065  -16.094  -0.722  -22.861 0.6666666865
109376  -16.883  1.736  -23.069 0.6666666865
108264  -19.405  0.515  -23.468 0.8888888955
107089  -20.266  0.157  -24.313 1.0000000000
109390  -20.481  1.474  -24.105 1.0000000000
109403  -22.649  1.419  -25.683 0.7777777910
110483  -24.168  2.256  -26.693 0.7777777910
108286  -25.420  0.990  -24.701 0.5555555820
111603  -24.210  3.488  -26.328 0.7777777910
110403  -14.848  2.552  -21.689 0.4444444478
110428  -22.068  3.372  -24.007 0.8888888955
111584  -23.080  3.680  -25.178 0.7777777910
111585  -24.618  3.564  -26.243 0.6666666865
109380  -26.373  2.030  -23.360 0.5555555820
155258  -17.993  4.902  -21.646 0.6666666865
110407  -19.579  3.796  -22.911 0.8888888955
111586  -25.035  3.889  -26.272 0.6666666865
112699  -24.882  4.676  -24.341 0.8888888955
113840  -17.474  5.611  -20.348 0.5555555820
155256  -18.298  5.300  -21.312 0.5555555820
111526  -20.849  4.645  -22.577 1.0000000000
112683  -21.531  4.923  -21.978 0.7777777910
112655  -18.608  5.456  -21.010 0.7777777910
112698  -21.937  4.056  -22.432 0.8888888955
111551  -28.093  3.870  -23.393 0.5555555820
112640  -19.430  5.734  -19.972 0.5555555820
113861  -21.118  6.023  -20.119 0.4444444478
111504  -20.077  6.005  -20.886 0.6666666865
113874  -21.267  6.071  -20.582 0.6666666865
112682  -20.812  5.716  -21.700 0.7777777910
113858  -18.260  5.806  -20.265 0.7777777910
113841  -18.399  5.682  -19.661 0.6666666865
111529  -25.991  2.704  -22.590 0.7777777910
113891  -26.930  4.890  -21.812 0.6666666865
113901  -25.517  5.393  -23.966 0.6666666865
115133  -26.315  5.890  -23.224 0.6666666865
113918  -27.069  5.635  -24.773 0.4444444478
112703  -27.451  4.912  -24.463 0.4444444478
113919  -27.845  5.923  -24.372 0.5555555820
113844  -20.949  5.384  -19.406 0.4444444478
116296  -21.907  5.679  -19.961 0.5555555820
116319  -22.272  4.958  -19.725 0.6666666865
115093  -23.885  4.869  -20.057 0.7777777910
117538  -24.942  7.732  -24.755 0.6666666865
116346  -26.711  7.635  -25.300 0.6666666865
117498  -23.564  6.173  -19.913 0.5555555820
112681  -16.018  4.177  -21.095 0.4444444478
112612  -18.768  4.585  -18.967 0.3333333433
109311  -14.884  1.553  -21.186 0.4444444478
110363  -15.545  2.752  -20.548 0.4444444478
112758  -31.314  4.396  -27.283 0.3333333433
115195  -31.855  6.174  -27.361 0.3333333433
92264  -21.381  -12.404  -24.207 0.5555555820
92252  -20.400  -13.172  -23.270 0.4444444478
91105  -20.925  -13.625  -23.512 0.5555555820
100750  -24.380  -5.031  -26.271 0.7777777910
94545  -19.096  -11.070  -22.414 0.4444444478
104480  -24.035  -2.646  -26.469 0.6666666865
99517  -18.246  -7.020  -23.422 0.7777777910
105750  -15.908  -1.450  -22.756 0.3333333433
105749  -15.769  -1.695  -22.477 0.3333333433
104396  -16.037  -2.547  -22.281 0.1111111119
105715  -15.833  -1.058  -21.203 0.1111111119
110341  -15.288  2.022  -20.575 0.4444444478
111502  -15.652  3.439  -20.859 0.3333333433
111487  -16.876  3.793  -20.480 0.3333333433
113815  -19.899  5.183  -18.748 0.3333333433
115153  -30.414  6.859  -24.993 0.6666666865
92265  -24.688  -12.559  -23.929 0.4444444478
92254  -26.416  -12.356  -22.419 0.2222222239
91122  -22.383  -13.630  -25.070 0.4444444478
91143  -23.210  -13.881  -25.226 0.4444444478
92282  -22.810  -12.504  -25.052 0.4444444478
92283  -23.455  -12.505  -25.007 0.4444444478
93397  -24.452  -11.806  -24.405 0.4444444478
93398  -25.073  -11.347  -23.912 0.4444444478
94559  -25.864  -10.713  -23.259 0.2222222239
93434  -23.118  -10.887  -25.154 0.4444444478
93435  -23.441  -11.017  -25.005 0.4444444478
93417  -24.529  -11.244  -24.498 0.4444444478
94546  -26.596  -10.341  -22.634 0.1111111119
95791  -26.834  -9.432  -22.227 0.1111111119
94570  -24.195  -10.226  -25.190 0.4444444478
94558  -25.173  -10.106  -23.790 0.3333333433
94588  -22.989  -10.290  -25.489 0.4444444478
94589  -23.610  -10.361  -25.336 0.4444444478
94571  -24.622  -10.457  -24.588 0.3333333433
95803  -25.308  -9.388  -23.798 0.3333333433
95816  -24.572  -9.618  -25.111 0.4444444478
95817  -25.007  -9.298  -24.486 0.3333333433
95836  -23.325  -9.421  -25.663 0.4444444478
96986  -25.570  -7.949  -23.908 0.2222222239
98224  -26.392  -7.569  -22.730 0.1111111119
99508  -26.927  -6.915  -22.329 0.1111111119
96985  -25.380  -8.063  -24.770 0.3333333433
98245  -25.503  -7.332  -24.156 0.3333333433
99541  -24.859  -6.455  -25.786 0.5555555820
99542  -25.276  -6.202  -25.235 0.6666666865
100718  -25.594  -5.661  -24.585 0.4444444478
100731  -24.790  -5.593  -25.751 0.6666666865
101927  -26.195  -4.391  -23.790 0.3333333433
101943  -25.175  -4.324  -25.088 0.5555555820
101958  -24.467  -4.209  -26.368 0.6666666865
103168  -24.966  -3.749  -25.380 0.5555555820
103155  -25.354  -3.565  -24.632 0.5555555820
104450  -25.823  -2.997  -23.861 0.3333333433
103181  -24.190  -3.663  -26.546 0.5555555820
104432  -25.725  -2.078  -23.768 0.4444444478
104449  -25.308  -2.466  -24.454 0.4444444478
105790  -25.457  -1.315  -24.246 0.4444444478
117530  -25.091  8.469  -23.382 0.5555555820
117541  -27.836  8.945  -25.079 0.5555555820
116349  -29.215  7.635  -24.355 0.5555555820
116350  -30.063  7.584  -24.396 0.5555555820
91125  -24.188  -13.320  -24.292 0.4444444478
92267  -26.040  -12.092  -22.948 0.2222222239
95804  -25.925  -9.448  -23.148 0.2222222239
96972  -25.954  -8.271  -23.289 0.2222222239
96961  -26.441  -8.542  -22.457 0.1111111119
98244  -25.419  -6.931  -24.743 0.4444444478
99532  -25.780  -6.393  -23.953 0.3333333433
98261  -25.102  -7.254  -25.504 0.4444444478
100732  -25.113  -5.163  -25.104 0.6666666865
105767  -25.717  -1.633  -23.775 0.4444444478
107116  -25.999  -0.054  -23.131 0.4444444478
119645  -25.954  10.476  -23.596 0.5555555820
119646  -26.515  10.526  -23.733 0.5555555820
100703  -26.543  -5.753  -23.305 0.2222222239
88708  -23.870  -15.478  -24.238 0.4444444478
89913  -24.065  -14.291  -24.267 0.4444444478
89893  -24.627  -14.425  -23.257 0.4444444478
91095  -26.293  -13.339  -22.237 0.2222222239
92242  -26.881  -12.590  -21.639 0.2222222239
92243  -27.604  -12.405  -21.270 0.1111111119
89910  -21.816  -14.538  -24.964 0.4444444478
88741  -22.995  -14.854  -25.233 0.4444444478
93388  -26.949  -11.397  -22.115 0.1111111119
95792  -27.196  -10.118  -22.135 0.1111111119
95782  -27.503  -9.472  -21.524 0.1111111119
98214  -27.758  -7.536  -21.427 0.1111111119
99509  -27.354  -6.366  -22.245 0.1111111119
100689  -26.965  -6.119  -22.688 0.1111111119
101894  -27.011  -5.353  -22.758 0.2222222239
101911  -27.369  -3.956  -23.131 0.1111111119
101910  -26.762  -4.683  -23.235 0.2222222239
104434  -27.489  -2.495  -23.442 0.2222222239
104433  -26.528  -2.385  -23.482 0.3333333433
105791  -25.826  -0.745  -23.382 0.4444444478
107092  -26.852  -0.571  -23.321 0.3333333433
108268  -26.662  0.324  -23.161 0.3333333433
108269  -27.677  0.499  -23.366 0.3333333433
113842  -19.124  5.584  -19.349 0.4444444478
110430  -27.000  3.026  -23.275 0.4444444478
112720  -29.278  4.385  -24.300 0.3333333433
116367  -31.471  7.306  -25.809 0.5555555820
118620  -25.268  9.264  -23.076 0.5555555820
119644  -25.554  10.092  -23.276 0.5555555820
118630  -26.275  9.650  -24.191 0.5555555820
117542  -28.597  8.790  -24.362 0.5555555820
117545  -31.253  8.371  -25.345 0.5555555820
119637  -25.645  10.744  -23.211 0.5555555820
95837  -24.167  -9.289  -25.679 0.5555555820
97004  -24.498  -7.967  -25.895 0.6666666865
99561  -24.353  -6.145  -26.201 0.6666666865
103154  -24.859  -2.901  -25.227 0.5555555820
108288  -26.836  0.983  -23.187 0.4444444478
113905  -28.170  5.301  -24.001 0.3333333433
97005  -24.957  -8.005  -25.399 0.3333333433
96984  -24.798  -8.723  -25.286 0.3333333433
92284  -24.054  -12.527  -24.611 0.4444444478
92266  -25.436  -12.247  -23.357 0.4444444478
92253  -25.842  -12.794  -22.831 0.3333333433
91108  -25.203  -13.105  -23.259 0.4444444478
93375  -26.798  -11.839  -22.049 0.1111111119
89927  -22.296  -14.380  -25.315 0.4444444478
89929  -23.231  -14.431  -25.146 0.4444444478
91123  -23.074  -13.370  -25.221 0.4444444478
89912  -23.647  -14.353  -24.837 0.4444444478
91124  -23.635  -13.606  -24.901 0.4444444478
93415  -23.226  -11.617  -25.071 0.4444444478
93416  -23.940  -11.314  -24.883 0.4444444478
93399  -25.784  -11.568  -23.233 0.4444444478
93387  -26.477  -11.408  -22.642 0.2222222239
95781  -27.129  -9.242  -21.859 0.1111111119
95783  -28.027  -10.111  -21.335 0.1111111119
96971  -25.435  -8.722  -23.875 0.3333333433
98233  -25.869  -7.356  -23.488 0.2222222239
99519  -26.420  -6.681  -23.093 0.1111111119
99497  -27.159  -7.193  -22.055 0.1111111119
100719  -26.127  -5.257  -23.929 0.3333333433
99531  -25.516  -6.303  -24.655 0.4444444478
101926  -25.619  -4.609  -24.441 0.4444444478
101942  -24.787  -4.505  -25.751 0.5555555820
103156  -25.845  -3.841  -23.941 0.3333333433
105768  -26.119  -1.514  -23.400 0.4444444478
118629  -25.632  9.457  -23.656 0.5555555820
91107  -24.608  -13.587  -23.671 0.4444444478
98213  -27.077  -7.734  -21.972 0.1111111119
119638  -27.010  10.695  -23.580 0.5555555820
88709  -24.161  -15.007  -23.758 0.4444444478
88725  -23.553  -14.957  -24.755 0.4444444478
89894  -25.096  -13.852  -23.090 0.4444444478
89880  -25.882  -13.946  -22.306 0.2222222239
91094  -25.628  -13.600  -22.717 0.4444444478
88723  -22.143  -15.166  -25.123 0.4444444478
89892  -21.445  -14.589  -23.865 0.4444444478
94547  -27.106  -10.887  -22.209 0.1111111119
93376  -27.511  -11.531  -21.662 0.1111111119
96933  -27.801  -9.078  -20.988 0.1111111119
80871  -26.529  -21.632  -19.617 0.1111111119
83397  -22.396  -19.760  -21.955 0.3333333433
83389  -25.312  -19.780  -20.328 0.2222222239
82139  -25.870  -20.617  -19.738 0.2222222239
82140  -27.035  -20.567  -19.608 0.1111111119
83390  -26.384  -19.740  -20.071 0.1111111119
84666  -21.182  -18.521  -22.532 0.3333333433
83405  -21.381  -19.363  -22.347 0.3333333433
82158  -21.810  -19.863  -22.117 0.3333333433
84654  -23.389  -18.841  -21.966 0.3333333433
84655  -24.045  -18.911  -21.417 0.3333333433
84656  -25.059  -18.373  -21.164 0.2222222239
83391  -27.045  -19.684  -19.843 0.1111111119
84644  -25.830  -18.991  -20.616 0.2222222239
87387  -20.106  -16.522  -22.098 0.2222222239
87388  -20.744  -16.733  -22.478 0.2222222239
85975  -20.802  -17.771  -22.310 0.2222222239
84667  -21.868  -18.607  -22.785 0.3333333433
84668  -22.790  -18.652  -22.418 0.3333333433
84657  -26.186  -18.201  -21.144 0.1111111119
88693  -20.276  -15.740  -22.300 0.2222222239
88694  -20.986  -15.711  -22.796 0.3333333433
87389  -21.558  -16.490  -22.936 0.3333333433
88695  -21.589  -15.624  -23.477 0.3333333433
87403  -22.157  -16.339  -23.560 0.3333333433
85988  -22.077  -16.985  -22.950 0.3333333433
85989  -22.649  -16.889  -23.204 0.3333333433
85979  -23.917  -16.947  -22.447 0.3333333433
85990  -23.170  -16.767  -23.436 0.3333333433
87364  -24.634  -16.738  -21.981 0.3333333433
87391  -24.122  -16.169  -22.836 0.3333333433
87365  -25.617  -16.482  -21.673 0.3333333433
85962  -26.415  -17.269  -21.438 0.1111111119
89876  -20.534  -14.709  -22.613 0.2222222239
89891  -20.982  -14.286  -23.136 0.3333333433
88706  -22.117  -15.567  -24.458 0.3333333433
87404  -22.784  -16.370  -24.094 0.3333333433
87405  -23.639  -16.304  -23.972 0.3333333433
87406  -24.088  -15.670  -23.580 0.3333333433
87366  -26.649  -16.269  -21.479 0.1111111119
91092  -20.037  -13.802  -22.240 0.3333333433
88724  -22.817  -15.306  -25.021 0.3333333433
88696  -24.514  -15.142  -22.807 0.3333333433
89878  -24.798  -14.670  -22.814 0.3333333433
89879  -25.327  -14.498  -22.449 0.3333333433
105769  -27.285  -1.554  -23.494 0.2222222239
109381  -27.430  1.746  -23.192 0.3333333433
109382  -28.719  1.457  -23.807 0.2222222239
83399  -23.713  -19.497  -21.301 0.3333333433
83388  -24.270  -19.721  -20.833 0.3333333433
84645  -27.209  -18.908  -20.403 0.1111111119
85976  -21.493  -17.578  -22.705 0.3333333433
85978  -23.228  -17.461  -22.644 0.3333333433
85960  -24.185  -17.704  -21.782 0.3333333433
85961  -25.357  -17.462  -21.509 0.3333333433
88697  -25.064  -15.152  -22.197 0.3333333433
79642  -26.142  -22.511  -19.972 0.1111111119
82145  -21.224  -20.179  -21.513 0.3333333433
82146  -21.957  -20.494  -21.449 0.3333333433
82135  -22.293  -20.847  -21.094 0.3333333433
82136  -22.808  -20.727  -21.099 0.3333333433
82137  -23.848  -20.702  -20.715 0.3333333433
82138  -24.790  -20.638  -20.143 0.3333333433
79644  -27.885  -22.039  -19.692 0.1111111119
82126  -27.668  -20.488  -19.536 0.1111111119
84665  -20.797  -18.583  -22.109 0.3333333433
83379  -27.647  -19.754  -19.668 0.1111111119
87363  -20.301  -17.200  -22.119 0.2222222239
84633  -28.068  -19.090  -19.821 0.1111111119
88678  -19.860  -15.870  -21.673 0.2222222239
84658  -27.032  -17.909  -21.103 0.1111111119
89875  -19.881  -14.837  -21.966 0.2222222239
87367  -27.624  -16.101  -21.444 0.1111111119
88680  -25.761  -15.293  -21.735 0.1111111119
89867  -26.270  -14.361  -21.835 0.1111111119
92241  -19.611  -13.253  -22.092 0.1111111119
107093  -27.988  -0.571  -23.786 0.2222222239
109396  -29.268  1.880  -24.206 0.2222222239
109397  -29.558  1.584  -24.348 0.2222222239
92250  -19.207  -12.176  -22.389 0.2222222239
98230  -18.141  -7.309  -23.273 0.5555555820
91093  -20.458  -13.690  -22.895 0.3333333433
108270  -28.672  0.446  -23.746 0.2222222239
80872  -27.417  -21.612  -19.614 0.1111111119
80870  -25.430  -21.611  -19.860 0.1111111119
82147  -22.717  -20.060  -21.482 0.3333333433
83407  -22.620  -19.294  -22.203 0.3333333433
83406  -22.148  -19.331  -22.456 0.3333333433
83387  -23.397  -19.992  -21.170 0.3333333433
85958  -20.341  -17.893  -21.861 0.2222222239
83404  -20.991  -19.029  -22.320 0.2222222239
83396  -21.180  -19.756  -21.935 0.3333333433
83398  -23.131  -19.376  -21.759 0.3333333433
85959  -23.515  -18.325  -22.058 0.3333333433
84643  -24.810  -19.154  -20.873 0.2222222239
89877  -21.111  -14.982  -23.174 0.3333333433
85977  -22.338  -17.733  -22.841 0.3333333433
87390  -23.542  -16.694  -23.059 0.3333333433
88679  -24.890  -15.814  -22.122 0.3333333433
85963  -27.486  -17.101  -21.340 0.1111111119
87421  -23.055  -15.974  -24.546 0.3333333433
89866  -25.750  -14.688  -21.937 0.1111111119
79641  -25.098  -22.482  -20.218 0.1111111119
80869  -24.430  -21.586  -20.338 0.2222222239
80880  -21.715  -20.961  -20.892 0.3333333433
80878  -21.122  -20.503  -21.022 0.2222222239
80867  -22.264  -21.328  -20.802 0.3333333433
80868  -23.385  -21.541  -20.664 0.3333333433
84653  -20.536  -18.750  -21.430 0.2222222239
105771  -28.996  -0.636  -23.414 0.1111111119
107072  -29.401  -0.069  -23.016 0.1111111119
108247  -29.648  0.535  -23.498 0.1111111119
108248  -30.327  0.757  -23.094 0.1111111119
109383  -29.132  1.055  -23.901 0.1111111119
109363  -30.697  1.322  -23.818 0.1111111119
109384  -30.539  1.500  -24.392 0.1111111119
110432  -29.165  3.004  -24.282 0.2222222239
108289  -29.801  1.358  -24.411 0.1111111119
111589  -29.935  3.323  -25.549 0.1111111119
112704  -27.865  4.783  -23.820 0.2222222239
112735  -29.964  4.246  -25.332 0.1111111119
111588  -29.751  2.955  -25.093 0.1111111119
110494  -30.821  3.126  -27.178 0.1111111119
116322  -25.224  7.325  -23.053 0.4444444478
112749  -30.686  4.233  -26.475 0.1111111119
118602  -26.097  8.743  -22.443 0.4444444478
119636  -25.514  10.194  -22.815 0.4444444478
118631  -27.163  9.867  -24.390 0.4444444478
115183  -32.138  6.687  -27.055 0.3333333433
115182  -31.579  6.375  -26.628 0.2222222239
113973  -32.000  5.717  -28.482 0.1111111119
112767  -31.711  4.557  -28.290 0.1111111119
113981  -31.403  5.473  -30.064 0.1111111119
118632  -28.000  9.592  -24.390 0.4444444478
117531  -28.918  9.188  -23.972 0.4444444478
117533  -29.705  9.245  -24.144 0.4444444478
117543  -29.416  8.452  -24.066 0.4444444478
117544  -30.272  8.681  -24.338 0.4444444478
118657  -32.344  8.781  -26.937 0.4444444478
117573  -32.257  8.157  -26.688 0.2222222239
117574  -32.384  8.272  -27.489 0.2222222239
116397  -32.303  7.432  -28.132 0.2222222239
116408  -31.974  7.484  -29.044 0.2222222239
121381  -31.566  11.942  -29.737 0.1111111119
119684  -31.754  11.080  -29.147 0.1111111119
117607  -30.632  8.644  -30.974 0.1111111119
119619  -26.644  10.395  -21.683 0.4444444478
119620  -27.206  10.647  -22.191 0.4444444478
120496  -26.834  11.290  -22.568 0.4444444478
118622  -28.598  9.955  -23.978 0.3333333433
117532  -29.422  9.123  -24.000 0.4444444478
119649  -30.307  10.313  -25.058 0.4444444478
119654  -31.262  10.595  -25.725 0.4444444478
118635  -30.813  9.492  -25.140 0.4444444478
118640  -32.008  9.233  -26.162 0.4444444478
120533  -31.303  11.442  -26.300 0.3333333433
118641  -32.348  9.883  -26.764 0.3333333433
119668  -32.297  10.496  -27.185 0.1111111119
118658  -32.388  9.447  -27.538 0.1111111119
118675  -31.888  9.590  -28.919 0.1111111119
117588  -32.248  8.469  -28.448 0.2222222239
119701  -31.263  10.478  -29.566 0.1111111119
118604  -27.263  9.472  -22.089 0.2222222239
118624  -29.365  9.447  -24.171 0.3333333433
118634  -29.698  9.734  -24.500 0.3333333433
119667  -31.857  11.029  -26.639 0.4444444478
120546  -31.395  11.669  -27.192 0.2222222239
119682  -31.829  11.106  -27.555 0.2222222239
119683  -31.880  10.710  -28.427 0.1111111119
121369  -30.613  12.234  -28.333 0.1111111119
121370  -30.924  11.744  -28.257 0.1111111119
120556  -31.380  11.446  -28.434 0.1111111119
120568  -30.821  11.672  -29.094 0.1111111119
120569  -31.178  11.127  -29.608 0.1111111119
118633  -29.166  10.295  -24.292 0.3333333433
119647  -28.854  10.884  -23.920 0.3333333433
119648  -29.578  10.805  -24.625 0.3333333433
119653  -30.340  11.014  -25.207 0.3333333433
120532  -30.610  11.653  -25.765 0.3333333433
120545  -30.943  11.969  -26.514 0.2222222239
121359  -30.783  12.390  -27.214 0.2222222239
122296  -30.022  13.034  -28.702 0.1111111119
121386  -29.711  12.587  -30.308 0.1111111119
121388  -31.005  12.061  -30.596 0.1111111119
124032  -30.691  14.620  -29.522 0.1111111119
119639  -28.464  10.769  -23.005 0.1111111119
120518  -28.496  11.875  -23.148 0.1111111119
120524  -29.227  11.797  -24.136 0.2222222239
121335  -29.523  12.698  -24.789 0.2222222239
120525  -29.929  11.719  -24.942 0.3333333433
121336  -30.078  12.316  -25.465 0.3333333433
121345  -29.868  12.931  -25.701 0.2222222239
122266  -29.989  13.517  -26.582 0.1111111119
123148  -29.833  14.416  -27.503 0.1111111119
123149  -30.059  13.828  -27.648 0.1111111119
123168  -30.038  13.819  -28.243 0.1111111119
121379  -30.169  12.317  -29.555 0.1111111119
122308  -29.513  13.294  -29.964 0.1111111119
124030  -29.831  14.418  -30.181 0.1111111119
121399  -30.525  12.563  -30.727 0.1111111119
122310  -31.427  13.096  -29.533 0.1111111119
122311  -32.005  12.638  -28.928 0.1111111119
121332  -28.101  12.999  -22.829 0.1111111119
121333  -28.714  12.811  -23.815 0.1111111119
122252  -28.595  13.815  -23.378 0.1111111119
123120  -29.643  14.314  -24.920 0.1111111119
122258  -29.610  13.620  -25.397 0.2222222239
123129  -29.714  14.650  -26.097 0.1111111119
123987  -29.483  15.588  -27.103 0.1111111119
124011  -29.739  15.512  -28.262 0.1111111119
123167  -29.891  14.497  -28.732 0.1111111119
122242  -28.205  13.913  -22.334 0.1111111119
123087  -28.915  14.338  -22.176 0.1111111119
123100  -28.810  14.318  -22.948 0.1111111119
123121  -30.242  14.853  -24.649 0.1111111119
123969  -30.115  15.569  -25.680 0.1111111119
124838  -29.904  16.575  -26.246 0.1111111119
124837  -29.326  16.642  -26.993 0.1111111119
123115  -30.340  15.083  -23.628 0.1111111119
123088  -29.659  14.508  -21.846 0.1111111119
107095  -29.202  0.070  -23.543 0.1111111119
109398  -30.254  1.746  -24.979 0.1111111119
110453  -29.866  2.003  -25.048 0.1111111119
111619  -30.809  3.543  -27.173 0.1111111119
120505  -25.698  10.845  -22.399 0.4444444478
116383  -32.048  7.293  -26.511 0.3333333433
115208  -32.083  6.534  -28.727 0.1111111119
115215  -31.627  6.494  -29.560 0.1111111119
112775  -31.648  4.665  -29.429 0.1111111119
117600  -31.716  8.537  -29.421 0.2222222239
119700  -30.753  10.141  -29.942 0.1111111119
120570  -31.465  11.272  -30.100 0.1111111119
123114  -29.412  14.329  -23.719 0.1111111119
123988  -29.667  15.946  -26.475 0.1111111119
124858  -29.408  16.657  -27.976 0.1111111119
123959  -30.493  15.871  -24.576 0.1111111119
123951  -30.556  16.172  -23.645 0.1111111119
108249  -30.801  1.425  -22.397 0.1111111119
108229  -30.225  0.733  -22.073 0.1111111119
110451  -29.073  2.094  -24.093 0.2222222239
111552  -28.913  3.645  -23.988 0.2222222239
111629  -31.518  3.680  -28.018 0.1111111119
118611  -25.559  8.923  -22.703 0.4444444478
121325  -25.802  11.757  -22.871 0.4444444478
119655  -32.121  10.298  -26.385 0.4444444478
121326  -28.156  13.002  -21.766 0.1111111119
121313  -28.543  12.626  -20.739 0.1111111119
105770  -28.395  -1.573  -23.449 0.1111111119
105757  -29.040  -1.099  -22.805 0.1111111119
107073  -29.749  0.242  -22.413 0.1111111119
108250  -31.121  1.785  -21.760 0.1111111119
108230  -30.659  1.174  -21.505 0.1111111119
109365  -31.549  2.159  -22.563 0.1111111119
109364  -31.255  1.717  -23.379 0.1111111119
110410  -31.724  2.271  -24.053 0.1111111119
110433  -31.679  2.329  -24.736 0.1111111119
110471  -31.112  2.430  -25.795 0.1111111119
109407  -30.712  2.019  -25.376 0.1111111119
109399  -31.045  1.926  -25.036 0.1111111119
110496  -31.767  2.787  -27.505 0.1111111119
110495  -31.270  3.041  -27.615 0.1111111119
116311  -25.365  7.403  -22.993 0.4444444478
110499  -31.744  3.219  -28.783 0.1111111119
111639  -31.711  3.755  -29.124 0.1111111119
113990  -31.191  5.418  -31.032 0.1111111119
112784  -31.241  4.443  -30.582 0.1111111119
119618  -26.216  10.186  -21.915 0.4444444478
121295  -25.943  11.069  -21.734 0.4444444478
116429  -30.630  8.095  -32.124 0.1111111119
117617  -29.746  9.499  -31.624 0.1111111119
118612  -27.916  9.775  -22.857 0.2222222239
118623  -28.777  9.852  -23.989 0.2222222239
119702  -31.849  10.756  -29.802 0.1111111119
118614  -28.447  9.909  -22.709 0.1111111119
121371  -32.315  11.782  -28.754 0.1111111119
122298  -32.708  12.862  -28.020 0.1111111119
119629  -28.603  10.680  -21.912 0.1111111119
120508  -28.130  12.118  -21.403 0.1111111119
122297  -31.863  13.594  -28.460 0.1111111119
122214  -29.046  12.899  -20.173 0.1111111119
124871  -29.874  16.596  -28.746 0.1111111119
124872  -30.260  16.551  -28.844 0.1111111119
124023  -30.358  15.373  -28.882 0.1111111119
124873  -30.853  16.584  -28.643 0.1111111119
122229  -28.908  13.663  -21.216 0.1111111119
125657  -30.138  17.275  -26.045 0.1111111119
125677  -28.895  17.822  -27.705 0.1111111119
124823  -30.622  16.892  -24.544 0.1111111119
110431  -28.550  2.639  -23.766 0.1111111119
113972  -31.857  5.294  -28.132 0.1111111119
117556  -31.803  8.068  -26.092 0.4444444478
111571  -29.762  3.757  -25.149 0.2222222239
118621  -27.706  10.185  -23.731 0.4444444478
108271  -29.420  0.813  -23.884 0.1111111119
109385  -31.223  1.739  -24.260 0.1111111119
110469  -29.872  2.775  -25.309 0.1111111119
110484  -30.728  2.946  -26.841 0.1111111119
110485  -31.129  2.667  -26.740 0.1111111119
113982  -31.833  5.663  -29.229 0.1111111119
117608  -31.198  8.542  -30.279 0.2222222239
116413  -31.061  7.547  -30.868 0.1111111119
122316  -31.042  12.964  -30.305 0.1111111119
120557  -31.927  11.145  -29.263 0.1111111119
117626  -30.005  8.923  -32.273 0.1111111119
116421  -30.616  7.736  -31.584 0.1111111119
118698  -30.708  9.289  -30.400 0.2222222239
118690  -31.161  9.560  -29.830 0.2222222239
120580  -30.621  11.458  -29.917 0.1111111119
121346  -30.390  12.540  -26.285 0.2222222239
122281  -30.291  13.227  -27.598 0.1111111119
123193  -30.193  13.790  -30.655 0.1111111119
123187  -31.023  13.839  -29.991 0.1111111119
123186  -30.569  14.136  -30.273 0.1111111119
123179  -31.180  14.208  -28.985 0.1111111119
120509  -28.286  11.518  -22.167 0.1111111119
122267  -30.414  12.956  -26.889 0.1111111119
123177  -29.693  14.195  -29.689 0.1111111119
124022  -30.120  15.172  -29.161 0.1111111119
120517  -28.131  12.322  -22.257 0.1111111119
122253  -29.145  13.620  -24.362 0.1111111119
123130  -29.948  14.823  -25.334 0.1111111119
123968  -29.709  15.425  -26.338 0.1111111119
123101  -29.581  14.663  -22.795 0.1111111119
124826  -30.397  16.643  -25.446 0.1111111119
107053  -29.472  -0.561  -22.202 0.1111111119
110452  -29.552  2.466  -24.653 0.1111111119
115214  -31.175  6.447  -30.479 0.1111111119
119714  -29.996  10.160  -30.826 0.1111111119
119716  -31.067  10.856  -30.394 0.1111111119
125694  -29.418  17.849  -28.824 0.1111111119
125645  -30.369  17.687  -25.381 0.1111111119
110500  -31.933  2.886  -28.455 0.1111111119
115223  -30.647  6.476  -31.403 0.1111111119
119732  -29.972  10.370  -31.847 0.1111111119
120558  -32.708  10.897  -28.802 0.1111111119
125656  -29.464  17.441  -26.553 0.1111111119
126487  -29.429  18.598  -26.587 0.1111111119
125676  -28.846  18.135  -28.142 0.1111111119
99515  -17.477  -6.035  -22.728 0.2222222239
101888  -16.947  -4.028  -22.635 0.2222222239
98240  -17.764  -7.089  -23.057 0.3333333433
100712  -17.407  -5.687  -23.017 0.4444444478
100699  -17.095  -5.012  -22.824 0.3333333433
117511  -25.656  7.075  -22.713 0.3333333433
117500  -25.282  6.846  -20.761 0.2222222239
117513  -27.118  8.169  -22.290 0.1111111119
118603  -26.710  9.077  -22.211 0.2222222239
112613  -20.095  4.653  -18.697 0.2222222239
112586  -19.283  4.243  -18.440 0.1111111119
96967  -17.983  -7.763  -23.026 0.2222222239
113793  -19.589  4.735  -18.586 0.1111111119
113818  -22.554  4.551  -18.990 0.1111111119
115030  -23.263  5.101  -18.392 0.1111111119
117485  -25.978  6.563  -20.394 0.1111111119
117521  -27.585  8.545  -22.529 0.1111111119
116297  -25.043  5.991  -20.576 0.2222222239
115078  -24.006  5.655  -18.807 0.1111111119
94544  -18.666  -10.620  -22.212 0.2222222239
95798  -17.991  -8.194  -23.002 0.2222222239
96968  -18.344  -8.001  -23.221 0.3333333433
108182  -15.669  0.417  -20.839 0.2222222239
116298  -25.016  5.761  -20.561 0.1111111119
107008  -15.645  -0.387  -20.964 0.1111111119
109293  -15.644  1.297  -20.753 0.3333333433
117512  -26.526  7.012  -22.732 0.1111111119
98228  -17.555  -6.965  -22.748 0.2222222239
116286  -25.361  5.635  -20.390 0.1111111119
117501  -26.101  6.897  -20.979 0.1111111119
115059  -23.824  5.065  -18.468 0.1111111119
116287  -25.998  5.735  -20.002 0.1111111119
117502  -27.145  6.094  -20.955 0.1111111119
115079  -24.266  4.920  -19.428 0.1111111119
100690  -27.432  -5.662  -22.321 0.1111111119
79638  -21.971  -22.364  -20.489 0.1111111119
79640  -24.059  -22.464  -20.479 0.1111111119
79636  -20.528  -22.275  -20.632 0.1111111119
80865  -20.891  -21.170  -20.772 0.1111111119
82144  -20.898  -20.189  -21.124 0.1111111119
83386  -20.599  -19.624  -21.083 0.1111111119
83395  -20.917  -19.434  -21.777 0.1111111119
94530  -18.427  -10.817  -21.749 0.1111111119
101857  -17.235  -4.631  -22.118 0.1111111119
100683  -17.352  -4.997  -22.508 0.1111111119
99525  -17.419  -5.930  -22.993 0.1111111119
155248  -16.906  4.635  -20.241 0.2222222239
111471  -18.802  4.083  -19.408 0.2222222239
79637  -21.181  -22.377  -20.775 0.1111111119
103090  -16.572  -3.568  -22.031 0.1111111119
103122  -16.411  -3.309  -22.736 0.1111111119
78414  -20.340  -22.825  -20.382 0.1111111119
78417  -22.621  -23.277  -20.155 0.1111111119
79635  -20.088  -22.275  -20.208 0.1111111119
80864  -20.227  -21.384  -20.480 0.1111111119
82134  -20.422  -20.455  -20.744 0.1111111119
84652  -20.259  -18.598  -20.895 0.1111111119
85957  -20.066  -17.962  -21.200 0.1111111119
93374  -18.532  -11.569  -21.564 0.1111111119
94529  -18.239  -10.213  -21.730 0.1111111119
95797  -17.650  -7.964  -22.537 0.1111111119
100658  -17.398  -5.395  -21.933 0.1111111119
109314  -17.750  2.080  -20.663 0.2222222239
110344  -19.116  3.569  -18.954 0.2222222239
110325  -18.789  3.311  -18.203 0.1111111119
78416  -21.654  -23.262  -20.318 0.1111111119
94554  -18.273  -9.022  -22.839 0.1111111119
87362  -19.946  -16.979  -21.525 0.1111111119
93385  -18.906  -11.641  -22.197 0.1111111119
80866  -21.521  -21.491  -20.786 0.1111111119
79639  -22.965  -22.382  -20.390 0.1111111119
98220  -17.432  -6.669  -22.449 0.1111111119
94543  -18.341  -9.580  -22.375 0.1111111119
96957  -17.405  -7.432  -22.374 0.1111111119
93358  -18.072  -11.042  -21.244 0.1111111119
109295  -19.013  3.450  -20.052 0.1111111119
82133  -19.849  -20.576  -20.323 0.1111111119
83385  -20.101  -19.777  -20.620 0.1111111119
93359  -18.503  -11.885  -20.715 0.1111111119
94528  -18.068  -9.203  -22.123 0.1111111119
109278  -18.843  2.728  -18.383 0.1111111119
110301  -18.630  2.612  -17.308 0.1111111119
112614  -20.482  4.533  -18.901 0.1111111119
109313  -16.831  1.449  -20.706 0.1111111119
112587  -20.003  4.128  -18.575 0.1111111119
112615  -21.268  4.411  -19.181 0.1111111119
78415  -20.772  -23.320  -20.480 0.1111111119
80857  -27.780  -21.079  -19.515 0.1111111119
80873  -27.900  -21.588  -19.601 0.1111111119
80879  -21.379  -20.740  -20.984 0.1111111119
82157  -21.440  -19.957  -21.910 0.3333333433
84642  -24.368  -19.245  -21.020 0.3333333433
87422  -23.391  -15.646  -24.563 0.4444444478
88707  -22.723  -15.831  -24.583 0.3333333433
88726  -23.945  -14.937  -24.293 0.4444444478
88742  -23.178  -14.923  -25.107 0.4444444478
89911  -22.293  -14.846  -25.302 0.4444444478
89928  -22.705  -14.602  -25.312 0.4444444478
91141  -22.540  -14.182  -25.342 0.4444444478
91142  -22.863  -14.034  -25.328 0.4444444478
93373  -18.305  -10.905  -21.557 0.1111111119
93396  -21.006  -12.014  -24.072 0.5555555820
93433  -22.818  -10.732  -25.193 0.5555555820
94534  -27.631  -10.485  -21.763 0.1111111119
95765  -27.806  -9.369  -21.129 0.1111111119
95799  -18.166  -8.426  -22.992 0.2222222239
96949  -27.054  -8.813  -21.839 0.1111111119
96966  -17.703  -7.506  -22.809 0.2222222239
96979  -17.535  -7.426  -22.996 0.2222222239
96980  -17.697  -7.608  -23.018 0.2222222239
97022  -23.873  -7.658  -26.264 0.8888888955
98229  -17.910  -7.376  -23.068 0.3333333433
98231  -18.477  -7.550  -23.419 0.5555555820
98239  -17.583  -6.821  -22.930 0.3333333433
98241  -17.980  -7.126  -23.197 0.3333333433
99498  -27.450  -6.951  -21.870 0.1111111119
99516  -18.137  -6.915  -23.867 0.3333333433
99527  -17.976  -6.685  -23.305 0.7777777910
100657  -17.176  -5.090  -21.847 0.1111111119
100667  -17.255  -5.173  -22.090 0.1111111119
100701  -17.575  -4.935  -23.373 0.5555555820
100713  -17.570  -5.777  -23.213 0.4444444478
101871  -17.070  -4.167  -22.307 0.2222222239
101908  -17.579  -4.124  -23.700 0.5555555820
103107  -16.420  -3.348  -22.482 0.1111111119
103138  -17.755  -3.446  -23.853 0.8888888955
104414  -15.979  -2.635  -22.636 0.5555555820
104462  -20.871  -3.390  -25.195 1.0000000000
105700  -15.723  -0.737  -20.973 0.1111111119
105701  -15.823  -0.795  -20.883 0.1111111119
105764  -16.127  -1.717  -23.156 0.6666666865
107009  -15.911  -0.404  -20.658 0.1111111119
107024  -15.667  -0.410  -21.533 0.1111111119
107064  -15.924  -0.697  -22.551 0.4444444478
107094  -28.792  -0.275  -23.691 0.1111111119
108167  -18.986  1.976  -18.600 0.1111111119
108200  -15.377  0.564  -21.309 0.2222222239
108219  -14.696  0.998  -22.252 0.4444444478
108238  -14.733  1.173  -22.835 0.5555555820
108259  -14.837  1.422  -22.921 0.5555555820
108272  -30.123  0.987  -23.884 0.1111111119
108290  -30.028  1.227  -24.369 0.1111111119
109292  -15.120  1.703  -20.782 0.4444444478
109312  -15.392  1.179  -21.049 0.2222222239
109333  -14.570  1.618  -21.743 0.4444444478
109352  -14.813  2.187  -22.318 0.4444444478
109353  -17.663  1.932  -22.898 0.7777777910
109354  -18.293  2.153  -22.692 0.7777777910
109373  -14.739  1.508  -22.817 0.4444444478
109374  -15.026  1.829  -22.846 0.4444444478
109394  -25.859  1.908  -23.944 0.5555555820
109406  -30.570  2.112  -25.532 0.1111111119
110279  -18.797  2.770  -17.041 0.1111111119
110280  -18.995  2.737  -16.997 0.1111111119
110345  -19.983  5.788  -19.965 0.6666666865
110346  -20.025  5.846  -20.226 0.6666666865
110362  -14.828  2.237  -20.660 0.4444444478
110365  -19.784  5.745  -20.205 0.6666666865
110366  -19.864  5.782  -20.420 0.6666666865
110384  -14.608  2.198  -21.251 0.4444444478
110385  -14.759  2.985  -20.799 0.4444444478
110402  -14.511  2.054  -21.748 0.4444444478
110423  -15.932  2.484  -22.740 0.5555555820
110424  -16.291  2.085  -22.968 0.6666666865
110449  -25.635  3.115  -24.521 0.5555555820
110467  -25.010  2.866  -25.730 0.6666666865
110470  -30.298  2.521  -25.770 0.1111111119
111411  -19.016  2.929  -17.240 0.1111111119
111453  -18.952  4.015  -18.776 0.1111111119
111472  -19.744  5.758  -20.007 0.5555555820
111473  -20.138  5.874  -20.090 0.6666666865
111488  -19.600  5.726  -20.411 0.6666666865
111489  -20.040  5.932  -20.514 0.6666666865
111490  -20.222  6.115  -20.714 0.6666666865
111503  -19.878  5.761  -21.090 0.7777777910
111506  -24.788  3.049  -20.937 0.7777777910
111507  -26.207  3.032  -21.949 0.7777777910
111508  -27.019  3.437  -22.387 0.7777777910
111509  -26.977  3.782  -22.648 0.7777777910
111522  -15.340  3.406  -21.251 0.4444444478
111524  -18.873  4.223  -22.354 0.8888888955
111525  -19.682  4.819  -22.390 1.0000000000
111528  -25.023  2.929  -22.103 0.7777777910
111530  -26.828  3.002  -22.694 0.7777777910
111531  -27.001  3.434  -22.767 0.7777777910
111542  -15.875  3.200  -22.263 0.6666666865
111547  -25.653  3.057  -23.225 0.7777777910
111548  -26.719  2.913  -22.991 0.7777777910
111549  -26.874  3.091  -23.114 0.7777777910
111570  -29.518  3.428  -24.749 0.2222222239
111587  -25.558  3.644  -25.581 0.6666666865
111605  -30.427  3.367  -26.499 0.1111111119
111606  -30.549  3.685  -26.783 0.1111111119
111618  -30.643  3.190  -26.972 0.1111111119
112610  -17.002  4.856  -19.827 0.4444444478
112639  -18.533  4.508  -19.308 0.2222222239
112641  -19.951  5.823  -19.885 0.6666666865
112658  -20.491  6.170  -20.479 0.6666666865
112660  -24.992  3.988  -19.809 0.7777777910
112668  -20.826  6.249  -21.194 0.6666666865
112669  -20.427  6.201  -20.863 0.6666666865
112670  -23.634  4.031  -20.138 0.7777777910
112673  -26.997  3.966  -22.082 0.7777777910
112674  -26.992  3.950  -22.317 0.7777777910
112685  -24.977  3.146  -20.858 0.7777777910
112686  -26.019  2.726  -21.135 0.7777777910
112688  -26.902  3.829  -22.547 0.7777777910
112695  -15.682  3.743  -21.494 0.4444444478
112701  -26.575  4.005  -23.234 0.7777777910
112702  -26.807  3.677  -22.852 0.7777777910
112705  -28.603  4.641  -23.764 0.3333333433
112719  -26.835  4.637  -24.677 0.4444444478
112721  -29.622  4.131  -24.880 0.3333333433
112733  -25.169  4.817  -26.598 0.6666666865
112736  -30.414  4.557  -25.706 0.1111111119
112748  -30.270  3.921  -25.936 0.1111111119
112768  -31.839  5.065  -28.660 0.1111111119
112776  -31.896  5.245  -28.966 0.1111111119
112792  -31.228  4.457  -31.409 0.1111111119
113794  -19.862  4.718  -18.607 0.2222222239
113814  -18.966  5.170  -18.883 0.4444444478
113839  -16.940  5.315  -19.955 0.4444444478
113859  -18.762  5.670  -20.126 0.6666666865
113860  -20.296  5.861  -19.891 0.6666666865
113862  -23.985  4.731  -19.822 0.7777777910
113863  -24.670  4.771  -19.719 0.7777777910
113873  -21.263  6.039  -21.052 0.6666666865
113875  -23.455  4.545  -20.011 0.7777777910
113878  -27.056  4.120  -21.170 0.7777777910
113887  -21.437  5.227  -21.026 0.6666666865
113890  -26.607  5.790  -21.017 0.6666666865
113902  -26.341  4.971  -22.935 0.7777777910
113904  -27.660  5.290  -24.365 0.4444444478
113915  -24.726  5.188  -24.605 0.6666666865
113917  -26.337  5.990  -25.326 0.4444444478
113921  -29.639  4.884  -24.740 0.4444444478
113935  -29.574  5.707  -24.738 0.5555555820
113948  -24.449  5.205  -26.224 0.6666666865
113961  -31.941  5.810  -27.833 0.1111111119
115028  -21.469  6.490  -18.942 0.3333333433
115029  -21.755  6.933  -19.254 0.3333333433
115056  -21.145  6.141  -19.078 0.4444444478
115058  -23.042  5.232  -18.916 0.1111111119
115076  -21.109  5.971  -18.999 0.4444444478
115091  -21.919  5.343  -20.025 0.5555555820
115092  -21.518  5.291  -19.756 0.4444444478
115094  -23.880  4.998  -19.867 0.7777777910
115105  -22.024  5.783  -20.005 0.5555555820
115107  -23.672  4.976  -20.010 0.7777777910
115108  -23.994  5.196  -20.008 0.6666666865
115120  -25.889  6.818  -21.758 0.6666666865
115121  -26.768  6.037  -22.386 0.6666666865
115131  -25.567  6.986  -22.124 0.6666666865
115168  -25.992  6.592  -25.587 0.5555555820
115170  -30.315  6.119  -25.242 0.5555555820
115196  -32.192  6.509  -27.824 0.1111111119
116240  -21.296  6.553  -19.474 0.4444444478
116241  -21.610  6.857  -19.072 0.4444444478
116266  -21.615  6.191  -19.160 0.4444444478
116267  -21.704  6.598  -19.694 0.4444444478
116269  -26.044  6.046  -20.228 0.1111111119
116270  -26.548  6.005  -20.058 0.1111111119
116282  -20.959  6.199  -19.210 0.4444444478
116295  -21.907  5.151  -19.690 0.5555555820
116306  -21.925  4.965  -20.051 0.5555555820
116320  -22.950  4.910  -19.971 0.6666666865
116323  -25.270  7.563  -23.017 0.5555555820
116345  -24.782  7.148  -24.465 0.6666666865
116351  -30.805  7.504  -24.998 0.5555555820
116365  -25.550  7.136  -25.359 0.6666666865
116384  -32.357  7.372  -27.255 0.3333333433
116414  -31.394  7.491  -29.896 0.1111111119
117463  -22.060  6.368  -19.066 0.4444444478
117464  -25.989  6.501  -20.220 0.1111111119
117465  -26.279  6.217  -20.306 0.1111111119
117466  -26.698  6.009  -20.439 0.1111111119
117482  -22.720  5.994  -19.088 0.4444444478
117483  -23.047  6.159  -19.332 0.3333333433
117486  -26.477  6.337  -20.651 0.1111111119
117487  -26.820  6.031  -20.596 0.1111111119
117497  -23.017  5.576  -19.643 0.4444444478
117508  -22.835  6.401  -20.067 0.5555555820
117520  -25.177  7.991  -22.855 0.5555555820
117554  -25.485  7.799  -25.197 0.6666666865
117618  -29.963  8.895  -31.585 0.1111111119
117625  -29.704  9.427  -31.948 0.1111111119
118592  -23.709  5.799  -19.903 0.5555555820
118593  -22.993  6.095  -20.033 0.5555555820
118600  -23.240  5.635  -19.987 0.5555555820
118601  -23.194  6.139  -19.910 0.5555555820
118689  -30.569  9.844  -30.230 0.1111111119
118696  -29.772  10.012  -31.067 0.1111111119
118697  -30.123  9.637  -30.794 0.1111111119
118705  -29.708  9.935  -31.583 0.1111111119
118706  -29.807  9.634  -31.324 0.1111111119
119604  -26.240  10.598  -21.676 0.4444444478
119605  -26.458  10.672  -21.721 0.4444444478
119627  -25.750  9.969  -22.301 0.4444444478
119628  -27.488  10.941  -23.002 0.4444444478
119715  -30.454  10.345  -30.468 0.1111111119
119724  -29.964  10.372  -31.139 0.1111111119
119725  -30.639  10.541  -31.269 0.1111111119
120479  -26.068  10.786  -21.684 0.4444444478
120480  -26.184  10.984  -21.716 0.4444444478
120494  -25.860  10.740  -21.926 0.4444444478
120495  -26.428  11.286  -22.002 0.4444444478
120506  -26.311  11.758  -22.678 0.4444444478
120507  -26.720  11.360  -23.150 0.4444444478
120514  -25.608  11.126  -22.908 0.5555555820
120515  -25.957  11.410  -23.313 0.5555555820
120516  -26.481  11.067  -23.443 0.5555555820
120522  -26.207  10.944  -23.520 0.5555555820
120523  -26.407  10.872  -23.571 0.5555555820
120555  -30.906  11.715  -28.513 0.1111111119
120581  -30.951  11.220  -30.446 0.1111111119
120582  -31.251  11.441  -30.462 0.1111111119
121296  -25.976  11.402  -21.764 0.4444444478
121311  -25.782  11.279  -22.028 0.4444444478
121312  -25.854  11.874  -22.156 0.4444444478
121324  -25.712  11.466  -22.568 0.4444444478
121330  -25.782  11.563  -23.038 0.4444444478
121331  -25.920  11.631  -23.245 0.4444444478
121360  -30.963  11.826  -27.851 0.1111111119
121378  -29.627  12.747  -29.830 0.1111111119
121380  -31.296  12.492  -30.104 0.1111111119
121387  -30.348  11.999  -30.469 0.1111111119
121389  -31.340  11.578  -30.318 0.1111111119
121397  -29.886  12.566  -30.839 0.1111111119
121398  -30.303  12.504  -30.833 0.1111111119
122280  -30.034  13.761  -27.312 0.1111111119
122309  -29.668  12.983  -29.431 0.1111111119
122315  -29.677  13.156  -30.624 0.1111111119
122319  -29.970  13.106  -30.987 0.1111111119
122320  -30.349  13.023  -30.796 0.1111111119
122321  -30.664  12.789  -30.622 0.1111111119
123113  -28.875  14.187  -23.341 0.1111111119
123178  -29.742  13.652  -29.157 0.1111111119
123185  -29.708  13.817  -30.355 0.1111111119
123192  -29.869  13.695  -30.647 0.1111111119
123194  -30.631  13.457  -30.521 0.1111111119
124031  -30.228  14.702  -30.114 0.1111111119
124037  -29.831  14.042  -30.475 0.1111111119
124038  -29.977  14.190  -30.522 0.1111111119
125693  -28.977  18.185  -28.424 0.1111111119
155249  -16.948  2.557  -22.829 0.6666666865
155252  -16.759  5.108  -20.026 0.4444444478
155255  -17.926  4.217  -22.054 0.7777777910
155257  -18.158  5.170  -21.457 0.5555555820
155259  -17.859  5.353  -21.251 0.5555555820
