#!ascii label  , from subject 4105 vox2ras=TkReg
467
108298  -21.981  -0.167  -25.519 0.0000000000
100716  -19.474  -5.543  -24.299 0.0000000000
100750  -24.380  -5.031  -26.271 0.0000000000
94588  -22.989  -10.290  -25.489 0.0000000000
118632  -28.000  9.592  -24.390 0.0000000000
117553  -25.231  7.461  -25.151 0.0000000000
111526  -20.849  4.645  -22.577 0.0000000000
88741  -22.995  -14.854  -25.233 0.0000000000
98256  -20.976  -7.569  -25.366 0.0000000000
95813  -20.444  -9.729  -24.221 0.0000000000
117540  -26.688  8.852  -25.216 0.0000000000
116309  -24.003  6.842  -20.737 0.0000000000
108263  -18.343  0.433  -23.367 0.0000000000
111523  -16.879  3.384  -22.445 0.0000000000
110446  -20.861  2.334  -24.020 0.0000000000
111567  -23.183  4.119  -24.425 0.0000000000
110481  -22.954  1.930  -25.983 0.0000000000
107136  -24.194  -0.557  -26.476 0.0000000000
104429  -16.579  -2.598  -23.354 0.0000000000
104446  -20.637  -2.804  -24.842 0.0000000000
104479  -23.431  -2.667  -26.752 0.0000000000
101941  -21.952  -4.650  -26.422 0.0000000000
98280  -24.127  -7.194  -26.280 0.0000000000
95803  -25.308  -9.388  -23.798 0.0000000000
112657  -20.271  6.030  -20.132 0.0000000000
112672  -26.296  3.651  -21.127 0.0000000000
113932  -24.633  5.701  -25.332 0.0000000000
92263  -20.688  -12.624  -23.705 0.0000000000
92283  -23.455  -12.505  -25.007 0.0000000000
95812  -19.707  -9.149  -23.813 0.0000000000
95802  -19.707  -9.849  -23.584 0.0000000000
117509  -24.081  7.018  -20.932 0.0000000000
117507  -22.861  5.972  -19.913 0.0000000000
107088  -19.889  -0.199  -23.921 0.0000000000
109378  -19.046  1.649  -22.930 0.0000000000
109390  -20.481  1.474  -24.105 0.0000000000
110447  -22.044  2.572  -24.392 0.0000000000
108284  -22.272  0.919  -25.405 0.0000000000
109412  -23.702  1.300  -26.688 0.0000000000
107125  -22.940  -0.649  -26.246 0.0000000000
101909  -18.159  -4.306  -24.077 0.0000000000
104431  -18.202  -2.653  -23.852 0.0000000000
103152  -19.886  -3.595  -24.535 0.0000000000
103165  -21.003  -3.910  -25.507 0.0000000000
101925  -20.729  -4.732  -25.132 0.0000000000
97001  -21.897  -8.627  -25.434 0.0000000000
98278  -22.839  -7.249  -26.004 0.0000000000
97003  -23.692  -8.274  -26.065 0.0000000000
97005  -24.957  -8.005  -25.399 0.0000000000
95816  -24.572  -9.618  -25.111 0.0000000000
121325  -25.802  11.757  -22.871 0.0000000000
119620  -27.206  10.647  -22.191 0.0000000000
117532  -29.422  9.123  -24.000 0.0000000000
119649  -30.307  10.313  -25.058 0.0000000000
117545  -31.253  8.371  -25.345 0.0000000000
117555  -26.054  8.116  -25.278 0.0000000000
110386  -18.522  4.105  -22.279 0.0000000000
155256  -18.298  5.300  -21.312 0.0000000000
112682  -20.812  5.716  -21.700 0.0000000000
113888  -22.475  4.402  -20.666 0.0000000000
112684  -22.865  4.187  -21.444 0.0000000000
112745  -23.663  4.501  -25.531 0.0000000000
113931  -23.987  5.265  -25.056 0.0000000000
113949  -24.821  5.111  -26.550 0.0000000000
103180  -23.705  -3.592  -26.786 0.0000000000
104480  -24.035  -2.646  -26.469 0.0000000000
89892  -21.445  -14.589  -23.865 0.0000000000
91106  -21.610  -13.413  -24.225 0.0000000000
92281  -22.116  -12.470  -24.581 0.0000000000
91143  -23.210  -13.881  -25.226 0.0000000000
99529  -19.034  -6.613  -23.866 0.0000000000
99530  -19.843  -6.606  -24.542 0.0000000000
98242  -19.603  -7.544  -24.072 0.0000000000
96982  -20.933  -8.664  -25.039 0.0000000000
95815  -22.035  -9.978  -25.206 0.0000000000
119644  -25.554  10.092  -23.276 0.0000000000
118630  -26.275  9.650  -24.191 0.0000000000
117530  -25.091  8.469  -23.382 0.0000000000
117529  -24.600  7.804  -23.557 0.0000000000
117528  -24.610  7.419  -22.786 0.0000000000
108261  -16.090  0.466  -22.955 0.0000000000
109376  -16.883  1.736  -23.069 0.0000000000
109355  -18.826  2.398  -22.701 0.0000000000
111543  -19.999  4.007  -23.153 0.0000000000
111545  -22.362  4.026  -23.601 0.0000000000
110428  -22.068  3.372  -24.007 0.0000000000
111583  -22.667  3.056  -24.804 0.0000000000
111603  -24.210  3.488  -26.328 0.0000000000
109404  -24.625  1.952  -26.174 0.0000000000
87406  -24.088  -15.670  -23.580 0.0000000000
89913  -24.065  -14.291  -24.267 0.0000000000
105765  -16.939  -1.661  -23.559 0.0000000000
107110  -19.230  -1.455  -23.851 0.0000000000
105788  -21.071  -1.691  -24.911 0.0000000000
105807  -22.567  -1.427  -26.102 0.0000000000
104447  -21.286  -2.357  -25.125 0.0000000000
103178  -22.406  -3.746  -26.460 0.0000000000
101956  -23.400  -4.526  -26.973 0.0000000000
99539  -21.381  -6.666  -25.592 0.0000000000
100730  -22.416  -6.000  -26.455 0.0000000000
99561  -24.353  -6.145  -26.201 0.0000000000
98261  -25.102  -7.254  -25.504 0.0000000000
96986  -25.570  -7.949  -23.908 0.0000000000
116350  -30.063  7.584  -24.396 0.0000000000
116319  -22.272  4.958  -19.725 0.0000000000
113876  -25.567  4.960  -20.054 0.0000000000
115132  -25.717  6.731  -23.277 0.0000000000
111546  -24.219  3.762  -23.705 0.0000000000
113901  -25.517  5.393  -23.966 0.0000000000
115166  -25.011  6.419  -25.151 0.0000000000
105821  -23.833  -1.614  -26.960 0.0000000000
104448  -24.887  -1.888  -25.074 0.0000000000
93394  -19.924  -11.479  -23.125 0.0000000000
93412  -20.924  -11.073  -24.235 0.0000000000
93414  -22.541  -11.345  -24.928 0.0000000000
93434  -23.118  -10.887  -25.154 0.0000000000
91125  -24.188  -13.320  -24.292 0.0000000000
93397  -24.452  -11.806  -24.405 0.0000000000
93417  -24.529  -11.244  -24.498 0.0000000000
116283  -21.557  6.131  -19.631 0.0000000000
107089  -20.266  0.157  -24.313 0.0000000000
108265  -20.145  0.665  -23.927 0.0000000000
108282  -20.651  0.648  -24.546 0.0000000000
109391  -21.253  1.524  -24.611 0.0000000000
108283  -21.579  0.457  -25.177 0.0000000000
108299  -22.511  0.362  -25.856 0.0000000000
100715  -18.546  -5.421  -23.873 0.0000000000
100702  -18.049  -4.889  -23.694 0.0000000000
103139  -18.502  -3.459  -24.217 0.0000000000
101923  -19.085  -4.330  -24.312 0.0000000000
101924  -20.090  -4.601  -24.488 0.0000000000
95835  -22.511  -9.565  -25.458 0.0000000000
97002  -22.846  -8.602  -25.704 0.0000000000
95836  -23.325  -9.421  -25.663 0.0000000000
95837  -24.167  -9.289  -25.679 0.0000000000
119638  -27.010  10.695  -23.580 0.0000000000
118621  -27.706  10.185  -23.731 0.0000000000
117531  -28.918  9.188  -23.972 0.0000000000
117533  -29.705  9.245  -24.144 0.0000000000
117544  -30.272  8.681  -24.338 0.0000000000
117543  -29.416  8.452  -24.066 0.0000000000
117538  -24.942  7.732  -24.755 0.0000000000
116346  -26.711  7.635  -25.300 0.0000000000
116366  -26.047  7.370  -25.480 0.0000000000
155250  -18.599  4.553  -22.057 0.0000000000
155258  -17.993  4.902  -21.646 0.0000000000
155251  -18.553  5.034  -21.642 0.0000000000
112655  -18.608  5.456  -21.010 0.0000000000
112683  -21.531  4.923  -21.978 0.0000000000
111604  -24.607  3.884  -26.225 0.0000000000
112746  -24.053  4.471  -26.090 0.0000000000
101958  -24.467  -4.209  -26.368 0.0000000000
103181  -24.190  -3.663  -26.546 0.0000000000
101942  -24.787  -4.505  -25.751 0.0000000000
88724  -22.817  -15.306  -25.021 0.0000000000
88706  -22.117  -15.567  -24.458 0.0000000000
88723  -22.143  -15.166  -25.123 0.0000000000
89910  -21.816  -14.538  -24.964 0.0000000000
89927  -22.296  -14.380  -25.315 0.0000000000
91122  -22.383  -13.630  -25.070 0.0000000000
89929  -23.231  -14.431  -25.146 0.0000000000
99518  -18.545  -7.077  -23.567 0.0000000000
98232  -18.949  -7.568  -23.636 0.0000000000
96981  -20.105  -8.497  -24.188 0.0000000000
95814  -21.417  -9.731  -24.892 0.0000000000
118620  -25.268  9.264  -23.076 0.0000000000
118629  -25.632  9.457  -23.656 0.0000000000
116322  -25.224  7.325  -23.053 0.0000000000
117518  -24.425  7.523  -22.037 0.0000000000
116321  -24.451  7.079  -21.965 0.0000000000
108262  -17.231  0.439  -23.189 0.0000000000
109379  -19.931  1.508  -23.494 0.0000000000
110425  -19.188  2.525  -22.760 0.0000000000
110406  -18.686  3.352  -22.550 0.0000000000
110426  -20.087  2.822  -23.039 0.0000000000
110427  -21.525  3.096  -23.454 0.0000000000
110464  -22.825  2.457  -25.371 0.0000000000
110465  -23.214  3.095  -25.721 0.0000000000
110482  -23.382  2.482  -26.305 0.0000000000
110483  -24.168  2.256  -26.693 0.0000000000
108308  -23.926  0.251  -26.847 0.0000000000
109413  -24.293  1.100  -26.648 0.0000000000
107126  -24.508  -0.405  -26.099 0.0000000000
87391  -24.122  -16.169  -22.836 0.0000000000
88679  -24.890  -15.814  -22.122 0.0000000000
105763  -15.743  -2.084  -22.841 0.0000000000
107065  -16.094  -0.722  -22.861 0.0000000000
104444  -18.942  -2.655  -24.221 0.0000000000
105785  -18.773  -1.885  -23.859 0.0000000000
105786  -19.448  -1.953  -24.106 0.0000000000
107111  -19.805  -1.156  -23.902 0.0000000000
105787  -20.249  -1.817  -24.393 0.0000000000
101940  -21.281  -4.752  -25.841 0.0000000000
103166  -21.713  -3.835  -25.936 0.0000000000
101955  -22.646  -4.574  -26.850 0.0000000000
99538  -20.604  -6.629  -25.129 0.0000000000
98279  -23.476  -7.307  -26.204 0.0000000000
99559  -22.938  -6.533  -26.303 0.0000000000
99560  -23.645  -6.346  -26.428 0.0000000000
98260  -24.686  -7.020  -26.066 0.0000000000
99541  -24.859  -6.455  -25.786 0.0000000000
96984  -24.798  -8.723  -25.286 0.0000000000
96985  -25.380  -8.063  -24.770 0.0000000000
96971  -25.435  -8.722  -23.875 0.0000000000
96972  -25.954  -8.271  -23.289 0.0000000000
117541  -27.836  8.945  -25.079 0.0000000000
116349  -29.215  7.635  -24.355 0.0000000000
110422  -15.318  2.551  -22.229 0.0000000000
113843  -20.114  5.654  -19.492 0.0000000000
113861  -21.118  6.023  -20.119 0.0000000000
115106  -21.646  5.402  -20.085 0.0000000000
115117  -21.967  4.920  -20.051 0.0000000000
112671  -25.120  3.590  -20.010 0.0000000000
112659  -24.217  4.314  -19.952 0.0000000000
113877  -26.241  4.497  -20.819 0.0000000000
113889  -25.825  6.143  -21.169 0.0000000000
113891  -26.930  4.890  -21.812 0.0000000000
111527  -23.326  3.602  -22.391 0.0000000000
113900  -25.077  5.107  -24.406 0.0000000000
113916  -24.877  5.880  -24.459 0.0000000000
115147  -24.847  6.548  -24.394 0.0000000000
113934  -25.833  5.776  -25.697 0.0000000000
105819  -22.513  -2.145  -26.210 0.0000000000
105820  -23.109  -1.709  -26.599 0.0000000000
104464  -24.581  -2.237  -25.895 0.0000000000
92262  -20.224  -12.073  -23.361 0.0000000000
93395  -20.603  -11.508  -23.826 0.0000000000
92282  -22.810  -12.504  -25.052 0.0000000000
93413  -21.457  -11.497  -24.410 0.0000000000
93415  -23.226  -11.617  -25.071 0.0000000000
96970  -19.372  -8.366  -23.728 0.0000000000
95801  -19.062  -9.243  -23.452 0.0000000000
117519  -25.022  7.589  -22.619 0.0000000000
116308  -23.599  5.984  -20.019 0.0000000000
108264  -19.405  0.515  -23.468 0.0000000000
110445  -20.330  2.029  -23.682 0.0000000000
109392  -22.147  1.536  -25.062 0.0000000000
109403  -22.649  1.419  -25.683 0.0000000000
109411  -23.058  1.321  -26.285 0.0000000000
108307  -23.333  0.329  -26.476 0.0000000000
107135  -24.030  -0.634  -26.655 0.0000000000
101907  -17.158  -4.103  -23.169 0.0000000000
103137  -17.101  -3.387  -23.452 0.0000000000
104430  -17.346  -2.593  -23.656 0.0000000000
103151  -19.190  -3.339  -24.441 0.0000000000
104445  -19.709  -2.687  -24.451 0.0000000000
103153  -20.494  -3.832  -24.993 0.0000000000
97000  -21.342  -8.136  -25.420 0.0000000000
98257  -21.694  -7.605  -25.606 0.0000000000
98258  -22.432  -7.791  -25.756 0.0000000000
98259  -23.074  -7.853  -25.943 0.0000000000
97023  -24.091  -7.804  -26.238 0.0000000000
97004  -24.498  -7.967  -25.895 0.0000000000
95817  -25.007  -9.298  -24.486 0.0000000000
121295  -25.943  11.069  -21.734 0.0000000000
118622  -28.598  9.955  -23.978 0.0000000000
118634  -29.698  9.734  -24.500 0.0000000000
118640  -32.008  9.233  -26.162 0.0000000000
117539  -25.586  8.519  -24.439 0.0000000000
116348  -28.346  7.803  -24.591 0.0000000000
116347  -27.522  7.833  -25.030 0.0000000000
113840  -17.474  5.611  -20.348 0.0000000000
113858  -18.260  5.806  -20.265 0.0000000000
112656  -19.046  5.545  -20.596 0.0000000000
111504  -20.077  6.005  -20.886 0.0000000000
113874  -21.267  6.071  -20.582 0.0000000000
113886  -21.188  5.972  -21.330 0.0000000000
111505  -24.052  3.430  -21.083 0.0000000000
112732  -23.445  4.557  -24.986 0.0000000000
112717  -24.004  4.638  -24.554 0.0000000000
113947  -23.976  5.190  -25.784 0.0000000000
113933  -25.128  5.608  -26.055 0.0000000000
103167  -24.536  -3.425  -25.987 0.0000000000
92264  -21.381  -12.404  -24.207 0.0000000000
91123  -23.074  -13.370  -25.221 0.0000000000
99528  -18.335  -6.460  -23.570 0.0000000000
98243  -20.337  -7.590  -24.728 0.0000000000
96983  -21.547  -9.118  -25.140 0.0000000000
95834  -21.900  -9.418  -25.225 0.0000000000
118602  -26.097  8.743  -22.443 0.0000000000
120505  -25.698  10.845  -22.399 0.0000000000
119637  -25.645  10.744  -23.211 0.0000000000
119646  -26.515  10.526  -23.733 0.0000000000
118631  -27.163  9.867  -24.390 0.0000000000
119645  -25.954  10.476  -23.596 0.0000000000
116334  -24.691  7.124  -23.561 0.0000000000
110404  -16.569  2.468  -22.841 0.0000000000
109377  -17.911  1.420  -23.170 0.0000000000
110405  -17.542  2.498  -22.664 0.0000000000
110407  -19.579  3.796  -22.911 0.0000000000
112697  -21.271  4.439  -22.519 0.0000000000
111544  -20.934  4.118  -23.069 0.0000000000
111566  -22.582  3.488  -24.371 0.0000000000
111584  -23.080  3.680  -25.178 0.0000000000
111602  -23.614  3.639  -25.860 0.0000000000
111585  -24.618  3.564  -26.243 0.0000000000
110466  -24.590  3.007  -26.284 0.0000000000
109405  -25.153  1.738  -25.471 0.0000000000
100732  -25.113  -5.163  -25.104 0.0000000000
87405  -23.639  -16.304  -23.972 0.0000000000
88708  -23.870  -15.478  -24.238 0.0000000000
88725  -23.553  -14.957  -24.755 0.0000000000
107085  -16.641  -0.666  -23.193 0.0000000000
107086  -17.625  -0.659  -23.491 0.0000000000
105766  -17.930  -1.715  -23.667 0.0000000000
107087  -18.892  -0.787  -23.595 0.0000000000
107112  -20.604  -0.534  -24.594 0.0000000000
107113  -21.530  -0.754  -25.307 0.0000000000
107124  -22.261  -0.751  -25.757 0.0000000000
105806  -21.933  -1.891  -25.514 0.0000000000
104463  -21.422  -3.033  -25.377 0.0000000000
104477  -22.188  -2.922  -25.971 0.0000000000
104478  -22.780  -2.800  -26.556 0.0000000000
103179  -23.013  -3.629  -26.963 0.0000000000
101957  -24.077  -4.401  -26.753 0.0000000000
100717  -20.340  -5.635  -24.763 0.0000000000
100728  -21.082  -5.681  -25.351 0.0000000000
100729  -21.721  -5.716  -26.155 0.0000000000
99540  -22.214  -6.785  -25.957 0.0000000000
100747  -22.316  -5.312  -26.639 0.0000000000
100748  -23.017  -5.567  -26.820 0.0000000000
100749  -23.829  -5.333  -26.611 0.0000000000
100731  -24.790  -5.593  -25.751 0.0000000000
99542  -25.276  -6.202  -25.235 0.0000000000
98245  -25.503  -7.332  -24.156 0.0000000000
117542  -28.597  8.790  -24.362 0.0000000000
116296  -21.907  5.679  -19.961 0.0000000000
116307  -22.250  5.811  -20.008 0.0000000000
115118  -22.521  4.596  -20.044 0.0000000000
115093  -23.885  4.869  -20.057 0.0000000000
115119  -24.962  6.355  -21.036 0.0000000000
116333  -24.846  7.287  -22.841 0.0000000000
112698  -21.937  4.056  -22.432 0.0000000000
111529  -25.991  2.704  -22.590 0.0000000000
112699  -24.882  4.676  -24.341 0.0000000000
112700  -25.691  4.221  -23.852 0.0000000000
112687  -26.815  4.265  -22.569 0.0000000000
115133  -26.315  5.890  -23.224 0.0000000000
116364  -25.128  7.077  -25.095 0.0000000000
115148  -26.580  6.683  -25.255 0.0000000000
107134  -23.627  -0.682  -26.577 0.0000000000
105822  -24.224  -1.323  -26.392 0.0000000000
105808  -24.578  -1.200  -25.610 0.0000000000
94556  -19.316  -10.500  -22.939 0.0000000000
94557  -20.125  -10.609  -23.577 0.0000000000
94567  -20.617  -10.698  -24.085 0.0000000000
94568  -21.118  -10.559  -24.471 0.0000000000
94569  -21.868  -10.598  -24.875 0.0000000000
94587  -22.489  -10.437  -25.235 0.0000000000
89912  -23.647  -14.353  -24.837 0.0000000000
91124  -23.635  -13.606  -24.901 0.0000000000
92284  -24.054  -12.527  -24.611 0.0000000000
93416  -23.940  -11.314  -24.883 0.0000000000
93435  -23.441  -11.017  -25.005 0.0000000000
94589  -23.610  -10.361  -25.336 0.0000000000
94570  -24.195  -10.226  -25.190 0.0000000000
87422  -23.391  -15.646  -24.563 0.0000000000
88742  -23.178  -14.923  -25.107 0.0000000000
89911  -22.293  -14.846  -25.302 0.0000000000
89928  -22.705  -14.602  -25.312 0.0000000000
91141  -22.540  -14.182  -25.342 0.0000000000
91142  -22.863  -14.034  -25.328 0.0000000000
93396  -21.006  -12.014  -24.072 0.0000000000
93433  -22.818  -10.732  -25.193 0.0000000000
97022  -23.873  -7.658  -26.264 0.0000000000
101908  -17.579  -4.124  -23.700 0.0000000000
103138  -17.755  -3.446  -23.853 0.0000000000
104462  -20.871  -3.390  -25.195 0.0000000000
105764  -16.127  -1.717  -23.156 0.0000000000
108309  -24.306  0.076  -26.551 0.0000000000
109353  -17.663  1.932  -22.898 0.0000000000
109354  -18.293  2.153  -22.692 0.0000000000
110345  -19.983  5.788  -19.965 0.0000000000
110346  -20.025  5.846  -20.226 0.0000000000
110365  -19.784  5.745  -20.205 0.0000000000
110366  -19.864  5.782  -20.420 0.0000000000
110423  -15.932  2.484  -22.740 0.0000000000
110467  -25.010  2.866  -25.730 0.0000000000
111473  -20.138  5.874  -20.090 0.0000000000
111488  -19.600  5.726  -20.411 0.0000000000
111489  -20.040  5.932  -20.514 0.0000000000
111490  -20.222  6.115  -20.714 0.0000000000
111503  -19.878  5.761  -21.090 0.0000000000
111506  -24.788  3.049  -20.937 0.0000000000
111507  -26.207  3.032  -21.949 0.0000000000
111508  -27.019  3.437  -22.387 0.0000000000
111509  -26.977  3.782  -22.648 0.0000000000
111524  -18.873  4.223  -22.354 0.0000000000
111525  -19.682  4.819  -22.390 0.0000000000
111528  -25.023  2.929  -22.103 0.0000000000
111530  -26.828  3.002  -22.694 0.0000000000
111531  -27.001  3.434  -22.767 0.0000000000
111542  -15.875  3.200  -22.263 0.0000000000
111547  -25.653  3.057  -23.225 0.0000000000
111548  -26.719  2.913  -22.991 0.0000000000
111549  -26.874  3.091  -23.114 0.0000000000
112641  -19.951  5.823  -19.885 0.0000000000
112658  -20.491  6.170  -20.479 0.0000000000
112660  -24.992  3.988  -19.809 0.0000000000
112668  -20.826  6.249  -21.194 0.0000000000
112669  -20.427  6.201  -20.863 0.0000000000
112670  -23.634  4.031  -20.138 0.0000000000
112673  -26.997  3.966  -22.082 0.0000000000
112674  -26.992  3.950  -22.317 0.0000000000
112685  -24.977  3.146  -20.858 0.0000000000
112686  -26.019  2.726  -21.135 0.0000000000
112688  -26.902  3.829  -22.547 0.0000000000
112701  -26.575  4.005  -23.234 0.0000000000
112702  -26.807  3.677  -22.852 0.0000000000
112733  -25.169  4.817  -26.598 0.0000000000
113860  -20.296  5.861  -19.891 0.0000000000
113862  -23.985  4.731  -19.822 0.0000000000
113863  -24.670  4.771  -19.719 0.0000000000
113873  -21.263  6.039  -21.052 0.0000000000
113875  -23.455  4.545  -20.011 0.0000000000
113878  -27.056  4.120  -21.170 0.0000000000
113887  -21.437  5.227  -21.026 0.0000000000
113890  -26.607  5.790  -21.017 0.0000000000
113902  -26.341  4.971  -22.935 0.0000000000
113915  -24.726  5.188  -24.605 0.0000000000
113948  -24.449  5.205  -26.224 0.0000000000
115056  -21.145  6.141  -19.078 0.0000000000
115076  -21.109  5.971  -18.999 0.0000000000
115091  -21.919  5.343  -20.025 0.0000000000
115094  -23.880  4.998  -19.867 0.0000000000
115105  -22.024  5.783  -20.005 0.0000000000
115107  -23.672  4.976  -20.010 0.0000000000
115108  -23.994  5.196  -20.008 0.0000000000
115120  -25.889  6.818  -21.758 0.0000000000
115121  -26.768  6.037  -22.386 0.0000000000
115131  -25.567  6.986  -22.124 0.0000000000
115168  -25.992  6.592  -25.587 0.0000000000
116240  -21.296  6.553  -19.474 0.0000000000
116266  -21.615  6.191  -19.160 0.0000000000
116282  -20.959  6.199  -19.210 0.0000000000
116295  -21.907  5.151  -19.690 0.0000000000
116306  -21.925  4.965  -20.051 0.0000000000
116320  -22.950  4.910  -19.971 0.0000000000
116345  -24.782  7.148  -24.465 0.0000000000
116351  -30.805  7.504  -24.998 0.0000000000
116365  -25.550  7.136  -25.359 0.0000000000
117497  -23.017  5.576  -19.643 0.0000000000
117508  -22.835  6.401  -20.067 0.0000000000
117554  -25.485  7.799  -25.197 0.0000000000
118600  -23.240  5.635  -19.987 0.0000000000
118601  -23.194  6.139  -19.910 0.0000000000
119627  -25.750  9.969  -22.301 0.0000000000
120479  -26.068  10.786  -21.684 0.0000000000
120480  -26.184  10.984  -21.716 0.0000000000
120494  -25.860  10.740  -21.926 0.0000000000
120506  -26.311  11.758  -22.678 0.0000000000
120507  -26.720  11.360  -23.150 0.0000000000
120514  -25.608  11.126  -22.908 0.0000000000
120515  -25.957  11.410  -23.313 0.0000000000
120516  -26.481  11.067  -23.443 0.0000000000
120522  -26.207  10.944  -23.520 0.0000000000
120523  -26.407  10.872  -23.571 0.0000000000
121296  -25.976  11.402  -21.764 0.0000000000
121311  -25.782  11.279  -22.028 0.0000000000
121312  -25.854  11.874  -22.156 0.0000000000
121324  -25.712  11.466  -22.568 0.0000000000
121330  -25.782  11.563  -23.038 0.0000000000
121331  -25.920  11.631  -23.245 0.0000000000
155249  -16.948  2.557  -22.829 0.0000000000
155255  -17.926  4.217  -22.054 0.0000000000
155257  -18.158  5.170  -21.457 0.0000000000
155259  -17.859  5.353  -21.251 0.0000000000
