#!ascii label  , from subject 4105 vox2ras=TkReg
1068
83389  -25.312  -19.780  -20.328 0.4285714328
84657  -26.186  -18.201  -21.144 0.2857142985
84644  -25.830  -18.991  -20.616 0.4285714328
84658  -27.032  -17.909  -21.103 0.4285714328
85943  -27.719  -17.924  -20.852 0.4285714328
85962  -26.415  -17.269  -21.438 0.2857142985
85963  -27.486  -17.101  -21.340 0.4285714328
85964  -28.224  -16.621  -21.366 0.4285714328
88680  -25.761  -15.293  -21.735 0.4285714328
88681  -26.933  -15.276  -21.400 0.4285714328
89867  -26.270  -14.361  -21.835 0.4285714328
91085  -26.831  -13.585  -21.567 0.4285714328
92253  -25.842  -12.794  -22.831 0.5714285970
91095  -26.293  -13.339  -22.237 0.5714285970
92242  -26.881  -12.590  -21.639 0.4285714328
92243  -27.604  -12.405  -21.270 0.2857142985
92267  -26.040  -12.092  -22.948 0.7142857313
93375  -26.798  -11.839  -22.049 0.7142857313
95792  -27.196  -10.118  -22.135 0.7142857313
95783  -28.027  -10.111  -21.335 0.4285714328
93388  -26.949  -11.397  -22.115 0.7142857313
94547  -27.106  -10.887  -22.209 0.5714285970
96933  -27.801  -9.078  -20.988 0.5714285970
94546  -26.596  -10.341  -22.634 0.5714285970
95781  -27.129  -9.242  -21.859 0.5714285970
96961  -26.441  -8.542  -22.457 0.5714285970
96950  -27.621  -8.433  -21.298 0.5714285970
95791  -26.834  -9.432  -22.227 0.5714285970
96951  -28.155  -7.895  -21.109 0.4285714328
99497  -27.159  -7.193  -22.055 0.5714285970
100676  -27.755  -6.158  -21.816 0.5714285970
98224  -26.392  -7.569  -22.730 0.7142857313
99509  -27.354  -6.366  -22.245 0.7142857313
100677  -28.277  -5.790  -21.217 0.5714285970
96985  -25.380  -8.063  -24.770 0.5714285970
99519  -26.420  -6.681  -23.093 0.8571428657
101878  -27.837  -5.353  -21.869 0.7142857313
101863  -28.767  -5.106  -20.695 0.5714285970
99532  -25.780  -6.393  -23.953 0.7142857313
98244  -25.419  -6.931  -24.743 0.5714285970
101895  -27.573  -4.622  -22.486 0.7142857313
103098  -28.958  -4.086  -20.971 0.5714285970
100703  -26.543  -5.753  -23.305 0.7142857313
101896  -28.133  -3.879  -22.256 0.5714285970
101894  -27.011  -5.353  -22.758 0.7142857313
103116  -29.143  -3.293  -21.147 0.5714285970
101910  -26.762  -4.683  -23.235 0.7142857313
103129  -28.314  -3.155  -22.544 0.7142857313
103115  -28.626  -3.443  -21.746 0.7142857313
101911  -27.369  -3.956  -23.131 0.7142857313
103141  -27.641  -3.208  -23.245 0.7142857313
105756  -28.758  -1.908  -22.602 0.7142857313
105741  -28.836  -2.028  -22.194 0.5714285970
103140  -26.705  -3.506  -23.477 0.7142857313
101926  -25.619  -4.609  -24.441 0.5714285970
105757  -29.040  -1.099  -22.805 0.5714285970
107053  -29.472  -0.561  -22.202 0.5714285970
104450  -25.823  -2.997  -23.861 0.8571428657
103156  -25.845  -3.841  -23.941 0.8571428657
105770  -28.395  -1.573  -23.449 0.7142857313
104434  -27.489  -2.495  -23.442 0.8571428657
107093  -27.988  -0.571  -23.786 0.8571428657
105771  -28.996  -0.636  -23.414 0.5714285970
105769  -27.285  -1.554  -23.494 0.8571428657
105768  -26.119  -1.514  -23.400 0.8571428657
104433  -26.528  -2.385  -23.482 0.8571428657
108269  -27.677  0.499  -23.366 0.8571428657
109383  -29.132  1.055  -23.901 0.8571428657
109381  -27.430  1.746  -23.192 0.8571428657
107092  -26.852  -0.571  -23.321 0.8571428657
108288  -26.836  0.983  -23.187 0.8571428657
109393  -25.592  2.066  -24.798 1.0000000000
109395  -26.452  1.526  -23.310 1.0000000000
107116  -25.999  -0.054  -23.131 0.8571428657
109380  -26.373  2.030  -23.360 1.0000000000
108287  -25.956  0.831  -23.461 1.0000000000
110450  -25.902  3.322  -23.885 1.0000000000
113949  -24.821  5.111  -26.550 0.7142857313
110429  -25.862  2.689  -23.738 1.0000000000
110468  -25.408  3.060  -25.284 1.0000000000
111569  -26.267  4.033  -24.171 1.0000000000
113919  -27.845  5.923  -24.372 1.0000000000
115148  -26.580  6.683  -25.255 0.8571428657
115151  -29.150  6.650  -24.576 0.8571428657
115150  -28.137  6.841  -24.417 1.0000000000
117573  -32.257  8.157  -26.688 0.8571428657
116367  -31.471  7.306  -25.809 0.8571428657
115171  -30.940  6.386  -25.694 1.0000000000
118641  -32.348  9.883  -26.764 0.8571428657
118658  -32.388  9.447  -27.538 0.8571428657
119668  -32.297  10.496  -27.185 0.7142857313
118635  -30.813  9.492  -25.140 0.5714285970
120546  -31.395  11.669  -27.192 0.7142857313
121370  -30.924  11.744  -28.257 0.5714285970
120532  -30.610  11.653  -25.765 0.5714285970
119654  -31.262  10.595  -25.725 0.5714285970
121336  -30.078  12.316  -25.465 0.4285714328
122266  -29.989  13.517  -26.582 0.4285714328
123149  -30.059  13.828  -27.648 0.4285714328
122253  -29.145  13.620  -24.362 0.2857142985
122258  -29.610  13.620  -25.397 0.2857142985
122252  -28.595  13.815  -23.378 0.2857142985
98213  -27.077  -7.734  -21.972 0.5714285970
101879  -28.288  -4.593  -21.593 0.5714285970
107072  -29.401  -0.069  -23.016 0.5714285970
104435  -28.063  -2.586  -23.306 0.7142857313
108270  -28.672  0.446  -23.746 0.8571428657
109382  -28.719  1.457  -23.807 0.8571428657
112734  -25.647  4.749  -25.945 0.8571428657
123088  -29.659  14.508  -21.846 0.1428571492
85961  -25.357  -17.462  -21.509 0.2857142985
87365  -25.617  -16.482  -21.673 0.2857142985
87367  -27.624  -16.101  -21.444 0.4285714328
89869  -28.216  -14.780  -21.273 0.4285714328
88679  -24.890  -15.814  -22.122 0.2857142985
89880  -25.882  -13.946  -22.306 0.4285714328
87366  -26.649  -16.269  -21.479 0.4285714328
89856  -27.849  -13.813  -21.126 0.4285714328
89894  -25.096  -13.852  -23.090 0.5714285970
92254  -26.416  -12.356  -22.419 0.5714285970
93376  -27.511  -11.531  -21.662 0.4285714328
93399  -25.784  -11.568  -23.233 0.2857142985
93387  -26.477  -11.408  -22.642 0.7142857313
95804  -25.925  -9.448  -23.148 0.5714285970
99484  -29.081  -6.758  -20.230 0.4285714328
96971  -25.435  -8.722  -23.875 0.7142857313
96972  -25.954  -8.271  -23.289 0.7142857313
98214  -27.758  -7.536  -21.427 0.7142857313
99499  -28.109  -6.843  -21.304 0.5714285970
99483  -28.577  -6.565  -20.808 0.4285714328
100689  -26.965  -6.119  -22.688 0.7142857313
100690  -27.432  -5.662  -22.321 0.7142857313
98245  -25.503  -7.332  -24.156 0.5714285970
98233  -25.869  -7.356  -23.488 0.5714285970
104407  -28.982  -2.713  -21.534 0.5714285970
99531  -25.516  -6.303  -24.655 0.5714285970
103099  -29.422  -3.530  -20.412 0.5714285970
104406  -28.711  -2.489  -22.207 0.5714285970
100719  -26.127  -5.257  -23.929 0.8571428657
107095  -29.202  0.070  -23.543 0.5714285970
105791  -25.826  -0.745  -23.382 1.0000000000
109405  -25.153  1.738  -25.471 1.0000000000
112747  -24.644  4.463  -26.345 0.8571428657
113932  -24.633  5.701  -25.332 0.7142857313
112718  -26.306  5.184  -25.297 1.0000000000
112703  -27.451  4.912  -24.463 1.0000000000
115167  -25.484  6.403  -25.425 0.7142857313
113903  -27.442  5.256  -24.591 1.0000000000
115166  -25.011  6.419  -25.151 0.7142857313
115149  -27.249  6.800  -24.767 0.8571428657
115169  -29.844  6.108  -24.898 1.0000000000
119655  -32.121  10.298  -26.385 0.7142857313
121346  -30.390  12.540  -26.285 0.7142857313
120533  -31.303  11.442  -26.300 0.7142857313
121359  -30.783  12.390  -27.214 0.7142857313
120525  -29.929  11.719  -24.942 0.4285714328
122296  -30.022  13.034  -28.702 0.4285714328
123148  -29.833  14.416  -27.503 0.4285714328
123120  -29.643  14.314  -24.920 0.2857142985
123129  -29.714  14.650  -26.097 0.4285714328
94558  -25.173  -10.106  -23.790 0.4285714328
121345  -29.868  12.931  -25.701 0.4285714328
83390  -26.384  -19.740  -20.071 0.4285714328
84645  -27.209  -18.908  -20.403 0.4285714328
84656  -25.059  -18.373  -21.164 0.2857142985
84643  -24.810  -19.154  -20.873 0.2857142985
84646  -28.301  -18.303  -20.308 0.4285714328
88697  -25.064  -15.152  -22.197 0.2857142985
89866  -25.750  -14.688  -21.937 0.4285714328
89868  -27.476  -14.329  -21.342 0.4285714328
89879  -25.327  -14.498  -22.449 0.4285714328
91094  -25.628  -13.600  -22.717 0.4285714328
92266  -25.436  -12.247  -23.357 0.2857142985
94559  -25.864  -10.713  -23.259 0.5714285970
98215  -28.185  -7.433  -21.157 0.4285714328
99508  -26.927  -6.915  -22.329 0.7142857313
100663  -28.841  -5.985  -20.608 0.5714285970
96986  -25.570  -7.949  -23.908 0.7142857313
103128  -27.866  -3.632  -22.816 0.7142857313
100718  -25.594  -5.661  -24.585 0.7142857313
101927  -26.195  -4.391  -23.790 0.8571428657
104420  -28.390  -2.468  -22.921 0.7142857313
108268  -26.662  0.324  -23.161 0.8571428657
105767  -25.717  -1.633  -23.775 0.8571428657
111586  -25.035  3.889  -26.272 1.0000000000
113933  -25.128  5.608  -26.055 0.8571428657
118657  -32.344  8.781  -26.937 0.8571428657
118640  -32.008  9.233  -26.162 0.8571428657
119667  -31.857  11.029  -26.639 0.7142857313
120545  -30.943  11.969  -26.514 0.5714285970
122267  -30.414  12.956  -26.889 0.4285714328
121335  -29.523  12.698  -24.789 0.2857142985
123114  -29.412  14.329  -23.719 0.2857142985
123101  -29.581  14.663  -22.795 0.1428571492
93398  -25.073  -11.347  -23.912 0.2857142985
113934  -25.833  5.776  -25.697 1.0000000000
125694  -29.418  17.849  -28.824 0.2857142985
126515  -28.968  18.739  -29.086 0.1428571492
124011  -29.739  15.512  -28.262 0.2857142985
124871  -29.874  16.596  -28.746 0.2857142985
125676  -28.846  18.135  -28.142 0.1428571492
126503  -29.036  19.055  -27.685 0.1428571492
123968  -29.709  15.425  -26.338 0.1428571492
123987  -29.483  15.588  -27.103 0.2857142985
124837  -29.326  16.642  -26.993 0.1428571492
124872  -30.260  16.551  -28.844 0.2857142985
122311  -32.005  12.638  -28.928 0.2857142985
123187  -31.023  13.839  -29.991 0.2857142985
126487  -29.429  18.598  -26.587 0.1428571492
123167  -29.891  14.497  -28.732 0.2857142985
120569  -31.178  11.127  -29.608 0.2857142985
124022  -30.120  15.172  -29.161 0.2857142985
119701  -31.263  10.478  -29.566 0.1428571492
121388  -31.005  12.061  -30.596 0.2857142985
123193  -30.193  13.790  -30.655 0.2857142985
125677  -28.895  17.822  -27.705 0.1428571492
122308  -29.513  13.294  -29.964 0.2857142985
155338  -31.103  9.966  -32.282 0.1428571492
119716  -31.067  10.856  -30.394 0.1428571492
120557  -31.927  11.145  -29.263 0.4285714328
120568  -30.821  11.672  -29.094 0.2857142985
116413  -31.061  7.547  -30.868 0.2857142985
118675  -31.888  9.590  -28.919 0.4285714328
120556  -31.380  11.446  -28.434 0.2857142985
122281  -30.291  13.227  -27.598 0.2857142985
113998  -31.239  5.549  -31.956 0.1428571492
118698  -30.708  9.289  -30.400 0.2857142985
119683  -31.880  10.710  -28.427 0.4285714328
117588  -32.248  8.469  -28.448 0.5714285970
112784  -31.241  4.443  -30.582 0.1428571492
113990  -31.191  5.418  -31.032 0.1428571492
119682  -31.829  11.106  -27.555 0.4285714328
116408  -31.974  7.484  -29.044 0.4285714328
110517  -31.737  3.117  -30.304 0.2857142985
111639  -31.711  3.755  -29.124 0.7142857313
117574  -32.384  8.272  -27.489 0.7142857313
113937  -30.648  5.294  -25.791 0.8571428657
113972  -31.857  5.294  -28.132 0.8571428657
116397  -32.303  7.432  -28.132 0.5714285970
110500  -31.933  2.886  -28.455 0.2857142985
110506  -32.139  2.957  -29.613 0.2857142985
115208  -32.083  6.534  -28.727 0.7142857313
116350  -30.063  7.584  -24.396 0.5714285970
115182  -31.579  6.375  -26.628 0.8571428657
111640  -32.563  3.062  -28.922 0.1428571492
111629  -31.518  3.680  -28.018 0.7142857313
111630  -32.369  3.061  -28.061 0.1428571492
109412  -23.702  1.300  -26.688 0.5714285970
110466  -24.590  3.007  -26.284 0.8571428657
111585  -24.618  3.564  -26.243 0.8571428657
111603  -24.210  3.488  -26.328 0.4285714328
111604  -24.607  3.884  -26.225 0.5714285970
113918  -27.069  5.635  -24.773 0.8571428657
111552  -28.913  3.645  -23.988 0.8571428657
113920  -28.890  5.598  -24.182 0.8571428657
110486  -31.785  2.666  -26.689 0.2857142985
111571  -29.762  3.757  -25.149 0.8571428657
112749  -30.686  4.233  -26.475 0.8571428657
115195  -31.855  6.174  -27.361 0.8571428657
111607  -32.496  2.945  -26.704 0.4285714328
110484  -30.728  2.946  -26.841 0.7142857313
111619  -30.809  3.543  -27.173 0.7142857313
109411  -23.058  1.321  -26.285 0.2857142985
109404  -24.625  1.952  -26.174 0.5714285970
110483  -24.168  2.256  -26.693 0.5714285970
110448  -25.392  2.567  -25.189 0.8571428657
111551  -28.093  3.870  -23.393 0.8571428657
111550  -27.263  4.230  -23.869 0.8571428657
112704  -27.865  4.783  -23.820 0.8571428657
112720  -29.278  4.385  -24.300 0.8571428657
110471  -31.112  2.430  -25.795 0.4285714328
110469  -29.872  2.775  -25.309 0.8571428657
111589  -29.935  3.323  -25.549 0.8571428657
110472  -32.027  2.613  -25.973 0.4285714328
103181  -24.190  -3.663  -26.546 0.7142857313
104479  -23.431  -2.667  -26.752 0.4285714328
103168  -24.966  -3.749  -25.380 0.7142857313
104448  -24.887  -1.888  -25.074 0.8571428657
105822  -24.224  -1.323  -26.392 0.5714285970
107135  -24.030  -0.634  -26.655 0.5714285970
107125  -22.940  -0.649  -26.246 0.4285714328
105789  -24.915  -1.154  -25.007 0.8571428657
107136  -24.194  -0.557  -26.476 0.5714285970
107115  -25.609  -0.090  -24.024 0.8571428657
108300  -24.798  0.734  -25.950 0.7142857313
109413  -24.293  1.100  -26.648 0.5714285970
108289  -29.801  1.358  -24.411 0.7142857313
109397  -29.558  1.584  -24.348 0.7142857313
110451  -29.073  2.094  -24.093 0.7142857313
110431  -28.550  2.639  -23.766 0.8571428657
110434  -32.361  2.833  -24.473 0.2857142985
109399  -31.045  1.926  -25.036 0.4285714328
109407  -30.712  2.019  -25.376 0.5714285970
100750  -24.380  -5.031  -26.271 0.4285714328
103180  -23.705  -3.592  -26.786 0.4285714328
104449  -25.308  -2.466  -24.454 0.7142857313
104432  -25.725  -2.078  -23.768 0.7142857313
107114  -24.970  -0.213  -25.121 0.8571428657
108271  -29.420  0.813  -23.884 0.7142857313
109385  -31.223  1.739  -24.260 0.2857142985
109384  -30.539  1.500  -24.392 0.5714285970
99542  -25.276  -6.202  -25.235 0.4285714328
99561  -24.353  -6.145  -26.201 0.5714285970
100732  -25.113  -5.163  -25.104 0.5714285970
101942  -24.787  -4.505  -25.751 0.5714285970
108248  -30.327  0.757  -23.094 0.4285714328
109364  -31.255  1.717  -23.379 0.4285714328
109363  -30.697  1.322  -23.818 0.4285714328
96984  -24.798  -8.723  -25.286 0.5714285970
101864  -29.313  -4.570  -20.118 0.4285714328
105743  -29.719  -0.708  -21.448 0.4285714328
108211  -30.324  0.530  -21.349 0.4285714328
107073  -29.749  0.242  -22.413 0.4285714328
91076  -28.732  -13.388  -20.816 0.1428571492
105723  -29.394  -1.915  -20.416 0.4285714328
105724  -29.764  -1.107  -20.720 0.4285714328
93366  -28.054  -11.991  -21.209 0.1428571492
94536  -28.727  -10.977  -21.012 0.1428571492
96935  -29.206  -8.285  -20.048 0.2857142985
103063  -30.087  -4.435  -18.595 0.2857142985
104337  -30.995  -2.945  -17.988 0.2857142985
104336  -30.105  -3.345  -18.616 0.2857142985
100664  -29.395  -5.728  -20.006 0.4285714328
104363  -30.206  -2.143  -18.694 0.2857142985
105704  -29.756  -1.567  -19.751 0.2857142985
105703  -29.522  -2.013  -19.924 0.4285714328
92235  -29.056  -12.513  -20.731 0.1428571492
93378  -28.732  -11.442  -20.964 0.1428571492
94504  -29.752  -10.404  -20.307 0.2857142985
95767  -29.222  -9.526  -20.447 0.2857142985
99438  -30.349  -6.776  -18.479 0.2857142985
100620  -30.482  -5.969  -18.465 0.2857142985
100643  -30.093  -6.041  -19.269 0.2857142985
99461  -29.524  -6.571  -19.582 0.2857142985
101830  -30.162  -5.236  -18.610 0.2857142985
93368  -29.215  -11.435  -20.569 0.1428571492
96883  -30.409  -8.764  -18.832 0.2857142985
94505  -30.481  -10.647  -19.937 0.2857142985
95744  -30.126  -9.589  -19.852 0.2857142985
94523  -28.593  -10.241  -20.987 0.2857142985
98180  -29.716  -7.676  -19.001 0.2857142985
85944  -28.483  -17.344  -20.932 0.2857142985
88669  -28.757  -14.796  -21.060 0.1428571492
88682  -27.893  -15.297  -21.433 0.2857142985
82140  -27.035  -20.567  -19.608 0.2857142985
82139  -25.870  -20.617  -19.738 0.2857142985
87369  -28.997  -15.688  -21.147 0.2857142985
83379  -27.647  -19.754  -19.668 0.1428571492
80870  -25.430  -21.611  -19.860 0.2857142985
79642  -26.142  -22.511  -19.972 0.1428571492
94524  -29.098  -10.515  -20.642 0.1428571492
95745  -30.896  -10.209  -19.582 0.2857142985
98150  -30.313  -7.796  -18.438 0.2857142985
101831  -30.760  -5.038  -18.131 0.2857142985
99462  -29.781  -6.921  -18.881 0.2857142985
103064  -30.683  -3.973  -18.168 0.2857142985
105705  -30.440  -1.074  -19.196 0.2857142985
104480  -24.035  -2.646  -26.469 0.7142857313
108309  -24.306  0.076  -26.551 0.5714285970
108247  -29.648  0.535  -23.498 0.4285714328
110410  -31.724  2.271  -24.053 0.2857142985
110433  -31.679  2.329  -24.736 0.5714285970
115152  -29.851  6.802  -24.746 0.7142857313
110453  -29.866  2.003  -25.048 0.7142857313
113936  -30.100  5.263  -25.207 0.8571428657
117545  -31.253  8.371  -25.345 0.5714285970
116383  -32.048  7.293  -26.511 0.7142857313
110454  -31.598  2.430  -25.354 0.2857142985
112758  -31.314  4.396  -27.283 0.8571428657
115183  -32.138  6.687  -27.055 0.8571428657
110499  -31.744  3.219  -28.783 0.5714285970
121379  -30.169  12.317  -29.555 0.2857142985
115214  -31.175  6.447  -30.479 0.4285714328
117608  -31.198  8.542  -30.279 0.4285714328
125644  -29.849  17.896  -26.065 0.1428571492
119684  -31.754  11.080  -29.147 0.2857142985
119700  -30.753  10.141  -29.942 0.1428571492
124023  -30.358  15.373  -28.882 0.2857142985
84632  -27.615  -19.236  -19.948 0.1428571492
84647  -29.005  -17.720  -20.188 0.1428571492
88684  -28.927  -15.231  -21.100 0.1428571492
87368  -28.401  -15.932  -21.387 0.2857142985
91077  -29.593  -13.299  -20.648 0.1428571492
92217  -30.460  -12.028  -20.103 0.1428571492
94506  -30.919  -10.907  -19.486 0.1428571492
95766  -28.168  -9.507  -20.965 0.2857142985
95768  -29.598  -8.862  -19.947 0.2857142985
100621  -31.104  -5.844  -17.554 0.2857142985
98200  -28.607  -7.479  -20.708 0.2857142985
101957  -24.077  -4.401  -26.753 0.2857142985
107014  -31.089  -0.079  -19.092 0.2857142985
103167  -24.536  -3.425  -25.987 0.7142857313
103154  -24.859  -2.901  -25.227 0.5714285970
105820  -23.109  -1.709  -26.599 0.4285714328
105821  -23.833  -1.614  -26.960 0.5714285970
107013  -30.075  -0.512  -20.004 0.4285714328
109403  -22.649  1.419  -25.683 0.2857142985
108307  -23.333  0.329  -26.476 0.5714285970
107034  -30.057  -0.056  -20.816 0.2857142985
105742  -29.164  -1.713  -21.708 0.4285714328
105808  -24.578  -1.200  -25.610 0.7142857313
110481  -22.954  1.930  -25.983 0.2857142985
108212  -30.783  0.795  -20.631 0.1428571492
108249  -30.801  1.425  -22.397 0.4285714328
108229  -30.225  0.733  -22.073 0.4285714328
109365  -31.549  2.159  -22.563 0.1428571492
110455  -32.268  2.648  -25.284 0.2857142985
110485  -31.129  2.667  -26.740 0.7142857313
113950  -31.216  5.309  -26.493 0.8571428657
111622  -33.639  3.731  -27.688 0.2857142985
111631  -33.141  3.291  -28.489 0.1428571492
111621  -32.779  3.354  -27.510 0.4285714328
111641  -33.259  3.189  -29.824 0.1428571492
113981  -31.403  5.473  -30.064 0.5714285970
110507  -32.443  3.076  -30.222 0.1428571492
111663  -31.043  3.726  -30.977 0.1428571492
124838  -29.904  16.575  -26.246 0.1428571492
115215  -31.627  6.494  -29.560 0.5714285970
112793  -31.738  4.669  -32.057 0.1428571492
115223  -30.647  6.476  -31.403 0.1428571492
117607  -30.632  8.644  -30.974 0.2857142985
117626  -30.005  8.923  -32.273 0.1428571492
118721  -30.170  9.515  -32.438 0.1428571492
119732  -29.972  10.370  -31.847 0.1428571492
121381  -31.566  11.942  -29.737 0.2857142985
121371  -32.315  11.782  -28.754 0.2857142985
120558  -32.708  10.897  -28.802 0.1428571492
120571  -32.898  10.414  -30.135 0.1428571492
122298  -32.708  12.862  -28.020 0.2857142985
83391  -27.045  -19.684  -19.843 0.2857142985
84633  -28.068  -19.090  -19.821 0.1428571492
87347  -28.927  -16.473  -21.176 0.1428571492
91086  -27.496  -13.277  -21.132 0.1428571492
92234  -28.206  -12.700  -20.925 0.1428571492
94535  -28.219  -10.795  -21.450 0.2857142985
95782  -27.503  -9.472  -21.524 0.4285714328
93377  -28.350  -11.448  -21.271 0.1428571492
96934  -28.381  -8.594  -20.746 0.2857142985
101943  -25.175  -4.324  -25.088 0.5714285970
107054  -29.824  0.070  -21.691 0.4285714328
103155  -25.354  -3.565  -24.632 0.7142857313
105790  -25.457  -1.315  -24.246 0.7142857313
109396  -29.268  1.880  -24.206 0.7142857313
108285  -25.091  0.636  -25.346 0.8571428657
108286  -25.420  0.990  -24.701 0.8571428657
110430  -27.000  3.026  -23.275 0.8571428657
111568  -26.086  4.223  -25.067 0.8571428657
117556  -31.803  8.068  -26.092 0.5714285970
121369  -30.613  12.234  -28.333 0.2857142985
123168  -30.038  13.819  -28.243 0.2857142985
89857  -28.319  -14.125  -21.033 0.1428571492
95803  -25.308  -9.388  -23.798 0.5714285970
98179  -29.371  -7.522  -19.578 0.2857142985
104386  -29.285  -2.635  -20.834 0.4285714328
108301  -25.136  1.023  -25.423 0.5714285970
113905  -28.170  5.301  -24.001 0.8571428657
113960  -31.656  5.402  -27.419 0.8571428657
124858  -29.408  16.657  -27.976 0.2857142985
123186  -30.569  14.136  -30.273 0.2857142985
121399  -30.525  12.563  -30.727 0.2857142985
125656  -29.464  17.441  -26.553 0.1428571492
120580  -30.621  11.458  -29.917 0.2857142985
120570  -31.465  11.272  -30.100 0.2857142985
123177  -29.693  14.195  -29.689 0.2857142985
124030  -29.831  14.418  -30.181 0.2857142985
119702  -31.849  10.756  -29.802 0.1428571492
121386  -29.711  12.587  -30.308 0.2857142985
119717  -31.716  10.561  -31.006 0.1428571492
119714  -29.996  10.160  -30.826 0.1428571492
116421  -30.616  7.736  -31.584 0.1428571492
115233  -30.707  6.786  -32.260 0.1428571492
118690  -31.161  9.560  -29.830 0.2857142985
117617  -29.746  9.499  -31.624 0.2857142985
117600  -31.716  8.537  -29.421 0.4285714328
112775  -31.648  4.665  -29.429 0.4285714328
113982  -31.833  5.663  -29.229 0.5714285970
112767  -31.711  4.557  -28.290 0.7142857313
113973  -32.000  5.717  -28.482 0.7142857313
110495  -31.270  3.041  -27.615 0.5714285970
110496  -31.767  2.787  -27.505 0.4285714328
112735  -29.964  4.246  -25.332 0.8571428657
111602  -23.614  3.639  -25.860 0.4285714328
110482  -23.382  2.482  -26.305 0.4285714328
110432  -29.165  3.004  -24.282 0.8571428657
111588  -29.751  2.955  -25.093 0.8571428657
110494  -30.821  3.126  -27.178 0.8571428657
110452  -29.552  2.466  -24.653 0.7142857313
101958  -24.467  -4.209  -26.368 0.5714285970
104464  -24.581  -2.237  -25.895 0.7142857313
108308  -23.926  0.251  -26.847 0.5714285970
107134  -23.627  -0.682  -26.577 0.4285714328
107126  -24.508  -0.405  -26.099 0.7142857313
109398  -30.254  1.746  -24.979 0.5714285970
100731  -24.790  -5.593  -25.751 0.5714285970
110411  -32.115  2.771  -23.436 0.2857142985
103081  -29.678  -3.924  -19.432 0.2857142985
104362  -29.606  -2.623  -19.730 0.4285714328
96911  -29.396  -8.090  -19.644 0.2857142985
101850  -29.662  -5.087  -19.178 0.2857142985
100619  -30.079  -5.597  -18.871 0.2857142985
91078  -30.472  -13.126  -20.293 0.1428571492
92236  -29.933  -12.324  -20.405 0.1428571492
95743  -29.730  -9.829  -20.220 0.2857142985
93345  -30.121  -11.382  -20.217 0.1428571492
95720  -30.318  -9.073  -19.302 0.2857142985
96884  -30.961  -8.873  -18.137 0.2857142985
82126  -27.668  -20.488  -19.536 0.1428571492
80871  -26.529  -21.632  -19.617 0.1428571492
83380  -28.510  -19.723  -19.323 0.1428571492
125657  -30.138  17.275  -26.045 0.1428571492
85930  -29.805  -17.496  -19.876 0.1428571492
116348  -28.346  7.803  -24.591 0.5714285970
117538  -24.942  7.732  -24.755 0.4285714328
117555  -26.054  8.116  -25.278 0.4285714328
116347  -27.522  7.833  -25.030 0.5714285970
117553  -25.231  7.461  -25.151 0.4285714328
115153  -30.414  6.859  -24.993 0.4285714328
113916  -24.877  5.880  -24.459 0.4285714328
115147  -24.847  6.548  -24.394 0.4285714328
116364  -25.128  7.077  -25.095 0.5714285970
116366  -26.047  7.370  -25.480 0.5714285970
116346  -26.711  7.635  -25.300 0.5714285970
112746  -24.053  4.471  -26.090 0.5714285970
104339  -32.154  -1.898  -17.038 0.1428571492
104364  -31.130  -1.444  -17.814 0.1428571492
105706  -31.424  -1.053  -17.926 0.1428571492
91108  -25.203  -13.105  -23.259 0.2857142985
104314  -34.118  -2.161  -15.330 0.1428571492
103066  -31.984  -2.951  -16.871 0.1428571492
104341  -34.137  -1.294  -15.829 0.1428571492
104366  -31.905  -1.855  -16.875 0.1428571492
105689  -34.768  -0.661  -16.095 0.1428571492
91107  -24.608  -13.587  -23.671 0.2857142985
101800  -32.041  -4.928  -16.379 0.1428571492
103040  -32.657  -3.380  -15.996 0.1428571492
103039  -32.191  -4.008  -16.694 0.1428571492
104313  -33.065  -3.176  -15.855 0.1428571492
104315  -34.930  -1.936  -15.371 0.1428571492
103041  -34.000  -2.944  -15.084 0.1428571492
105691  -37.264  -1.399  -18.399 0.1428571492
105673  -36.345  -1.238  -17.069 0.1428571492
105674  -36.804  -1.074  -17.711 0.1428571492
89893  -24.627  -14.425  -23.257 0.2857142985
89913  -24.065  -14.291  -24.267 0.2857142985
98119  -31.650  -7.366  -17.434 0.1428571492
99404  -31.971  -6.554  -16.687 0.1428571492
99403  -31.779  -6.225  -16.658 0.1428571492
99439  -30.954  -6.883  -17.875 0.1428571492
100592  -31.593  -5.817  -16.721 0.1428571492
101803  -34.213  -3.870  -14.733 0.1428571492
100594  -33.031  -4.744  -15.995 0.1428571492
103042  -34.611  -2.880  -14.918 0.1428571492
101802  -33.659  -4.065  -15.979 0.1428571492
103043  -35.691  -2.916  -15.456 0.1428571492
104317  -36.726  -2.280  -17.337 0.1428571492
104344  -37.440  -1.955  -18.896 0.1428571492
105690  -36.865  -1.692  -17.788 0.1428571492
89878  -24.798  -14.670  -22.814 0.2857142985
87406  -24.088  -15.670  -23.580 0.2857142985
87391  -24.122  -16.169  -22.836 0.2857142985
98092  -32.446  -8.095  -17.022 0.1428571492
99421  -32.129  -7.250  -17.036 0.1428571492
99405  -32.546  -6.850  -16.442 0.1428571492
100595  -34.040  -4.906  -14.993 0.1428571492
100574  -32.549  -6.049  -15.800 0.1428571492
101805  -36.262  -4.211  -15.908 0.1428571492
103044  -36.729  -3.188  -16.672 0.1428571492
104369  -38.719  -2.250  -19.531 0.1428571492
95721  -30.898  -9.522  -19.055 0.1428571492
96885  -32.050  -8.881  -17.519 0.1428571492
95723  -32.557  -10.226  -17.640 0.1428571492
98094  -34.541  -8.138  -16.004 0.1428571492
96825  -32.952  -8.311  -16.978 0.1428571492
100562  -35.964  -6.073  -14.977 0.1428571492
98093  -32.970  -7.917  -16.938 0.1428571492
100577  -35.966  -5.260  -15.498 0.1428571492
99407  -35.124  -6.765  -14.932 0.1428571492
101779  -36.547  -5.029  -16.123 0.1428571492
104343  -36.992  -2.455  -18.651 0.1428571492
101806  -37.233  -4.317  -17.073 0.1428571492
104368  -37.776  -2.437  -19.456 0.1428571492
95678  -35.928  -8.976  -15.921 0.1428571492
96850  -34.862  -8.969  -16.042 0.1428571492
96886  -32.688  -9.565  -17.387 0.1428571492
98095  -35.706  -7.767  -15.044 0.1428571492
96826  -34.035  -8.519  -16.101 0.1428571492
96848  -32.494  -8.410  -17.080 0.1428571492
99411  -38.814  -6.026  -16.448 0.1428571492
98067  -37.436  -7.060  -15.759 0.1428571492
100579  -38.158  -5.302  -16.302 0.1428571492
100578  -37.082  -5.677  -16.112 0.1428571492
103067  -36.925  -3.565  -18.236 0.1428571492
101780  -37.200  -4.940  -16.573 0.1428571492
95700  -37.173  -9.629  -16.469 0.1428571492
95698  -33.869  -10.191  -17.072 0.1428571492
96829  -37.537  -8.667  -15.763 0.1428571492
95680  -36.975  -8.826  -16.117 0.1428571492
98098  -38.262  -7.106  -16.301 0.1428571492
98097  -37.660  -7.777  -15.668 0.1428571492
103045  -37.108  -3.814  -17.603 0.1428571492
101782  -39.163  -4.610  -17.199 0.1428571492
96828  -36.476  -8.772  -15.282 0.1428571492
99408  -36.070  -7.166  -14.869 0.1428571492
100576  -35.136  -5.813  -14.915 0.1428571492
99419  -31.563  -6.542  -17.135 0.1428571492
103082  -37.137  -3.467  -19.335 0.1428571492
104389  -38.761  -2.551  -19.995 0.1428571492
104390  -39.389  -2.290  -20.194 0.1428571492
105693  -38.790  -1.550  -19.251 0.1428571492
105710  -37.756  -1.497  -19.067 0.1428571492
106986  -35.748  -0.477  -16.886 0.1428571492
107002  -37.689  -0.536  -18.875 0.1428571492
116349  -29.215  7.635  -24.355 0.4285714328
88696  -24.514  -15.142  -22.807 0.2857142985
122297  -31.863  13.594  -28.460 0.1428571492
104338  -31.295  -2.060  -17.266 0.1428571492
98151  -31.318  -7.947  -17.821 0.1428571492
95722  -31.706  -9.805  -18.304 0.1428571492
94484  -31.349  -10.609  -18.937 0.1428571492
101832  -31.476  -4.782  -17.097 0.1428571492
107035  -30.470  0.284  -20.058 0.1428571492
103065  -31.566  -2.972  -17.044 0.1428571492
104365  -31.447  -1.546  -17.116 0.1428571492
104340  -33.278  -1.117  -16.064 0.1428571492
104342  -34.985  -1.287  -15.658 0.1428571492
105707  -31.960  -1.060  -17.047 0.1428571492
105708  -33.345  -0.024  -15.813 0.1428571492
105672  -35.809  -0.936  -16.422 0.1428571492
100593  -32.287  -5.361  -16.115 0.1428571492
101801  -32.717  -4.139  -16.005 0.1428571492
104316  -35.950  -1.708  -16.043 0.1428571492
98152  -31.852  -7.983  -17.536 0.1428571492
100573  -32.046  -6.135  -16.349 0.1428571492
100575  -34.015  -6.072  -15.015 0.1428571492
101804  -35.250  -3.812  -14.964 0.1428571492
99406  -33.908  -6.830  -15.523 0.1428571492
100596  -34.962  -4.687  -14.981 0.1428571492
94485  -31.848  -10.937  -18.022 0.1428571492
95697  -33.124  -10.011  -17.271 0.1428571492
96827  -35.173  -9.058  -15.488 0.1428571492
96849  -33.070  -9.144  -16.998 0.1428571492
99391  -35.720  -6.504  -14.776 0.1428571492
99409  -37.388  -6.091  -16.080 0.1428571492
99392  -36.607  -6.836  -15.255 0.1428571492
95679  -36.150  -8.981  -15.650 0.1428571492
99422  -39.548  -5.951  -17.121 0.1428571492
101781  -38.322  -4.608  -16.755 0.1428571492
101834  -37.546  -4.367  -18.067 0.1428571492
98096  -36.725  -7.807  -15.340 0.1428571492
79640  -24.059  -22.464  -20.479 0.1428571492
80869  -24.430  -21.586  -20.338 0.1428571492
80868  -23.385  -21.541  -20.664 0.1428571492
82138  -24.790  -20.638  -20.143 0.1428571492
82137  -23.848  -20.702  -20.715 0.1428571492
83388  -24.270  -19.721  -20.833 0.1428571492
84655  -24.045  -18.911  -21.417 0.1428571492
84654  -23.389  -18.841  -21.966 0.1428571492
85960  -24.185  -17.704  -21.782 0.1428571492
87364  -24.634  -16.738  -21.981 0.1428571492
84668  -22.790  -18.652  -22.418 0.1428571492
85978  -23.228  -17.461  -22.644 0.1428571492
85979  -23.917  -16.947  -22.447 0.1428571492
87390  -23.542  -16.694  -23.059 0.1428571492
87404  -22.784  -16.370  -24.094 0.1428571492
87421  -23.055  -15.974  -24.546 0.1428571492
88725  -23.553  -14.957  -24.755 0.1428571492
88708  -23.870  -15.478  -24.238 0.1428571492
89912  -23.647  -14.353  -24.837 0.2857142985
91125  -24.188  -13.320  -24.292 0.1428571492
92265  -24.688  -12.559  -23.929 0.1428571492
91124  -23.635  -13.606  -24.901 0.2857142985
97004  -24.498  -7.967  -25.895 0.4285714328
98261  -25.102  -7.254  -25.504 0.4285714328
99541  -24.859  -6.455  -25.786 0.4285714328
112745  -23.663  4.501  -25.531 0.2857142985
113931  -23.987  5.265  -25.056 0.2857142985
113947  -23.976  5.190  -25.784 0.2857142985
117529  -24.600  7.804  -23.557 0.2857142985
117539  -25.586  8.519  -24.439 0.2857142985
117540  -26.688  8.852  -25.216 0.4285714328
88709  -24.161  -15.007  -23.758 0.1428571492
91143  -23.210  -13.881  -25.226 0.1428571492
92283  -23.455  -12.505  -25.007 0.2857142985
93397  -24.452  -11.806  -24.405 0.1428571492
83399  -23.713  -19.497  -21.301 0.1428571492
85959  -23.515  -18.325  -22.058 0.1428571492
85989  -22.649  -16.889  -23.204 0.1428571492
88724  -22.817  -15.306  -25.021 0.1428571492
88741  -22.995  -14.854  -25.233 0.1428571492
89929  -23.231  -14.431  -25.146 0.1428571492
93416  -23.940  -11.314  -24.883 0.2857142985
93417  -24.529  -11.244  -24.498 0.2857142985
94571  -24.622  -10.457  -24.588 0.2857142985
95817  -25.007  -9.298  -24.486 0.4285714328
97023  -24.091  -7.804  -26.238 0.2857142985
110465  -23.214  3.095  -25.721 0.2857142985
112732  -23.445  4.557  -24.986 0.2857142985
112699  -24.882  4.676  -24.341 0.2857142985
113900  -25.077  5.107  -24.406 0.2857142985
116333  -24.846  7.287  -22.841 0.2857142985
115119  -24.962  6.355  -21.036 0.2857142985
111584  -23.080  3.680  -25.178 0.2857142985
112717  -24.004  4.638  -24.554 0.2857142985
112700  -25.691  4.221  -23.852 0.2857142985
113891  -26.930  4.890  -21.812 0.2857142985
113901  -25.517  5.393  -23.966 0.2857142985
115133  -26.315  5.890  -23.224 0.2857142985
113889  -25.825  6.143  -21.169 0.2857142985
116334  -24.691  7.124  -23.561 0.2857142985
111546  -24.219  3.762  -23.705 0.2857142985
111529  -25.991  2.704  -22.590 0.2857142985
112687  -26.815  4.265  -22.569 0.2857142985
97005  -24.957  -8.005  -25.399 0.4285714328
83387  -23.397  -19.992  -21.170 0.1428571492
115132  -25.717  6.731  -23.277 0.2857142985
92284  -24.054  -12.527  -24.611 0.1428571492
87405  -23.639  -16.304  -23.972 0.1428571492
83398  -23.131  -19.376  -21.759 0.1428571492
85990  -23.170  -16.767  -23.436 0.1428571492
91123  -23.074  -13.370  -25.221 0.2857142985
97003  -23.692  -8.274  -26.065 0.4285714328
117528  -24.610  7.419  -22.786 0.2857142985
95816  -24.572  -9.618  -25.111 0.4285714328
112672  -26.296  3.651  -21.127 0.2857142985
99560  -23.645  -6.346  -26.428 0.2857142985
98260  -24.686  -7.020  -26.066 0.2857142985
125659  -32.410  17.660  -26.813 0.1428571492
124840  -32.568  16.744  -26.793 0.1428571492
124859  -31.493  16.653  -27.845 0.1428571492
123179  -31.180  14.208  -28.985 0.1428571492
126489  -32.072  18.473  -26.946 0.1428571492
124024  -31.172  15.464  -28.567 0.1428571492
127240  -30.348  20.011  -29.487 0.1428571492
100749  -23.829  -5.333  -26.611 0.2857142985
101956  -23.400  -4.526  -26.973 0.2857142985
123170  -32.408  14.110  -27.502 0.1428571492
123990  -32.725  15.806  -26.724 0.1428571492
122310  -31.427  13.096  -29.533 0.1428571492
124012  -31.792  15.760  -27.534 0.1428571492
123169  -31.673  14.701  -27.974 0.1428571492
122316  -31.042  12.964  -30.305 0.1428571492
125678  -31.223  17.596  -28.245 0.1428571492
126504  -30.516  18.967  -28.820 0.1428571492
125696  -30.598  17.720  -28.935 0.1428571492
125695  -29.970  17.700  -29.348 0.1428571492
126520  -29.344  18.960  -30.134 0.1428571492
124032  -30.691  14.620  -29.522 0.1428571492
124839  -31.916  17.019  -27.105 0.1428571492
124860  -31.908  16.452  -27.184 0.1428571492
124873  -30.853  16.584  -28.643 0.1428571492
127223  -32.479  19.254  -26.544 0.1428571492
123989  -32.138  15.706  -27.007 0.1428571492
111545  -22.362  4.026  -23.601 0.1428571492
111567  -23.183  4.119  -24.425 0.1428571492
113877  -26.241  4.497  -20.819 0.1428571492
116319  -22.272  4.958  -19.725 0.1428571492
116308  -23.599  5.984  -20.019 0.1428571492
111583  -22.667  3.056  -24.804 0.1428571492
113876  -25.567  4.960  -20.054 0.1428571492
117509  -24.081  7.018  -20.932 0.1428571492
117519  -25.022  7.589  -22.619 0.2857142985
105819  -22.513  -2.145  -26.210 0.1428571492
109392  -22.147  1.536  -25.062 0.1428571492
110464  -22.825  2.457  -25.371 0.1428571492
111566  -22.582  3.488  -24.371 0.1428571492
111590  -32.869  2.863  -25.994 0.1428571492
111527  -23.326  3.602  -22.391 0.1428571492
116321  -24.451  7.079  -21.965 0.1428571492
117530  -25.091  8.469  -23.382 0.1428571492
116322  -25.224  7.325  -23.053 0.2857142985
119645  -25.954  10.476  -23.596 0.2857142985
118633  -29.166  10.295  -24.292 0.2857142985
118623  -28.777  9.852  -23.989 0.2857142985
119648  -29.578  10.805  -24.625 0.2857142985
123130  -29.948  14.823  -25.334 0.1428571492
121326  -28.156  13.002  -21.766 0.1428571492
117541  -27.836  8.945  -25.079 0.2857142985
118629  -25.632  9.457  -23.656 0.2857142985
118631  -27.163  9.867  -24.390 0.2857142985
117544  -30.272  8.681  -24.338 0.2857142985
117531  -28.918  9.188  -23.972 0.2857142985
118622  -28.598  9.955  -23.978 0.2857142985
119649  -30.307  10.313  -25.058 0.2857142985
118624  -29.365  9.447  -24.171 0.2857142985
119653  -30.340  11.014  -25.207 0.2857142985
119647  -28.854  10.884  -23.920 0.2857142985
123121  -30.242  14.853  -24.649 0.1428571492
123115  -30.340  15.083  -23.628 0.1428571492
118612  -27.916  9.775  -22.857 0.1428571492
118604  -27.263  9.472  -22.089 0.1428571492
116310  -25.362  7.651  -22.665 0.2857142985
120524  -29.227  11.797  -24.136 0.1428571492
121333  -28.714  12.811  -23.815 0.1428571492
120518  -28.496  11.875  -23.148 0.1428571492
117499  -24.246  6.491  -20.563 0.2857142985
118614  -28.447  9.909  -22.709 0.1428571492
120508  -28.130  12.118  -21.403 0.1428571492
119639  -28.464  10.769  -23.005 0.1428571492
113818  -22.554  4.551  -18.990 0.1428571492
111608  -33.182  3.547  -26.736 0.1428571492
111532  -32.796  3.340  -24.011 0.1428571492
108284  -22.272  0.919  -25.405 0.1428571492
110447  -22.044  2.572  -24.392 0.1428571492
111591  -33.563  3.440  -25.937 0.1428571492
110428  -22.068  3.372  -24.007 0.1428571492
112698  -21.937  4.056  -22.432 0.1428571492
112684  -22.865  4.187  -21.444 0.1428571492
111505  -24.052  3.430  -21.083 0.1428571492
115118  -22.521  4.596  -20.044 0.1428571492
116309  -24.003  6.842  -20.737 0.1428571492
117498  -23.564  6.173  -19.913 0.1428571492
117518  -24.425  7.523  -22.037 0.1428571492
117510  -25.057  7.486  -21.654 0.2857142985
119644  -25.554  10.092  -23.276 0.1428571492
119637  -25.645  10.744  -23.211 0.1428571492
119638  -27.010  10.695  -23.580 0.2857142985
120496  -26.834  11.290  -22.568 0.1428571492
118621  -27.706  10.185  -23.731 0.1428571492
118613  -28.600  9.378  -23.226 0.2857142985
120517  -28.131  12.322  -22.257 0.1428571492
121332  -28.101  12.999  -22.829 0.1428571492
111572  -32.991  3.063  -25.227 0.1428571492
108299  -22.511  0.362  -25.856 0.1428571492
108298  -21.981  -0.167  -25.519 0.1428571492
117542  -28.597  8.790  -24.362 0.2857142985
112671  -25.120  3.590  -20.010 0.1428571492
112659  -24.217  4.314  -19.952 0.1428571492
115093  -23.885  4.869  -20.057 0.1428571492
118620  -25.268  9.264  -23.076 0.2857142985
119646  -26.515  10.526  -23.733 0.2857142985
118630  -26.275  9.650  -24.191 0.2857142985
118634  -29.698  9.734  -24.500 0.2857142985
118632  -28.000  9.592  -24.390 0.2857142985
117543  -29.416  8.452  -24.066 0.2857142985
117532  -29.422  9.123  -24.000 0.2857142985
117533  -29.705  9.245  -24.144 0.2857142985
119620  -27.206  10.647  -22.191 0.1428571492
123959  -30.493  15.871  -24.576 0.1428571492
119636  -25.514  10.194  -22.815 0.1428571492
121325  -25.802  11.757  -22.871 0.2857142985
92281  -22.116  -12.470  -24.581 0.1428571492
93415  -23.226  -11.617  -25.071 0.1428571492
93434  -23.118  -10.887  -25.154 0.1428571492
93413  -21.457  -11.497  -24.410 0.1428571492
95814  -21.417  -9.731  -24.892 0.1428571492
94587  -22.489  -10.437  -25.235 0.1428571492
96983  -21.547  -9.118  -25.140 0.1428571492
95835  -22.511  -9.565  -25.458 0.1428571492
94589  -23.610  -10.361  -25.336 0.1428571492
97000  -21.342  -8.136  -25.420 0.1428571492
97002  -22.846  -8.602  -25.704 0.1428571492
95837  -24.167  -9.289  -25.679 0.1428571492
98259  -23.074  -7.853  -25.943 0.1428571492
98257  -21.694  -7.605  -25.606 0.1428571492
98279  -23.476  -7.307  -26.204 0.1428571492
100730  -22.416  -6.000  -26.455 0.1428571492
101955  -22.646  -4.574  -26.850 0.1428571492
103179  -23.013  -3.629  -26.963 0.1428571492
94588  -22.989  -10.290  -25.489 0.1428571492
94570  -24.195  -10.226  -25.190 0.1428571492
94569  -21.868  -10.598  -24.875 0.1428571492
98280  -24.127  -7.194  -26.280 0.1428571492
93414  -22.541  -11.345  -24.928 0.1428571492
92282  -22.810  -12.504  -25.052 0.1428571492
93435  -23.441  -11.017  -25.005 0.1428571492
95836  -23.325  -9.421  -25.663 0.1428571492
99559  -22.938  -6.533  -26.303 0.1428571492
95813  -20.444  -9.729  -24.221 0.1428571492
95815  -22.035  -9.978  -25.206 0.1428571492
95834  -21.900  -9.418  -25.225 0.1428571492
97001  -21.897  -8.627  -25.434 0.1428571492
98258  -22.432  -7.791  -25.756 0.1428571492
98256  -20.976  -7.569  -25.366 0.1428571492
98278  -22.839  -7.249  -26.004 0.1428571492
96981  -20.105  -8.497  -24.188 0.1428571492
91106  -21.610  -13.413  -24.225 0.1428571492
80857  -27.780  -21.079  -19.515 0.1428571492
84642  -24.368  -19.245  -21.020 0.1428571492
87422  -23.391  -15.646  -24.563 0.1428571492
88683  -28.550  -15.302  -21.269 0.1428571492
88707  -22.723  -15.831  -24.583 0.1428571492
88726  -23.945  -14.937  -24.293 0.1428571492
88742  -23.178  -14.923  -25.107 0.1428571492
89928  -22.705  -14.602  -25.312 0.1428571492
91075  -28.094  -13.478  -20.923 0.1428571492
91142  -22.863  -14.034  -25.328 0.1428571492
93346  -30.720  -11.498  -19.825 0.1428571492
93367  -28.617  -11.922  -20.971 0.1428571492
93433  -22.818  -10.732  -25.193 0.1428571492
94534  -27.631  -10.485  -21.763 0.7142857313
95765  -27.806  -9.369  -21.129 0.4285714328
96824  -32.660  -8.174  -17.100 0.1428571492
96851  -35.518  -9.453  -15.623 0.1428571492
96912  -29.755  -8.437  -19.411 0.2857142985
96936  -29.511  -8.537  -19.809 0.2857142985
96949  -27.054  -8.813  -21.839 0.5714285970
97022  -23.873  -7.658  -26.264 0.2857142985
98066  -37.098  -7.418  -15.488 0.1428571492
98068  -37.677  -6.658  -16.059 0.1428571492
98120  -32.148  -7.850  -17.226 0.1428571492
98121  -32.354  -7.812  -17.053 0.1428571492
98201  -29.069  -7.506  -20.154 0.2857142985
99393  -37.266  -6.389  -15.896 0.1428571492
99394  -37.574  -6.432  -16.088 0.1428571492
99410  -37.779  -6.217  -16.237 0.1428571492
99420  -31.937  -7.061  -17.051 0.1428571492
99498  -27.450  -6.951  -21.870 0.5714285970
100561  -35.569  -6.156  -14.848 0.1428571492
100563  -36.602  -6.032  -15.493 0.1428571492
100572  -31.810  -6.013  -16.508 0.1428571492
100580  -39.213  -5.064  -16.611 0.1428571492
100597  -35.574  -4.481  -15.298 0.1428571492
100598  -39.686  -5.209  -17.553 0.1428571492
100644  -30.214  -6.411  -18.798 0.2857142985
103068  -37.098  -3.921  -17.997 0.1428571492
103083  -38.091  -2.819  -19.958 0.1428571492
103084  -38.364  -2.592  -19.894 0.1428571492
103142  -28.080  -3.010  -23.021 0.7142857313
104345  -38.866  -1.877  -19.066 0.1428571492
104346  -39.035  -1.613  -19.266 0.1428571492
105687  -32.951  -1.099  -15.918 0.1428571492
105692  -38.646  -1.679  -19.157 0.1428571492
105709  -34.498  0.181  -16.156 0.1428571492
105711  -38.420  -1.570  -19.281 0.1428571492
106962  -35.821  -0.410  -17.090 0.1428571492
107094  -28.792  -0.275  -23.691 0.5714285970
108272  -30.123  0.987  -23.884 0.4285714328
108290  -30.028  1.227  -24.369 0.5714285970
109394  -25.859  1.908  -23.944 1.0000000000
109406  -30.570  2.112  -25.532 0.5714285970
110449  -25.635  3.115  -24.521 1.0000000000
110467  -25.010  2.866  -25.730 0.8571428657
110470  -30.298  2.521  -25.770 0.7142857313
110505  -31.568  3.180  -29.748 0.2857142985
110516  -31.406  3.186  -30.280 0.2857142985
110518  -32.114  3.061  -30.307 0.2857142985
111506  -24.788  3.049  -20.937 0.1428571492
111507  -26.207  3.032  -21.949 0.2857142985
111508  -27.019  3.437  -22.387 0.2857142985
111509  -26.977  3.782  -22.648 0.2857142985
111528  -25.023  2.929  -22.103 0.2857142985
111530  -26.828  3.002  -22.694 0.2857142985
111531  -27.001  3.434  -22.767 0.2857142985
111547  -25.653  3.057  -23.225 0.2857142985
111548  -26.719  2.913  -22.991 0.2857142985
111549  -26.874  3.091  -23.114 0.2857142985
111553  -33.062  3.306  -24.618 0.2857142985
111570  -29.518  3.428  -24.749 0.8571428657
111587  -25.558  3.644  -25.581 1.0000000000
111605  -30.427  3.367  -26.499 0.8571428657
111606  -30.549  3.685  -26.783 0.7142857313
111618  -30.643  3.190  -26.972 0.8571428657
111620  -32.250  2.870  -27.309 0.2857142985
111651  -31.282  3.614  -30.173 0.1428571492
111652  -31.413  3.321  -30.746 0.1428571492
112660  -24.992  3.988  -19.809 0.1428571492
112670  -23.634  4.031  -20.138 0.1428571492
112673  -26.997  3.966  -22.082 0.2857142985
112674  -26.992  3.950  -22.317 0.2857142985
112685  -24.977  3.146  -20.858 0.1428571492
112686  -26.019  2.726  -21.135 0.2857142985
112688  -26.902  3.829  -22.547 0.2857142985
112701  -26.575  4.005  -23.234 0.2857142985
112702  -26.807  3.677  -22.852 0.2857142985
112705  -28.603  4.641  -23.764 0.8571428657
112719  -26.835  4.637  -24.677 0.8571428657
112721  -29.622  4.131  -24.880 0.8571428657
112733  -25.169  4.817  -26.598 0.7142857313
112736  -30.414  4.557  -25.706 0.8571428657
112748  -30.270  3.921  -25.936 0.8571428657
112768  -31.839  5.065  -28.660 0.8571428657
112776  -31.896  5.245  -28.966 0.8571428657
112792  -31.228  4.457  -31.409 0.1428571492
113862  -23.985  4.731  -19.822 0.1428571492
113863  -24.670  4.771  -19.719 0.1428571492
113875  -23.455  4.545  -20.011 0.1428571492
113878  -27.056  4.120  -21.170 0.2857142985
113890  -26.607  5.790  -21.017 0.2857142985
113902  -26.341  4.971  -22.935 0.2857142985
113904  -27.660  5.290  -24.365 1.0000000000
113915  -24.726  5.188  -24.605 0.2857142985
113917  -26.337  5.990  -25.326 0.8571428657
113921  -29.639  4.884  -24.740 0.8571428657
113935  -29.574  5.707  -24.738 0.8571428657
113948  -24.449  5.205  -26.224 0.7142857313
113961  -31.941  5.810  -27.833 0.7142857313
115094  -23.880  4.998  -19.867 0.1428571492
115107  -23.672  4.976  -20.010 0.1428571492
115108  -23.994  5.196  -20.008 0.1428571492
115120  -25.889  6.818  -21.758 0.2857142985
115121  -26.768  6.037  -22.386 0.2857142985
115131  -25.567  6.986  -22.124 0.2857142985
115168  -25.992  6.592  -25.587 0.8571428657
115170  -30.315  6.119  -25.242 1.0000000000
115196  -32.192  6.509  -27.824 0.7142857313
116311  -25.365  7.403  -22.993 0.2857142985
116320  -22.950  4.910  -19.971 0.1428571492
116323  -25.270  7.563  -23.017 0.2857142985
116345  -24.782  7.148  -24.465 0.5714285970
116351  -30.805  7.504  -24.998 0.5714285970
116365  -25.550  7.136  -25.359 0.5714285970
116384  -32.357  7.372  -27.255 0.7142857313
116414  -31.394  7.491  -29.896 0.2857142985
117520  -25.177  7.991  -22.855 0.2857142985
117554  -25.485  7.799  -25.197 0.4285714328
117618  -29.963  8.895  -31.585 0.2857142985
117625  -29.704  9.427  -31.948 0.2857142985
117633  -29.851  9.453  -32.223 0.1428571492
118592  -23.709  5.799  -19.903 0.1428571492
118593  -22.993  6.095  -20.033 0.1428571492
118689  -30.569  9.844  -30.230 0.1428571492
118696  -29.772  10.012  -31.067 0.1428571492
118697  -30.123  9.637  -30.794 0.1428571492
118705  -29.708  9.935  -31.583 0.1428571492
118706  -29.807  9.634  -31.324 0.2857142985
118714  -29.773  9.847  -32.147 0.1428571492
119628  -27.488  10.941  -23.002 0.1428571492
119715  -30.454  10.345  -30.468 0.1428571492
119724  -29.964  10.372  -31.139 0.1428571492
119725  -30.639  10.541  -31.269 0.1428571492
119733  -30.576  10.154  -32.205 0.1428571492
119742  -30.060  10.061  -32.354 0.1428571492
119743  -30.335  9.874  -32.462 0.1428571492
120506  -26.311  11.758  -22.678 0.2857142985
120507  -26.720  11.360  -23.150 0.2857142985
120514  -25.608  11.126  -22.908 0.1428571492
120515  -25.957  11.410  -23.313 0.1428571492
120516  -26.481  11.067  -23.443 0.2857142985
120522  -26.207  10.944  -23.520 0.2857142985
120523  -26.407  10.872  -23.571 0.2857142985
120555  -30.906  11.715  -28.513 0.2857142985
120581  -30.951  11.220  -30.446 0.2857142985
120582  -31.251  11.441  -30.462 0.2857142985
121324  -25.712  11.466  -22.568 0.2857142985
121330  -25.782  11.563  -23.038 0.2857142985
121331  -25.920  11.631  -23.245 0.2857142985
121360  -30.963  11.826  -27.851 0.5714285970
121378  -29.627  12.747  -29.830 0.2857142985
121380  -31.296  12.492  -30.104 0.1428571492
121387  -30.348  11.999  -30.469 0.2857142985
121389  -31.340  11.578  -30.318 0.2857142985
121397  -29.886  12.566  -30.839 0.2857142985
121398  -30.303  12.504  -30.833 0.2857142985
122280  -30.034  13.761  -27.312 0.4285714328
122309  -29.668  12.983  -29.431 0.2857142985
122315  -29.677  13.156  -30.624 0.2857142985
122319  -29.970  13.106  -30.987 0.2857142985
122320  -30.349  13.023  -30.796 0.2857142985
122321  -30.664  12.789  -30.622 0.2857142985
123113  -28.875  14.187  -23.341 0.2857142985
123150  -32.122  15.104  -27.071 0.1428571492
123178  -29.742  13.652  -29.157 0.2857142985
123185  -29.708  13.817  -30.355 0.2857142985
123192  -29.869  13.695  -30.647 0.2857142985
123194  -30.631  13.457  -30.521 0.2857142985
124013  -32.174  16.105  -26.979 0.1428571492
124031  -30.228  14.702  -30.114 0.2857142985
124037  -29.831  14.042  -30.475 0.2857142985
124038  -29.977  14.190  -30.522 0.2857142985
125693  -28.977  18.185  -28.424 0.1428571492
125705  -29.560  18.369  -29.583 0.1428571492
125706  -29.803  18.576  -29.826 0.1428571492
126502  -28.869  18.515  -28.282 0.1428571492
126516  -29.199  18.534  -29.635 0.1428571492
127229  -28.822  19.425  -28.576 0.1428571492
155334  -30.753  9.591  -32.616 0.1428571492
155337  -31.133  10.233  -31.784 0.1428571492
155339  -30.907  9.933  -32.497 0.1428571492
