#!ascii label  , from subject 4105 vox2ras=TkReg
393
96950  -27.621  -8.433  -21.298 0.0000000000
100750  -24.380  -5.031  -26.271 0.0000000000
117553  -25.231  7.461  -25.151 0.0000000000
111586  -25.035  3.889  -26.272 0.0000000000
107092  -26.852  -0.571  -23.321 0.0000000000
103116  -29.143  -3.293  -21.147 0.0000000000
117540  -26.688  8.852  -25.216 0.0000000000
108287  -25.956  0.831  -23.461 0.0000000000
107136  -24.194  -0.557  -26.476 0.0000000000
99532  -25.780  -6.393  -23.953 0.0000000000
101910  -26.762  -4.683  -23.235 0.0000000000
100677  -28.277  -5.790  -21.217 0.0000000000
89894  -25.096  -13.852  -23.090 0.0000000000
95803  -25.308  -9.388  -23.798 0.0000000000
121346  -30.390  12.540  -26.285 0.0000000000
120533  -31.303  11.442  -26.300 0.0000000000
118657  -32.344  8.781  -26.937 0.0000000000
115182  -31.579  6.375  -26.628 0.0000000000
112758  -31.314  4.396  -27.283 0.0000000000
113932  -24.633  5.701  -25.332 0.0000000000
111589  -29.935  3.323  -25.549 0.0000000000
110453  -29.866  2.003  -25.048 0.0000000000
109384  -30.539  1.500  -24.392 0.0000000000
108229  -30.225  0.733  -22.073 0.0000000000
104449  -25.308  -2.466  -24.454 0.0000000000
105756  -28.758  -1.908  -22.602 0.0000000000
109412  -23.702  1.300  -26.688 0.0000000000
107125  -22.940  -0.649  -26.246 0.0000000000
98224  -26.392  -7.569  -22.730 0.0000000000
100689  -26.965  -6.119  -22.688 0.0000000000
99499  -28.109  -6.843  -21.304 0.0000000000
84658  -27.032  -17.909  -21.103 0.0000000000
85963  -27.486  -17.101  -21.340 0.0000000000
87367  -27.624  -16.101  -21.444 0.0000000000
97005  -24.957  -8.005  -25.399 0.0000000000
95816  -24.572  -9.618  -25.111 0.0000000000
119655  -32.121  10.298  -26.385 0.0000000000
117555  -26.054  8.116  -25.278 0.0000000000
115153  -30.414  6.859  -24.993 0.0000000000
115151  -29.150  6.650  -24.576 0.0000000000
113960  -31.656  5.402  -27.419 0.0000000000
115149  -27.249  6.800  -24.767 0.0000000000
113949  -24.821  5.111  -26.550 0.0000000000
112703  -27.451  4.912  -24.463 0.0000000000
111551  -28.093  3.870  -23.393 0.0000000000
110469  -29.872  2.775  -25.309 0.0000000000
110430  -27.000  3.026  -23.275 0.0000000000
107116  -25.999  -0.054  -23.131 0.0000000000
109383  -29.132  1.055  -23.901 0.0000000000
108270  -28.672  0.446  -23.746 0.0000000000
108248  -30.327  0.757  -23.094 0.0000000000
105771  -28.996  -0.636  -23.414 0.0000000000
103180  -23.705  -3.592  -26.786 0.0000000000
104480  -24.035  -2.646  -26.469 0.0000000000
103168  -24.966  -3.749  -25.380 0.0000000000
101896  -28.133  -3.879  -22.256 0.0000000000
103141  -27.641  -3.208  -23.245 0.0000000000
104406  -28.711  -2.489  -22.207 0.0000000000
105743  -29.719  -0.708  -21.448 0.0000000000
105723  -29.394  -1.915  -20.416 0.0000000000
91085  -26.831  -13.585  -21.567 0.0000000000
92253  -25.842  -12.794  -22.831 0.0000000000
92254  -26.416  -12.356  -22.419 0.0000000000
93388  -26.949  -11.397  -22.115 0.0000000000
111603  -24.210  3.488  -26.328 0.0000000000
110448  -25.392  2.567  -25.189 0.0000000000
109404  -24.625  1.952  -26.174 0.0000000000
108300  -24.798  0.734  -25.950 0.0000000000
107114  -24.970  -0.213  -25.121 0.0000000000
100718  -25.594  -5.661  -24.585 0.0000000000
101926  -25.619  -4.609  -24.441 0.0000000000
100703  -26.543  -5.753  -23.305 0.0000000000
101895  -27.573  -4.622  -22.486 0.0000000000
103098  -28.958  -4.086  -20.971 0.0000000000
88681  -26.933  -15.276  -21.400 0.0000000000
99561  -24.353  -6.145  -26.201 0.0000000000
98261  -25.102  -7.254  -25.504 0.0000000000
96986  -25.570  -7.949  -23.908 0.0000000000
96961  -26.441  -8.542  -22.457 0.0000000000
123148  -29.833  14.416  -27.503 0.0000000000
120525  -29.929  11.719  -24.942 0.0000000000
120545  -30.943  11.969  -26.514 0.0000000000
119682  -31.829  11.106  -27.555 0.0000000000
119668  -32.297  10.496  -27.185 0.0000000000
117588  -32.248  8.469  -28.448 0.0000000000
116350  -30.063  7.584  -24.396 0.0000000000
116383  -32.048  7.293  -26.511 0.0000000000
116408  -31.974  7.484  -29.044 0.0000000000
115215  -31.627  6.494  -29.560 0.0000000000
113981  -31.403  5.473  -30.064 0.0000000000
111639  -31.711  3.755  -29.124 0.0000000000
115166  -25.011  6.419  -25.151 0.0000000000
113918  -27.069  5.635  -24.773 0.0000000000
112735  -29.964  4.246  -25.332 0.0000000000
110499  -31.744  3.219  -28.783 0.0000000000
110500  -31.933  2.886  -28.455 0.0000000000
110472  -32.027  2.613  -25.973 0.0000000000
109381  -27.430  1.746  -23.192 0.0000000000
109398  -30.254  1.746  -24.979 0.0000000000
105821  -23.833  -1.614  -26.960 0.0000000000
104448  -24.887  -1.888  -25.074 0.0000000000
105767  -25.717  -1.633  -23.775 0.0000000000
103156  -25.845  -3.841  -23.941 0.0000000000
104434  -27.489  -2.495  -23.442 0.0000000000
105770  -28.395  -1.573  -23.449 0.0000000000
107053  -29.472  -0.561  -22.202 0.0000000000
108211  -30.324  0.530  -21.349 0.0000000000
94558  -25.173  -10.106  -23.790 0.0000000000
94546  -26.596  -10.341  -22.634 0.0000000000
95782  -27.503  -9.472  -21.524 0.0000000000
98213  -27.077  -7.734  -21.972 0.0000000000
99497  -27.159  -7.193  -22.055 0.0000000000
98214  -27.758  -7.536  -21.427 0.0000000000
98215  -28.185  -7.433  -21.157 0.0000000000
96951  -28.155  -7.895  -21.109 0.0000000000
84646  -28.301  -18.303  -20.308 0.0000000000
85943  -27.719  -17.924  -20.852 0.0000000000
117538  -24.942  7.732  -24.755 0.0000000000
116346  -26.711  7.635  -25.300 0.0000000000
115150  -28.137  6.841  -24.417 0.0000000000
116366  -26.047  7.370  -25.480 0.0000000000
111604  -24.607  3.884  -26.225 0.0000000000
112746  -24.053  4.471  -26.090 0.0000000000
112747  -24.644  4.463  -26.345 0.0000000000
111568  -26.086  4.223  -25.067 0.0000000000
111569  -26.267  4.033  -24.171 0.0000000000
110450  -25.902  3.322  -23.885 0.0000000000
108268  -26.662  0.324  -23.161 0.0000000000
107093  -27.988  -0.571  -23.786 0.0000000000
107095  -29.202  0.070  -23.543 0.0000000000
101958  -24.467  -4.209  -26.368 0.0000000000
103181  -24.190  -3.663  -26.546 0.0000000000
101942  -24.787  -4.505  -25.751 0.0000000000
103115  -28.626  -3.443  -21.746 0.0000000000
104407  -28.982  -2.713  -21.534 0.0000000000
104386  -29.285  -2.635  -20.834 0.0000000000
105703  -29.522  -2.013  -19.924 0.0000000000
104362  -29.606  -2.623  -19.730 0.0000000000
92242  -26.881  -12.590  -21.639 0.0000000000
110482  -23.382  2.482  -26.305 0.0000000000
110483  -24.168  2.256  -26.693 0.0000000000
108308  -23.926  0.251  -26.847 0.0000000000
109413  -24.293  1.100  -26.648 0.0000000000
108309  -24.306  0.076  -26.551 0.0000000000
107126  -24.508  -0.405  -26.099 0.0000000000
99531  -25.516  -6.303  -24.655 0.0000000000
100676  -27.755  -6.158  -21.816 0.0000000000
100690  -27.432  -5.662  -22.321 0.0000000000
101878  -27.837  -5.353  -21.869 0.0000000000
101879  -28.288  -4.593  -21.593 0.0000000000
101863  -28.767  -5.106  -20.695 0.0000000000
101864  -29.313  -4.570  -20.118 0.0000000000
84644  -25.830  -18.991  -20.616 0.0000000000
83390  -26.384  -19.740  -20.071 0.0000000000
89869  -28.216  -14.780  -21.273 0.0000000000
99541  -24.859  -6.455  -25.786 0.0000000000
96984  -24.798  -8.723  -25.286 0.0000000000
96985  -25.380  -8.063  -24.770 0.0000000000
96971  -25.435  -8.722  -23.875 0.0000000000
96972  -25.954  -8.271  -23.289 0.0000000000
121345  -29.868  12.931  -25.701 0.0000000000
122266  -29.989  13.517  -26.582 0.0000000000
123149  -30.059  13.828  -27.648 0.0000000000
122267  -30.414  12.956  -26.889 0.0000000000
119654  -31.262  10.595  -25.725 0.0000000000
120532  -30.610  11.653  -25.765 0.0000000000
121359  -30.783  12.390  -27.214 0.0000000000
120546  -31.395  11.669  -27.192 0.0000000000
121370  -30.924  11.744  -28.257 0.0000000000
119667  -31.857  11.029  -26.639 0.0000000000
118640  -32.008  9.233  -26.162 0.0000000000
118641  -32.348  9.883  -26.764 0.0000000000
118658  -32.388  9.447  -27.538 0.0000000000
116349  -29.215  7.635  -24.355 0.0000000000
115171  -30.940  6.386  -25.694 0.0000000000
116367  -31.471  7.306  -25.809 0.0000000000
115183  -32.138  6.687  -27.055 0.0000000000
116397  -32.303  7.432  -28.132 0.0000000000
115208  -32.083  6.534  -28.727 0.0000000000
113950  -31.216  5.309  -26.493 0.0000000000
113972  -31.857  5.294  -28.132 0.0000000000
112767  -31.711  4.557  -28.290 0.0000000000
112775  -31.648  4.665  -29.429 0.0000000000
113916  -24.877  5.880  -24.459 0.0000000000
115167  -25.484  6.403  -25.425 0.0000000000
113934  -25.833  5.776  -25.697 0.0000000000
112704  -27.865  4.783  -23.820 0.0000000000
112720  -29.278  4.385  -24.300 0.0000000000
111571  -29.762  3.757  -25.149 0.0000000000
111619  -30.809  3.543  -27.173 0.0000000000
110494  -30.821  3.126  -27.178 0.0000000000
110495  -31.270  3.041  -27.615 0.0000000000
110484  -30.728  2.946  -26.841 0.0000000000
110452  -29.552  2.466  -24.653 0.0000000000
110485  -31.129  2.667  -26.740 0.0000000000
110471  -31.112  2.430  -25.795 0.0000000000
110486  -31.785  2.666  -26.689 0.0000000000
109393  -25.592  2.066  -24.798 0.0000000000
109380  -26.373  2.030  -23.360 0.0000000000
109395  -26.452  1.526  -23.310 0.0000000000
108289  -29.801  1.358  -24.411 0.0000000000
109399  -31.045  1.926  -25.036 0.0000000000
110433  -31.679  2.329  -24.736 0.0000000000
108249  -30.801  1.425  -22.397 0.0000000000
105820  -23.109  -1.709  -26.599 0.0000000000
103154  -24.859  -2.901  -25.227 0.0000000000
104464  -24.581  -2.237  -25.895 0.0000000000
104432  -25.725  -2.078  -23.768 0.0000000000
101927  -26.195  -4.391  -23.790 0.0000000000
101911  -27.369  -3.956  -23.131 0.0000000000
104420  -28.390  -2.468  -22.921 0.0000000000
104435  -28.063  -2.586  -23.306 0.0000000000
105757  -29.040  -1.099  -22.805 0.0000000000
107034  -30.057  -0.056  -20.816 0.0000000000
94547  -27.106  -10.887  -22.209 0.0000000000
95792  -27.196  -10.118  -22.135 0.0000000000
95791  -26.834  -9.432  -22.227 0.0000000000
95783  -28.027  -10.111  -21.335 0.0000000000
108307  -23.333  0.329  -26.476 0.0000000000
107135  -24.030  -0.634  -26.655 0.0000000000
99519  -26.420  -6.681  -23.093 0.0000000000
99508  -26.927  -6.915  -22.329 0.0000000000
99509  -27.354  -6.366  -22.245 0.0000000000
100663  -28.841  -5.985  -20.608 0.0000000000
99483  -28.577  -6.565  -20.808 0.0000000000
99484  -29.081  -6.758  -20.230 0.0000000000
84645  -27.209  -18.908  -20.403 0.0000000000
87366  -26.649  -16.269  -21.479 0.0000000000
85964  -28.224  -16.621  -21.366 0.0000000000
97004  -24.498  -7.967  -25.895 0.0000000000
97003  -23.692  -8.274  -26.065 0.0000000000
95817  -25.007  -9.298  -24.486 0.0000000000
121336  -30.078  12.316  -25.465 0.0000000000
118635  -30.813  9.492  -25.140 0.0000000000
117545  -31.253  8.371  -25.345 0.0000000000
116348  -28.346  7.803  -24.591 0.0000000000
116347  -27.522  7.833  -25.030 0.0000000000
115152  -29.851  6.802  -24.746 0.0000000000
115195  -31.855  6.174  -27.361 0.0000000000
115169  -29.844  6.108  -24.898 0.0000000000
113937  -30.648  5.294  -25.791 0.0000000000
113936  -30.100  5.263  -25.207 0.0000000000
113933  -25.128  5.608  -26.055 0.0000000000
112718  -26.306  5.184  -25.297 0.0000000000
112734  -25.647  4.749  -25.945 0.0000000000
111550  -27.263  4.230  -23.869 0.0000000000
111552  -28.913  3.645  -23.988 0.0000000000
111588  -29.751  2.955  -25.093 0.0000000000
110432  -29.165  3.004  -24.282 0.0000000000
110431  -28.550  2.639  -23.766 0.0000000000
110451  -29.073  2.094  -24.093 0.0000000000
108288  -26.836  0.983  -23.187 0.0000000000
108269  -27.677  0.499  -23.366 0.0000000000
108271  -29.420  0.813  -23.884 0.0000000000
109363  -30.697  1.322  -23.818 0.0000000000
108247  -29.648  0.535  -23.498 0.0000000000
107072  -29.401  -0.069  -23.016 0.0000000000
104479  -23.431  -2.667  -26.752 0.0000000000
103167  -24.536  -3.425  -25.987 0.0000000000
103128  -27.866  -3.632  -22.816 0.0000000000
103129  -28.314  -3.155  -22.544 0.0000000000
105741  -28.836  -2.028  -22.194 0.0000000000
105742  -29.164  -1.713  -21.708 0.0000000000
105724  -29.764  -1.107  -20.720 0.0000000000
107013  -30.075  -0.512  -20.004 0.0000000000
105704  -29.756  -1.567  -19.751 0.0000000000
89880  -25.882  -13.946  -22.306 0.0000000000
91094  -25.628  -13.600  -22.717 0.0000000000
91095  -26.293  -13.339  -22.237 0.0000000000
92267  -26.040  -12.092  -22.948 0.0000000000
93387  -26.477  -11.408  -22.642 0.0000000000
93375  -26.798  -11.839  -22.049 0.0000000000
93376  -27.511  -11.531  -21.662 0.0000000000
111602  -23.614  3.639  -25.860 0.0000000000
111585  -24.618  3.564  -26.243 0.0000000000
110468  -25.408  3.060  -25.284 0.0000000000
110466  -24.590  3.007  -26.284 0.0000000000
109405  -25.153  1.738  -25.471 0.0000000000
108301  -25.136  1.023  -25.423 0.0000000000
108286  -25.420  0.990  -24.701 0.0000000000
108285  -25.091  0.636  -25.346 0.0000000000
107115  -25.609  -0.090  -24.024 0.0000000000
105791  -25.826  -0.745  -23.382 0.0000000000
100732  -25.113  -5.163  -25.104 0.0000000000
100719  -26.127  -5.257  -23.929 0.0000000000
101894  -27.011  -5.353  -22.758 0.0000000000
103099  -29.422  -3.530  -20.412 0.0000000000
100664  -29.395  -5.728  -20.006 0.0000000000
83389  -25.312  -19.780  -20.328 0.0000000000
89879  -25.327  -14.498  -22.449 0.0000000000
88680  -25.761  -15.293  -21.735 0.0000000000
89866  -25.750  -14.688  -21.937 0.0000000000
89867  -26.270  -14.361  -21.835 0.0000000000
89868  -27.476  -14.329  -21.342 0.0000000000
89856  -27.849  -13.813  -21.126 0.0000000000
100731  -24.790  -5.593  -25.751 0.0000000000
99542  -25.276  -6.202  -25.235 0.0000000000
98244  -25.419  -6.931  -24.743 0.0000000000
98245  -25.503  -7.332  -24.156 0.0000000000
98233  -25.869  -7.356  -23.488 0.0000000000
123129  -29.714  14.650  -26.097 0.0000000000
122296  -30.022  13.034  -28.702 0.0000000000
119683  -31.880  10.710  -28.427 0.0000000000
118675  -31.888  9.590  -28.919 0.0000000000
117556  -31.803  8.068  -26.092 0.0000000000
117573  -32.257  8.157  -26.688 0.0000000000
117574  -32.384  8.272  -27.489 0.0000000000
117600  -31.716  8.537  -29.421 0.0000000000
117608  -31.198  8.542  -30.279 0.0000000000
115214  -31.175  6.447  -30.479 0.0000000000
113973  -32.000  5.717  -28.482 0.0000000000
113982  -31.833  5.663  -29.229 0.0000000000
115147  -24.847  6.548  -24.394 0.0000000000
116364  -25.128  7.077  -25.095 0.0000000000
115148  -26.580  6.683  -25.255 0.0000000000
113919  -27.845  5.923  -24.372 0.0000000000
113920  -28.890  5.598  -24.182 0.0000000000
113903  -27.442  5.256  -24.591 0.0000000000
113905  -28.170  5.301  -24.001 0.0000000000
112749  -30.686  4.233  -26.475 0.0000000000
111629  -31.518  3.680  -28.018 0.0000000000
110496  -31.767  2.787  -27.505 0.0000000000
111621  -32.779  3.354  -27.510 0.0000000000
111607  -32.496  2.945  -26.704 0.0000000000
110429  -25.862  2.689  -23.738 0.0000000000
109396  -29.268  1.880  -24.206 0.0000000000
109382  -28.719  1.457  -23.807 0.0000000000
109397  -29.558  1.584  -24.348 0.0000000000
109407  -30.712  2.019  -25.376 0.0000000000
109364  -31.255  1.717  -23.379 0.0000000000
107134  -23.627  -0.682  -26.577 0.0000000000
105822  -24.224  -1.323  -26.392 0.0000000000
105808  -24.578  -1.200  -25.610 0.0000000000
105789  -24.915  -1.154  -25.007 0.0000000000
105790  -25.457  -1.315  -24.246 0.0000000000
105768  -26.119  -1.514  -23.400 0.0000000000
101943  -25.175  -4.324  -25.088 0.0000000000
103155  -25.354  -3.565  -24.632 0.0000000000
104450  -25.823  -2.997  -23.861 0.0000000000
103140  -26.705  -3.506  -23.477 0.0000000000
104433  -26.528  -2.385  -23.482 0.0000000000
105769  -27.285  -1.554  -23.494 0.0000000000
107073  -29.749  0.242  -22.413 0.0000000000
107054  -29.824  0.070  -21.691 0.0000000000
94571  -24.622  -10.457  -24.588 0.0000000000
94559  -25.864  -10.713  -23.259 0.0000000000
95804  -25.925  -9.448  -23.148 0.0000000000
95781  -27.129  -9.242  -21.859 0.0000000000
96933  -27.801  -9.078  -20.988 0.0000000000
91108  -25.203  -13.105  -23.259 0.0000000000
94534  -27.631  -10.485  -21.763 0.0000000000
95765  -27.806  -9.369  -21.129 0.0000000000
96949  -27.054  -8.813  -21.839 0.0000000000
98200  -28.607  -7.479  -20.708 0.0000000000
99498  -27.450  -6.951  -21.870 0.0000000000
103142  -28.080  -3.010  -23.021 0.0000000000
107094  -28.792  -0.275  -23.691 0.0000000000
108272  -30.123  0.987  -23.884 0.0000000000
108290  -30.028  1.227  -24.369 0.0000000000
109394  -25.859  1.908  -23.944 0.0000000000
109406  -30.570  2.112  -25.532 0.0000000000
110449  -25.635  3.115  -24.521 0.0000000000
110467  -25.010  2.866  -25.730 0.0000000000
110470  -30.298  2.521  -25.770 0.0000000000
111570  -29.518  3.428  -24.749 0.0000000000
111587  -25.558  3.644  -25.581 0.0000000000
111605  -30.427  3.367  -26.499 0.0000000000
111606  -30.549  3.685  -26.783 0.0000000000
111618  -30.643  3.190  -26.972 0.0000000000
112705  -28.603  4.641  -23.764 0.0000000000
112719  -26.835  4.637  -24.677 0.0000000000
112721  -29.622  4.131  -24.880 0.0000000000
112733  -25.169  4.817  -26.598 0.0000000000
112736  -30.414  4.557  -25.706 0.0000000000
112748  -30.270  3.921  -25.936 0.0000000000
112768  -31.839  5.065  -28.660 0.0000000000
112776  -31.896  5.245  -28.966 0.0000000000
113904  -27.660  5.290  -24.365 0.0000000000
113917  -26.337  5.990  -25.326 0.0000000000
113921  -29.639  4.884  -24.740 0.0000000000
113935  -29.574  5.707  -24.738 0.0000000000
113948  -24.449  5.205  -26.224 0.0000000000
113961  -31.941  5.810  -27.833 0.0000000000
115168  -25.992  6.592  -25.587 0.0000000000
115170  -30.315  6.119  -25.242 0.0000000000
115196  -32.192  6.509  -27.824 0.0000000000
116345  -24.782  7.148  -24.465 0.0000000000
116351  -30.805  7.504  -24.998 0.0000000000
116365  -25.550  7.136  -25.359 0.0000000000
116384  -32.357  7.372  -27.255 0.0000000000
117554  -25.485  7.799  -25.197 0.0000000000
121360  -30.963  11.826  -27.851 0.0000000000
122280  -30.034  13.761  -27.312 0.0000000000
