#!ascii label  , from subject 4105 vox2ras=TkReg
779
57022  24.634  -32.465  61.495 0.0000000000
87779  42.966  -8.746  43.722 0.0000000000
85263  50.624  -11.086  43.452 0.0000000000
70898  46.370  -21.255  50.442 0.0000000000
70854  27.977  -22.001  55.667 0.0000000000
61673  26.375  -28.208  62.213 0.0000000000
89087  47.190  -8.083  43.950 0.0000000000
86450  45.650  -9.469  47.850 0.0000000000
70869  43.118  -21.914  52.946 0.0000000000
69485  34.111  -22.727  57.317 0.0000000000
95356  55.093  -3.043  38.083 0.0000000000
87846  51.911  -8.948  39.147 0.0000000000
76021  43.206  -17.430  48.004 0.0000000000
82353  44.520  -12.684  49.674 0.0000000000
65671  24.457  -26.140  59.804 0.0000000000
59254  25.771  -30.359  61.940 0.0000000000
89089  45.323  -8.034  44.373 0.0000000000
89017  46.406  -7.737  46.425 0.0000000000
89019  44.659  -7.888  46.734 0.0000000000
61791  41.096  -28.217  53.377 0.0000000000
70794  28.777  -21.784  59.161 0.0000000000
70839  30.937  -22.313  56.774 0.0000000000
70774  31.798  -21.971  60.216 0.0000000000
95359  53.172  -3.313  37.909 0.0000000000
91611  55.179  -5.500  38.853 0.0000000000
91613  53.676  -5.881  39.262 0.0000000000
86554  49.863  -9.149  41.265 0.0000000000
86614  50.947  -10.213  38.619 0.0000000000
85305  51.458  -9.989  41.050 0.0000000000
85304  52.474  -10.408  40.081 0.0000000000
81077  51.947  -12.874  41.661 0.0000000000
69584  44.907  -22.124  51.824 0.0000000000
72159  44.131  -20.261  50.388 0.0000000000
75979  45.213  -18.429  50.425 0.0000000000
79677  44.170  -14.745  48.689 0.0000000000
77224  45.973  -16.621  49.871 0.0000000000
80979  46.990  -14.500  49.073 0.0000000000
72200  48.089  -19.834  48.349 0.0000000000
68176  25.998  -23.144  59.732 0.0000000000
87834  47.562  -9.252  40.734 0.0000000000
89060  49.450  -8.424  44.223 0.0000000000
87701  48.874  -8.775  46.489 0.0000000000
85223  46.585  -10.020  46.144 0.0000000000
69515  39.726  -23.114  55.396 0.0000000000
66972  41.595  -24.194  54.265 0.0000000000
65763  42.846  -25.363  52.040 0.0000000000
65779  44.879  -25.350  49.900 0.0000000000
67043  45.830  -24.245  48.445 0.0000000000
69541  36.145  -23.753  55.200 0.0000000000
68194  36.889  -23.597  57.408 0.0000000000
92868  54.323  -4.243  36.160 0.0000000000
91628  51.597  -6.191  37.718 0.0000000000
89127  53.724  -8.200  40.109 0.0000000000
82499  54.053  -10.861  38.426 0.0000000000
87707  42.365  -9.334  46.961 0.0000000000
85176  45.396  -10.253  49.564 0.0000000000
82374  46.568  -13.349  48.589 0.0000000000
55995  25.722  -33.188  61.735 0.0000000000
58104  25.568  -31.409  61.843 0.0000000000
57038  26.740  -32.441  61.429 0.0000000000
87803  43.779  -9.221  42.907 0.0000000000
89066  44.358  -8.406  45.149 0.0000000000
87752  43.355  -8.619  45.007 0.0000000000
70776  29.787  -21.649  60.196 0.0000000000
94079  52.278  -3.711  36.791 0.0000000000
92841  53.437  -4.579  38.985 0.0000000000
92842  52.819  -4.664  38.635 0.0000000000
87796  50.452  -9.131  42.611 0.0000000000
86553  50.374  -9.465  41.435 0.0000000000
86530  51.271  -10.450  41.928 0.0000000000
85283  51.512  -11.322  41.687 0.0000000000
69607  45.956  -21.772  51.049 0.0000000000
72134  45.446  -20.387  51.082 0.0000000000
73487  45.623  -19.692  50.689 0.0000000000
75991  45.643  -17.506  50.192 0.0000000000
73502  46.497  -19.408  50.099 0.0000000000
75989  47.133  -17.452  49.772 0.0000000000
72181  47.254  -20.118  49.465 0.0000000000
66923  25.141  -24.686  59.373 0.0000000000
65651  25.672  -25.667  61.821 0.0000000000
66890  26.025  -24.184  61.874 0.0000000000
87801  46.120  -8.835  42.556 0.0000000000
87835  46.567  -9.574  40.820 0.0000000000
87800  47.158  -8.825  42.522 0.0000000000
87773  48.774  -8.604  43.215 0.0000000000
89061  48.642  -8.168  44.416 0.0000000000
87735  49.529  -8.590  45.556 0.0000000000
89038  48.383  -7.969  45.222 0.0000000000
87704  46.367  -8.412  47.417 0.0000000000
86466  47.017  -8.771  46.695 0.0000000000
86467  46.258  -9.281  46.921 0.0000000000
85205  45.532  -10.643  46.187 0.0000000000
83771  45.421  -11.557  47.606 0.0000000000
66951  39.730  -24.313  55.970 0.0000000000
68210  40.348  -23.597  55.454 0.0000000000
65733  40.622  -24.966  55.040 0.0000000000
64512  41.595  -26.295  52.912 0.0000000000
65771  43.831  -25.383  50.835 0.0000000000
70837  32.792  -22.621  57.084 0.0000000000
69520  34.406  -23.191  55.816 0.0000000000
69519  35.455  -23.301  55.915 0.0000000000
69499  36.794  -23.044  56.511 0.0000000000
69483  35.883  -23.015  57.389 0.0000000000
96711  54.842  -1.962  37.034 0.0000000000
92867  54.784  -3.637  36.726 0.0000000000
87858  55.433  -8.038  38.498 0.0000000000
86613  51.644  -9.821  38.984 0.0000000000
87860  50.531  -9.193  38.041 0.0000000000
89162  51.104  -8.185  38.325 0.0000000000
90402  51.141  -7.230  37.873 0.0000000000
89144  52.152  -7.925  39.201 0.0000000000
89143  52.863  -7.637  39.508 0.0000000000
87845  52.626  -8.660  39.722 0.0000000000
154508  52.972  -12.130  39.670 0.0000000000
85313  53.564  -10.643  39.504 0.0000000000
70870  42.378  -22.025  52.818 0.0000000000
70891  42.558  -21.487  50.983 0.0000000000
73532  43.896  -18.960  48.889 0.0000000000
73533  43.700  -19.464  48.240 0.0000000000
80998  43.653  -13.359  48.899 0.0000000000
81012  42.691  -13.064  48.101 0.0000000000
83756  42.675  -11.652  48.316 0.0000000000
86453  41.909  -10.345  47.430 0.0000000000
86441  42.721  -10.383  48.580 0.0000000000
87690  43.689  -9.205  48.468 0.0000000000
85159  44.604  -11.074  49.601 0.0000000000
78435  48.027  -15.797  48.218 0.0000000000
82363  46.868  -13.509  48.947 0.0000000000
79701  47.122  -15.568  47.923 0.0000000000
79702  46.639  -15.043  47.403 0.0000000000
63064  24.755  -27.982  61.175 0.0000000000
60437  25.993  -29.278  62.129 0.0000000000
58101  27.812  -30.795  61.886 0.0000000000
58123  27.600  -31.534  61.636 0.0000000000
89088  46.237  -7.888  44.068 0.0000000000
89063  46.891  -7.854  44.770 0.0000000000
89064  45.996  -7.791  44.948 0.0000000000
89018  45.543  -7.764  46.610 0.0000000000
88974  45.742  -7.924  48.049 0.0000000000
70827  28.502  -21.802  57.342 0.0000000000
70840  30.081  -21.942  56.608 0.0000000000
70809  29.539  -21.743  58.358 0.0000000000
70807  31.482  -21.799  58.560 0.0000000000
70806  32.559  -21.914  58.606 0.0000000000
69470  34.757  -22.972  58.464 0.0000000000
69443  33.406  -23.341  60.065 0.0000000000
95357  54.774  -3.013  38.176 0.0000000000
92839  55.019  -4.610  38.522 0.0000000000
94052  54.248  -4.262  38.934 0.0000000000
91612  54.520  -5.714  39.285 0.0000000000
90376  54.991  -6.574  39.394 0.0000000000
87847  49.239  -9.378  40.243 0.0000000000
86595  50.144  -10.098  39.602 0.0000000000
86571  50.701  -9.916  40.392 0.0000000000
85332  51.852  -9.946  39.970 0.0000000000
85330  52.837  -9.724  40.163 0.0000000000
154519  51.664  -10.626  40.757 0.0000000000
82450  52.239  -11.958  40.651 0.0000000000
69585  44.361  -22.294  52.439 0.0000000000
72115  43.700  -20.874  51.967 0.0000000000
72114  44.307  -20.894  51.985 0.0000000000
73504  44.781  -19.549  50.429 0.0000000000
76006  44.124  -17.323  49.242 0.0000000000
77239  43.553  -16.450  48.124 0.0000000000
77234  44.636  -16.539  49.211 0.0000000000
78421  44.964  -15.559  49.405 0.0000000000
79643  45.486  -14.721  49.764 0.0000000000
80981  45.847  -13.904  49.557 0.0000000000
78418  46.321  -15.755  49.594 0.0000000000
76004  48.083  -17.304  48.783 0.0000000000
73546  48.595  -19.127  47.359 0.0000000000
68195  24.960  -23.861  57.400 0.0000000000
69486  25.928  -22.501  57.248 0.0000000000
70829  26.989  -21.667  57.178 0.0000000000
69460  26.922  -22.191  59.564 0.0000000000
69416  27.380  -23.029  61.579 0.0000000000
87833  48.494  -8.947  40.892 0.0000000000
87797  49.878  -8.736  42.735 0.0000000000
87750  50.404  -9.343  44.225 0.0000000000
86497  49.961  -9.734  44.811 0.0000000000
85220  49.539  -10.021  45.752 0.0000000000
85242  48.353  -10.405  45.428 0.0000000000
88992  47.842  -8.020  46.514 0.0000000000
86483  47.409  -9.305  46.326 0.0000000000
69564  39.074  -23.330  53.900 0.0000000000
69537  40.558  -22.895  54.512 0.0000000000
69536  41.658  -23.014  54.010 0.0000000000
68238  42.614  -23.520  53.717 0.0000000000
65757  41.420  -25.854  53.844 0.0000000000
65755  42.725  -24.911  53.072 0.0000000000
66980  43.879  -23.789  53.102 0.0000000000
66988  44.497  -23.650  51.736 0.0000000000
67000  44.841  -24.040  50.922 0.0000000000
68296  46.066  -23.105  50.055 0.0000000000
68317  46.920  -22.922  48.747 0.0000000000
65785  45.727  -25.180  48.879 0.0000000000
69517  37.534  -23.603  55.668 0.0000000000
69498  37.718  -23.688  56.223 0.0000000000
66953  38.329  -24.798  56.648 0.0000000000
68184  35.500  -23.808  58.416 0.0000000000
65709  37.004  -25.507  57.215 0.0000000000
94102  55.513  -2.929  35.286 0.0000000000
92855  51.586  -5.201  37.470 0.0000000000
91614  52.868  -6.033  39.008 0.0000000000
89142  53.611  -7.524  39.681 0.0000000000
86589  55.171  -9.662  39.636 0.0000000000
86567  53.632  -9.616  40.387 0.0000000000
85329  54.657  -10.513  39.273 0.0000000000
85328  55.341  -10.440  38.734 0.0000000000
72160  43.434  -20.845  50.171 0.0000000000
87738  41.410  -9.376  45.097 0.0000000000
87737  42.214  -8.918  45.444 0.0000000000
87721  43.366  -8.787  47.330 0.0000000000
88959  44.593  -8.677  48.750 0.0000000000
86437  45.523  -9.670  48.929 0.0000000000
83719  45.719  -12.261  49.440 0.0000000000
83738  45.897  -11.999  49.012 0.0000000000
85189  45.612  -10.863  48.451 0.0000000000
82388  45.850  -12.724  47.579 0.0000000000
69655  47.237  -22.229  48.180 0.0000000000
69667  47.149  -21.309  47.094 0.0000000000
55996  24.970  -33.109  62.008 0.0000000000
54948  25.380  -34.079  61.472 0.0000000000
54934  25.214  -33.564  61.898 0.0000000000
57021  25.293  -32.357  61.877 0.0000000000
87751  44.022  -8.570  44.752 0.0000000000
94065  52.456  -4.073  37.780 0.0000000000
94066  52.018  -4.758  37.520 0.0000000000
87795  50.430  -9.548  42.776 0.0000000000
86531  50.443  -10.095  42.607 0.0000000000
86510  50.778  -10.779  42.621 0.0000000000
85262  51.166  -11.371  42.683 0.0000000000
70888  45.964  -20.863  51.031 0.0000000000
72158  46.338  -20.327  50.399 0.0000000000
74749  45.985  -19.041  50.320 0.0000000000
72157  46.965  -20.021  50.114 0.0000000000
73501  47.079  -19.488  49.830 0.0000000000
70897  47.006  -20.778  50.057 0.0000000000
63054  25.536  -27.496  61.905 0.0000000000
65659  25.063  -25.575  61.383 0.0000000000
64407  25.783  -26.935  61.772 0.0000000000
63052  26.537  -27.573  61.957 0.0000000000
87776  46.632  -8.427  43.309 0.0000000000
87775  47.571  -8.552  43.258 0.0000000000
89086  48.066  -8.357  43.862 0.0000000000
89062  47.787  -7.979  44.608 0.0000000000
85204  45.484  -10.302  47.097 0.0000000000
65720  39.573  -24.951  55.839 0.0000000000
66963  40.156  -24.459  55.554 0.0000000000
65734  39.957  -25.372  55.248 0.0000000000
70822  33.326  -22.359  57.706 0.0000000000
69502  33.657  -22.848  56.677 0.0000000000
69501  34.700  -22.995  56.661 0.0000000000
69500  35.708  -23.083  56.652 0.0000000000
69484  34.777  -22.931  57.518 0.0000000000
95372  55.144  -2.818  37.375 0.0000000000
94077  55.701  -2.907  37.003 0.0000000000
94078  55.151  -3.321  37.336 0.0000000000
87859  51.361  -9.194  38.576 0.0000000000
89161  51.670  -8.306  38.743 0.0000000000
154512  53.008  -12.488  39.327 0.0000000000
154513  53.473  -11.968  39.117 0.0000000000
70882  42.946  -21.403  52.162 0.0000000000
74792  43.841  -18.293  48.297 0.0000000000
80997  44.183  -13.466  49.355 0.0000000000
82365  43.327  -12.522  48.917 0.0000000000
83740  43.011  -11.724  48.919 0.0000000000
85190  42.505  -10.859  48.186 0.0000000000
83739  43.623  -11.772  49.254 0.0000000000
86426  43.668  -10.589  49.315 0.0000000000
83722  44.215  -11.839  49.647 0.0000000000
76033  48.544  -17.174  47.215 0.0000000000
78448  47.712  -15.962  47.742 0.0000000000
77249  47.850  -16.633  47.074 0.0000000000
77250  46.927  -16.656  47.100 0.0000000000
60449  24.885  -29.912  61.423 0.0000000000
61697  24.549  -28.650  61.044 0.0000000000
60438  25.126  -29.492  61.948 0.0000000000
61686  25.452  -28.416  62.028 0.0000000000
59253  26.532  -30.199  62.078 0.0000000000
58103  26.342  -31.205  61.901 0.0000000000
87802  44.976  -8.980  42.768 0.0000000000
87821  44.422  -9.393  41.859 0.0000000000
87777  45.599  -8.477  43.543 0.0000000000
89042  44.907  -7.891  45.892 0.0000000000
88995  45.261  -7.805  47.441 0.0000000000
70810  28.659  -21.849  58.239 0.0000000000
70826  29.376  -21.812  57.435 0.0000000000
70775  30.775  -21.774  60.330 0.0000000000
70792  30.652  -21.592  59.409 0.0000000000
70791  31.673  -21.771  59.463 0.0000000000
70790  32.739  -21.946  59.510 0.0000000000
70789  33.459  -22.375  59.318 0.0000000000
95375  52.738  -3.166  37.258 0.0000000000
95374  53.532  -2.842  37.325 0.0000000000
95358  54.000  -3.253  37.997 0.0000000000
94063  54.423  -3.707  38.429 0.0000000000
94064  53.511  -3.943  38.559 0.0000000000
92829  53.971  -4.943  39.188 0.0000000000
90377  54.135  -6.704  39.467 0.0000000000
86572  49.936  -9.540  40.694 0.0000000000
86552  51.102  -9.882  40.890 0.0000000000
86570  51.394  -10.139  39.994 0.0000000000
85315  51.690  -10.057  40.389 0.0000000000
85314  51.973  -10.032  40.343 0.0000000000
83915  51.763  -10.262  40.532 0.0000000000
83868  51.733  -11.995  41.619 0.0000000000
85282  51.839  -11.755  41.201 0.0000000000
82451  52.042  -12.318  41.258 0.0000000000
81076  52.457  -12.436  40.258 0.0000000000
79739  52.329  -13.238  40.716 0.0000000000
70880  44.627  -21.464  52.048 0.0000000000
73488  45.212  -19.710  50.831 0.0000000000
73489  44.880  -19.971  50.917 0.0000000000
73503  44.969  -19.372  50.749 0.0000000000
74763  44.721  -18.433  50.025 0.0000000000
75993  44.603  -17.442  49.736 0.0000000000
75992  45.089  -17.729  50.248 0.0000000000
77225  45.424  -16.653  49.864 0.0000000000
78420  45.255  -15.622  49.723 0.0000000000
79644  44.932  -14.617  49.875 0.0000000000
78419  45.668  -15.701  49.649 0.0000000000
77223  46.697  -16.568  49.853 0.0000000000
73515  48.014  -19.065  48.837 0.0000000000
76005  47.634  -17.373  49.286 0.0000000000
74774  48.167  -18.303  48.644 0.0000000000
74790  48.449  -18.007  48.129 0.0000000000
73531  48.475  -18.936  48.071 0.0000000000
65702  24.537  -25.621  58.113 0.0000000000
66946  24.768  -24.722  57.264 0.0000000000
66935  24.885  -24.675  58.293 0.0000000000
68177  25.657  -23.879  59.513 0.0000000000
68187  25.401  -23.761  58.377 0.0000000000
69473  25.748  -22.948  57.964 0.0000000000
70830  26.398  -21.958  57.198 0.0000000000
69472  26.216  -22.362  58.057 0.0000000000
70812  27.126  -21.658  57.939 0.0000000000
69461  26.488  -22.478  59.044 0.0000000000
87819  46.806  -9.158  41.670 0.0000000000
87849  47.791  -9.514  40.060 0.0000000000
89085  48.921  -8.466  43.556 0.0000000000
87798  49.025  -8.703  42.824 0.0000000000
89084  49.720  -8.605  43.447 0.0000000000
89083  50.186  -8.760  43.522 0.0000000000
89059  50.150  -8.712  43.990 0.0000000000
89036  49.901  -8.652  44.809 0.0000000000
87719  49.299  -8.879  46.268 0.0000000000
87718  49.834  -9.250  46.025 0.0000000000
86481  49.144  -9.481  46.148 0.0000000000
85221  48.781  -9.858  45.779 0.0000000000
89040  46.651  -7.744  45.603 0.0000000000
89016  47.281  -7.745  46.183 0.0000000000
86484  46.793  -9.280  46.512 0.0000000000
85222  47.832  -9.861  45.914 0.0000000000
69538  39.401  -23.030  54.638 0.0000000000
68209  40.847  -23.931  55.079 0.0000000000
68220  41.098  -23.572  54.682 0.0000000000
68219  41.906  -23.623  54.046 0.0000000000
69535  42.187  -23.172  53.821 0.0000000000
64500  40.936  -26.502  54.280 0.0000000000
64513  41.254  -26.685  53.590 0.0000000000
65764  42.171  -25.541  52.631 0.0000000000
66981  43.138  -24.106  53.416 0.0000000000
66990  43.453  -24.590  52.686 0.0000000000
68255  44.250  -23.214  52.555 0.0000000000
66989  44.030  -24.160  52.246 0.0000000000
65770  44.571  -24.908  50.543 0.0000000000
67013  45.279  -24.509  50.208 0.0000000000
68297  45.524  -23.593  50.539 0.0000000000
67012  46.087  -24.098  49.941 0.0000000000
65778  45.698  -24.914  49.627 0.0000000000
69524  30.557  -22.472  55.086 0.0000000000
70850  31.449  -22.546  56.048 0.0000000000
68224  36.778  -24.029  54.351 0.0000000000
68223  37.699  -23.899  54.274 0.0000000000
69540  37.199  -23.766  55.081 0.0000000000
69482  36.891  -23.365  57.139 0.0000000000
68203  37.685  -23.840  56.600 0.0000000000
68202  38.318  -24.064  56.373 0.0000000000
66940  37.723  -24.562  56.985 0.0000000000
68185  34.900  -23.475  58.803 0.0000000000
64467  37.581  -26.033  56.895 0.0000000000
92866  55.282  -3.301  36.366 0.0000000000
92878  54.726  -3.501  35.721 0.0000000000
92879  54.196  -4.320  35.509 0.0000000000
91627  54.938  -5.042  38.195 0.0000000000
86615  49.963  -10.224  38.383 0.0000000000
86630  49.583  -10.198  37.457 0.0000000000
87861  50.208  -9.857  37.645 0.0000000000
91629  51.068  -6.654  37.516 0.0000000000
91640  51.213  -5.613  37.374 0.0000000000
91615  52.024  -6.056  38.755 0.0000000000
89128  53.190  -8.099  39.899 0.0000000000
89141  54.440  -7.805  39.647 0.0000000000
87844  54.526  -8.969  40.062 0.0000000000
154521  53.037  -9.905  40.125 0.0000000000
82500  53.726  -11.325  38.689 0.0000000000
83928  53.876  -10.841  38.915 0.0000000000
83927  54.659  -10.605  38.415 0.0000000000
72137  43.463  -20.798  51.209 0.0000000000
78436  44.021  -15.497  48.261 0.0000000000
82390  41.883  -12.489  47.290 0.0000000000
86469  41.710  -9.935  46.859 0.0000000000
86485  41.692  -9.659  46.176 0.0000000000
87723  42.199  -9.239  46.276 0.0000000000
87736  42.879  -8.697  45.977 0.0000000000
87722  42.921  -8.840  46.759 0.0000000000
86439  44.335  -9.705  49.342 0.0000000000
87689  44.305  -8.915  48.748 0.0000000000
87674  44.634  -8.972  49.068 0.0000000000
87673  45.199  -8.878  48.896 0.0000000000
86438  45.051  -9.536  49.397 0.0000000000
80980  46.456  -14.160  49.355 0.0000000000
82351  45.682  -12.955  49.671 0.0000000000
82350  46.184  -13.281  49.415 0.0000000000
81010  47.090  -14.241  48.797 0.0000000000
83737  46.314  -12.850  48.856 0.0000000000
83755  45.880  -12.277  48.442 0.0000000000
82387  46.385  -13.253  48.028 0.0000000000
79703  46.333  -14.457  46.740 0.0000000000
67026  46.281  -23.523  48.589 0.0000000000
68336  47.067  -23.156  47.980 0.0000000000
59255  25.106  -30.570  61.743 0.0000000000
57020  26.161  -32.351  61.710 0.0000000000
55994  26.173  -32.938  61.588 0.0000000000
87778  44.334  -8.532  44.084 0.0000000000
89090  44.805  -8.249  44.683 0.0000000000
89043  44.201  -8.304  46.022 0.0000000000
70763  28.292  -21.923  60.642 0.0000000000
70793  29.681  -21.606  59.291 0.0000000000
70761  29.795  -21.976  60.880 0.0000000000
92830  53.176  -5.200  39.127 0.0000000000
87815  50.299  -8.947  42.132 0.0000000000
86544  50.463  -9.382  42.055 0.0000000000
86543  50.866  -9.852  41.847 0.0000000000
86542  51.272  -10.166  41.724 0.0000000000
85295  51.480  -10.285  41.313 0.0000000000
83869  51.513  -11.880  42.357 0.0000000000
69608  45.409  -22.195  51.344 0.0000000000
70889  45.202  -21.327  51.523 0.0000000000
74750  45.513  -18.990  50.542 0.0000000000
75978  45.406  -18.308  50.412 0.0000000000
75977  45.918  -18.188  50.383 0.0000000000
74761  46.371  -18.380  50.038 0.0000000000
74760  47.041  -18.687  49.778 0.0000000000
73516  47.386  -19.220  49.311 0.0000000000
70910  47.542  -20.466  48.684 0.0000000000
65670  24.813  -25.642  60.298 0.0000000000
66910  25.460  -24.654  60.527 0.0000000000
68166  25.850  -23.808  60.297 0.0000000000
68165  26.195  -23.300  60.559 0.0000000000
66909  25.843  -23.976  61.096 0.0000000000
87820  45.652  -9.391  41.634 0.0000000000
87818  47.794  -8.918  41.688 0.0000000000
87799  48.102  -8.798  42.569 0.0000000000
87774  48.397  -8.616  43.231 0.0000000000
89037  49.171  -8.274  45.033 0.0000000000
89014  48.887  -8.252  45.777 0.0000000000
87720  48.518  -8.314  46.232 0.0000000000
88993  47.011  -7.761  46.963 0.0000000000
83772  45.112  -11.277  46.635 0.0000000000
82389  45.205  -12.078  46.979 0.0000000000
68201  39.535  -23.784  56.023 0.0000000000
68211  39.835  -23.349  55.763 0.0000000000
68200  40.077  -23.979  55.964 0.0000000000
66962  40.655  -24.253  55.198 0.0000000000
66973  41.133  -24.458  54.765 0.0000000000
63162  41.449  -27.368  53.132 0.0000000000
65772  43.327  -25.653  51.334 0.0000000000
65762  43.633  -24.947  51.770 0.0000000000
64539  43.446  -26.253  50.825 0.0000000000
64538  43.733  -26.075  50.231 0.0000000000
70838  31.923  -22.702  56.803 0.0000000000
69503  32.802  -22.883  56.373 0.0000000000
69543  34.088  -23.473  54.911 0.0000000000
69518  36.529  -23.142  55.811 0.0000000000
69468  36.640  -23.455  57.566 0.0000000000
95371  55.750  -2.478  37.057 0.0000000000
94092  55.385  -3.219  36.862 0.0000000000
90375  55.276  -6.488  38.817 0.0000000000
89181  50.575  -7.998  37.838 0.0000000000
90401  51.699  -7.230  38.569 0.0000000000
90379  52.393  -6.893  39.180 0.0000000000
87831  53.192  -8.628  40.214 0.0000000000
83914  52.943  -11.524  39.713 0.0000000000
69562  41.402  -22.677  53.118 0.0000000000
73517  44.283  -19.182  49.614 0.0000000000
72182  43.951  -20.184  49.645 0.0000000000
73518  43.849  -19.686  49.096 0.0000000000
79661  43.995  -14.062  48.924 0.0000000000
79678  43.606  -14.262  48.224 0.0000000000
81011  43.140  -13.229  48.450 0.0000000000
82377  42.427  -12.453  47.918 0.0000000000
83757  42.214  -11.632  47.750 0.0000000000
85206  41.561  -10.796  47.128 0.0000000000
85191  42.028  -10.831  47.642 0.0000000000
86452  42.371  -9.903  48.052 0.0000000000
87691  43.009  -9.302  48.134 0.0000000000
86440  43.226  -9.957  49.145 0.0000000000
86425  44.107  -10.406  49.480 0.0000000000
86424  44.857  -10.272  49.668 0.0000000000
78427  47.902  -15.804  48.890 0.0000000000
80996  47.415  -14.255  49.003 0.0000000000
79675  48.067  -15.142  48.629 0.0000000000
79676  47.579  -14.804  48.596 0.0000000000
79691  46.835  -14.968  48.294 0.0000000000
81022  46.518  -14.068  48.091 0.0000000000
64433  24.164  -26.897  59.966 0.0000000000
63073  24.297  -27.770  60.640 0.0000000000
64425  24.378  -27.004  60.699 0.0000000000
63063  24.970  -27.546  61.671 0.0000000000
60423  26.397  -28.784  62.295 0.0000000000
60422  26.817  -28.649  62.367 0.0000000000
59252  27.261  -30.037  62.062 0.0000000000
57019  26.902  -31.878  61.768 0.0000000000
89065  45.168  -7.942  45.124 0.0000000000
89041  45.784  -7.781  45.781 0.0000000000
88994  46.086  -7.842  47.204 0.0000000000
87687  45.425  -8.790  48.282 0.0000000000
64490  39.792  -26.392  55.145 0.0000000000
70842  28.280  -21.848  56.476 0.0000000000
70853  28.831  -21.943  55.632 0.0000000000
70841  29.162  -21.832  56.504 0.0000000000
70825  30.291  -21.880  57.543 0.0000000000
70808  30.483  -21.723  58.465 0.0000000000
70824  31.227  -22.106  57.651 0.0000000000
70823  32.225  -22.243  57.753 0.0000000000
70821  34.069  -22.507  57.869 0.0000000000
70804  34.317  -22.657  58.125 0.0000000000
70805  33.676  -22.329  58.603 0.0000000000
69458  33.790  -22.882  59.540 0.0000000000
68175  34.022  -23.717  59.719 0.0000000000
95373  54.445  -2.805  37.406 0.0000000000
94062  55.099  -3.573  38.175 0.0000000000
92827  55.052  -4.967  38.843 0.0000000000
94053  53.796  -4.377  39.009 0.0000000000
92828  54.795  -4.819  39.064 0.0000000000
89140  55.217  -7.380  39.115 0.0000000000
87843  55.157  -8.467  39.332 0.0000000000
86596  49.084  -9.755  39.311 0.0000000000
86594  51.190  -10.180  39.536 0.0000000000
86593  51.977  -9.667  39.636 0.0000000000
86592  52.661  -9.357  40.078 0.0000000000
85331  52.227  -9.876  40.089 0.0000000000
83930  52.201  -10.092  40.265 0.0000000000
154520  51.608  -10.808  41.037 0.0000000000
154518  51.846  -11.001  40.603 0.0000000000
154516  51.997  -11.413  40.661 0.0000000000
154510  52.798  -12.049  39.886 0.0000000000
69560  43.580  -22.369  53.115 0.0000000000
70868  43.501  -21.941  52.926 0.0000000000
70881  43.793  -21.647  52.565 0.0000000000
72136  44.314  -20.470  51.204 0.0000000000
72135  44.826  -20.594  51.431 0.0000000000
74791  44.094  -18.193  49.029 0.0000000000
76020  43.809  -17.351  48.573 0.0000000000
77238  44.058  -16.456  48.742 0.0000000000
78429  44.465  -15.549  48.891 0.0000000000
77226  45.056  -16.614  49.693 0.0000000000
79660  44.514  -14.492  49.276 0.0000000000
80983  44.784  -13.612  49.668 0.0000000000
82352  45.119  -12.842  49.830 0.0000000000
80982  45.338  -13.738  49.735 0.0000000000
79642  46.036  -14.847  49.567 0.0000000000
79641  46.666  -14.996  49.313 0.0000000000
77222  47.171  -16.561  49.637 0.0000000000
77233  47.601  -16.546  49.251 0.0000000000
78428  47.546  -15.797  49.229 0.0000000000
77232  47.973  -16.496  48.852 0.0000000000
76019  48.529  -17.161  48.030 0.0000000000
70855  27.216  -21.851  55.683 0.0000000000
70845  26.134  -22.066  56.461 0.0000000000
70844  26.767  -21.791  56.440 0.0000000000
70843  27.489  -21.770  56.450 0.0000000000
70828  27.697  -21.748  57.256 0.0000000000
70811  27.837  -21.800  58.111 0.0000000000
70779  27.392  -21.914  59.559 0.0000000000
69449  26.663  -22.810  59.962 0.0000000000
69448  27.168  -22.287  60.285 0.0000000000
69447  27.686  -22.141  60.744 0.0000000000
87832  49.350  -8.979  41.091 0.0000000000
87817  48.737  -8.833  41.823 0.0000000000
87816  49.682  -8.854  41.882 0.0000000000
87771  50.613  -9.022  43.426 0.0000000000
86511  50.120  -10.115  43.495 0.0000000000
86512  50.111  -9.864  44.180 0.0000000000
86496  50.083  -10.366  44.157 0.0000000000
85240  49.701  -10.323  44.891 0.0000000000
87734  50.071  -9.098  45.508 0.0000000000
85219  49.839  -10.082  45.683 0.0000000000
89039  47.526  -7.820  45.412 0.0000000000
89015  48.127  -7.878  45.947 0.0000000000
87702  48.371  -8.601  46.467 0.0000000000
87703  47.447  -8.319  46.799 0.0000000000
86465  47.907  -8.836  46.501 0.0000000000
86482  48.329  -9.372  46.241 0.0000000000
69563  40.051  -22.957  53.628 0.0000000000
69514  40.358  -23.086  55.159 0.0000000000
69561  42.555  -22.695  53.422 0.0000000000
65746  40.469  -25.888  54.801 0.0000000000
65745  41.095  -25.439  54.526 0.0000000000
65744  41.675  -24.956  54.198 0.0000000000
65756  41.947  -25.280  53.404 0.0000000000
66982  42.269  -24.373  53.765 0.0000000000
68237  43.359  -23.234  53.470 0.0000000000
68236  43.984  -23.024  53.208 0.0000000000
68254  44.655  -22.884  52.013 0.0000000000
67001  44.154  -24.483  51.295 0.0000000000
68277  45.154  -23.060  51.379 0.0000000000
68276  45.749  -22.663  50.800 0.0000000000
69625  46.227  -22.171  50.268 0.0000000000
69624  46.714  -21.636  49.727 0.0000000000
69642  46.450  -22.527  49.425 0.0000000000
68318  46.226  -23.420  49.265 0.0000000000
64559  44.752  -25.542  48.896 0.0000000000
64558  45.171  -25.408  48.476 0.0000000000
70852  29.817  -22.066  55.559 0.0000000000
69523  31.331  -22.624  55.209 0.0000000000
68222  38.192  -23.766  54.173 0.0000000000
69539  38.332  -23.590  54.679 0.0000000000
69516  38.664  -23.518  55.413 0.0000000000
69497  38.943  -23.566  55.872 0.0000000000
66952  39.119  -24.519  56.240 0.0000000000
65721  38.967  -25.359  56.248 0.0000000000
69469  36.155  -23.231  57.930 0.0000000000
68183  36.644  -23.817  57.829 0.0000000000
66929  36.181  -24.457  58.097 0.0000000000
68182  37.009  -24.171  57.510 0.0000000000
65708  37.702  -25.210  56.984 0.0000000000
55997  24.588  -33.279  61.561 0.0000000000
94103  54.923  -3.196  35.202 0.0000000000
92843  52.152  -5.176  38.097 0.0000000000
92831  52.581  -5.397  38.759 0.0000000000
90378  53.276  -6.786  39.284 0.0000000000
86568  53.119  -9.226  40.339 0.0000000000
87830  53.677  -8.858  40.503 0.0000000000
86566  54.045  -10.171  39.938 0.0000000000
86590  54.454  -9.682  40.199 0.0000000000
86588  55.360  -10.190  39.162 0.0000000000
85346  55.647  -10.582  38.101 0.0000000000
87780  41.812  -8.998  43.402 0.0000000000
86470  41.055  -10.258  46.385 0.0000000000
87754  41.153  -9.435  44.144 0.0000000000
87753  42.090  -8.866  44.465 0.0000000000
89044  43.565  -8.550  45.960 0.0000000000
89020  43.786  -8.408  46.815 0.0000000000
87705  43.430  -8.980  47.875 0.0000000000
88997  43.909  -8.586  47.658 0.0000000000
88996  44.431  -7.965  47.596 0.0000000000
88975  44.997  -7.901  48.256 0.0000000000
87688  45.246  -8.311  48.485 0.0000000000
83721  44.923  -11.895  49.811 0.0000000000
83720  45.489  -12.043  49.755 0.0000000000
85157  45.614  -11.571  49.600 0.0000000000
83718  46.268  -12.975  49.140 0.0000000000
85175  45.705  -11.041  49.395 0.0000000000
82400  45.434  -12.719  46.736 0.0000000000
81030  46.338  -14.129  47.320 0.0000000000
81031  45.918  -13.586  46.744 0.0000000000
69641  47.073  -22.006  48.961 0.0000000000
70926  47.343  -21.320  48.394 0.0000000000
69668  47.044  -22.202  47.461 0.0000000000
69654  47.374  -21.400  47.668 0.0000000000
70925  47.960  -20.705  47.943 0.0000000000
72220  48.322  -19.840  47.427 0.0000000000
56011  25.962  -33.688  61.395 0.0000000000
58102  27.113  -30.991  61.996 0.0000000000
60436  26.726  -29.295  62.258 0.0000000000
60439  24.821  -29.235  61.378 0.0000000000
61674  25.873  -28.050  62.045 0.0000000000
61685  26.024  -28.545  62.169 0.0000000000
61687  24.975  -28.557  61.567 0.0000000000
63053  25.948  -27.565  61.915 0.0000000000
63072  24.608  -27.369  61.095 0.0000000000
63137  39.354  -26.952  55.214 0.0000000000
63163  41.047  -27.388  53.817 0.0000000000
64406  26.242  -26.749  61.796 0.0000000000
64415  25.851  -26.303  61.826 0.0000000000
64416  25.232  -26.531  61.926 0.0000000000
64432  24.495  -26.457  60.406 0.0000000000
65686  24.706  -25.512  59.168 0.0000000000
65687  24.249  -26.228  59.106 0.0000000000
65693  36.511  -24.983  57.589 0.0000000000
65786  45.128  -25.351  49.343 0.0000000000
66891  25.672  -24.844  61.531 0.0000000000
66928  36.724  -24.396  57.694 0.0000000000
66941  37.142  -24.663  57.281 0.0000000000
67027  46.125  -24.328  49.152 0.0000000000
68148  26.451  -23.407  61.349 0.0000000000
68186  25.796  -23.016  58.811 0.0000000000
68192  37.949  -24.316  56.780 0.0000000000
68193  37.391  -23.955  57.095 0.0000000000
68221  40.614  -23.180  55.010 0.0000000000
69432  27.121  -22.645  61.212 0.0000000000
69433  26.655  -22.827  60.723 0.0000000000
69459  33.095  -22.382  59.821 0.0000000000
69471  33.958  -22.558  59.019 0.0000000000
69481  37.418  -23.661  56.771 0.0000000000
69496  39.535  -23.405  55.786 0.0000000000
69559  44.102  -22.598  52.914 0.0000000000
69565  38.508  -23.649  53.989 0.0000000000
69586  44.023  -22.174  52.869 0.0000000000
70762  28.953  -21.936  60.794 0.0000000000
70777  28.902  -21.739  60.049 0.0000000000
70778  27.990  -21.842  59.964 0.0000000000
70795  27.953  -21.881  58.990 0.0000000000
70796  27.125  -21.785  58.844 0.0000000000
70797  26.664  -21.946  58.351 0.0000000000
70813  26.654  -21.870  57.753 0.0000000000
70851  30.710  -22.313  55.884 0.0000000000
70856  26.525  -21.937  55.689 0.0000000000
70879  44.910  -21.628  51.828 0.0000000000
70890  44.833  -21.047  51.811 0.0000000000
70911  47.179  -21.074  49.226 0.0000000000
70948  47.838  -20.745  47.122 0.0000000000
72113  44.619  -20.942  51.898 0.0000000000
72133  45.854  -20.219  50.753 0.0000000000
72180  47.677  -19.756  48.942 0.0000000000
73486  46.049  -19.789  50.439 0.0000000000
73530  48.579  -18.461  47.870 0.0000000000
73545  48.664  -18.661  47.546 0.0000000000
74751  45.272  -18.927  50.538 0.0000000000
74762  45.019  -18.789  50.408 0.0000000000
74775  47.661  -18.202  49.233 0.0000000000
74776  44.387  -18.096  49.536 0.0000000000
74789  48.655  -18.244  47.676 0.0000000000
75990  46.244  -17.450  50.073 0.0000000000
76018  48.682  -17.788  47.534 0.0000000000
77237  48.185  -16.466  48.439 0.0000000000
77244  48.316  -16.430  47.746 0.0000000000
78417  47.085  -15.756  49.427 0.0000000000
78460  47.087  -16.071  47.447 0.0000000000
79640  47.032  -15.048  49.116 0.0000000000
79658  48.008  -15.263  49.094 0.0000000000
79659  47.438  -14.975  49.077 0.0000000000
79690  47.561  -15.485  48.107 0.0000000000
80995  47.942  -14.743  49.092 0.0000000000
81009  47.914  -14.431  48.697 0.0000000000
81023  46.204  -13.538  47.580 0.0000000000
81024  42.925  -13.688  47.977 0.0000000000
82349  46.766  -13.730  49.126 0.0000000000
82364  43.877  -12.604  49.359 0.0000000000
82375  46.227  -12.887  48.292 0.0000000000
82376  42.872  -12.438  48.440 0.0000000000
83754  46.256  -12.856  48.613 0.0000000000
83773  41.719  -11.550  47.237 0.0000000000
83887  51.982  -12.014  41.140 0.0000000000
83929  52.455  -10.007  40.174 0.0000000000
85158  45.307  -11.126  49.640 0.0000000000
85160  43.922  -11.084  49.458 0.0000000000
85177  43.354  -10.983  49.187 0.0000000000
85178  42.856  -10.898  48.791 0.0000000000
85207  41.054  -10.721  46.644 0.0000000000
86451  43.000  -9.521  48.520 0.0000000000
86464  48.717  -9.051  46.596 0.0000000000
86468  42.322  -9.602  47.350 0.0000000000
86480  49.582  -9.586  45.665 0.0000000000
86569  52.881  -8.941  40.183 0.0000000000
86591  52.881  -9.442  40.235 0.0000000000
87672  45.324  -9.102  48.718 0.0000000000
87675  44.022  -9.276  49.035 0.0000000000
87706  42.787  -9.200  47.523 0.0000000000
87724  41.726  -9.436  45.762 0.0000000000
87749  50.272  -9.665  43.724 0.0000000000
87770  50.299  -9.624  43.382 0.0000000000
87772  50.218  -8.800  43.159 0.0000000000
87829  54.099  -9.032  40.552 0.0000000000
88958  44.865  -8.367  48.787 0.0000000000
88976  44.383  -8.547  48.304 0.0000000000
88977  43.927  -8.921  48.027 0.0000000000
89021  43.292  -8.638  46.377 0.0000000000
89067  43.884  -8.534  45.540 0.0000000000
89104  49.484  -8.646  43.068 0.0000000000
89105  49.287  -8.601  43.233 0.0000000000
89126  54.148  -8.548  40.270 0.0000000000
92840  54.737  -4.194  38.635 0.0000000000
92877  55.259  -3.271  36.076 0.0000000000
154511  52.025  -11.818  40.915 0.0000000000
154517  51.722  -11.174  40.980 0.0000000000
