#!ascii label  , from subject 4105 vox2ras=TkReg
1130
134971  43.283  34.050  23.066 0.0000000000
140503  44.366  41.895  25.927 0.0000000000
129962  49.735  28.840  22.760 0.0000000000
132728  38.554  31.355  21.715 0.0000000000
131847  41.475  29.121  19.042 0.0000000000
136699  45.698  36.035  19.016 0.0000000000
139074  41.039  39.827  24.445 0.0000000000
140579  42.043  41.269  20.229 0.0000000000
127080  51.258  24.777  23.144 0.0000000000
130085  49.671  28.204  12.687 0.0000000000
137597  47.355  37.486  23.673 0.0000000000
133519  48.159  32.439  22.987 0.0000000000
135772  43.568  35.094  25.676 0.0000000000
133427  47.126  32.520  29.870 0.0000000000
141397  45.812  42.595  15.220 0.0000000000
138427  48.187  38.329  19.930 0.0000000000
130897  45.756  28.853  16.591 0.0000000000
134257  40.573  33.043  22.385 0.0000000000
130812  40.136  29.792  20.922 0.0000000000
132715  42.429  31.330  22.387 0.0000000000
136676  44.476  36.092  21.365 0.0000000000
135796  40.994  35.314  21.576 0.0000000000
139776  38.263  40.511  22.063 0.0000000000
127098  47.773  25.463  23.110 0.0000000000
128161  49.086  25.917  18.503 0.0000000000
128177  46.075  25.795  18.606 0.0000000000
138505  46.661  38.336  12.736 0.0000000000
138379  45.670  38.921  23.830 0.0000000000
137561  46.495  37.204  25.383 0.0000000000
139056  43.142  39.058  25.865 0.0000000000
135688  42.441  36.149  31.768 0.0000000000
135697  44.875  36.198  30.920 0.0000000000
134145  45.380  33.435  31.349 0.0000000000
130690  48.148  29.382  30.826 0.0000000000
140534  42.990  41.713  22.663 0.0000000000
138419  44.190  39.089  20.206 0.0000000000
155438  45.665  40.601  22.474 0.0000000000
138394  47.974  38.551  21.994 0.0000000000
132708  49.144  31.505  22.920 0.0000000000
130857  47.095  30.056  19.733 0.0000000000
129989  48.834  30.488  18.402 0.0000000000
130886  38.393  29.472  18.359 0.0000000000
130922  39.905  29.541  16.687 0.0000000000
135882  46.707  35.667  16.284 0.0000000000
136755  43.802  36.538  17.155 0.0000000000
141297  42.187  42.702  25.877 0.0000000000
140458  44.023  41.791  29.374 0.0000000000
141385  37.362  42.201  17.331 0.0000000000
139843  40.991  40.490  17.084 0.0000000000
140536  40.886  41.423  22.591 0.0000000000
129095  50.776  26.932  23.475 0.0000000000
130012  50.557  28.029  17.863 0.0000000000
127175  51.215  25.611  17.617 0.0000000000
128235  48.191  26.924  13.658 0.0000000000
135784  45.402  35.227  23.188 0.0000000000
133511  45.534  32.857  23.629 0.0000000000
135776  48.255  35.038  24.824 0.0000000000
134232  48.103  34.017  25.467 0.0000000000
132687  46.479  31.548  25.443 0.0000000000
137510  42.477  37.224  28.557 0.0000000000
134200  44.402  33.744  28.062 0.0000000000
130764  47.019  29.537  26.964 0.0000000000
129066  49.337  27.525  27.372 0.0000000000
127026  49.284  25.946  27.549 0.0000000000
141414  46.249  42.510  13.498 0.0000000000
139164  46.648  39.420  14.718 0.0000000000
138455  45.336  38.479  17.335 0.0000000000
137674  47.962  36.610  16.593 0.0000000000
136697  49.144  36.449  19.329 0.0000000000
137618  47.341  37.157  21.795 0.0000000000
130801  44.155  29.744  21.870 0.0000000000
130881  43.146  29.068  18.305 0.0000000000
130959  41.718  29.131  15.230 0.0000000000
130933  48.010  29.163  14.659 0.0000000000
134973  42.232  33.628  22.943 0.0000000000
133524  41.840  32.291  22.487 0.0000000000
133514  42.933  32.821  23.019 0.0000000000
136668  43.683  35.510  22.144 0.0000000000
135794  42.727  35.660  21.666 0.0000000000
135791  42.032  34.955  22.236 0.0000000000
134982  41.145  34.468  22.036 0.0000000000
128126  46.878  26.147  23.167 0.0000000000
127129  47.364  25.649  21.262 0.0000000000
127130  46.547  25.556  21.122 0.0000000000
130962  37.356  29.132  14.738 0.0000000000
155437  44.588  40.354  24.450 0.0000000000
139072  44.116  39.305  24.655 0.0000000000
139746  43.694  40.331  25.846 0.0000000000
134882  43.456  34.151  30.015 0.0000000000
134861  44.426  34.747  31.412 0.0000000000
141310  43.694  42.475  24.488 0.0000000000
140533  44.368  41.263  22.590 0.0000000000
155444  45.351  41.577  23.615 0.0000000000
155436  45.831  40.151  23.469 0.0000000000
130798  49.410  29.958  22.407 0.0000000000
131790  49.131  30.416  21.063 0.0000000000
130829  49.536  29.904  20.530 0.0000000000
132730  36.559  31.405  21.495 0.0000000000
131800  38.125  30.583  21.293 0.0000000000
131828  40.989  29.788  20.578 0.0000000000
130864  39.677  29.552  19.407 0.0000000000
130884  40.386  29.530  18.725 0.0000000000
130903  39.188  29.560  17.515 0.0000000000
131857  41.092  29.503  18.021 0.0000000000
135851  47.035  35.659  17.979 0.0000000000
136754  44.978  36.473  16.994 0.0000000000
136726  44.851  36.408  18.146 0.0000000000
134265  38.130  33.198  21.568 0.0000000000
133536  36.898  32.284  21.468 0.0000000000
139748  41.821  41.152  25.778 0.0000000000
140475  41.589  41.517  27.515 0.0000000000
139041  41.401  40.098  26.216 0.0000000000
139079  40.255  39.595  23.379 0.0000000000
140537  39.858  41.125  22.174 0.0000000000
139769  41.214  40.719  23.522 0.0000000000
140526  42.005  41.740  23.764 0.0000000000
128110  51.269  25.738  23.644 0.0000000000
128147  51.435  25.732  20.254 0.0000000000
127126  51.373  24.974  20.905 0.0000000000
128189  47.337  25.972  17.117 0.0000000000
128204  48.742  26.199  15.832 0.0000000000
128220  47.812  26.469  14.949 0.0000000000
136658  46.659  36.269  23.614 0.0000000000
134961  46.926  35.160  24.021 0.0000000000
136652  47.495  36.581  24.395 0.0000000000
136645  45.022  36.299  25.383 0.0000000000
135769  46.986  35.709  25.676 0.0000000000
134951  45.344  34.479  25.939 0.0000000000
133496  46.757  32.747  25.498 0.0000000000
134235  44.741  33.337  26.118 0.0000000000
139683  43.082  40.732  30.431 0.0000000000
138300  43.141  39.532  28.747 0.0000000000
138290  43.180  38.246  29.903 0.0000000000
134879  46.282  34.095  30.114 0.0000000000
134881  44.886  35.138  29.612 0.0000000000
134180  45.857  33.660  29.209 0.0000000000
133471  45.487  32.133  27.729 0.0000000000
131723  47.312  30.356  28.370 0.0000000000
129940  48.339  28.314  26.692 0.0000000000
131722  48.080  29.810  28.711 0.0000000000
129897  48.155  28.160  30.499 0.0000000000
129042  49.083  27.335  29.279 0.0000000000
142227  46.321  43.136  14.073 0.0000000000
140624  47.063  41.606  13.963 0.0000000000
140612  46.666  41.429  15.070 0.0000000000
139823  41.364  40.456  18.685 0.0000000000
139842  42.122  40.734  16.909 0.0000000000
139821  43.277  40.617  18.522 0.0000000000
138429  45.337  38.509  19.705 0.0000000000
138435  44.691  38.674  18.835 0.0000000000
138433  46.446  37.899  18.785 0.0000000000
137676  46.446  37.754  17.092 0.0000000000
137639  47.890  37.374  18.629 0.0000000000
137655  48.682  36.499  18.038 0.0000000000
137628  49.520  37.639  19.586 0.0000000000
138395  47.416  38.581  22.923 0.0000000000
137617  48.180  37.242  21.400 0.0000000000
136664  47.293  37.177  22.750 0.0000000000
136665  46.622  36.846  22.379 0.0000000000
133510  46.697  32.863  23.268 0.0000000000
132713  44.632  31.322  22.970 0.0000000000
131781  46.341  31.037  22.440 0.0000000000
130005  46.178  29.093  18.008 0.0000000000
130859  44.655  29.100  19.184 0.0000000000
130030  44.506  28.775  17.011 0.0000000000
130919  42.657  29.407  16.808 0.0000000000
130937  44.164  28.973  15.645 0.0000000000
130038  50.216  28.296  15.438 0.0000000000
130026  49.329  28.728  16.300 0.0000000000
130053  49.086  29.205  13.741 0.0000000000
133533  39.645  32.524  22.089 0.0000000000
132717  40.538  31.751  22.159 0.0000000000
132725  41.278  30.666  21.915 0.0000000000
131796  42.484  29.755  20.781 0.0000000000
136687  44.668  36.135  20.284 0.0000000000
134263  40.009  33.388  21.982 0.0000000000
127097  49.201  25.385  22.813 0.0000000000
127112  50.551  24.877  21.264 0.0000000000
128139  48.535  25.765  21.058 0.0000000000
128162  48.212  25.816  18.955 0.0000000000
138360  46.964  37.909  24.438 0.0000000000
137559  47.356  37.356  25.148 0.0000000000
138362  45.324  37.949  24.476 0.0000000000
138346  44.283  37.980  24.684 0.0000000000
137564  42.743  36.812  25.275 0.0000000000
136557  42.933  37.308  32.419 0.0000000000
137482  43.661  37.368  31.291 0.0000000000
136555  44.032  36.394  32.264 0.0000000000
134860  45.321  34.847  31.439 0.0000000000
134143  46.819  32.824  30.691 0.0000000000
132601  47.849  31.072  30.528 0.0000000000
132603  46.623  31.541  31.255 0.0000000000
130692  47.120  29.830  31.305 0.0000000000
129034  47.027  27.362  30.811 0.0000000000
141399  43.965  42.845  14.934 0.0000000000
140563  42.931  41.310  21.249 0.0000000000
139797  43.477  40.243  20.155 0.0000000000
139785  43.518  40.724  21.470 0.0000000000
139103  45.171  39.965  22.031 0.0000000000
138416  47.421  39.034  20.833 0.0000000000
138415  48.993  38.244  20.525 0.0000000000
138409  47.489  39.185  21.985 0.0000000000
155439  46.551  39.383  23.223 0.0000000000
132709  48.671  31.807  22.914 0.0000000000
131792  47.746  30.625  21.726 0.0000000000
131791  48.578  30.666  21.462 0.0000000000
130856  48.175  30.306  19.267 0.0000000000
130015  47.724  29.370  17.168 0.0000000000
130098  48.430  28.196  11.053 0.0000000000
130968  48.201  29.599  12.203 0.0000000000
130867  36.472  29.389  19.212 0.0000000000
131830  38.558  29.972  20.710 0.0000000000
130866  37.632  29.362  19.279 0.0000000000
130887  37.239  29.374  18.262 0.0000000000
130904  37.997  29.546  17.368 0.0000000000
130923  38.744  29.429  16.494 0.0000000000
130942  39.494  29.156  15.776 0.0000000000
136776  45.871  36.001  15.578 0.0000000000
136798  43.998  36.370  14.882 0.0000000000
142884  43.897  44.122  25.935 0.0000000000
140474  44.280  42.227  27.733 0.0000000000
141234  43.443  42.964  28.010 0.0000000000
140440  42.728  41.609  29.518 0.0000000000
139684  42.149  40.040  30.622 0.0000000000
155395  41.732  38.448  30.382 0.0000000000
135689  41.588  36.666  31.403 0.0000000000
140609  38.981  41.681  17.309 0.0000000000
139834  39.758  40.639  17.984 0.0000000000
139814  40.932  40.539  19.490 0.0000000000
140565  41.129  41.366  20.829 0.0000000000
140535  41.918  42.120  22.881 0.0000000000
141311  42.723  42.152  24.550 0.0000000000
129961  50.341  27.902  23.118 0.0000000000
129988  50.441  28.546  20.368 0.0000000000
129115  50.666  27.636  20.948 0.0000000000
129140  51.173  26.807  17.757 0.0000000000
128217  50.723  26.519  15.148 0.0000000000
127161  50.300  25.622  17.362 0.0000000000
127191  50.459  25.769  15.877 0.0000000000
128267  49.707  27.035  12.995 0.0000000000
135785  44.732  34.754  23.166 0.0000000000
134249  43.803  33.477  23.464 0.0000000000
134969  45.286  34.370  23.426 0.0000000000
134246  47.183  33.713  23.521 0.0000000000
134245  48.097  33.675  23.563 0.0000000000
135768  47.807  35.829  25.253 0.0000000000
134948  48.313  34.736  25.115 0.0000000000
133508  48.560  32.754  23.543 0.0000000000
133505  48.204  32.576  24.791 0.0000000000
131766  48.786  31.177  24.330 0.0000000000
130793  48.059  30.088  23.972 0.0000000000
139723  43.838  40.638  27.973 0.0000000000
138329  42.460  38.500  26.843 0.0000000000
136648  42.087  35.974  26.231 0.0000000000
136612  43.606  36.400  29.440 0.0000000000
135744  43.428  35.260  28.265 0.0000000000
134935  43.373  34.349  26.784 0.0000000000
133498  44.988  32.492  26.327 0.0000000000
131751  46.257  30.643  25.915 0.0000000000
129950  47.992  28.784  24.567 0.0000000000
129949  48.991  28.141  24.853 0.0000000000
129942  49.883  27.155  25.808 0.0000000000
128077  50.672  26.038  25.348 0.0000000000
130750  48.843  28.801  29.342 0.0000000000
129065  49.635  27.112  27.587 0.0000000000
127067  50.041  25.656  24.828 0.0000000000
127068  49.121  26.099  24.746 0.0000000000
140636  46.461  40.940  12.942 0.0000000000
139192  47.170  39.211  13.172 0.0000000000
137702  47.095  37.370  13.872 0.0000000000
139820  44.029  40.200  18.350 0.0000000000
139838  45.375  40.310  16.062 0.0000000000
139150  45.813  39.358  15.772 0.0000000000
138468  46.402  38.361  15.573 0.0000000000
136795  47.317  36.305  15.335 0.0000000000
135879  48.701  35.731  16.520 0.0000000000
135850  48.071  35.508  17.779 0.0000000000
135801  47.679  35.606  19.689 0.0000000000
137615  49.524  38.027  20.879 0.0000000000
136684  48.243  36.290  20.485 0.0000000000
136685  47.185  35.943  20.397 0.0000000000
136675  45.650  36.125  21.304 0.0000000000
135788  44.790  35.540  22.661 0.0000000000
132702  44.047  32.000  23.306 0.0000000000
131784  43.173  30.256  21.810 0.0000000000
130810  43.186  29.570  20.495 0.0000000000
130831  46.060  29.939  20.668 0.0000000000
130833  43.775  29.409  19.954 0.0000000000
130861  42.685  29.080  19.000 0.0000000000
130900  42.163  29.315  17.599 0.0000000000
130940  41.366  29.344  16.054 0.0000000000
130001  49.889  29.235  18.434 0.0000000000
130014  48.644  29.366  17.210 0.0000000000
130915  47.286  28.951  15.530 0.0000000000
130970  46.624  29.310  12.866 0.0000000000
130956  44.454  29.118  14.650 0.0000000000
127162  44.835  25.446  19.419 0.0000000000
128191  44.922  25.714  17.860 0.0000000000
134972  42.583  33.871  22.985 0.0000000000
134255  42.121  33.129  22.824 0.0000000000
134250  43.008  33.312  23.104 0.0000000000
134976  43.569  34.601  22.711 0.0000000000
135790  43.066  35.182  22.128 0.0000000000
134977  42.749  34.460  22.591 0.0000000000
134978  41.772  34.129  22.677 0.0000000000
127099  46.567  25.911  22.451 0.0000000000
140518  45.072  41.270  24.476 0.0000000000
139745  44.365  40.905  25.401 0.0000000000
141294  44.190  42.688  25.455 0.0000000000
141309  44.740  42.261  24.219 0.0000000000
130791  48.984  29.519  23.062 0.0000000000
130806  49.609  29.922  21.533 0.0000000000
129969  49.793  29.309  22.097 0.0000000000
132729  37.517  31.417  21.641 0.0000000000
131801  37.166  30.641  21.328 0.0000000000
131848  41.074  29.516  19.712 0.0000000000
130863  40.451  29.570  19.552 0.0000000000
131853  41.007  29.476  18.925 0.0000000000
131858  40.921  29.520  18.338 0.0000000000
131852  41.330  29.344  18.362 0.0000000000
135852  46.599  35.733  18.505 0.0000000000
136725  45.996  35.965  18.013 0.0000000000
133535  37.842  32.310  21.647 0.0000000000
139057  41.558  40.324  25.178 0.0000000000
139058  41.045  39.474  25.573 0.0000000000
139073  41.559  40.449  24.566 0.0000000000
128109  51.528  25.002  23.149 0.0000000000
127094  52.029  24.540  22.326 0.0000000000
126035  51.893  23.849  22.165 0.0000000000
128205  47.546  26.108  16.016 0.0000000000
136657  47.219  37.028  23.303 0.0000000000
136653  47.346  36.015  24.288 0.0000000000
135771  44.639  35.335  25.733 0.0000000000
135770  45.858  35.520  25.724 0.0000000000
134234  45.996  33.539  25.731 0.0000000000
134952  44.236  34.403  25.901 0.0000000000
139002  42.757  38.968  30.190 0.0000000000
139001  43.091  39.356  29.940 0.0000000000
155393  42.868  38.123  30.699 0.0000000000
134157  46.596  33.448  30.099 0.0000000000
134158  46.251  33.903  29.769 0.0000000000
133428  46.695  32.995  29.593 0.0000000000
133449  46.576  32.568  28.812 0.0000000000
132647  47.315  31.617  28.865 0.0000000000
131702  47.624  31.009  29.213 0.0000000000
128021  48.121  26.832  30.437 0.0000000000
141406  45.461  43.068  14.764 0.0000000000
142215  45.776  43.103  14.734 0.0000000000
141396  46.540  42.216  14.992 0.0000000000
140613  45.875  41.316  15.606 0.0000000000
139813  41.862  40.792  19.460 0.0000000000
139822  42.361  40.640  18.634 0.0000000000
138428  46.698  38.229  19.722 0.0000000000
138434  45.679  38.281  18.807 0.0000000000
137631  46.921  37.803  19.209 0.0000000000
137640  47.045  37.628  18.700 0.0000000000
137630  47.587  37.839  19.326 0.0000000000
137629  48.594  37.661  19.500 0.0000000000
137608  47.729  37.432  22.625 0.0000000000
132699  47.389  32.448  22.969 0.0000000000
132711  46.791  31.876  22.849 0.0000000000
130017  45.493  28.856  17.195 0.0000000000
130918  43.717  28.998  16.769 0.0000000000
130917  45.022  28.758  16.357 0.0000000000
130052  49.968  28.455  14.316 0.0000000000
130070  49.301  28.853  12.738 0.0000000000
133526  40.282  32.523  22.235 0.0000000000
132718  40.047  32.050  22.121 0.0000000000
132716  41.416  31.272  22.255 0.0000000000
131786  41.563  30.596  21.895 0.0000000000
131797  41.420  30.157  21.306 0.0000000000
131785  42.075  30.507  21.785 0.0000000000
136688  43.529  36.299  20.402 0.0000000000
135795  42.148  35.540  21.753 0.0000000000
136678  42.262  36.021  21.297 0.0000000000
134262  40.654  33.615  22.163 0.0000000000
134983  40.432  34.283  21.806 0.0000000000
127113  49.412  25.354  21.705 0.0000000000
127114  48.168  25.529  21.902 0.0000000000
127146  46.971  25.554  20.592 0.0000000000
128151  47.686  25.766  20.644 0.0000000000
128163  47.079  25.624  19.611 0.0000000000
128176  47.195  25.800  18.271 0.0000000000
139194  46.148  39.586  12.899 0.0000000000
138494  45.272  39.055  13.129 0.0000000000
138378  46.535  38.453  23.957 0.0000000000
138361  46.223  38.063  24.376 0.0000000000
139070  45.472  38.477  24.162 0.0000000000
139055  43.630  39.190  25.204 0.0000000000
138363  44.386  38.727  24.590 0.0000000000
137563  43.992  37.090  25.059 0.0000000000
138347  42.843  38.219  25.501 0.0000000000
135677  43.128  36.479  32.306 0.0000000000
136556  43.756  36.756  32.294 0.0000000000
135676  43.902  36.162  32.250 0.0000000000
134138  45.184  34.044  31.381 0.0000000000
134137  45.834  33.544  31.381 0.0000000000
134859  46.222  34.075  31.107 0.0000000000
134136  46.553  33.082  31.059 0.0000000000
133409  46.813  32.297  31.021 0.0000000000
133410  46.280  32.552  31.304 0.0000000000
131681  46.377  30.707  30.962 0.0000000000
130715  46.727  29.837  30.983 0.0000000000
129899  46.866  28.730  30.794 0.0000000000
129908  46.588  29.252  30.625 0.0000000000
140547  43.322  41.255  22.012 0.0000000000
139116  46.053  39.407  21.345 0.0000000000
139115  46.431  39.797  21.924 0.0000000000
139078  46.195  39.182  23.520 0.0000000000
139077  46.877  38.790  23.609 0.0000000000
131779  48.308  31.194  22.259 0.0000000000
131778  49.289  31.025  22.138 0.0000000000
131843  49.045  30.320  19.578 0.0000000000
131844  48.690  30.361  19.742 0.0000000000
129990  48.399  30.457  18.522 0.0000000000
129991  47.610  30.121  18.676 0.0000000000
130003  48.190  30.175  17.906 0.0000000000
131799  39.308  30.241  21.247 0.0000000000
131829  39.174  29.808  20.650 0.0000000000
130865  38.733  29.478  19.293 0.0000000000
135881  47.474  35.592  16.144 0.0000000000
136777  44.995  36.403  15.808 0.0000000000
136778  43.906  36.540  16.006 0.0000000000
136779  42.764  36.700  16.219 0.0000000000
142107  42.936  43.284  25.828 0.0000000000
142068  43.575  43.337  27.165 0.0000000000
141256  42.721  42.922  27.210 0.0000000000
140460  41.732  41.410  28.417 0.0000000000
140423  42.133  41.006  30.094 0.0000000000
155398  41.167  38.414  29.940 0.0000000000
155394  41.373  37.439  30.779 0.0000000000
141391  39.510  42.202  16.706 0.0000000000
141392  38.450  42.425  17.037 0.0000000000
139835  39.132  40.633  18.402 0.0000000000
139825  39.491  40.522  18.843 0.0000000000
139824  40.386  40.476  18.740 0.0000000000
140550  40.460  41.414  21.637 0.0000000000
140549  41.466  41.679  21.817 0.0000000000
140504  42.504  42.038  25.391 0.0000000000
141312  42.274  41.983  24.089 0.0000000000
141296  42.593  42.462  25.557 0.0000000000
141295  43.279  42.563  25.504 0.0000000000
129954  50.401  27.523  23.676 0.0000000000
129107  50.534  27.767  21.730 0.0000000000
128137  51.014  26.885  21.711 0.0000000000
128159  51.405  25.811  19.126 0.0000000000
128173  51.311  26.384  18.537 0.0000000000
128185  51.414  26.167  17.305 0.0000000000
129156  51.315  26.707  16.346 0.0000000000
127202  51.362  26.001  16.147 0.0000000000
128149  49.321  25.738  19.440 0.0000000000
127128  50.243  25.040  19.871 0.0000000000
127145  50.101  25.529  18.574 0.0000000000
128219  49.033  26.434  14.836 0.0000000000
128203  49.848  25.922  15.665 0.0000000000
128233  49.988  26.739  14.148 0.0000000000
129166  49.001  26.987  13.401 0.0000000000
129174  48.705  27.112  12.763 0.0000000000
134960  47.462  34.939  24.189 0.0000000000
134968  46.566  34.609  23.741 0.0000000000
134967  47.720  34.302  23.839 0.0000000000
134959  48.218  34.546  24.419 0.0000000000
136642  47.650  36.962  25.235 0.0000000000
136643  47.228  36.694  25.663 0.0000000000
134949  47.626  34.825  25.647 0.0000000000
134231  48.391  34.040  25.127 0.0000000000
134241  48.474  33.923  24.697 0.0000000000
133494  48.309  33.465  24.997 0.0000000000
133504  48.504  32.896  24.288 0.0000000000
133495  47.740  33.162  25.283 0.0000000000
132686  47.472  32.175  25.050 0.0000000000
132694  47.346  31.236  24.811 0.0000000000
131767  47.987  30.746  24.376 0.0000000000
131768  47.265  30.517  24.622 0.0000000000
139722  44.149  41.557  28.324 0.0000000000
138301  42.900  39.178  29.033 0.0000000000
138314  42.809  38.793  27.917 0.0000000000
137525  42.241  37.995  27.597 0.0000000000
137540  41.790  37.239  26.947 0.0000000000
137526  42.171  37.309  28.057 0.0000000000
136580  43.946  36.930  31.172 0.0000000000
137495  43.715  37.239  30.916 0.0000000000
136597  44.405  36.456  30.812 0.0000000000
134904  44.497  34.669  28.819 0.0000000000
134905  43.785  35.079  28.445 0.0000000000
134921  44.041  34.242  28.062 0.0000000000
134923  42.830  35.028  27.368 0.0000000000
134201  43.938  34.004  27.598 0.0000000000
134218  44.236  33.484  27.117 0.0000000000
133489  44.728  32.634  26.914 0.0000000000
131737  46.407  30.476  27.122 0.0000000000
131738  45.911  30.923  26.765 0.0000000000
130777  46.735  29.666  26.147 0.0000000000
130783  46.735  29.905  25.191 0.0000000000
130782  47.354  29.158  25.356 0.0000000000
129944  48.225  28.440  25.637 0.0000000000
129929  48.543  28.420  27.452 0.0000000000
129943  49.178  27.557  26.027 0.0000000000
129077  49.794  27.024  26.186 0.0000000000
129076  50.270  26.704  25.645 0.0000000000
129072  49.501  27.238  26.811 0.0000000000
131663  47.898  30.374  30.856 0.0000000000
130735  48.599  29.552  29.685 0.0000000000
130734  48.824  28.957  29.932 0.0000000000
128056  49.541  26.392  28.003 0.0000000000
129053  49.551  27.156  28.528 0.0000000000
128063  49.577  26.238  27.060 0.0000000000
128078  49.924  26.045  25.907 0.0000000000
128064  49.248  26.010  26.663 0.0000000000
128094  49.436  26.059  25.419 0.0000000000
142241  45.713  43.465  13.714 0.0000000000
142242  45.133  43.637  13.206 0.0000000000
141415  45.538  42.719  13.260 0.0000000000
140626  46.029  41.729  13.129 0.0000000000
139853  47.047  40.473  14.296 0.0000000000
139862  47.135  40.651  13.508 0.0000000000
139176  47.157  39.612  13.670 0.0000000000
138493  47.165  38.477  13.384 0.0000000000
138482  47.060  38.747  14.089 0.0000000000
139811  43.632  40.237  19.234 0.0000000000
139127  43.789  39.460  19.838 0.0000000000
138444  45.045  38.572  17.940 0.0000000000
139135  44.363  39.321  18.031 0.0000000000
139142  44.923  39.329  16.978 0.0000000000
139141  45.407  39.324  16.344 0.0000000000
139848  45.793  40.379  15.614 0.0000000000
137675  46.940  37.559  16.637 0.0000000000
137692  47.267  36.942  15.737 0.0000000000
137691  47.975  36.341  16.196 0.0000000000
135888  47.713  35.929  15.702 0.0000000000
136775  48.564  36.054  16.466 0.0000000000
136723  48.856  36.461  18.494 0.0000000000
135849  48.711  35.745  17.573 0.0000000000
135821  48.706  35.810  18.571 0.0000000000
135822  47.918  35.551  18.767 0.0000000000
136698  48.588  35.877  19.544 0.0000000000
138408  48.676  38.503  21.273 0.0000000000
138407  49.684  38.666  20.683 0.0000000000
137616  48.858  37.697  21.132 0.0000000000
136673  48.339  36.890  20.843 0.0000000000
137624  47.615  36.750  20.925 0.0000000000
136674  46.673  36.560  21.093 0.0000000000
136659  45.985  35.764  23.270 0.0000000000
136666  45.449  36.004  22.512 0.0000000000
134248  44.857  33.604  23.609 0.0000000000
133512  44.414  32.756  23.671 0.0000000000
131782  45.330  30.725  22.428 0.0000000000
131783  44.247  30.471  22.456 0.0000000000
131795  43.139  29.786  21.004 0.0000000000
130809  43.826  29.571  20.987 0.0000000000
131824  47.043  30.289  21.070 0.0000000000
131825  46.284  30.327  21.398 0.0000000000
130880  44.023  29.018  18.316 0.0000000000
130860  43.480  29.267  19.065 0.0000000000
130882  42.429  29.025  18.283 0.0000000000
130899  42.931  29.208  17.577 0.0000000000
130939  42.192  29.277  16.026 0.0000000000
130960  41.064  29.119  15.453 0.0000000000
130042  40.703  29.009  15.326 0.0000000000
130057  41.030  28.799  14.689 0.0000000000
130000  50.483  28.581  19.211 0.0000000000
130040  48.409  29.186  14.692 0.0000000000
130027  48.224  29.041  15.963 0.0000000000
130980  47.298  29.427  11.606 0.0000000000
130969  47.472  29.621  12.499 0.0000000000
130981  46.515  29.411  11.872 0.0000000000
134256  41.232  33.225  22.565 0.0000000000
133525  40.991  32.348  22.359 0.0000000000
133523  42.767  32.357  22.783 0.0000000000
136677  43.310  35.894  21.463 0.0000000000
135792  41.488  34.707  22.103 0.0000000000
134979  41.034  33.955  22.221 0.0000000000
127115  47.074  25.608  21.923 0.0000000000
127147  46.225  25.573  20.314 0.0000000000
155435  45.129  39.960  23.787 0.0000000000
139071  44.777  39.206  24.268 0.0000000000
139761  43.859  40.048  24.687 0.0000000000
135699  42.876  35.539  30.867 0.0000000000
134862  43.878  35.117  31.336 0.0000000000
134870  43.736  34.679  30.628 0.0000000000
133418  45.268  33.195  31.169 0.0000000000
141342  43.449  41.975  23.147 0.0000000000
141327  44.213  42.156  23.545 0.0000000000
140525  44.950  41.745  23.267 0.0000000000
155441  45.638  41.345  22.884 0.0000000000
155440  46.334  40.175  22.844 0.0000000000
155443  45.985  41.029  23.638 0.0000000000
131771  49.452  30.945  23.137 0.0000000000
130854  49.426  30.001  19.587 0.0000000000
130811  40.570  29.808  20.846 0.0000000000
130837  39.779  29.674  20.335 0.0000000000
130836  40.532  29.685  20.321 0.0000000000
130885  39.504  29.518  18.496 0.0000000000
130902  40.458  29.547  17.770 0.0000000000
136752  46.712  35.629  17.224 0.0000000000
136753  46.044  35.878  16.787 0.0000000000
136724  46.429  35.747  17.515 0.0000000000
134266  37.246  33.115  21.281 0.0000000000
140505  42.112  42.138  25.786 0.0000000000
140487  41.723  41.835  26.607 0.0000000000
139736  41.285  40.881  26.869 0.0000000000
139089  38.682  39.957  22.664 0.0000000000
139775  39.263  40.527  22.343 0.0000000000
139088  39.540  39.927  22.725 0.0000000000
139774  40.219  40.522  22.688 0.0000000000
140527  41.507  41.547  23.287 0.0000000000
139768  41.736  41.310  23.700 0.0000000000
139763  42.041  41.066  24.445 0.0000000000
128125  51.359  26.337  22.682 0.0000000000
128136  51.438  25.532  21.646 0.0000000000
127143  51.270  25.240  19.732 0.0000000000
128175  48.272  25.795  17.887 0.0000000000
128174  49.347  25.851  17.632 0.0000000000
128188  48.477  26.053  16.858 0.0000000000
135783  46.460  35.462  23.694 0.0000000000
135778  47.145  35.581  24.161 0.0000000000
135777  47.852  35.483  24.636 0.0000000000
136644  46.253  36.481  25.489 0.0000000000
134950  46.576  34.670  25.876 0.0000000000
134233  47.234  33.818  25.763 0.0000000000
133497  45.627  32.267  25.872 0.0000000000
139695  43.422  41.150  30.041 0.0000000000
139710  43.825  41.188  29.210 0.0000000000
139711  43.374  40.151  29.513 0.0000000000
137509  42.628  37.899  28.752 0.0000000000
135715  45.486  35.346  30.601 0.0000000000
135716  44.694  35.787  30.184 0.0000000000
134880  45.652  34.655  29.916 0.0000000000
134903  45.284  34.186  29.204 0.0000000000
133450  45.359  33.016  28.476 0.0000000000
133470  46.248  31.886  28.148 0.0000000000
131724  46.527  30.841  28.003 0.0000000000
131736  47.071  29.830  27.532 0.0000000000
130776  47.460  28.898  26.396 0.0000000000
130763  47.758  29.151  27.498 0.0000000000
130752  48.112  29.471  28.266 0.0000000000
130762  48.496  28.871  27.979 0.0000000000
129878  48.378  28.686  30.569 0.0000000000
129896  48.570  28.331  30.163 0.0000000000
129043  48.728  27.108  29.716 0.0000000000
128039  48.880  26.788  29.442 0.0000000000
142228  45.403  43.624  14.275 0.0000000000
142240  46.322  42.926  13.772 0.0000000000
140625  46.721  41.439  13.282 0.0000000000
141412  46.850  42.213  14.101 0.0000000000
140620  46.888  41.450  14.612 0.0000000000
139854  46.727  40.318  14.775 0.0000000000
139832  41.750  40.441  17.812 0.0000000000
139831  42.752  40.598  17.711 0.0000000000
138418  44.795  38.896  20.416 0.0000000000
138430  44.340  38.805  19.680 0.0000000000
138443  45.969  38.050  17.858 0.0000000000
138454  45.770  38.282  16.679 0.0000000000
137657  46.915  37.568  17.755 0.0000000000
137656  48.150  36.830  17.565 0.0000000000
136750  48.939  36.155  17.259 0.0000000000
136722  49.215  36.954  18.891 0.0000000000
136696  49.513  37.150  19.289 0.0000000000
137607  48.420  38.002  22.071 0.0000000000
137609  47.319  37.169  22.435 0.0000000000
133521  46.064  32.268  23.192 0.0000000000
132701  45.072  32.056  23.462 0.0000000000
130799  45.462  30.348  21.993 0.0000000000
129992  46.706  29.415  18.817 0.0000000000
130858  45.898  29.300  19.641 0.0000000000
129993  45.741  28.941  18.799 0.0000000000
130006  45.076  28.814  18.186 0.0000000000
130898  43.649  28.970  17.628 0.0000000000
130938  43.115  29.185  15.905 0.0000000000
130958  42.569  29.202  15.164 0.0000000000
130025  50.370  28.112  16.600 0.0000000000
130039  49.208  28.835  15.065 0.0000000000
130054  48.230  29.475  13.939 0.0000000000
133534  38.800  32.360  21.907 0.0000000000
132727  39.753  31.390  21.895 0.0000000000
131798  40.432  30.195  21.379 0.0000000000
132726  40.769  30.844  21.926 0.0000000000
131827  41.757  29.328  20.031 0.0000000000
136686  45.942  35.910  20.084 0.0000000000
136700  44.781  36.308  19.218 0.0000000000
136701  43.676  36.479  19.334 0.0000000000
134984  39.332  34.281  21.612 0.0000000000
134264  39.032  33.341  21.881 0.0000000000
139080  39.134  39.392  23.218 0.0000000000
138381  39.517  38.851  23.892 0.0000000000
127081  50.208  25.407  23.580 0.0000000000
127095  51.271  24.463  22.222 0.0000000000
127096  50.405  25.040  22.480 0.0000000000
128138  49.439  25.417  20.568 0.0000000000
128140  47.917  25.749  21.257 0.0000000000
128150  48.399  25.936  20.052 0.0000000000
138359  47.184  37.774  24.388 0.0000000000
137580  47.281  37.427  24.598 0.0000000000
137581  46.977  37.599  24.911 0.0000000000
137582  46.427  37.559  24.977 0.0000000000
137583  45.974  37.483  24.994 0.0000000000
138345  44.994  37.671  24.626 0.0000000000
137562  45.351  37.257  24.978 0.0000000000
136646  43.776  36.071  25.470 0.0000000000
137461  42.991  37.846  31.872 0.0000000000
137460  43.498  37.384  32.118 0.0000000000
136568  44.105  36.820  31.860 0.0000000000
136578  44.809  36.021  31.608 0.0000000000
135686  44.415  35.594  31.802 0.0000000000
135685  44.874  35.764  31.659 0.0000000000
135696  45.267  35.788  31.173 0.0000000000
134868  45.874  34.914  30.880 0.0000000000
134144  46.594  33.436  30.708 0.0000000000
134156  46.841  32.890  30.453 0.0000000000
132612  47.576  31.740  30.326 0.0000000000
133416  47.161  32.315  30.574 0.0000000000
132602  47.371  31.576  30.939 0.0000000000
131665  46.750  30.602  31.405 0.0000000000
130691  47.619  29.796  31.162 0.0000000000
129880  47.621  29.098  30.870 0.0000000000
129898  47.602  28.263  30.675 0.0000000000
141398  44.991  42.653  15.147 0.0000000000
140578  42.707  41.299  20.538 0.0000000000
139812  42.974  41.053  19.602 0.0000000000
139798  43.291  40.945  20.614 0.0000000000
139119  43.492  40.237  20.917 0.0000000000
139118  44.038  39.516  20.770 0.0000000000
139784  44.160  40.399  21.917 0.0000000000
139104  44.435  39.779  21.528 0.0000000000
139117  45.090  39.370  21.151 0.0000000000
138417  45.913  38.795  20.614 0.0000000000
138377  47.170  38.066  24.001 0.0000000000
133518  48.529  32.302  23.172 0.0000000000
132710  47.831  31.854  22.714 0.0000000000
131846  47.433  30.193  20.450 0.0000000000
131822  48.621  30.387  20.562 0.0000000000
131845  48.037  30.295  20.092 0.0000000000
130004  47.142  29.729  17.912 0.0000000000
130016  46.691  29.148  17.166 0.0000000000
130086  49.286  28.377  12.052 0.0000000000
130967  48.785  29.109  12.091 0.0000000000
130979  48.094  29.181  11.531 0.0000000000
130889  35.078  29.653  18.051 0.0000000000
130839  38.078  29.568  20.138 0.0000000000
130838  39.015  29.636  20.102 0.0000000000
130906  35.796  29.569  17.222 0.0000000000
130905  36.852  29.485  17.281 0.0000000000
130943  38.278  29.116  15.327 0.0000000000
136797  44.966  36.321  14.693 0.0000000000
136727  43.745  36.551  18.257 0.0000000000
142859  44.148  43.436  26.141 0.0000000000
140486  44.233  42.261  26.873 0.0000000000
142067  44.127  43.518  26.716 0.0000000000
141233  44.293  43.097  27.972 0.0000000000
141214  43.912  42.522  28.901 0.0000000000
141257  41.977  42.294  27.348 0.0000000000
141216  42.675  42.007  28.962 0.0000000000
140439  43.746  41.947  29.784 0.0000000000
140422  42.871  41.190  30.251 0.0000000000
136558  42.271  37.617  31.325 0.0000000000
135679  41.871  37.128  31.693 0.0000000000
140608  39.825  40.956  16.955 0.0000000000
140598  38.718  40.907  17.949 0.0000000000
140597  39.457  40.886  17.663 0.0000000000
139844  40.330  40.576  17.479 0.0000000000
139833  40.759  40.426  17.945 0.0000000000
140580  41.314  40.944  20.063 0.0000000000
140538  39.081  40.912  21.937 0.0000000000
139799  40.515  40.839  20.222 0.0000000000
140564  42.130  41.510  21.083 0.0000000000
140548  42.445  41.642  21.942 0.0000000000
141343  42.617  42.065  23.249 0.0000000000
141329  42.359  42.074  23.650 0.0000000000
141328  43.122  42.259  23.763 0.0000000000
130805  49.971  29.135  21.595 0.0000000000
129968  50.177  28.426  22.166 0.0000000000
129123  50.792  27.519  19.916 0.0000000000
128148  51.166  26.632  20.669 0.0000000000
128160  51.257  26.535  19.540 0.0000000000
129131  50.944  27.291  18.796 0.0000000000
129149  51.052  27.130  16.871 0.0000000000
129157  51.010  27.308  15.792 0.0000000000
129172  50.194  27.759  13.745 0.0000000000
127127  51.058  24.834  20.395 0.0000000000
127144  50.862  25.135  19.188 0.0000000000
127160  50.854  25.321  18.029 0.0000000000
128187  49.572  25.891  16.616 0.0000000000
127177  50.405  25.674  16.403 0.0000000000
127176  50.964  25.378  16.967 0.0000000000
128232  50.253  27.120  14.056 0.0000000000
128265  49.947  27.437  12.875 0.0000000000
129202  49.275  27.826  11.891 0.0000000000
134975  43.943  34.671  22.870 0.0000000000
134970  44.184  34.339  23.177 0.0000000000
134247  46.027  33.680  23.537 0.0000000000
133509  47.758  33.105  23.075 0.0000000000
135767  48.228  35.306  24.995 0.0000000000
134966  48.267  34.108  23.906 0.0000000000
134244  48.525  33.706  24.034 0.0000000000
133503  48.792  32.583  23.894 0.0000000000
132691  48.997  32.253  24.024 0.0000000000
131765  49.100  31.538  23.896 0.0000000000
132692  48.774  32.019  24.421 0.0000000000
131772  48.948  30.661  23.690 0.0000000000
131773  48.521  30.538  24.010 0.0000000000
139734  44.149  41.287  26.905 0.0000000000
139735  43.736  40.276  26.924 0.0000000000
139039  43.319  39.638  26.301 0.0000000000
139026  43.267  39.601  27.521 0.0000000000
139040  42.915  39.056  26.528 0.0000000000
138348  42.028  37.418  25.791 0.0000000000
137565  41.936  36.490  25.983 0.0000000000
136647  42.622  35.738  25.863 0.0000000000
137483  43.409  37.605  30.751 0.0000000000
155397  43.332  37.574  30.186 0.0000000000
136613  42.898  36.709  28.925 0.0000000000
135717  43.965  36.216  29.708 0.0000000000
135735  43.735  35.732  28.959 0.0000000000
136621  42.679  36.188  28.348 0.0000000000
135754  42.232  35.658  27.324 0.0000000000
135773  42.932  34.919  26.224 0.0000000000
134953  43.471  34.490  26.160 0.0000000000
132688  45.939  31.563  25.846 0.0000000000
133488  45.247  31.933  26.672 0.0000000000
132679  45.806  31.309  26.313 0.0000000000
132678  46.067  31.239  25.850 0.0000000000
130787  46.968  30.177  24.764 0.0000000000
129957  48.074  29.404  23.993 0.0000000000
129956  48.587  28.760  23.796 0.0000000000
129955  49.795  27.996  23.912 0.0000000000
129096  50.547  27.236  24.095 0.0000000000
129948  49.864  27.415  25.201 0.0000000000
129087  50.568  27.144  24.811 0.0000000000
129086  50.887  26.552  24.369 0.0000000000
128093  51.043  25.931  24.703 0.0000000000
127066  50.747  25.617  24.153 0.0000000000
131701  48.075  30.305  29.356 0.0000000000
130751  48.709  29.107  28.719 0.0000000000
129915  48.905  28.417  28.472 0.0000000000
129907  48.810  28.212  29.530 0.0000000000
129927  49.377  27.606  28.213 0.0000000000
129071  49.736  26.654  26.514 0.0000000000
127058  50.419  25.810  25.305 0.0000000000
127082  49.144  25.655  23.911 0.0000000000
127083  48.349  25.942  24.246 0.0000000000
139878  46.634  40.376  12.948 0.0000000000
139863  46.924  40.523  13.034 0.0000000000
139193  46.827  39.510  13.000 0.0000000000
136815  47.127  36.623  13.754 0.0000000000
140615  44.321  41.972  15.543 0.0000000000
140614  45.190  41.923  15.780 0.0000000000
139131  43.995  39.372  18.961 0.0000000000
140603  45.157  41.039  15.862 0.0000000000
139847  46.339  40.354  15.223 0.0000000000
139149  46.231  39.390  15.260 0.0000000000
138453  46.257  38.141  16.197 0.0000000000
138483  46.806  37.930  14.752 0.0000000000
137703  47.052  36.941  14.795 0.0000000000
136816  47.014  36.457  14.321 0.0000000000
135889  47.206  36.023  15.269 0.0000000000
135868  48.258  35.315  16.854 0.0000000000
135869  47.328  35.482  17.001 0.0000000000
135823  47.060  35.618  18.947 0.0000000000
135824  46.369  35.782  18.964 0.0000000000
138414  49.691  38.606  20.346 0.0000000000
138424  50.217  38.500  19.949 0.0000000000
136682  49.701  37.035  19.924 0.0000000000
136672  48.723  37.003  20.772 0.0000000000
136683  49.096  36.552  20.172 0.0000000000
135802  46.740  35.705  19.624 0.0000000000
135803  46.194  35.823  19.459 0.0000000000
136667  44.278  35.768  22.179 0.0000000000
135789  44.176  35.040  22.666 0.0000000000
133513  43.415  32.603  23.245 0.0000000000
133522  43.273  32.120  22.946 0.0000000000
132714  43.466  31.450  22.783 0.0000000000
131826  42.358  29.286  20.071 0.0000000000
131793  46.812  30.578  21.887 0.0000000000
131794  45.956  30.563  21.921 0.0000000000
130808  44.911  29.636  21.299 0.0000000000
130832  44.842  29.328  20.327 0.0000000000
130834  42.875  29.329  19.835 0.0000000000
130862  42.051  28.839  19.037 0.0000000000
130883  41.804  29.111  18.305 0.0000000000
130901  41.404  29.456  17.675 0.0000000000
130921  40.927  29.519  16.818 0.0000000000
130920  41.795  29.489  16.844 0.0000000000
130941  40.517  29.345  15.870 0.0000000000
130828  50.034  29.305  20.880 0.0000000000
130877  49.947  29.529  19.189 0.0000000000
130878  49.418  29.969  18.812 0.0000000000
130013  49.504  28.796  17.501 0.0000000000
130002  49.088  30.087  18.143 0.0000000000
130028  47.184  29.022  16.456 0.0000000000
130916  46.254  28.846  16.083 0.0000000000
130951  48.797  29.429  12.741 0.0000000000
130952  48.310  29.750  13.105 0.0000000000
130953  47.557  29.492  13.564 0.0000000000
130982  45.687  29.255  12.306 0.0000000000
130954  46.559  29.139  13.914 0.0000000000
130935  46.417  28.897  14.944 0.0000000000
130936  45.297  28.831  15.311 0.0000000000
130957  43.467  29.223  14.942 0.0000000000
127148  45.266  25.530  20.074 0.0000000000
128164  45.863  25.618  19.499 0.0000000000
127178  44.642  25.516  18.788 0.0000000000
126025  51.729  24.262  22.795 0.0000000000
126026  51.726  24.018  22.679 0.0000000000
126034  52.127  24.033  22.629 0.0000000000
126041  52.195  24.032  22.103 0.0000000000
126042  52.066  23.936  21.720 0.0000000000
127041  49.289  25.965  27.104 0.0000000000
127057  50.684  25.722  24.946 0.0000000000
127079  51.692  24.544  22.788 0.0000000000
127110  51.769  24.453  21.748 0.0000000000
127111  51.553  24.544  21.582 0.0000000000
127159  51.158  25.469  18.631 0.0000000000
127189  51.301  25.798  16.734 0.0000000000
127190  50.967  25.752  16.000 0.0000000000
127203  51.144  26.148  15.799 0.0000000000
128049  49.149  26.396  28.936 0.0000000000
128095  48.722  26.197  25.411 0.0000000000
128124  51.577  25.217  22.749 0.0000000000
128165  45.300  25.514  19.465 0.0000000000
128172  51.399  25.885  18.169 0.0000000000
128178  45.273  25.530  18.927 0.0000000000
128186  51.364  26.256  17.922 0.0000000000
128201  51.400  26.236  16.517 0.0000000000
128202  50.434  25.959  15.481 0.0000000000
128216  51.301  26.454  15.904 0.0000000000
128218  49.952  26.243  14.824 0.0000000000
128234  49.372  26.789  13.998 0.0000000000
128248  50.086  27.323  13.274 0.0000000000
128249  50.068  26.974  13.395 0.0000000000
128250  49.678  26.917  13.483 0.0000000000
128266  49.882  27.206  12.836 0.0000000000
129031  48.688  27.686  29.756 0.0000000000
129032  48.378  27.406  30.174 0.0000000000
129033  47.856  27.365  30.622 0.0000000000
129075  50.855  26.475  25.072 0.0000000000
129101  50.671  27.364  22.497 0.0000000000
129124  48.609  30.508  18.292 0.0000000000
129125  48.414  30.455  18.202 0.0000000000
129132  48.833  30.425  18.177 0.0000000000
129133  48.612  30.397  18.068 0.0000000000
129139  51.298  26.623  17.151 0.0000000000
129148  51.338  26.527  16.804 0.0000000000
129164  50.539  27.586  14.698 0.0000000000
129165  49.436  26.921  13.476 0.0000000000
129173  49.360  27.003  13.084 0.0000000000
129185  50.025  27.807  13.010 0.0000000000
129186  49.663  27.681  12.505 0.0000000000
129187  49.271  27.352  12.403 0.0000000000
129879  48.032  28.786  30.707 0.0000000000
129881  47.318  29.407  31.074 0.0000000000
129914  49.021  28.072  28.752 0.0000000000
129928  49.074  28.109  27.963 0.0000000000
129939  48.962  27.758  27.079 0.0000000000
129979  50.310  28.508  21.287 0.0000000000
130018  44.422  28.803  17.589 0.0000000000
130029  46.628  28.969  16.632 0.0000000000
130031  44.013  28.819  17.237 0.0000000000
130041  48.043  29.312  14.367 0.0000000000
130055  47.874  29.430  14.107 0.0000000000
130069  49.782  28.408  13.346 0.0000000000
130097  48.976  28.209  11.411 0.0000000000
130689  48.354  28.974  30.721 0.0000000000
130713  48.577  29.002  30.516 0.0000000000
130714  48.416  29.606  30.371 0.0000000000
130786  47.442  29.784  24.468 0.0000000000
130792  48.465  29.842  23.595 0.0000000000
130800  44.972  30.015  22.055 0.0000000000
130807  45.593  30.153  21.539 0.0000000000
130830  46.921  30.109  20.474 0.0000000000
130835  42.333  29.106  19.582 0.0000000000
130853  50.137  29.448  19.960 0.0000000000
130855  49.007  30.491  18.933 0.0000000000
130879  49.203  30.271  18.609 0.0000000000
130896  46.192  28.951  16.737 0.0000000000
130914  47.937  28.971  15.073 0.0000000000
130934  47.500  29.158  14.523 0.0000000000
130978  48.684  28.686  11.549 0.0000000000
130988  48.595  28.435  11.268 0.0000000000
131664  47.310  30.639  31.385 0.0000000000
131680  48.224  30.375  30.194 0.0000000000
131752  46.055  30.820  26.533 0.0000000000
131762  46.739  30.657  25.039 0.0000000000
131780  47.357  31.137  22.401 0.0000000000
131821  49.072  30.266  20.160 0.0000000000
131823  47.969  30.343  20.908 0.0000000000
132604  46.148  32.126  31.393 0.0000000000
132611  47.936  31.077  29.993 0.0000000000
132625  47.796  31.019  29.617 0.0000000000
132626  47.578  31.639  29.619 0.0000000000
132648  46.719  31.470  28.315 0.0000000000
132663  46.107  31.307  27.767 0.0000000000
132664  45.649  31.247  27.102 0.0000000000
132693  48.177  31.666  24.654 0.0000000000
132697  49.020  31.968  23.431 0.0000000000
132698  48.737  32.208  23.299 0.0000000000
132700  46.886  32.399  23.028 0.0000000000
132703  43.527  32.050  23.066 0.0000000000
132712  45.706  31.536  22.912 0.0000000000
133408  46.995  32.299  30.760 0.0000000000
133448  47.265  32.159  29.267 0.0000000000
133451  44.799  33.322  28.291 0.0000000000
133472  44.666  32.937  27.803 0.0000000000
133507  48.877  32.398  23.722 0.0000000000
133520  46.615  32.357  23.085 0.0000000000
134135  46.815  32.631  30.844 0.0000000000
134179  46.430  33.344  29.498 0.0000000000
134181  45.028  33.765  28.702 0.0000000000
134219  43.701  34.024  27.114 0.0000000000
134251  42.522  33.377  22.989 0.0000000000
134254  42.652  32.993  22.975 0.0000000000
134867  46.315  34.173  30.525 0.0000000000
134869  44.425  34.321  30.963 0.0000000000
134922  43.464  34.645  27.748 0.0000000000
134934  43.914  33.978  26.471 0.0000000000
134936  42.919  34.712  26.903 0.0000000000
134954  43.143  34.589  26.482 0.0000000000
135678  42.258  36.914  32.113 0.0000000000
135687  43.590  35.670  31.706 0.0000000000
135698  43.604  35.318  31.148 0.0000000000
135734  44.505  35.363  29.396 0.0000000000
135736  43.029  36.067  28.522 0.0000000000
135745  42.733  35.570  27.946 0.0000000000
135746  42.155  35.894  27.566 0.0000000000
135753  42.423  35.335  26.852 0.0000000000
135867  48.737  35.651  16.790 0.0000000000
135870  46.717  35.607  16.822 0.0000000000
135880  48.200  35.690  16.170 0.0000000000
136566  44.688  35.951  31.805 0.0000000000
136567  44.397  36.219  31.968 0.0000000000
136569  41.621  37.201  31.350 0.0000000000
136570  41.267  36.992  31.038 0.0000000000
136579  44.572  36.357  31.389 0.0000000000
136598  43.676  36.828  30.235 0.0000000000
136599  43.092  37.466  29.660 0.0000000000
136614  42.367  36.922  28.393 0.0000000000
136622  42.168  36.453  27.958 0.0000000000
136628  42.194  35.730  26.419 0.0000000000
136629  41.863  36.031  26.905 0.0000000000
136671  49.392  37.322  20.571 0.0000000000
136681  50.038  37.601  19.717 0.0000000000
136695  49.824  37.682  19.503 0.0000000000
136751  48.532  36.381  16.924 0.0000000000
136774  48.874  35.857  16.691 0.0000000000
136794  47.915  36.122  15.936 0.0000000000
137459  43.831  37.100  32.111 0.0000000000
137471  43.791  37.272  31.757 0.0000000000
137472  43.409  37.658  31.524 0.0000000000
137539  42.084  37.958  26.920 0.0000000000
137560  47.155  37.330  25.403 0.0000000000
137614  50.128  38.288  20.684 0.0000000000
137621  50.191  37.951  19.915 0.0000000000
137622  49.986  37.680  20.367 0.0000000000
137623  48.113  36.827  20.876 0.0000000000
137627  50.107  38.093  19.585 0.0000000000
137637  49.302  37.197  19.153 0.0000000000
137638  48.834  37.026  18.773 0.0000000000
137658  46.236  37.854  17.342 0.0000000000
138313  43.143  39.399  28.411 0.0000000000
138330  42.116  37.953  26.335 0.0000000000
138406  50.171  38.754  20.694 0.0000000000
138413  50.340  38.596  20.199 0.0000000000
138425  50.035  38.286  20.032 0.0000000000
138426  49.322  38.141  19.945 0.0000000000
138442  46.583  37.770  18.274 0.0000000000
138469  46.011  38.516  16.022 0.0000000000
138990  42.767  39.766  30.257 0.0000000000
139014  43.419  39.909  28.760 0.0000000000
139015  43.188  39.695  29.365 0.0000000000
139027  42.871  38.995  27.210 0.0000000000
139101  50.075  39.053  20.773 0.0000000000
139102  49.961  39.236  20.407 0.0000000000
139105  43.808  40.021  21.430 0.0000000000
139113  50.237  38.888  20.383 0.0000000000
139114  50.124  39.148  20.042 0.0000000000
139125  50.293  38.817  20.084 0.0000000000
139126  50.249  38.850  19.802 0.0000000000
139163  47.063  39.588  14.200 0.0000000000
139177  46.982  39.936  13.287 0.0000000000
139682  43.303  41.078  30.293 0.0000000000
139696  43.314  40.429  29.987 0.0000000000
139709  44.183  41.634  28.876 0.0000000000
139747  42.369  41.609  25.201 0.0000000000
139762  42.395  41.614  24.696 0.0000000000
139764  41.520  40.511  24.210 0.0000000000
139773  43.792  40.858  22.073 0.0000000000
139879  46.327  40.414  12.958 0.0000000000
140421  43.242  41.264  30.169 0.0000000000
140438  43.917  42.216  29.219 0.0000000000
140457  44.238  42.093  28.935 0.0000000000
140459  42.314  41.677  28.909 0.0000000000
140519  42.616  41.891  24.958 0.0000000000
140520  42.317  41.771  24.379 0.0000000000
140602  45.445  40.912  15.766 0.0000000000
140611  46.817  41.617  14.851 0.0000000000
140621  46.808  40.844  14.840 0.0000000000
140635  46.800  40.870  12.882 0.0000000000
141215  43.212  42.286  28.972 0.0000000000
141235  42.466  42.250  28.262 0.0000000000
141236  41.849  41.942  27.919 0.0000000000
141254  44.336  42.855  27.172 0.0000000000
141255  43.210  43.160  27.385 0.0000000000
141274  44.148  42.881  26.418 0.0000000000
141275  42.559  43.060  26.614 0.0000000000
141276  42.170  42.719  26.463 0.0000000000
141326  44.888  42.031  23.650 0.0000000000
141344  42.234  42.123  23.267 0.0000000000
141395  46.788  41.861  14.814 0.0000000000
141404  46.833  42.031  14.456 0.0000000000
141405  46.637  42.562  14.328 0.0000000000
141413  46.684  42.423  13.821 0.0000000000
142047  44.025  43.347  27.402 0.0000000000
142048  43.883  43.249  27.665 0.0000000000
142069  43.087  43.265  27.080 0.0000000000
142088  43.527  43.661  26.538 0.0000000000
142089  42.928  43.427  26.502 0.0000000000
142090  42.494  43.100  26.376 0.0000000000
142106  43.673  43.645  25.788 0.0000000000
142108  42.416  43.097  26.027 0.0000000000
142124  44.313  43.795  25.939 0.0000000000
142125  44.180  44.028  25.835 0.0000000000
142137  44.246  43.830  26.156 0.0000000000
142214  46.139  42.933  14.619 0.0000000000
142860  43.239  43.954  26.334 0.0000000000
142873  43.062  44.052  25.902 0.0000000000
142891  44.085  44.044  26.174 0.0000000000
155434  45.697  39.570  23.589 0.0000000000
155442  46.074  41.249  23.242 0.0000000000
155462  44.242  43.329  26.423 0.0000000000
155463  44.118  43.597  25.895 0.0000000000
155464  43.649  44.050  26.197 0.0000000000
