#!ascii label  , from subject 4105 vox2ras=TkReg
1268
72192  18.310  -19.755  49.581 0.0000000000
74675  33.597  -17.682  57.093 0.0000000000
95440  39.123  -2.353  33.155 0.0000000000
83891  30.233  -11.681  43.194 0.0000000000
78452  37.284  -16.087  48.154 0.0000000000
105434  52.861  5.929  26.212 0.0000000000
89208  41.042  -5.591  36.089 0.0000000000
86661  35.099  -6.939  36.091 0.0000000000
61909  15.471  -26.640  48.116 0.0000000000
75961  25.717  -15.889  53.534 0.0000000000
74766  30.916  -17.690  50.195 0.0000000000
74828  22.075  -17.199  46.494 0.0000000000
99461  46.071  0.807  30.175 0.0000000000
74700  21.239  -17.046  56.166 0.0000000000
66976  16.572  -21.762  55.215 0.0000000000
99397  45.487  2.137  34.646 0.0000000000
61821  11.965  -26.349  52.734 0.0000000000
59403  6.812  -29.192  52.322 0.0000000000
89106  33.248  -5.658  41.621 0.0000000000
82430  34.607  -12.845  45.401 0.0000000000
73603  36.233  -20.001  42.780 0.0000000000
70932  33.857  -19.331  47.762 0.0000000000
89149  40.526  -5.874  38.146 0.0000000000
87905  37.627  -6.370  36.636 0.0000000000
89170  37.050  -5.913  38.014 0.0000000000
90405  43.293  -4.693  38.030 0.0000000000
69693  17.901  -22.325  46.253 0.0000000000
61961  16.817  -26.517  46.091 0.0000000000
65782  16.521  -23.491  48.949 0.0000000000
74759  21.272  -17.325  51.639 0.0000000000
74782  23.612  -16.205  50.285 0.0000000000
73540  20.177  -17.977  48.558 0.0000000000
71016  18.864  -21.111  44.843 0.0000000000
96805  39.759  -0.537  31.049 0.0000000000
95413  42.131  -2.439  36.100 0.0000000000
98064  41.718  -0.800  33.945 0.0000000000
98076  42.702  0.225  32.179 0.0000000000
65730  16.628  -24.003  56.319 0.0000000000
63172  14.817  -25.525  53.455 0.0000000000
63134  13.622  -24.895  56.238 0.0000000000
59320  8.189  -29.493  57.934 0.0000000000
59353  9.024  -29.026  54.911 0.0000000000
58228  6.704  -29.683  55.414 0.0000000000
58231  5.122  -31.654  55.732 0.0000000000
57096  3.443  -30.759  57.826 0.0000000000
85208  34.398  -11.582  49.761 0.0000000000
81043  35.233  -15.094  46.823 0.0000000000
78495  37.077  -15.230  43.567 0.0000000000
76078  38.372  -17.281  44.844 0.0000000000
74808  28.560  -17.432  47.061 0.0000000000
72188  32.268  -19.435  49.008 0.0000000000
72228  31.039  -17.377  46.374 0.0000000000
71009  32.381  -18.361  44.746 0.0000000000
87784  30.859  -8.067  43.698 0.0000000000
87852  30.759  -7.559  39.236 0.0000000000
83918  29.150  -10.903  40.419 0.0000000000
105452  56.635  6.159  24.397 0.0000000000
105455  53.660  5.327  24.134 0.0000000000
91705  40.459  -4.375  33.996 0.0000000000
89234  38.089  -5.386  34.244 0.0000000000
92892  42.724  -4.295  36.629 0.0000000000
75933  30.322  -16.277  55.758 0.0000000000
74722  33.015  -18.001  53.794 0.0000000000
75970  28.493  -16.175  52.042 0.0000000000
76026  25.890  -16.704  48.574 0.0000000000
76065  24.605  -16.525  45.746 0.0000000000
100774  48.173  3.803  32.126 0.0000000000
100799  48.781  3.403  29.830 0.0000000000
102047  49.528  3.720  28.005 0.0000000000
104310  49.693  4.568  26.182 0.0000000000
73459  19.575  -18.244  53.333 0.0000000000
69600  17.954  -21.070  52.187 0.0000000000
72094  17.979  -18.763  56.426 0.0000000000
75939  23.703  -15.808  54.936 0.0000000000
100763  45.629  1.750  31.923 0.0000000000
64536  15.995  -23.951  51.781 0.0000000000
61858  13.490  -25.600  50.231 0.0000000000
61885  9.939  -27.444  49.487 0.0000000000
61788  11.520  -27.687  54.838 0.0000000000
60546  9.306  -27.240  52.694 0.0000000000
56024  1.788  -31.873  60.155 0.0000000000
91608  36.718  -3.889  40.955 0.0000000000
86500  31.457  -9.547  45.637 0.0000000000
86472  32.856  -9.811  48.359 0.0000000000
83874  31.983  -12.547  44.520 0.0000000000
79754  34.500  -14.039  42.761 0.0000000000
74909  36.371  -17.684  41.210 0.0000000000
72344  33.843  -20.639  41.234 0.0000000000
72120  33.781  -19.504  52.190 0.0000000000
72185  36.737  -20.304  49.441 0.0000000000
72239  37.869  -20.109  46.605 0.0000000000
72260  35.029  -19.362  45.038 0.0000000000
71054  33.188  -19.721  43.139 0.0000000000
89156  33.286  -5.486  39.142 0.0000000000
86664  31.637  -8.204  35.837 0.0000000000
90361  39.800  -5.265  39.703 0.0000000000
89151  38.702  -5.309  38.077 0.0000000000
90388  38.271  -4.701  38.831 0.0000000000
90385  41.516  -5.022  38.873 0.0000000000
70939  17.672  -20.755  48.340 0.0000000000
68345  17.201  -22.502  47.548 0.0000000000
69652  17.212  -21.257  48.943 0.0000000000
73512  19.656  -18.725  50.373 0.0000000000
73524  21.055  -17.295  50.069 0.0000000000
72209  18.786  -19.169  48.859 0.0000000000
72250  18.108  -20.272  47.059 0.0000000000
96776  38.988  -1.428  32.498 0.0000000000
95425  40.860  -2.692  33.958 0.0000000000
98055  41.972  -0.859  34.884 0.0000000000
96762  40.874  -1.883  33.303 0.0000000000
96788  40.563  -0.986  32.416 0.0000000000
59321  7.640  -30.119  58.517 0.0000000000
59345  7.539  -29.806  56.323 0.0000000000
58197  6.510  -30.902  57.218 0.0000000000
58230  5.715  -30.971  55.505 0.0000000000
58214  5.555  -31.205  56.498 0.0000000000
57124  4.547  -31.212  56.456 0.0000000000
82392  35.855  -13.576  48.619 0.0000000000
79706  36.230  -15.408  47.714 0.0000000000
78476  36.604  -15.805  45.740 0.0000000000
77265  38.223  -16.320  46.445 0.0000000000
73398  35.168  -17.795  56.003 0.0000000000
74825  27.738  -16.968  45.928 0.0000000000
73551  29.954  -16.938  46.651 0.0000000000
73577  29.126  -17.770  44.932 0.0000000000
72263  30.444  -18.096  44.546 0.0000000000
85299  29.304  -10.313  43.238 0.0000000000
86550  29.434  -9.089  41.624 0.0000000000
104307  51.923  5.262  27.823 0.0000000000
104321  53.807  5.329  27.086 0.0000000000
105433  53.782  6.147  26.153 0.0000000000
105443  54.629  6.328  25.037 0.0000000000
105445  52.809  5.538  25.006 0.0000000000
89231  40.308  -4.930  35.100 0.0000000000
90460  38.836  -5.014  33.810 0.0000000000
89218  39.340  -5.133  35.039 0.0000000000
86660  36.055  -6.832  36.315 0.0000000000
86707  36.352  -6.957  35.362 0.0000000000
86708  35.268  -7.199  35.011 0.0000000000
89197  42.958  -6.343  36.997 0.0000000000
90446  42.423  -5.341  35.882 0.0000000000
92894  41.746  -4.456  35.614 0.0000000000
61939  16.201  -26.413  47.156 0.0000000000
63265  14.141  -27.251  47.320 0.0000000000
75947  28.753  -15.346  54.068 0.0000000000
75958  29.402  -15.814  52.971 0.0000000000
75971  27.220  -16.205  52.348 0.0000000000
74811  22.752  -16.648  48.075 0.0000000000
76027  24.786  -16.652  49.029 0.0000000000
74826  23.747  -16.397  47.580 0.0000000000
76052  24.765  -16.614  46.948 0.0000000000
74838  22.680  -16.617  45.920 0.0000000000
73579  21.134  -18.084  44.914 0.0000000000
78535  33.250  -15.640  40.764 0.0000000000
99459  47.297  2.862  30.969 0.0000000000
99471  48.653  3.599  30.675 0.0000000000
99473  47.183  2.706  30.173 0.0000000000
100819  48.055  3.549  28.616 0.0000000000
102048  48.367  4.030  27.910 0.0000000000
103184  49.349  4.605  27.173 0.0000000000
74727  20.713  -17.215  54.447 0.0000000000
73438  19.281  -18.060  54.336 0.0000000000
73417  19.728  -17.334  55.898 0.0000000000
75926  22.848  -16.026  55.792 0.0000000000
74726  21.437  -16.873  54.078 0.0000000000
99428  47.045  2.809  32.220 0.0000000000
100750  45.366  1.935  32.793 0.0000000000
98106  42.967  0.902  30.103 0.0000000000
68248  16.908  -21.157  54.049 0.0000000000
66997  15.757  -21.635  51.623 0.0000000000
65759  14.857  -22.117  52.267 0.0000000000
61802  13.449  -25.615  53.211 0.0000000000
61818  14.514  -25.824  52.016 0.0000000000
61839  12.105  -26.058  51.668 0.0000000000
61883  12.028  -26.477  49.715 0.0000000000
61840  10.919  -26.585  51.873 0.0000000000
61755  11.728  -27.773  56.724 0.0000000000
59368  8.314  -28.841  54.298 0.0000000000
60537  8.707  -28.401  53.914 0.0000000000
59401  7.510  -28.149  53.104 0.0000000000
60561  8.532  -27.548  51.636 0.0000000000
89048  31.909  -7.445  45.559 0.0000000000
83795  33.373  -12.837  48.099 0.0000000000
85210  32.990  -10.976  48.626 0.0000000000
83796  32.740  -12.467  47.722 0.0000000000
85249  31.833  -11.422  46.634 0.0000000000
82432  33.189  -12.663  44.950 0.0000000000
82459  33.697  -12.718  43.484 0.0000000000
81074  34.794  -12.913  43.910 0.0000000000
76109  37.285  -17.453  42.811 0.0000000000
77300  36.618  -16.255  42.153 0.0000000000
73614  36.410  -18.813  42.078 0.0000000000
73633  35.337  -19.750  41.326 0.0000000000
72317  34.749  -20.171  41.974 0.0000000000
74744  31.272  -17.084  51.952 0.0000000000
73456  33.172  -18.737  53.100 0.0000000000
73494  31.874  -19.060  51.211 0.0000000000
70933  33.242  -18.960  47.890 0.0000000000
70903  34.161  -20.057  49.447 0.0000000000
70915  35.108  -20.578  48.385 0.0000000000
72203  36.922  -20.351  48.129 0.0000000000
70930  35.429  -20.260  47.436 0.0000000000
72240  36.762  -20.114  45.875 0.0000000000
70953  34.668  -19.250  46.697 0.0000000000
71057  31.017  -20.097  42.874 0.0000000000
71035  32.878  -19.185  43.756 0.0000000000
90348  34.886  -4.455  41.293 0.0000000000
90365  35.004  -4.822  39.898 0.0000000000
89116  33.411  -5.376  40.669 0.0000000000
86624  29.858  -8.255  38.114 0.0000000000
86623  30.989  -7.610  37.678 0.0000000000
105462  57.741  6.067  23.757 0.0000000000
87862  40.233  -6.414  37.321 0.0000000000
87903  39.415  -6.000  36.384 0.0000000000
87863  39.293  -6.216  37.364 0.0000000000
87865  37.436  -6.233  37.529 0.0000000000
87888  36.048  -6.652  37.144 0.0000000000
90383  43.204  -4.471  39.067 0.0000000000
89165  42.073  -5.818  37.779 0.0000000000
65801  18.238  -24.491  46.695 0.0000000000
64581  17.490  -25.387  47.182 0.0000000000
63224  16.526  -25.472  48.586 0.0000000000
75974  24.059  -16.021  52.974 0.0000000000
75985  25.301  -15.622  51.814 0.0000000000
74770  23.024  -16.283  51.124 0.0000000000
74784  21.868  -17.017  49.523 0.0000000000
73552  21.097  -17.739  47.905 0.0000000000
73580  20.216  -18.515  45.462 0.0000000000
72229  19.262  -18.780  46.944 0.0000000000
71017  18.347  -21.408  45.715 0.0000000000
99476  45.017  1.237  28.649 0.0000000000
74679  20.928  -17.232  57.525 0.0000000000
96741  43.303  -1.274  36.306 0.0000000000
98054  42.964  -0.321  34.758 0.0000000000
99399  43.762  0.699  34.284 0.0000000000
99431  43.256  0.575  32.668 0.0000000000
98077  41.809  -0.251  32.679 0.0000000000
98108  40.733  -0.156  30.698 0.0000000000
66969  16.512  -22.944  55.823 0.0000000000
65752  14.669  -23.003  54.222 0.0000000000
64498  15.087  -24.499  55.248 0.0000000000
63147  13.795  -24.461  55.119 0.0000000000
61785  13.163  -25.579  54.000 0.0000000000
60497  9.584  -28.861  56.373 0.0000000000
59332  8.804  -28.943  56.641 0.0000000000
59355  7.197  -29.388  55.355 0.0000000000
59370  6.321  -29.513  54.448 0.0000000000
59371  5.655  -30.016  54.182 0.0000000000
82394  34.536  -13.161  48.371 0.0000000000
82416  34.745  -13.664  46.697 0.0000000000
81072  35.545  -13.767  44.563 0.0000000000
79725  35.660  -14.932  45.170 0.0000000000
77290  37.822  -16.276  43.967 0.0000000000
73601  37.365  -18.836  43.575 0.0000000000
74780  29.827  -16.844  48.622 0.0000000000
73521  31.505  -18.820  49.497 0.0000000000
73537  31.012  -17.146  47.686 0.0000000000
72226  32.008  -18.040  47.299 0.0000000000
70956  32.855  -18.363  47.016 0.0000000000
70982  32.957  -18.349  45.918 0.0000000000
70984  31.722  -17.958  45.205 0.0000000000
72279  30.930  -18.710  43.764 0.0000000000
89108  31.825  -6.884  42.177 0.0000000000
87837  31.250  -6.812  40.970 0.0000000000
87826  30.515  -7.570  41.491 0.0000000000
86584  29.576  -9.138  39.983 0.0000000000
105442  55.515  6.471  25.113 0.0000000000
105453  55.647  6.322  24.025 0.0000000000
94143  40.176  -3.534  33.439 0.0000000000
94145  38.317  -3.206  33.134 0.0000000000
91708  38.199  -4.665  33.120 0.0000000000
87929  37.446  -6.707  35.081 0.0000000000
87950  36.507  -6.764  33.779 0.0000000000
91644  44.122  -4.012  38.219 0.0000000000
92873  43.994  -3.657  38.338 0.0000000000
94107  43.191  -3.362  37.557 0.0000000000
94117  42.277  -3.548  36.494 0.0000000000
94129  40.753  -3.393  34.719 0.0000000000
74712  31.989  -17.184  55.672 0.0000000000
74711  32.873  -17.673  55.093 0.0000000000
74723  31.866  -17.007  54.202 0.0000000000
75957  30.772  -16.158  52.743 0.0000000000
75969  29.971  -16.289  51.657 0.0000000000
75984  26.392  -16.226  51.521 0.0000000000
75998  26.691  -16.403  50.363 0.0000000000
75996  29.250  -16.732  49.477 0.0000000000
76025  27.054  -16.717  48.040 0.0000000000
76037  27.200  -16.614  46.799 0.0000000000
76063  26.527  -16.846  44.500 0.0000000000
100806  49.911  3.223  29.617 0.0000000000
99486  47.275  2.722  29.365 0.0000000000
100808  48.440  3.385  29.220 0.0000000000
102033  50.278  3.354  29.033 0.0000000000
102046  50.390  3.641  28.264 0.0000000000
104308  51.174  4.809  27.036 0.0000000000
105422  51.435  5.236  26.284 0.0000000000
105436  51.387  5.089  25.492 0.0000000000
73479  19.033  -18.819  51.846 0.0000000000
70907  17.927  -20.820  50.909 0.0000000000
72105  18.249  -19.341  53.191 0.0000000000
70866  17.755  -20.049  54.512 0.0000000000
69551  17.422  -20.732  54.804 0.0000000000
73385  19.109  -19.035  57.347 0.0000000000
68213  17.569  -21.689  56.131 0.0000000000
66958  18.373  -23.343  57.038 0.0000000000
74676  32.703  -17.349  57.313 0.0000000000
75918  31.120  -17.086  57.191 0.0000000000
75920  29.476  -15.950  56.458 0.0000000000
75936  26.640  -15.178  54.875 0.0000000000
75923  26.141  -15.333  55.609 0.0000000000
75950  25.296  -15.862  54.288 0.0000000000
75964  23.004  -16.632  53.661 0.0000000000
74748  21.085  -17.475  52.615 0.0000000000
100760  48.264  3.470  32.633 0.0000000000
99442  47.437  3.019  31.866 0.0000000000
99444  45.982  1.184  31.296 0.0000000000
98075  43.532  0.836  31.802 0.0000000000
98088  43.882  0.889  30.837 0.0000000000
98104  45.081  0.862  29.621 0.0000000000
68308  16.586  -21.659  49.616 0.0000000000
65774  16.625  -23.058  50.264 0.0000000000
61854  15.717  -25.963  49.729 0.0000000000
63170  15.398  -24.558  52.951 0.0000000000
61816  15.586  -25.807  51.271 0.0000000000
61881  13.980  -26.303  48.930 0.0000000000
63227  12.403  -26.406  48.763 0.0000000000
63245  11.338  -27.299  48.438 0.0000000000
61770  12.489  -26.041  55.239 0.0000000000
61787  11.985  -26.746  54.601 0.0000000000
60522  10.472  -27.918  54.261 0.0000000000
61822  11.073  -26.769  53.069 0.0000000000
60560  9.607  -27.066  51.576 0.0000000000
56041  2.685  -31.151  59.333 0.0000000000
91606  38.399  -4.628  40.556 0.0000000000
89092  33.662  -5.564  43.770 0.0000000000
87783  32.088  -7.531  43.830 0.0000000000
87756  31.199  -8.424  44.376 0.0000000000
85267  30.693  -10.170  44.666 0.0000000000
86489  31.694  -9.677  46.681 0.0000000000
85250  31.713  -10.815  46.008 0.0000000000
83875  31.598  -11.806  44.187 0.0000000000
81092  32.849  -13.082  42.673 0.0000000000
81104  33.301  -13.861  42.424 0.0000000000
78534  34.329  -15.873  41.037 0.0000000000
79752  35.964  -14.754  43.262 0.0000000000
78519  35.480  -15.661  41.866 0.0000000000
76148  35.636  -17.197  40.094 0.0000000000
73645  35.315  -19.219  40.183 0.0000000000
72363  33.820  -20.853  40.330 0.0000000000
77246  39.134  -16.190  48.007 0.0000000000
73435  34.189  -18.408  53.953 0.0000000000
73453  35.200  -18.380  52.958 0.0000000000
72117  35.935  -18.675  51.789 0.0000000000
72166  33.008  -20.020  50.107 0.0000000000
72141  35.225  -19.857  51.342 0.0000000000
72161  36.913  -18.807  50.812 0.0000000000
73520  37.829  -18.742  49.408 0.0000000000
73548  39.186  -18.537  48.347 0.0000000000
76048  38.801  -17.259  46.689 0.0000000000
74834  38.590  -18.216  45.907 0.0000000000
73575  37.390  -19.825  45.080 0.0000000000
72275  36.277  -20.219  43.782 0.0000000000
71007  33.370  -19.167  44.895 0.0000000000
72277  34.191  -19.890  44.313 0.0000000000
72295  34.479  -20.097  43.126 0.0000000000
72318  33.646  -20.305  42.142 0.0000000000
90389  36.996  -4.428  38.942 0.0000000000
89172  35.043  -5.465  37.943 0.0000000000
87890  34.026  -6.583  37.271 0.0000000000
87851  31.625  -6.621  39.535 0.0000000000
87891  32.949  -6.994  37.485 0.0000000000
86663  33.045  -8.151  36.147 0.0000000000
105456  52.627  4.919  24.023 0.0000000000
91604  40.117  -5.034  40.242 0.0000000000
90387  39.296  -5.233  38.876 0.0000000000
90362  38.755  -5.224  39.792 0.0000000000
90360  40.721  -4.694  39.661 0.0000000000
69665  17.228  -21.528  47.874 0.0000000000
70920  17.859  -20.597  49.328 0.0000000000
72169  19.012  -19.001  50.304 0.0000000000
72191  18.923  -19.051  49.834 0.0000000000
72210  18.042  -19.867  48.620 0.0000000000
96777  38.284  -1.465  31.877 0.0000000000
95441  37.861  -2.037  32.812 0.0000000000
95426  40.599  -2.458  33.514 0.0000000000
96763  40.485  -2.162  33.332 0.0000000000
96775  40.134  -1.680  32.929 0.0000000000
59335  6.967  -30.527  58.077 0.0000000000
58198  5.281  -30.357  57.297 0.0000000000
57108  4.835  -30.327  57.010 0.0000000000
79695  37.157  -15.589  48.925 0.0000000000
79696  36.577  -15.216  48.420 0.0000000000
79705  36.839  -15.807  47.943 0.0000000000
79714  36.611  -16.033  47.132 0.0000000000
78465  37.406  -16.385  47.343 0.0000000000
74674  34.696  -17.702  56.894 0.0000000000
74695  34.630  -17.701  56.160 0.0000000000
74836  27.472  -16.861  44.952 0.0000000000
74835  28.247  -17.257  45.341 0.0000000000
74847  28.146  -17.105  44.428 0.0000000000
73593  28.644  -17.667  44.108 0.0000000000
85287  30.033  -10.516  44.198 0.0000000000
105420  52.622  5.609  27.263 0.0000000000
104322  53.213  5.731  26.976 0.0000000000
89216  40.761  -5.148  35.510 0.0000000000
89217  39.982  -5.090  35.188 0.0000000000
87914  40.224  -5.545  35.694 0.0000000000
86684  35.675  -6.967  35.712 0.0000000000
86685  34.678  -7.326  35.474 0.0000000000
86709  34.349  -7.810  34.755 0.0000000000
89198  42.090  -6.205  36.797 0.0000000000
89206  42.712  -6.067  36.535 0.0000000000
89215  41.779  -5.467  35.870 0.0000000000
90447  41.636  -5.072  35.446 0.0000000000
61940  15.528  -27.098  47.083 0.0000000000
61941  14.805  -27.507  46.999 0.0000000000
63264  14.528  -27.254  47.508 0.0000000000
75948  27.314  -15.254  54.015 0.0000000000
75959  27.971  -15.917  53.163 0.0000000000
75960  26.748  -15.834  53.324 0.0000000000
74812  21.997  -17.325  47.437 0.0000000000
74810  23.786  -16.578  48.550 0.0000000000
74827  22.735  -16.627  47.043 0.0000000000
74837  23.657  -16.242  46.470 0.0000000000
74839  21.886  -17.315  45.437 0.0000000000
77326  34.006  -16.271  40.236 0.0000000000
99460  46.493  1.958  30.611 0.0000000000
99474  46.409  1.931  29.711 0.0000000000
103185  48.317  4.345  26.711 0.0000000000
74715  20.573  -17.215  55.524 0.0000000000
74699  22.079  -16.646  55.518 0.0000000000
74714  21.389  -16.966  55.049 0.0000000000
99398  44.481  1.189  34.617 0.0000000000
99411  46.453  2.772  33.609 0.0000000000
99412  45.416  1.950  33.726 0.0000000000
66984  15.790  -21.656  53.371 0.0000000000
61820  12.844  -25.844  52.499 0.0000000000
61740  11.317  -27.679  57.489 0.0000000000
59384  7.346  -28.962  53.511 0.0000000000
59383  7.825  -28.434  53.586 0.0000000000
59402  7.183  -28.637  52.993 0.0000000000
60563  7.313  -28.864  51.878 0.0000000000
82407  33.623  -13.054  47.180 0.0000000000
82418  33.716  -12.822  46.383 0.0000000000
83822  32.941  -12.614  46.475 0.0000000000
82431  33.747  -12.578  45.372 0.0000000000
82444  34.001  -12.613  44.203 0.0000000000
82443  34.527  -12.792  44.632 0.0000000000
74879  36.976  -18.243  42.600 0.0000000000
73615  35.930  -19.705  42.164 0.0000000000
72316  35.420  -20.072  42.227 0.0000000000
74756  30.596  -17.109  50.928 0.0000000000
74743  31.691  -18.255  51.756 0.0000000000
74755  31.116  -18.061  51.020 0.0000000000
70916  34.337  -20.062  48.523 0.0000000000
70931  34.532  -19.760  47.615 0.0000000000
70952  35.236  -19.727  46.841 0.0000000000
70954  34.056  -18.853  46.883 0.0000000000
90339  33.904  -5.075  42.190 0.0000000000
90349  33.881  -4.744  40.900 0.0000000000
89166  41.097  -6.121  37.696 0.0000000000
89167  39.992  -6.213  37.793 0.0000000000
89169  38.018  -5.801  37.729 0.0000000000
87887  36.905  -6.605  37.089 0.0000000000
87866  36.558  -6.283  37.538 0.0000000000
89147  42.188  -5.288  38.316 0.0000000000
89148  41.325  -5.626  38.245 0.0000000000
67038  16.825  -22.995  48.218 0.0000000000
65793  17.784  -24.229  47.486 0.0000000000
64562  17.275  -24.597  48.088 0.0000000000
64571  17.238  -25.210  47.981 0.0000000000
64554  16.666  -24.241  48.736 0.0000000000
74757  22.761  -16.480  52.101 0.0000000000
75987  23.389  -16.059  52.201 0.0000000000
74758  22.122  -16.812  51.753 0.0000000000
73539  21.108  -17.538  49.029 0.0000000000
73553  20.128  -18.384  47.459 0.0000000000
73554  19.387  -18.774  47.604 0.0000000000
70990  17.990  -21.261  46.646 0.0000000000
72267  18.422  -20.554  46.313 0.0000000000
95404  42.621  -1.967  36.468 0.0000000000
96742  42.864  -1.441  35.698 0.0000000000
98053  43.781  0.426  34.882 0.0000000000
98063  42.611  0.060  33.320 0.0000000000
96804  40.403  -0.548  31.648 0.0000000000
98091  41.104  -0.504  31.963 0.0000000000
65741  15.674  -23.418  55.259 0.0000000000
64487  15.840  -24.302  55.795 0.0000000000
63146  14.736  -24.653  55.869 0.0000000000
61768  13.295  -24.892  54.509 0.0000000000
63148  13.248  -24.540  55.418 0.0000000000
60479  8.730  -28.759  58.332 0.0000000000
60487  9.447  -28.504  57.414 0.0000000000
58212  6.933  -30.079  55.793 0.0000000000
59369  7.375  -29.146  54.307 0.0000000000
58244  5.782  -29.830  54.674 0.0000000000
58246  4.946  -31.269  54.828 0.0000000000
57110  3.727  -31.036  56.890 0.0000000000
81028  35.527  -14.177  48.223 0.0000000000
82393  35.260  -13.334  48.415 0.0000000000
81036  35.008  -14.443  47.588 0.0000000000
82405  34.663  -13.841  47.513 0.0000000000
81044  35.175  -14.382  46.328 0.0000000000
79716  35.601  -15.160  46.026 0.0000000000
78485  37.809  -15.814  45.433 0.0000000000
78486  37.266  -15.577  44.986 0.0000000000
77289  38.154  -16.644  44.599 0.0000000000
76095  37.651  -17.290  43.393 0.0000000000
74861  38.266  -17.922  44.337 0.0000000000
74796  28.919  -17.133  47.771 0.0000000000
74794  30.567  -16.872  48.257 0.0000000000
74795  29.925  -16.921  47.813 0.0000000000
72208  31.293  -17.410  47.078 0.0000000000
72227  31.626  -17.687  46.801 0.0000000000
70957  32.355  -18.158  47.100 0.0000000000
72244  31.929  -17.969  46.599 0.0000000000
70983  32.189  -18.142  45.923 0.0000000000
72245  31.395  -17.733  45.670 0.0000000000
87808  31.584  -7.233  42.852 0.0000000000
87825  31.144  -6.957  42.018 0.0000000000
87809  30.237  -7.724  42.708 0.0000000000
85309  29.099  -10.012  41.218 0.0000000000
86564  29.508  -9.065  40.715 0.0000000000
85323  29.328  -9.788  40.392 0.0000000000
105444  53.742  5.914  25.080 0.0000000000
105454  54.644  5.845  24.005 0.0000000000
92918  40.408  -4.113  33.621 0.0000000000
92919  39.817  -4.250  33.056 0.0000000000
91706  40.006  -4.708  33.621 0.0000000000
91691  38.486  -4.989  33.420 0.0000000000
90461  37.847  -5.254  33.651 0.0000000000
89235  37.279  -6.078  33.649 0.0000000000
87904  38.507  -6.009  36.536 0.0000000000
87916  38.477  -5.910  35.844 0.0000000000
87917  37.721  -6.360  36.021 0.0000000000
87930  35.900  -7.010  34.506 0.0000000000
87964  36.215  -6.790  33.103 0.0000000000
90404  43.927  -4.329  38.809 0.0000000000
90416  43.435  -4.680  37.818 0.0000000000
91665  43.238  -4.961  36.815 0.0000000000
91655  43.532  -4.420  37.887 0.0000000000
91664  43.296  -4.433  37.351 0.0000000000
94098  43.785  -3.247  38.210 0.0000000000
92884  42.995  -4.104  37.150 0.0000000000
94108  42.650  -3.465  37.027 0.0000000000
91688  40.668  -4.437  34.856 0.0000000000
92904  41.047  -4.103  35.294 0.0000000000
92905  40.716  -3.934  34.311 0.0000000000
94130  40.585  -3.477  33.920 0.0000000000
75945  31.225  -16.564  55.277 0.0000000000
76000  24.107  -15.501  50.921 0.0000000000
75999  25.497  -16.053  50.683 0.0000000000
76012  25.750  -16.492  49.624 0.0000000000
76011  26.937  -16.673  49.206 0.0000000000
75997  27.929  -16.631  49.959 0.0000000000
76010  28.305  -16.839  48.634 0.0000000000
76051  25.799  -16.718  46.272 0.0000000000
76064  25.605  -16.540  44.988 0.0000000000
72248  19.179  -18.874  45.862 0.0000000000
72265  19.563  -19.310  44.804 0.0000000000
72285  19.538  -20.482  44.410 0.0000000000
99472  48.192  3.303  30.396 0.0000000000
100798  49.266  3.452  30.087 0.0000000000
100797  50.054  3.341  30.016 0.0000000000
100807  49.504  3.335  29.482 0.0000000000
99487  46.525  2.124  28.529 0.0000000000
102035  48.848  3.586  28.576 0.0000000000
102034  49.564  3.402  28.810 0.0000000000
103183  50.332  4.259  27.555 0.0000000000
104309  50.270  4.635  26.663 0.0000000000
73478  19.773  -18.406  52.384 0.0000000000
72122  18.386  -19.586  52.241 0.0000000000
73460  18.867  -18.674  52.744 0.0000000000
73418  18.712  -17.888  55.650 0.0000000000
72097  18.000  -19.176  54.136 0.0000000000
72095  17.932  -19.143  55.347 0.0000000000
70858  17.688  -20.206  55.629 0.0000000000
73383  20.332  -17.741  57.878 0.0000000000
70846  18.984  -20.385  57.130 0.0000000000
69506  18.398  -21.449  56.608 0.0000000000
68205  18.388  -22.328  56.836 0.0000000000
74677  31.860  -17.129  57.581 0.0000000000
75935  27.925  -15.195  55.011 0.0000000000
75938  24.811  -15.694  54.988 0.0000000000
75937  25.728  -15.616  54.936 0.0000000000
75951  24.355  -16.018  54.292 0.0000000000
75963  23.815  -16.292  53.647 0.0000000000
75952  23.458  -16.382  54.282 0.0000000000
74738  20.870  -17.362  53.502 0.0000000000
74737  21.580  -16.949  53.213 0.0000000000
73477  20.377  -17.943  52.955 0.0000000000
73497  19.905  -18.588  51.416 0.0000000000
92921  37.763  -4.065  32.816 0.0000000000
100762  46.183  2.380  32.177 0.0000000000
99429  46.257  2.169  31.726 0.0000000000
99443  46.629  2.436  31.378 0.0000000000
99430  44.043  1.186  32.531 0.0000000000
98105  44.087  1.103  29.861 0.0000000000
98087  45.025  0.699  30.589 0.0000000000
69601  18.021  -20.836  51.755 0.0000000000
69637  17.827  -21.209  51.001 0.0000000000
69619  17.615  -21.425  51.344 0.0000000000
65766  15.667  -22.495  51.290 0.0000000000
64547  16.576  -24.121  50.548 0.0000000000
63212  16.346  -25.006  49.810 0.0000000000
63199  15.988  -25.493  50.691 0.0000000000
64509  14.661  -24.343  54.105 0.0000000000
64508  14.640  -23.778  53.669 0.0000000000
63171  15.153  -25.101  53.217 0.0000000000
61837  14.039  -25.530  51.171 0.0000000000
61817  15.142  -25.994  51.699 0.0000000000
61836  14.741  -25.935  50.943 0.0000000000
61857  14.363  -25.965  50.047 0.0000000000
63226  13.206  -26.393  48.602 0.0000000000
61882  12.939  -26.051  49.460 0.0000000000
61884  10.971  -26.881  49.628 0.0000000000
63229  11.126  -27.085  48.955 0.0000000000
61912  10.654  -27.441  48.791 0.0000000000
61771  12.110  -26.908  55.500 0.0000000000
60509  9.864  -29.016  55.522 0.0000000000
60536  9.406  -27.871  53.668 0.0000000000
60535  10.287  -27.344  53.380 0.0000000000
60545  10.258  -27.013  52.435 0.0000000000
57068  2.851  -30.776  59.580 0.0000000000
57070  2.216  -31.559  60.450 0.0000000000
57069  2.448  -31.170  60.130 0.0000000000
90338  35.194  -4.995  42.625 0.0000000000
89069  33.476  -6.016  44.412 0.0000000000
89093  32.750  -6.425  43.546 0.0000000000
89070  32.842  -6.661  44.498 0.0000000000
87755  31.583  -8.241  45.008 0.0000000000
86516  31.026  -9.348  44.915 0.0000000000
86488  32.170  -9.860  47.698 0.0000000000
83824  31.811  -11.887  45.979 0.0000000000
83853  31.720  -11.785  45.185 0.0000000000
82461  31.932  -12.901  43.370 0.0000000000
82446  32.340  -12.555  43.895 0.0000000000
81103  34.048  -13.762  42.638 0.0000000000
81091  33.651  -13.087  42.804 0.0000000000
79770  34.195  -14.591  42.213 0.0000000000
78521  33.824  -15.331  41.550 0.0000000000
78520  34.572  -15.564  41.822 0.0000000000
79736  36.087  -14.407  44.062 0.0000000000
79737  35.494  -13.818  43.889 0.0000000000
78496  36.365  -14.904  43.357 0.0000000000
76125  36.469  -17.101  41.620 0.0000000000
78518  36.206  -15.748  41.852 0.0000000000
77311  36.108  -16.275  41.276 0.0000000000
77324  35.931  -16.715  40.789 0.0000000000
76140  35.935  -17.049  40.498 0.0000000000
74911  35.698  -18.361  39.944 0.0000000000
73644  35.834  -18.649  40.393 0.0000000000
72343  34.571  -20.171  40.799 0.0000000000
72364  33.370  -20.965  40.828 0.0000000000
74710  33.772  -17.914  54.600 0.0000000000
73474  33.454  -19.142  52.715 0.0000000000
73455  33.879  -19.056  53.164 0.0000000000
72104  34.400  -19.191  52.678 0.0000000000
73473  35.418  -18.602  52.513 0.0000000000
72119  34.716  -19.511  52.112 0.0000000000
72168  31.766  -19.410  49.621 0.0000000000
72145  31.953  -19.517  50.439 0.0000000000
72167  32.215  -19.991  49.931 0.0000000000
70902  34.984  -20.439  49.409 0.0000000000
72164  34.758  -20.105  50.375 0.0000000000
72163  35.805  -20.295  50.342 0.0000000000
72162  36.712  -19.729  50.686 0.0000000000
72184  37.443  -19.441  50.041 0.0000000000
72222  38.157  -19.976  47.735 0.0000000000
73535  38.525  -19.170  48.652 0.0000000000
73549  39.028  -19.261  47.766 0.0000000000
74821  39.113  -17.994  47.086 0.0000000000
73561  38.711  -19.083  46.648 0.0000000000
74822  38.873  -18.066  46.473 0.0000000000
72241  35.571  -19.505  45.844 0.0000000000
72259  36.170  -19.706  44.875 0.0000000000
73591  36.976  -20.032  44.298 0.0000000000
70981  33.455  -18.645  45.896 0.0000000000
71008  32.883  -18.820  44.848 0.0000000000
71055  32.794  -19.700  43.070 0.0000000000
71034  33.463  -19.539  43.885 0.0000000000
72278  33.752  -19.791  43.962 0.0000000000
72296  33.520  -19.903  43.154 0.0000000000
72319  32.665  -20.619  42.099 0.0000000000
91607  37.329  -4.023  40.823 0.0000000000
90363  37.708  -4.443  39.839 0.0000000000
90364  36.190  -3.949  40.343 0.0000000000
89129  34.588  -5.231  39.532 0.0000000000
89154  35.364  -5.200  38.855 0.0000000000
89155  34.408  -5.385  38.906 0.0000000000
87868  34.721  -6.127  37.548 0.0000000000
89187  33.820  -6.341  37.853 0.0000000000
89132  32.137  -6.255  40.592 0.0000000000
86641  32.067  -7.703  37.195 0.0000000000
86622  31.541  -7.506  37.668 0.0000000000
86640  33.495  -7.338  36.784 0.0000000000
105471  58.693  6.091  23.070 0.0000000000
105446  51.944  5.223  24.847 0.0000000000
105457  51.759  4.708  24.358 0.0000000000
90386  40.389  -5.202  38.691 0.0000000000
89150  39.694  -5.658  38.171 0.0000000000
89152  37.591  -5.042  38.020 0.0000000000
69678  17.511  -21.935  46.996 0.0000000000
68363  17.855  -22.950  46.864 0.0000000000
68328  16.642  -21.983  48.419 0.0000000000
73511  20.704  -17.732  50.868 0.0000000000
74772  21.185  -17.347  51.075 0.0000000000
73526  19.530  -18.557  49.257 0.0000000000
73541  19.471  -18.706  48.236 0.0000000000
72230  18.596  -19.305  47.712 0.0000000000
72231  17.943  -20.200  47.832 0.0000000000
96790  38.932  -0.892  31.488 0.0000000000
95424  41.001  -2.502  35.051 0.0000000000
96751  42.149  -1.390  35.420 0.0000000000
96761  41.133  -1.778  34.102 0.0000000000
98065  41.180  -1.364  33.558 0.0000000000
98078  41.082  -0.997  32.970 0.0000000000
96789  39.802  -0.888  32.065 0.0000000000
65717  17.557  -24.852  56.952 0.0000000000
64475  16.603  -24.565  56.993 0.0000000000
64476  16.423  -24.804  57.469 0.0000000000
58196  7.155  -30.552  56.518 0.0000000000
58213  6.477  -30.792  56.080 0.0000000000
58229  6.143  -29.954  55.309 0.0000000000
58215  5.103  -31.830  56.361 0.0000000000
57123  4.915  -30.621  56.804 0.0000000000
57109  4.390  -30.301  57.256 0.0000000000
57095  3.863  -29.899  58.230 0.0000000000
81027  36.170  -14.417  48.501 0.0000000000
81035  35.588  -14.973  47.637 0.0000000000
79715  36.050  -15.633  46.550 0.0000000000
78475  37.178  -16.158  46.093 0.0000000000
77277  38.236  -16.384  45.436 0.0000000000
74809  28.056  -17.065  46.597 0.0000000000
74807  29.499  -17.206  47.195 0.0000000000
74824  28.581  -17.400  46.165 0.0000000000
73564  29.528  -17.267  45.833 0.0000000000
72246  30.404  -17.308  45.408 0.0000000000
72264  29.705  -17.923  44.633 0.0000000000
73592  28.998  -18.310  43.962 0.0000000000
86535  29.937  -9.060  43.581 0.0000000000
86549  29.262  -8.934  42.635 0.0000000000
85300  29.327  -10.145  42.167 0.0000000000
103180  52.972  4.839  28.238 0.0000000000
104306  53.022  5.006  27.899 0.0000000000
91689  40.327  -4.763  34.141 0.0000000000
90472  39.615  -4.901  33.648 0.0000000000
90459  39.693  -4.958  34.053 0.0000000000
89233  38.939  -5.102  34.576 0.0000000000
87948  38.367  -5.577  34.650 0.0000000000
86682  37.230  -6.645  36.255 0.0000000000
86706  37.103  -6.772  35.753 0.0000000000
86683  36.576  -6.822  36.007 0.0000000000
87931  34.738  -7.460  34.207 0.0000000000
89196  43.075  -5.874  37.279 0.0000000000
90417  43.145  -5.328  37.461 0.0000000000
90439  43.015  -5.654  36.436 0.0000000000
91675  42.842  -5.087  36.200 0.0000000000
92893  42.285  -4.398  36.089 0.0000000000
91676  42.086  -4.855  35.567 0.0000000000
91677  41.270  -4.848  35.372 0.0000000000
61938  16.772  -26.171  46.741 0.0000000000
61942  14.036  -27.819  46.766 0.0000000000
63266  13.347  -27.158  47.151 0.0000000000
75934  29.236  -15.643  55.284 0.0000000000
75946  30.391  -16.062  54.255 0.0000000000
74797  23.727  -16.501  49.403 0.0000000000
76013  24.598  -16.266  49.952 0.0000000000
76039  24.831  -16.591  48.049 0.0000000000
76038  25.921  -16.798  47.455 0.0000000000
74850  23.584  -16.552  45.415 0.0000000000
74851  22.893  -16.985  44.635 0.0000000000
74852  21.888  -17.511  44.107 0.0000000000
79771  32.818  -14.902  41.870 0.0000000000
99458  48.134  3.569  31.294 0.0000000000
99485  47.964  3.147  29.820 0.0000000000
100810  47.154  2.538  28.104 0.0000000000
100820  47.446  3.242  28.013 0.0000000000
103196  49.060  4.439  25.955 0.0000000000
73458  20.146  -17.730  53.874 0.0000000000
73437  19.850  -17.447  54.892 0.0000000000
75940  22.851  -16.409  54.883 0.0000000000
75953  22.786  -16.662  54.254 0.0000000000
74713  22.149  -16.730  54.599 0.0000000000
100749  46.070  2.485  32.964 0.0000000000
102002  45.800  1.954  32.314 0.0000000000
98089  42.825  0.573  31.146 0.0000000000
68268  17.002  -21.486  52.396 0.0000000000
65767  15.035  -23.126  51.834 0.0000000000
61783  14.437  -25.395  53.526 0.0000000000
61800  14.930  -25.819  52.818 0.0000000000
61801  14.215  -25.498  52.959 0.0000000000
61819  13.720  -25.502  52.263 0.0000000000
61838  13.056  -25.483  51.434 0.0000000000
61859  12.503  -25.945  50.557 0.0000000000
61860  11.460  -26.471  50.721 0.0000000000
61861  10.162  -26.832  50.707 0.0000000000
61754  12.254  -27.083  56.369 0.0000000000
61772  11.776  -27.986  55.845 0.0000000000
59367  8.946  -28.798  54.552 0.0000000000
60547  8.139  -27.685  52.984 0.0000000000
60562  7.732  -28.234  51.695 0.0000000000
89047  32.542  -6.766  45.205 0.0000000000
90312  32.842  -6.430  45.840 0.0000000000
90313  32.192  -6.807  45.892 0.0000000000
87739  31.566  -8.472  46.180 0.0000000000
83776  33.883  -12.536  48.997 0.0000000000
85209  33.690  -10.923  49.461 0.0000000000
83777  33.079  -12.031  48.797 0.0000000000
85227  32.536  -11.184  47.953 0.0000000000
85228  32.161  -11.179  47.349 0.0000000000
83797  32.347  -12.081  47.290 0.0000000000
83823  32.266  -12.199  46.439 0.0000000000
83852  32.265  -12.611  45.304 0.0000000000
82445  33.013  -12.432  44.204 0.0000000000
81090  34.418  -13.365  43.272 0.0000000000
77299  37.308  -16.446  42.896 0.0000000000
78506  36.935  -15.703  42.713 0.0000000000
76110  36.880  -17.257  42.288 0.0000000000
74896  36.522  -17.995  41.813 0.0000000000
74897  36.371  -18.247  41.209 0.0000000000
73632  36.140  -18.984  41.074 0.0000000000
74734  32.143  -17.862  52.850 0.0000000000
74733  32.719  -18.349  53.147 0.0000000000
73457  32.652  -18.601  52.734 0.0000000000
73476  32.272  -18.763  52.147 0.0000000000
72121  33.026  -19.600  51.718 0.0000000000
70919  32.536  -19.069  48.551 0.0000000000
70905  32.986  -19.931  49.410 0.0000000000
70917  33.604  -19.717  48.600 0.0000000000
72186  35.774  -20.638  49.233 0.0000000000
70914  36.075  -20.746  48.396 0.0000000000
70929  36.203  -20.666  47.782 0.0000000000
72223  36.982  -20.314  47.077 0.0000000000
72224  35.856  -19.991  46.685 0.0000000000
72225  35.162  -19.445  46.433 0.0000000000
72242  34.777  -18.937  45.927 0.0000000000
71036  32.147  -19.053  43.677 0.0000000000
71056  31.964  -20.041  42.788 0.0000000000
72298  32.367  -20.222  42.578 0.0000000000
72320  32.412  -20.420  42.348 0.0000000000
71080  31.976  -20.823  41.972 0.0000000000
90366  34.180  -5.210  40.187 0.0000000000
89130  33.812  -5.329  39.806 0.0000000000
87853  30.122  -8.023  38.914 0.0000000000
87872  30.543  -7.695  38.420 0.0000000000
105463  56.787  5.871  23.410 0.0000000000
89186  41.211  -6.227  37.099 0.0000000000
87902  40.291  -5.969  36.155 0.0000000000
87883  40.309  -6.296  36.728 0.0000000000
87884  39.390  -6.298  36.934 0.0000000000
87885  38.489  -6.114  37.056 0.0000000000
89168  39.074  -5.771  37.526 0.0000000000
87864  38.334  -6.013  37.381 0.0000000000
87906  37.290  -6.516  36.884 0.0000000000
86636  36.742  -6.688  36.837 0.0000000000
86637  36.394  -6.741  36.781 0.0000000000
86638  35.571  -6.746  36.636 0.0000000000
90382  43.724  -4.419  39.041 0.0000000000
89163  42.861  -4.998  38.050 0.0000000000
90384  42.450  -4.728  38.930 0.0000000000
89146  42.813  -4.810  38.359 0.0000000000
89164  42.665  -5.371  37.834 0.0000000000
89185  42.104  -6.168  37.295 0.0000000000
64580  17.734  -25.041  46.204 0.0000000000
67074  18.372  -23.765  46.998 0.0000000000
64570  17.728  -24.891  47.330 0.0000000000
63262  17.278  -25.858  46.528 0.0000000000
63263  16.753  -25.997  47.193 0.0000000000
63240  16.501  -26.046  47.966 0.0000000000
61908  15.933  -26.280  48.376 0.0000000000
75962  24.759  -16.008  53.653 0.0000000000
75973  25.068  -15.757  52.881 0.0000000000
75986  24.186  -15.424  52.196 0.0000000000
76001  23.575  -15.711  51.629 0.0000000000
74769  23.537  -15.983  50.726 0.0000000000
74771  21.678  -17.098  50.730 0.0000000000
74783  22.745  -16.599  49.950 0.0000000000
74799  21.942  -17.180  48.497 0.0000000000
73566  21.100  -17.932  46.466 0.0000000000
73567  20.001  -18.484  46.455 0.0000000000
72266  18.957  -20.200  45.525 0.0000000000
72249  18.617  -19.573  46.535 0.0000000000
99475  45.738  1.168  29.133 0.0000000000
74658  21.830  -16.533  57.894 0.0000000000
96731  43.575  -0.883  37.441 0.0000000000
98043  44.151  -0.058  35.703 0.0000000000
98044  43.324  -0.768  35.628 0.0000000000
99413  44.430  1.313  33.471 0.0000000000
99414  43.444  0.645  33.529 0.0000000000
98090  41.847  0.095  31.526 0.0000000000
66977  15.403  -22.270  54.714 0.0000000000
64497  15.032  -23.923  54.739 0.0000000000
63160  14.340  -25.068  53.933 0.0000000000
61767  13.958  -25.064  54.087 0.0000000000
61803  12.696  -26.029  53.439 0.0000000000
59343  8.978  -29.125  55.738 0.0000000000
59344  8.139  -29.256  56.008 0.0000000000
59354  8.215  -29.145  55.076 0.0000000000
59385  6.535  -29.419  53.302 0.0000000000
59386  5.591  -30.179  53.339 0.0000000000
58245  5.511  -30.514  54.591 0.0000000000
83759  35.586  -12.286  49.229 0.0000000000
83775  34.862  -12.369  49.109 0.0000000000
82406  34.110  -13.299  47.568 0.0000000000
82417  34.505  -13.190  46.326 0.0000000000
81057  35.165  -13.419  45.292 0.0000000000
81056  35.522  -14.102  45.222 0.0000000000
79735  36.607  -14.950  44.692 0.0000000000
79724  36.171  -15.526  45.424 0.0000000000
74878  37.399  -17.976  43.125 0.0000000000
73602  36.726  -19.375  43.185 0.0000000000
74767  30.630  -16.975  49.634 0.0000000000
73509  31.163  -17.656  49.486 0.0000000000
73522  31.535  -18.085  48.986 0.0000000000
72190  31.767  -18.147  48.297 0.0000000000
73538  30.283  -16.926  47.225 0.0000000000
72207  31.656  -17.799  47.616 0.0000000000
72206  32.092  -18.350  47.993 0.0000000000
70934  32.599  -18.635  47.949 0.0000000000
70955  33.443  -18.634  46.963 0.0000000000
71010  31.867  -18.111  44.759 0.0000000000
72262  31.185  -18.269  44.430 0.0000000000
71037  31.388  -18.785  43.751 0.0000000000
71038  30.762  -19.018  43.516 0.0000000000
89107  32.475  -6.548  42.309 0.0000000000
89117  32.735  -6.100  41.172 0.0000000000
89118  31.976  -6.669  41.551 0.0000000000
87838  30.704  -7.535  40.376 0.0000000000
87810  29.837  -8.253  41.890 0.0000000000
87827  29.931  -8.228  41.022 0.0000000000
87839  29.888  -8.199  39.948 0.0000000000
86606  29.616  -8.732  39.240 0.0000000000
105464  55.695  5.580  23.156 0.0000000000
94144  39.407  -3.398  33.322 0.0000000000
92920  38.825  -4.123  33.024 0.0000000000
91707  39.166  -4.797  33.375 0.0000000000
87915  39.435  -5.687  35.812 0.0000000000
87928  38.677  -5.729  35.117 0.0000000000
87949  37.759  -6.104  34.437 0.0000000000
89248  36.604  -6.515  33.297 0.0000000000
90427  43.435  -5.148  37.452 0.0000000000
91654  44.157  -3.792  38.498 0.0000000000
95403  42.963  -2.293  37.227 0.0000000000
95412  42.381  -2.751  36.738 0.0000000000
92903  41.728  -3.955  35.754 0.0000000000
94118  41.835  -3.507  36.028 0.0000000000
95423  41.505  -2.830  35.764 0.0000000000
95438  40.384  -2.944  33.737 0.0000000000
74697  32.809  -17.594  56.312 0.0000000000
74696  33.959  -17.673  55.882 0.0000000000
74724  31.266  -16.310  53.580 0.0000000000
74735  31.599  -16.747  53.035 0.0000000000
74745  30.649  -16.735  51.650 0.0000000000
75972  26.092  -16.061  52.602 0.0000000000
75983  27.597  -16.378  51.189 0.0000000000
75982  28.863  -16.386  50.775 0.0000000000
75981  29.951  -16.511  50.313 0.0000000000
75995  30.003  -16.652  49.616 0.0000000000
76009  29.139  -16.966  48.764 0.0000000000
74781  29.213  -16.941  48.300 0.0000000000
76024  28.034  -16.860  47.543 0.0000000000
76036  27.988  -16.973  46.995 0.0000000000
76050  26.728  -16.730  45.585 0.0000000000
76079  26.477  -17.061  43.898 0.0000000000
73595  20.314  -18.650  44.192 0.0000000000
82462  30.982  -12.689  43.120 0.0000000000
102023  50.308  3.400  29.471 0.0000000000
100809  47.442  2.914  28.670 0.0000000000
102032  50.984  3.788  29.070 0.0000000000
102045  51.065  4.049  28.544 0.0000000000
103182  51.170  4.379  27.949 0.0000000000
105421  51.922  5.625  26.845 0.0000000000
105435  52.032  5.518  25.803 0.0000000000
72170  18.520  -19.509  50.562 0.0000000000
70906  18.072  -20.408  50.256 0.0000000000
72146  18.539  -19.463  51.437 0.0000000000
70884  18.024  -20.242  52.768 0.0000000000
73439  18.653  -18.516  53.677 0.0000000000
70876  17.910  -19.958  53.612 0.0000000000
69576  17.623  -20.744  53.457 0.0000000000
68230  17.188  -21.206  55.256 0.0000000000
74701  20.205  -17.228  56.793 0.0000000000
73400  19.249  -17.473  56.774 0.0000000000
73401  18.668  -18.345  57.048 0.0000000000
72089  19.412  -19.761  57.616 0.0000000000
72091  18.528  -19.523  57.013 0.0000000000
72092  17.848  -19.648  56.314 0.0000000000
70847  18.246  -20.522  56.581 0.0000000000
69527  17.665  -20.973  55.921 0.0000000000
66968  17.440  -22.616  56.404 0.0000000000
66959  17.553  -23.777  56.600 0.0000000000
74654  34.162  -17.874  57.923 0.0000000000
74698  31.945  -17.189  56.729 0.0000000000
75932  31.139  -16.885  56.266 0.0000000000
75919  30.297  -16.729  56.808 0.0000000000
75949  26.197  -15.633  54.183 0.0000000000
75975  23.092  -16.412  52.896 0.0000000000
74747  21.772  -16.946  52.424 0.0000000000
74725  22.224  -16.695  53.805 0.0000000000
73496  20.544  -17.988  51.988 0.0000000000
94146  37.241  -3.191  32.719 0.0000000000
100759  48.743  3.583  32.844 0.0000000000
99441  47.979  3.312  32.347 0.0000000000
99427  47.487  2.950  32.864 0.0000000000
100751  44.647  1.516  32.731 0.0000000000
100776  45.150  1.409  31.754 0.0000000000
99445  44.723  1.137  31.519 0.0000000000
100775  45.392  1.314  31.563 0.0000000000
69636  17.549  -21.213  50.261 0.0000000000
67022  16.452  -22.528  49.253 0.0000000000
67009  16.076  -22.080  50.400 0.0000000000
64555  16.573  -24.456  49.452 0.0000000000
63225  16.130  -25.900  48.724 0.0000000000
61879  15.393  -26.284  49.070 0.0000000000
66985  14.738  -22.186  53.503 0.0000000000
64522  15.227  -23.904  52.725 0.0000000000
63184  15.747  -24.659  52.350 0.0000000000
61799  15.458  -25.765  52.242 0.0000000000
63185  15.815  -25.363  51.882 0.0000000000
61834  15.676  -25.890  50.306 0.0000000000
61855  15.464  -26.118  49.829 0.0000000000
61880  14.844  -26.517  49.052 0.0000000000
61911  14.229  -26.828  48.222 0.0000000000
63243  12.849  -26.713  47.945 0.0000000000
63267  12.447  -27.383  47.497 0.0000000000
63244  11.951  -26.838  48.111 0.0000000000
63268  11.674  -27.504  47.802 0.0000000000
61751  12.967  -24.848  55.683 0.0000000000
61769  12.747  -25.292  54.880 0.0000000000
61786  12.556  -26.057  54.315 0.0000000000
61804  11.983  -26.621  53.693 0.0000000000
60496  10.639  -28.370  56.573 0.0000000000
60508  10.786  -28.538  55.188 0.0000000000
60523  9.567  -28.674  54.484 0.0000000000
61805  11.234  -27.218  53.980 0.0000000000
61841  10.235  -26.822  51.532 0.0000000000
60574  9.451  -27.213  50.785 0.0000000000
60575  8.992  -27.717  50.775 0.0000000000
61862  9.415  -27.635  50.205 0.0000000000
57083  3.502  -30.140  58.708 0.0000000000
57084  3.080  -30.830  58.667 0.0000000000
56058  2.620  -31.268  58.958 0.0000000000
90340  33.102  -5.813  42.536 0.0000000000
87807  32.333  -7.031  43.171 0.0000000000
89071  32.262  -7.269  44.657 0.0000000000
86517  30.552  -9.218  44.312 0.0000000000
87726  31.643  -8.613  47.424 0.0000000000
85229  31.837  -10.630  46.949 0.0000000000
85266  31.242  -10.673  45.031 0.0000000000
85286  30.875  -10.977  44.444 0.0000000000
83876  30.722  -11.520  44.010 0.0000000000
82460  32.995  -12.529  43.254 0.0000000000
81073  35.165  -13.192  44.441 0.0000000000
81089  35.018  -13.570  43.697 0.0000000000
79753  35.197  -14.472  43.079 0.0000000000
78507  36.171  -15.289  42.664 0.0000000000
78508  35.427  -15.173  42.492 0.0000000000
79769  34.974  -15.113  42.290 0.0000000000
78533  34.999  -16.014  41.357 0.0000000000
77325  35.252  -16.492  40.599 0.0000000000
77335  35.275  -16.813  39.920 0.0000000000
74924  35.636  -17.761  39.806 0.0000000000
72362  34.579  -20.128  39.897 0.0000000000
72379  34.224  -20.647  39.801 0.0000000000
78451  38.009  -16.338  48.305 0.0000000000
73416  34.614  -17.953  55.037 0.0000000000
73434  34.927  -18.259  54.090 0.0000000000
73436  33.600  -18.509  53.596 0.0000000000
73433  35.632  -17.908  54.132 0.0000000000
73492  36.573  -18.286  51.489 0.0000000000
73507  31.540  -19.071  50.280 0.0000000000
72144  32.571  -19.666  50.929 0.0000000000
72143  33.430  -19.810  51.118 0.0000000000
72165  33.883  -19.809  50.303 0.0000000000
72142  34.325  -19.788  51.264 0.0000000000
72140  36.025  -19.571  51.394 0.0000000000
72139  36.408  -18.758  51.363 0.0000000000
73491  36.978  -18.005  51.429 0.0000000000
73506  37.502  -18.447  50.427 0.0000000000
72202  37.664  -19.717  48.923 0.0000000000
74793  39.035  -17.646  48.744 0.0000000000
74806  39.255  -17.802  47.929 0.0000000000
76035  39.095  -17.096  47.550 0.0000000000
77253  38.546  -16.593  47.354 0.0000000000
77264  38.421  -16.745  46.786 0.0000000000
76062  38.563  -17.245  45.850 0.0000000000
74845  38.451  -18.164  44.994 0.0000000000
73562  37.944  -19.794  45.840 0.0000000000
73574  38.276  -19.078  45.304 0.0000000000
73589  38.166  -18.715  44.686 0.0000000000
73590  37.653  -19.096  44.241 0.0000000000
72293  36.301  -20.107  43.128 0.0000000000
70980  34.006  -18.749  45.777 0.0000000000
72261  34.295  -19.201  45.324 0.0000000000
71006  33.809  -19.453  44.786 0.0000000000
72276  35.287  -20.198  44.127 0.0000000000
72294  35.609  -20.214  42.902 0.0000000000
72345  33.072  -20.923  41.332 0.0000000000
89153  36.439  -5.002  38.240 0.0000000000
90390  35.847  -4.725  39.194 0.0000000000
89171  36.056  -5.579  37.828 0.0000000000
87867  35.639  -6.145  37.483 0.0000000000
87889  35.123  -6.484  37.037 0.0000000000
86639  34.573  -6.877  36.582 0.0000000000
89157  32.307  -5.703  39.735 0.0000000000
87850  32.498  -5.928  38.949 0.0000000000
87871  31.513  -7.257  38.184 0.0000000000
87870  32.440  -6.563  38.222 0.0000000000
89174  33.266  -6.137  38.363 0.0000000000
89188  33.310  -6.528  37.805 0.0000000000
86662  34.117  -7.440  36.052 0.0000000000
56025  1.627  -31.686  59.750 0.0000000000
59356  6.552  -29.509  55.168 0.0000000000
60524  8.881  -28.687  54.347 0.0000000000
60548  7.369  -28.301  52.483 0.0000000000
60549  7.172  -28.787  52.396 0.0000000000
60559  10.262  -26.888  51.882 0.0000000000
61752  12.767  -25.361  55.989 0.0000000000
61784  13.833  -25.436  53.752 0.0000000000
61835  15.285  -26.056  50.686 0.0000000000
61856  15.008  -26.338  49.974 0.0000000000
61878  15.746  -26.028  49.202 0.0000000000
61910  14.775  -27.042  48.024 0.0000000000
63159  14.281  -24.382  54.513 0.0000000000
63198  16.087  -24.795  51.184 0.0000000000
63213  16.015  -25.701  49.573 0.0000000000
63228  11.608  -26.774  48.932 0.0000000000
63239  16.993  -25.667  47.583 0.0000000000
63241  14.312  -27.066  47.818 0.0000000000
63242  13.745  -26.808  47.983 0.0000000000
64523  15.084  -24.376  53.363 0.0000000000
64546  16.654  -23.911  49.583 0.0000000000
64563  16.668  -24.839  48.699 0.0000000000
65760  14.481  -22.964  52.955 0.0000000000
65775  16.121  -23.287  51.275 0.0000000000
65788  17.056  -23.885  48.089 0.0000000000
67054  17.548  -23.430  47.518 0.0000000000
68288  16.736  -21.709  50.875 0.0000000000
69620  17.946  -21.044  51.439 0.0000000000
70885  18.132  -20.439  52.018 0.0000000000
70894  18.096  -20.550  51.434 0.0000000000
70904  33.412  -19.934  49.424 0.0000000000
70918  32.885  -19.503  48.746 0.0000000000
70935  32.277  -18.273  47.593 0.0000000000
70963  17.737  -21.005  47.464 0.0000000000
70979  34.390  -18.762  46.118 0.0000000000
71033  33.778  -19.738  44.282 0.0000000000
71123  32.967  -21.309  40.539 0.0000000000
72088  20.097  -19.572  58.083 0.0000000000
72102  35.199  -18.841  52.585 0.0000000000
72103  34.940  -19.008  52.648 0.0000000000
72116  36.166  -18.409  51.660 0.0000000000
72118  35.381  -19.027  52.195 0.0000000000
72123  18.282  -20.047  51.690 0.0000000000
72138  36.660  -18.425  51.197 0.0000000000
72147  18.266  -19.975  51.217 0.0000000000
72171  18.118  -20.267  50.877 0.0000000000
72187  32.649  -19.889  49.423 0.0000000000
72189  31.897  -18.739  48.813 0.0000000000
72204  36.284  -20.436  47.370 0.0000000000
72205  32.297  -18.835  48.452 0.0000000000
72243  34.308  -18.773  45.783 0.0000000000
72247  29.683  -17.411  45.142 0.0000000000
72258  36.726  -20.050  45.215 0.0000000000
72297  32.811  -20.084  42.696 0.0000000000
73384  19.826  -18.399  57.666 0.0000000000
73399  34.619  -17.737  55.766 0.0000000000
73419  18.479  -18.502  54.633 0.0000000000
73454  34.611  -18.813  53.295 0.0000000000
73471  36.304  -17.973  52.070 0.0000000000
73472  35.643  -18.333  52.400 0.0000000000
73475  32.954  -19.178  52.384 0.0000000000
73493  32.550  -19.264  51.693 0.0000000000
73495  31.435  -18.668  50.762 0.0000000000
73498  19.083  -18.929  51.012 0.0000000000
73508  31.191  -18.392  50.002 0.0000000000
73510  21.096  -17.301  50.591 0.0000000000
73513  19.036  -18.977  50.543 0.0000000000
73523  31.150  -17.216  48.699 0.0000000000
73525  20.276  -17.860  49.705 0.0000000000
73536  31.474  -17.706  48.215 0.0000000000
73550  30.747  -17.103  46.872 0.0000000000
73560  39.152  -18.583  47.528 0.0000000000
73563  30.407  -17.094  46.225 0.0000000000
73565  28.810  -17.521  45.472 0.0000000000
73576  36.751  -20.087  44.909 0.0000000000
73578  28.620  -17.492  44.900 0.0000000000
73616  35.362  -19.976  41.907 0.0000000000
73631  36.367  -18.522  41.550 0.0000000000
74680  20.244  -17.558  57.552 0.0000000000
74721  33.690  -18.180  53.955 0.0000000000
74736  22.331  -16.644  53.052 0.0000000000
74746  22.382  -16.635  52.434 0.0000000000
74754  31.543  -18.531  51.199 0.0000000000
74768  30.075  -16.723  49.191 0.0000000000
74779  30.557  -16.732  48.828 0.0000000000
74798  22.773  -16.663  48.993 0.0000000000
74823  29.245  -17.414  46.620 0.0000000000
74846  38.149  -18.475  44.349 0.0000000000
74862  37.814  -18.229  43.715 0.0000000000
74863  37.243  -18.550  43.234 0.0000000000
74910  36.138  -17.920  40.484 0.0000000000
75968  30.715  -16.502  51.990 0.0000000000
76049  38.707  -17.701  46.224 0.0000000000
76061  38.553  -16.848  46.433 0.0000000000
76094  38.121  -17.282  44.063 0.0000000000
76139  36.270  -17.097  40.933 0.0000000000
77254  38.038  -16.642  47.081 0.0000000000
77278  38.028  -15.999  44.852 0.0000000000
77312  35.467  -16.089  41.246 0.0000000000
78464  37.956  -16.516  47.520 0.0000000000
81045  35.126  -13.700  45.955 0.0000000000
83851  32.885  -12.652  45.699 0.0000000000
83890  31.095  -12.172  43.625 0.0000000000
85342  29.409  -9.826  39.587 0.0000000000
86487  32.453  -10.534  47.914 0.0000000000
86607  29.401  -9.246  38.780 0.0000000000
86658  37.271  -6.582  36.491 0.0000000000
86659  36.922  -6.709  36.605 0.0000000000
87782  32.440  -7.049  43.496 0.0000000000
87869  34.210  -6.279  37.691 0.0000000000
87873  30.172  -7.962  38.475 0.0000000000
87886  37.672  -6.290  37.124 0.0000000000
87892  32.261  -7.146  37.762 0.0000000000
87926  40.140  -5.281  35.428 0.0000000000
87927  39.607  -5.362  35.405 0.0000000000
89094  32.591  -7.059  44.112 0.0000000000
89131  32.820  -5.446  40.265 0.0000000000
89145  43.059  -4.785  38.729 0.0000000000
89173  34.152  -5.962  38.228 0.0000000000
89183  42.912  -5.408  37.556 0.0000000000
89184  42.725  -5.940  37.431 0.0000000000
89199  41.175  -6.013  36.577 0.0000000000
89207  41.902  -5.913  36.344 0.0000000000
89214  42.469  -5.728  36.177 0.0000000000
89232  39.773  -4.967  34.719 0.0000000000
90334  33.500  -5.598  43.053 0.0000000000
90391  35.355  -4.932  39.258 0.0000000000
90415  44.093  -4.188  38.679 0.0000000000
90438  43.235  -5.516  36.657 0.0000000000
90448  40.841  -4.725  35.193 0.0000000000
90458  40.306  -4.806  34.612 0.0000000000
90473  39.374  -4.962  33.682 0.0000000000
91666  43.134  -5.397  36.513 0.0000000000
91674  42.852  -4.766  36.370 0.0000000000
91687  41.379  -4.603  35.400 0.0000000000
91690  38.888  -5.014  33.480 0.0000000000
92883  43.525  -3.927  37.673 0.0000000000
94128  41.303  -3.444  35.468 0.0000000000
95402  43.477  -2.692  37.956 0.0000000000
95414  41.592  -2.092  35.599 0.0000000000
95439  40.071  -2.628  33.476 0.0000000000
96752  41.399  -1.444  34.973 0.0000000000
96774  40.727  -1.415  32.866 0.0000000000
98121  45.051  1.076  29.089 0.0000000000
100739  45.743  2.299  32.809 0.0000000000
100740  45.408  2.071  32.991 0.0000000000
100748  46.021  2.479  32.488 0.0000000000
100761  46.375  2.526  32.392 0.0000000000
100764  44.875  1.561  32.158 0.0000000000
101981  45.908  2.371  32.986 0.0000000000
101982  45.666  2.304  33.024 0.0000000000
101990  46.028  2.637  32.746 0.0000000000
101991  45.900  2.555  32.785 0.0000000000
101992  45.692  2.250  32.734 0.0000000000
102000  46.219  2.542  32.615 0.0000000000
102001  45.979  2.478  32.453 0.0000000000
