#!ascii label  , from subject 4105 vox2ras=TkReg
251
103820  27.273  3.286  -22.992 0.0000000000
92417  24.795  -5.637  -19.464 0.0000000000
108502  25.804  7.057  -22.045 0.0000000000
118936  23.146  16.097  -20.674 0.0000000000
89973  23.399  -7.858  -19.618 0.0000000000
109757  25.888  8.482  -25.357 0.0000000000
112246  25.272  10.805  -24.723 0.0000000000
100214  24.094  0.318  -21.869 0.0000000000
98902  26.233  -0.496  -21.688 0.0000000000
102733  28.152  2.816  -21.874 0.0000000000
106077  27.890  5.500  -26.744 0.0000000000
106058  29.153  6.041  -23.984 0.0000000000
104907  26.337  4.749  -22.808 0.0000000000
107327  26.713  6.736  -26.780 0.0000000000
115702  24.178  13.945  -21.005 0.0000000000
115742  25.576  13.282  -23.836 0.0000000000
94933  26.188  -3.061  -19.585 0.0000000000
110989  25.823  10.083  -22.983 0.0000000000
112226  25.700  10.915  -22.644 0.0000000000
102737  25.379  1.754  -22.047 0.0000000000
100230  26.034  0.982  -22.588 0.0000000000
102735  26.789  2.413  -22.648 0.0000000000
91168  24.336  -6.737  -18.960 0.0000000000
106028  26.240  5.740  -22.692 0.0000000000
106060  26.041  5.273  -24.769 0.0000000000
108551  26.637  6.631  -24.360 0.0000000000
109786  24.202  9.116  -27.006 0.0000000000
108595  25.107  7.968  -28.079 0.0000000000
117853  21.600  15.612  -21.119 0.0000000000
115686  22.321  13.537  -21.223 0.0000000000
116722  23.926  14.554  -20.924 0.0000000000
119965  23.773  17.519  -26.020 0.0000000000
117932  23.424  16.278  -26.436 0.0000000000
117912  24.769  14.531  -24.991 0.0000000000
116786  23.383  14.158  -26.222 0.0000000000
154933  24.066  13.036  -26.071 0.0000000000
98892  26.868  -0.386  -21.034 0.0000000000
97549  26.042  -1.752  -21.036 0.0000000000
88685  22.475  -9.306  -19.273 0.0000000000
109742  26.311  8.266  -24.340 0.0000000000
111001  26.142  9.131  -24.080 0.0000000000
111016  25.493  9.535  -24.940 0.0000000000
112265  24.184  10.695  -26.699 0.0000000000
97572  24.142  -1.416  -22.200 0.0000000000
98904  24.332  -0.650  -22.171 0.0000000000
100211  26.581  0.396  -22.071 0.0000000000
102696  28.092  1.631  -20.891 0.0000000000
103850  27.275  3.999  -25.324 0.0000000000
103844  28.058  3.796  -24.155 0.0000000000
107299  28.697  5.943  -25.735 0.0000000000
102717  25.470  2.888  -21.863 0.0000000000
103806  25.113  3.540  -21.551 0.0000000000
103821  26.522  3.582  -22.770 0.0000000000
104932  26.352  4.384  -24.983 0.0000000000
106087  27.350  5.949  -27.373 0.0000000000
107345  27.150  6.420  -28.321 0.0000000000
108564  26.040  7.621  -26.147 0.0000000000
108594  25.968  7.412  -28.372 0.0000000000
114590  24.191  12.912  -21.013 0.0000000000
118956  25.149  16.537  -22.541 0.0000000000
116759  25.154  14.641  -22.245 0.0000000000
115728  25.561  13.638  -22.693 0.0000000000
114621  25.748  12.727  -22.856 0.0000000000
154916  24.981  12.269  -25.065 0.0000000000
154910  24.421  11.874  -26.041 0.0000000000
93668  24.456  -4.563  -20.783 0.0000000000
96253  25.127  -2.148  -21.526 0.0000000000
103819  28.169  3.440  -22.824 0.0000000000
103805  28.831  3.463  -21.499 0.0000000000
112211  25.274  10.957  -21.580 0.0000000000
112199  24.789  11.365  -21.119 0.0000000000
102736  25.936  2.384  -22.212 0.0000000000
86146  22.367  -10.790  -18.143 0.0000000000
87446  22.558  -9.864  -18.744 0.0000000000
92391  24.786  -6.070  -18.933 0.0000000000
107269  26.103  6.563  -22.468 0.0000000000
107284  26.428  6.492  -23.538 0.0000000000
108536  26.757  6.778  -24.061 0.0000000000
109787  24.084  9.848  -27.399 0.0000000000
109825  24.333  9.413  -28.294 0.0000000000
116723  23.242  14.661  -20.900 0.0000000000
117851  23.768  15.367  -20.898 0.0000000000
117913  23.603  15.511  -26.076 0.0000000000
154920  22.710  14.834  -27.106 0.0000000000
100201  27.591  0.429  -20.649 0.0000000000
97547  26.998  -1.031  -20.291 0.0000000000
91217  23.264  -6.554  -20.860 0.0000000000
109731  26.140  8.223  -22.398 0.0000000000
109715  26.258  9.027  -22.415 0.0000000000
112238  25.615  10.842  -23.665 0.0000000000
111002  25.664  9.933  -23.894 0.0000000000
112255  24.945  10.383  -25.497 0.0000000000
154915  24.660  11.284  -25.791 0.0000000000
119906  21.908  17.185  -21.312 0.0000000000
100213  25.065  0.211  -21.816 0.0000000000
101549  26.996  1.541  -22.612 0.0000000000
100228  26.957  0.921  -22.336 0.0000000000
101531  27.300  1.452  -21.964 0.0000000000
100210  27.076  0.579  -21.618 0.0000000000
102716  27.935  2.053  -21.421 0.0000000000
88684  23.320  -8.792  -18.953 0.0000000000
104938  27.428  4.370  -25.815 0.0000000000
104937  27.934  4.613  -25.255 0.0000000000
106067  28.079  5.161  -25.921 0.0000000000
102719  23.757  2.169  -21.518 0.0000000000
104892  25.237  4.699  -21.372 0.0000000000
104908  25.919  4.126  -22.024 0.0000000000
104918  26.421  4.540  -23.895 0.0000000000
107313  26.591  6.199  -25.572 0.0000000000
106079  26.848  5.529  -26.507 0.0000000000
106088  26.979  6.293  -27.354 0.0000000000
109770  25.618  8.281  -25.992 0.0000000000
107377  26.611  7.012  -29.505 0.0000000000
115685  23.072  13.959  -21.033 0.0000000000
114571  23.211  13.241  -21.083 0.0000000000
114591  23.162  12.494  -21.023 0.0000000000
119950  24.279  17.339  -25.447 0.0000000000
119949  24.817  17.248  -24.746 0.0000000000
118975  25.320  16.416  -23.452 0.0000000000
117899  25.370  15.456  -23.905 0.0000000000
116771  25.508  14.530  -23.470 0.0000000000
114607  25.562  12.873  -21.971 0.0000000000
113406  25.635  11.911  -23.528 0.0000000000
154924  23.270  13.239  -26.857 0.0000000000
154905  22.292  12.396  -27.550 0.0000000000
154904  23.478  11.728  -26.936 0.0000000000
93669  23.794  -4.837  -21.279 0.0000000000
97561  24.778  -1.621  -21.931 0.0000000000
97560  25.637  -1.519  -21.547 0.0000000000
96237  26.274  -2.086  -20.430 0.0000000000
96238  25.530  -2.644  -20.951 0.0000000000
96225  26.055  -2.752  -20.080 0.0000000000
94934  25.706  -3.608  -19.927 0.0000000000
104917  28.491  4.241  -23.688 0.0000000000
106044  29.113  5.248  -23.291 0.0000000000
110974  25.696  9.788  -22.000 0.0000000000
112212  25.158  9.997  -21.179 0.0000000000
154923  25.447  11.452  -24.260 0.0000000000
101552  25.408  1.323  -22.072 0.0000000000
101532  25.554  0.904  -22.135 0.0000000000
101550  26.413  1.566  -22.479 0.0000000000
102734  27.512  2.409  -22.364 0.0000000000
91169  23.802  -7.344  -19.344 0.0000000000
89955  23.791  -7.735  -18.934 0.0000000000
89954  24.233  -7.626  -18.371 0.0000000000
91140  24.542  -7.074  -18.263 0.0000000000
107326  28.326  6.110  -27.505 0.0000000000
107312  28.522  5.985  -26.649 0.0000000000
106029  26.101  5.160  -21.838 0.0000000000
106045  26.195  5.463  -23.713 0.0000000000
107301  26.426  6.205  -24.418 0.0000000000
109771  25.040  8.780  -26.146 0.0000000000
108580  25.232  8.327  -26.998 0.0000000000
109805  24.503  8.815  -27.845 0.0000000000
119010  23.649  16.716  -25.899 0.0000000000
118994  24.391  16.259  -25.262 0.0000000000
154925  22.914  13.896  -27.004 0.0000000000
98893  26.442  -0.835  -21.225 0.0000000000
97559  26.171  -1.177  -21.286 0.0000000000
97548  26.484  -1.257  -20.772 0.0000000000
97535  26.712  -1.602  -20.054 0.0000000000
88705  22.094  -8.754  -19.926 0.0000000000
91197  23.674  -7.041  -19.851 0.0000000000
91196  23.993  -6.208  -19.956 0.0000000000
92434  24.257  -5.437  -20.245 0.0000000000
108503  25.384  7.451  -21.410 0.0000000000
108520  26.194  7.413  -22.780 0.0000000000
108521  25.928  7.722  -22.015 0.0000000000
109730  26.315  8.423  -23.275 0.0000000000
111015  26.057  8.887  -24.704 0.0000000000
110973  26.009  9.588  -22.619 0.0000000000
109758  25.389  9.150  -25.620 0.0000000000
111025  24.849  9.706  -25.875 0.0000000000
111037  24.136  10.215  -26.988 0.0000000000
111049  23.717  10.430  -27.694 0.0000000000
118938  21.180  16.571  -21.494 0.0000000000
118937  22.242  16.401  -20.787 0.0000000000
118946  22.968  16.772  -20.756 0.0000000000
98903  25.354  -0.645  -21.963 0.0000000000
100212  25.950  0.302  -22.214 0.0000000000
98901  26.694  0.016  -21.667 0.0000000000
101513  28.245  1.141  -20.594 0.0000000000
103845  27.499  3.881  -24.650 0.0000000000
103831  27.681  3.583  -23.773 0.0000000000
104930  28.089  4.244  -24.649 0.0000000000
106059  28.530  5.287  -24.670 0.0000000000
107311  29.382  6.454  -26.459 0.0000000000
107298  29.438  6.432  -25.077 0.0000000000
103822  25.818  3.277  -22.071 0.0000000000
103832  26.875  3.802  -24.099 0.0000000000
103851  27.032  3.983  -25.674 0.0000000000
104944  27.161  4.618  -26.357 0.0000000000
106069  26.211  5.086  -25.684 0.0000000000
104945  26.924  4.800  -26.548 0.0000000000
106078  27.326  5.289  -26.672 0.0000000000
107344  27.944  6.199  -28.272 0.0000000000
108552  26.588  7.210  -24.782 0.0000000000
108579  25.970  7.501  -27.370 0.0000000000
107346  26.576  6.872  -27.830 0.0000000000
107362  26.598  6.962  -28.752 0.0000000000
113379  24.432  12.017  -20.962 0.0000000000
118957  24.672  16.612  -21.726 0.0000000000
117866  24.474  15.669  -21.470 0.0000000000
116760  24.786  15.156  -21.825 0.0000000000
116742  24.977  14.198  -21.675 0.0000000000
115713  25.247  13.706  -21.844 0.0000000000
114589  25.125  13.091  -21.328 0.0000000000
113378  25.022  12.105  -21.350 0.0000000000
113394  25.640  11.906  -22.267 0.0000000000
154908  24.296  12.236  -26.096 0.0000000000
112280  22.813  11.050  -28.200 0.0000000000
93650  24.903  -4.996  -20.140 0.0000000000
96254  24.551  -2.828  -21.623 0.0000000000
96239  25.027  -3.261  -21.253 0.0000000000
94948  24.620  -3.697  -21.285 0.0000000000
94947  25.133  -3.714  -20.801 0.0000000000
93667  25.164  -4.340  -20.281 0.0000000000
103830  28.129  3.711  -23.653 0.0000000000
104906  29.013  4.420  -22.295 0.0000000000
102715  28.498  2.648  -21.212 0.0000000000
88683  23.873  -8.167  -18.492 0.0000000000
96224  26.605  -2.380  -19.496 0.0000000000
100229  26.545  0.892  -22.581 0.0000000000
101514  27.680  1.220  -21.201 0.0000000000
101533  24.718  1.267  -21.796 0.0000000000
101551  25.825  1.456  -22.298 0.0000000000
102718  24.927  2.436  -21.700 0.0000000000
103846  26.890  3.967  -25.160 0.0000000000
104931  27.628  4.182  -25.154 0.0000000000
104939  26.725  4.428  -25.958 0.0000000000
106009  26.084  6.107  -21.817 0.0000000000
106027  29.402  5.107  -22.536 0.0000000000
106068  27.550  4.901  -26.341 0.0000000000
106086  27.733  5.862  -27.275 0.0000000000
107251  25.894  6.600  -21.949 0.0000000000
107252  25.543  6.624  -21.538 0.0000000000
107283  26.578  6.575  -23.895 0.0000000000
107300  26.541  6.499  -24.115 0.0000000000
107360  27.623  6.325  -29.298 0.0000000000
108537  26.617  7.443  -23.777 0.0000000000
108565  25.511  8.281  -26.330 0.0000000000
109806  24.128  9.628  -27.835 0.0000000000
110988  26.124  9.397  -23.195 0.0000000000
111026  24.464  10.149  -26.471 0.0000000000
111036  24.513  9.560  -26.483 0.0000000000
112256  24.517  10.671  -26.265 0.0000000000
114570  23.680  13.633  -20.995 0.0000000000
115684  23.642  14.142  -20.941 0.0000000000
115701  24.780  13.762  -21.312 0.0000000000
116743  24.540  14.662  -21.404 0.0000000000
118945  23.859  16.568  -20.965 0.0000000000
