#!ascii label  , from subject 3459 vox2ras=TkReg
1604
41252  10.402  -60.342  71.547 0.0000000000
76796  42.954  -29.806  53.086 0.0000000000
55683  27.112  -48.232  64.034 0.0000000000
55592  34.876  -47.339  71.475 0.0000000000
52373  18.265  -49.930  60.427 0.0000000000
48651  15.942  -53.659  72.883 0.0000000000
87895  50.829  -19.498  49.733 0.0000000000
80843  51.796  -25.670  58.075 0.0000000000
63824  39.726  -41.023  62.795 0.0000000000
92265  52.989  -15.432  44.176 0.0000000000
54525  23.871  -48.821  67.670 0.0000000000
43824  14.665  -57.808  72.347 0.0000000000
84399  52.733  -22.892  53.385 0.0000000000
80942  48.431  -25.576  51.650 0.0000000000
74244  42.727  -32.143  57.601 0.0000000000
74217  47.068  -31.681  58.694 0.0000000000
73029  39.647  -32.561  58.164 0.0000000000
60412  32.388  -43.769  64.614 0.0000000000
53390  32.527  -50.008  66.927 0.0000000000
55654  19.096  -48.624  66.660 0.0000000000
53320  16.560  -50.148  71.103 0.0000000000
51105  16.848  -52.039  66.232 0.0000000000
46286  15.122  -56.386  66.580 0.0000000000
56866  22.044  -47.576  61.882 0.0000000000
90112  55.468  -17.625  50.629 0.0000000000
86696  56.950  -20.346  55.157 0.0000000000
76783  48.700  -29.388  55.073 0.0000000000
67378  42.259  -37.470  63.338 0.0000000000
59182  36.393  -43.981  67.148 0.0000000000
89081  51.247  -18.959  44.967 0.0000000000
89078  57.086  -18.585  45.546 0.0000000000
89109  58.406  -18.165  42.199 0.0000000000
54479  22.237  -48.947  69.386 0.0000000000
42570  12.359  -59.042  72.363 0.0000000000
42520  13.442  -58.676  75.889 0.0000000000
41205  11.767  -59.743  75.592 0.0000000000
82055  47.595  -24.088  49.898 0.0000000000
74177  42.949  -31.644  60.331 0.0000000000
75477  44.619  -30.887  60.483 0.0000000000
37642  5.033  -62.950  72.433 0.0000000000
74321  38.067  -32.020  54.167 0.0000000000
56884  28.486  -46.897  60.945 0.0000000000
55701  31.430  -47.727  62.986 0.0000000000
54571  30.514  -49.095  65.208 0.0000000000
54613  18.657  -48.968  63.631 0.0000000000
53415  17.508  -50.196  65.644 0.0000000000
52308  17.749  -51.074  63.785 0.0000000000
55772  19.980  -47.990  60.719 0.0000000000
55712  20.798  -47.570  63.723 0.0000000000
51013  15.920  -51.687  71.849 0.0000000000
90115  52.495  -17.822  50.416 0.0000000000
90076  56.358  -17.723  53.195 0.0000000000
87863  53.974  -19.271  51.726 0.0000000000
81961  52.493  -24.624  55.944 0.0000000000
84356  54.265  -22.542  57.868 0.0000000000
77817  43.136  -28.416  52.174 0.0000000000
77814  46.188  -28.014  52.801 0.0000000000
76785  46.502  -29.912  54.263 0.0000000000
66203  40.086  -38.708  60.288 0.0000000000
68723  40.851  -36.173  59.444 0.0000000000
64951  41.584  -39.117  62.926 0.0000000000
57999  33.877  -45.847  67.220 0.0000000000
61581  34.062  -43.514  65.804 0.0000000000
59146  34.683  -44.730  69.466 0.0000000000
89057  48.059  -18.775  47.362 0.0000000000
90168  48.624  -17.279  44.891 0.0000000000
89054  50.916  -18.724  47.227 0.0000000000
89051  53.757  -18.993  47.944 0.0000000000
91217  56.922  -15.894  40.766 0.0000000000
90187  55.597  -16.987  41.683 0.0000000000
89101  57.712  -18.047  43.546 0.0000000000
89114  54.467  -18.150  42.785 0.0000000000
54575  26.133  -48.542  65.529 0.0000000000
54521  27.873  -48.778  67.320 0.0000000000
54475  26.082  -49.350  68.958 0.0000000000
45014  15.853  -56.311  72.408 0.0000000000
47370  15.939  -54.525  76.712 0.0000000000
43774  15.666  -56.846  76.332 0.0000000000
86765  48.509  -20.523  48.434 0.0000000000
85650  52.146  -21.185  50.743 0.0000000000
84454  49.516  -22.759  50.147 0.0000000000
82012  50.342  -24.136  52.138 0.0000000000
79851  51.190  -26.390  54.707 0.0000000000
74316  43.098  -31.800  54.776 0.0000000000
75577  46.057  -31.414  55.537 0.0000000000
74219  45.052  -31.850  58.751 0.0000000000
61641  37.684  -42.583  62.078 0.0000000000
56751  35.534  -45.851  73.333 0.0000000000
40037  8.649  -61.105  70.243 0.0000000000
40003  9.365  -61.057  74.178 0.0000000000
38887  7.565  -62.311  73.445 0.0000000000
75642  40.789  -30.811  52.686 0.0000000000
74318  41.099  -32.199  54.548 0.0000000000
74246  40.898  -32.296  57.262 0.0000000000
71971  42.324  -33.487  60.340 0.0000000000
60478  30.860  -43.868  61.761 0.0000000000
56835  33.068  -46.811  64.991 0.0000000000
54472  34.668  -48.790  69.200 0.0000000000
52241  30.404  -50.457  69.510 0.0000000000
53331  32.671  -50.894  70.813 0.0000000000
55629  19.771  -48.520  68.605 0.0000000000
54458  18.142  -49.203  70.258 0.0000000000
54509  17.569  -48.931  68.221 0.0000000000
52257  16.462  -50.727  68.305 0.0000000000
49906  16.112  -52.776  69.082 0.0000000000
48774  16.629  -53.844  63.164 0.0000000000
47492  16.221  -54.839  65.893 0.0000000000
46242  16.026  -55.570  69.777 0.0000000000
45042  15.109  -57.152  69.927 0.0000000000
43852  12.785  -58.521  69.370 0.0000000000
42640  10.344  -59.382  68.280 0.0000000000
55789  25.986  -47.341  59.928 0.0000000000
56928  23.009  -47.324  59.425 0.0000000000
55728  24.658  -47.969  62.180 0.0000000000
55668  23.314  -48.310  65.170 0.0000000000
55652  21.076  -48.431  66.793 0.0000000000
85599  58.151  -21.069  54.362 0.0000000000
85602  54.559  -21.741  54.162 0.0000000000
79908  45.351  -25.953  50.585 0.0000000000
78823  48.456  -27.371  53.335 0.0000000000
78796  50.966  -27.645  56.499 0.0000000000
76768  47.917  -30.306  56.911 0.0000000000
77747  49.698  -29.165  58.242 0.0000000000
72011  38.123  -33.915  57.208 0.0000000000
70883  41.205  -34.498  59.973 0.0000000000
70838  42.653  -35.453  63.929 0.0000000000
60453  35.755  -43.850  63.624 0.0000000000
60405  38.582  -43.790  64.856 0.0000000000
60292  36.736  -43.830  70.391 0.0000000000
60331  39.391  -44.179  68.255 0.0000000000
62732  41.235  -41.874  65.516 0.0000000000
63805  42.688  -40.295  65.761 0.0000000000
67347  43.227  -37.768  66.484 0.0000000000
91201  52.122  -16.692  43.790 0.0000000000
87955  54.123  -19.497  45.086 0.0000000000
87922  56.552  -19.419  47.782 0.0000000000
54454  21.827  -49.027  70.131 0.0000000000
42589  11.401  -59.628  71.419 0.0000000000
42538  12.036  -59.481  74.032 0.0000000000
41237  11.174  -59.902  72.840 0.0000000000
72986  43.864  -32.741  61.443 0.0000000000
75434  44.081  -31.621  61.582 0.0000000000
37669  3.833  -62.917  70.238 0.0000000000
55725  27.677  -47.613  62.334 0.0000000000
55703  29.481  -47.915  63.293 0.0000000000
54595  28.761  -48.350  64.585 0.0000000000
53456  18.352  -49.368  62.335 0.0000000000
53440  17.920  -50.172  63.644 0.0000000000
52335  17.854  -50.591  61.740 0.0000000000
55792  20.043  -48.049  59.755 0.0000000000
54662  19.088  -48.872  60.520 0.0000000000
55732  19.354  -48.199  62.648 0.0000000000
49859  15.883  -52.646  72.376 0.0000000000
49833  16.060  -52.910  74.546 0.0000000000
90116  51.650  -17.985  49.962 0.0000000000
90099  53.072  -17.871  51.170 0.0000000000
87879  52.166  -19.505  50.703 0.0000000000
81949  52.073  -25.099  57.114 0.0000000000
83106  52.792  -24.037  57.977 0.0000000000
77804  43.177  -29.116  52.634 0.0000000000
77802  45.051  -28.882  53.167 0.0000000000
76795  44.394  -29.918  53.629 0.0000000000
63841  39.135  -40.167  61.188 0.0000000000
64964  39.779  -39.580  61.087 0.0000000000
66188  40.515  -38.820  61.008 0.0000000000
63823  40.391  -40.587  63.054 0.0000000000
56806  34.802  -46.668  69.495 0.0000000000
59164  34.376  -45.035  68.120 0.0000000000
57971  34.704  -45.678  69.646 0.0000000000
89039  49.430  -18.910  48.301 0.0000000000
89055  50.071  -18.522  47.659 0.0000000000
90132  50.724  -18.522  48.687 0.0000000000
90143  51.827  -18.114  48.364 0.0000000000
92298  54.987  -15.422  41.723 0.0000000000
92287  54.143  -15.925  42.642 0.0000000000
90179  54.827  -17.476  42.119 0.0000000000
91206  53.474  -16.747  42.909 0.0000000000
54549  25.018  -48.755  66.646 0.0000000000
54523  25.782  -48.893  67.445 0.0000000000
54501  25.493  -49.106  68.298 0.0000000000
45015  15.362  -57.243  72.780 0.0000000000
44989  15.859  -56.453  74.888 0.0000000000
43798  14.873  -57.845  74.480 0.0000000000
42497  12.837  -58.796  77.543 0.0000000000
43750  13.858  -58.135  78.521 0.0000000000
85673  48.176  -21.341  48.599 0.0000000000
84462  49.712  -21.830  49.698 0.0000000000
84464  48.058  -22.298  49.161 0.0000000000
80967  48.137  -24.739  50.402 0.0000000000
82032  49.506  -24.280  51.213 0.0000000000
80941  49.140  -25.216  52.031 0.0000000000
80919  50.841  -24.937  53.661 0.0000000000
80921  49.302  -25.636  52.794 0.0000000000
74266  43.404  -32.435  56.575 0.0000000000
74265  44.548  -32.293  56.752 0.0000000000
74220  44.020  -31.771  58.490 0.0000000000
87928  47.504  -19.703  47.643 0.0000000000
38895  8.375  -61.854  72.146 0.0000000000
37666  7.278  -62.501  70.730 0.0000000000
75644  39.059  -31.138  52.348 0.0000000000
74344  40.687  -31.792  53.787 0.0000000000
74345  39.751  -31.804  53.765 0.0000000000
74271  38.821  -32.162  56.086 0.0000000000
74270  39.748  -32.265  56.194 0.0000000000
74224  40.208  -32.237  58.006 0.0000000000
73011  41.318  -32.364  59.319 0.0000000000
72998  40.979  -33.082  59.379 0.0000000000
59287  31.040  -44.756  61.083 0.0000000000
54569  32.383  -48.626  64.994 0.0000000000
56843  32.657  -46.982  64.110 0.0000000000
54542  33.105  -48.562  65.723 0.0000000000
55638  33.866  -47.744  66.770 0.0000000000
53377  33.582  -49.831  67.603 0.0000000000
53382  28.182  -49.416  69.001 0.0000000000
53393  29.686  -49.338  67.940 0.0000000000
53332  29.481  -50.013  70.220 0.0000000000
52185  31.211  -51.317  72.232 0.0000000000
53289  32.811  -50.456  72.349 0.0000000000
55641  19.466  -48.489  67.605 0.0000000000
55631  18.239  -48.589  68.335 0.0000000000
55643  18.026  -48.809  67.471 0.0000000000
53416  17.020  -50.809  65.863 0.0000000000
53406  16.857  -50.539  66.799 0.0000000000
52266  16.613  -51.168  67.432 0.0000000000
51070  16.217  -52.029  68.538 0.0000000000
49922  16.368  -52.891  68.084 0.0000000000
50024  17.081  -52.989  61.873 0.0000000000
46308  14.806  -55.817  64.256 0.0000000000
46307  15.714  -55.301  64.118 0.0000000000
46285  15.666  -55.701  66.219 0.0000000000
47464  16.138  -54.805  68.060 0.0000000000
46272  15.740  -55.939  67.414 0.0000000000
45055  15.704  -56.489  69.302 0.0000000000
45068  14.925  -56.981  67.901 0.0000000000
42623  12.148  -58.691  69.015 0.0000000000
56924  27.139  -46.599  59.343 0.0000000000
56944  25.475  -46.744  58.300 0.0000000000
58083  21.604  -47.503  59.755 0.0000000000
56907  22.503  -47.661  59.984 0.0000000000
55751  23.843  -47.871  61.205 0.0000000000
55730  22.805  -47.917  62.116 0.0000000000
55709  23.479  -48.144  63.065 0.0000000000
55710  22.313  -47.841  62.996 0.0000000000
55691  19.718  -48.219  64.596 0.0000000000
55670  21.228  -48.254  65.550 0.0000000000
55653  19.952  -48.406  66.686 0.0000000000
55640  20.442  -48.508  67.781 0.0000000000
54459  17.407  -49.387  70.281 0.0000000000
39987  8.700  -61.117  75.959 0.0000000000
39986  9.843  -60.642  76.322 0.0000000000
90095  57.425  -17.445  51.399 0.0000000000
87845  56.987  -18.934  53.986 0.0000000000
88965  57.870  -18.786  53.990 0.0000000000
86695  57.386  -20.588  55.098 0.0000000000
84378  56.923  -21.972  55.990 0.0000000000
84411  52.499  -22.446  52.246 0.0000000000
85624  53.216  -21.744  52.007 0.0000000000
85603  53.813  -22.117  53.683 0.0000000000
85560  55.127  -22.335  58.095 0.0000000000
77800  47.822  -28.340  53.616 0.0000000000
78824  47.183  -27.802  52.982 0.0000000000
77799  48.508  -28.131  53.788 0.0000000000
77787  50.141  -28.240  54.854 0.0000000000
77776  49.688  -28.832  55.660 0.0000000000
74263  46.428  -31.563  57.038 0.0000000000
75576  46.795  -31.153  56.117 0.0000000000
75541  47.648  -30.765  57.752 0.0000000000
70919  39.130  -34.947  57.205 0.0000000000
67400  41.722  -37.353  61.738 0.0000000000
69825  40.909  -35.190  59.565 0.0000000000
68683  41.700  -35.883  61.681 0.0000000000
70862  41.789  -34.964  61.649 0.0000000000
69784  42.110  -36.058  63.689 0.0000000000
62768  31.338  -41.888  63.314 0.0000000000
62766  32.643  -42.232  63.965 0.0000000000
60382  35.776  -43.881  66.654 0.0000000000
60433  34.731  -43.500  64.803 0.0000000000
60407  36.035  -44.203  65.571 0.0000000000
60430  37.551  -43.964  64.219 0.0000000000
59201  37.383  -44.577  66.132 0.0000000000
59103  35.568  -44.275  72.323 0.0000000000
60330  40.390  -43.510  68.573 0.0000000000
60379  40.137  -43.587  66.488 0.0000000000
61561  41.616  -42.396  67.187 0.0000000000
62731  41.933  -41.565  65.948 0.0000000000
62719  42.632  -41.288  67.305 0.0000000000
90167  49.474  -17.556  44.701 0.0000000000
90165  51.360  -17.633  44.104 0.0000000000
89093  53.104  -18.847  44.094 0.0000000000
87949  52.578  -19.544  45.422 0.0000000000
89019  54.864  -18.917  49.509 0.0000000000
87924  54.486  -19.604  47.818 0.0000000000
89018  55.788  -18.907  49.675 0.0000000000
89016  57.661  -18.453  49.166 0.0000000000
91209  57.807  -16.823  41.374 0.0000000000
89089  57.460  -18.262  44.486 0.0000000000
89077  58.321  -18.686  45.189 0.0000000000
89064  57.739  -18.854  46.374 0.0000000000
54504  22.630  -48.900  68.565 0.0000000000
54503  23.563  -48.990  68.576 0.0000000000
54478  23.150  -49.147  69.429 0.0000000000
42569  13.238  -58.745  72.659 0.0000000000
43799  14.184  -58.353  74.109 0.0000000000
42537  12.688  -59.108  74.386 0.0000000000
42521  12.572  -59.207  75.532 0.0000000000
42498  12.227  -59.271  77.377 0.0000000000
82056  46.737  -24.068  49.642 0.0000000000
80969  46.486  -25.447  50.400 0.0000000000
75525  42.601  -31.252  58.894 0.0000000000
75503  43.911  -30.995  59.708 0.0000000000
75478  43.598  -31.132  60.453 0.0000000000
75433  44.638  -31.352  62.019 0.0000000000
37667  6.397  -62.885  70.135 0.0000000000
37668  4.967  -63.091  70.203 0.0000000000
37643  4.029  -62.921  72.254 0.0000000000
75625  38.343  -31.778  53.303 0.0000000000
74272  37.906  -32.471  55.991 0.0000000000
56900  30.749  -46.168  60.503 0.0000000000
55745  30.093  -47.398  61.670 0.0000000000
54593  30.804  -48.722  64.225 0.0000000000
53414  31.336  -49.423  65.545 0.0000000000
55692  18.952  -48.766  64.662 0.0000000000
54554  18.116  -49.116  66.000 0.0000000000
54598  18.176  -49.663  64.445 0.0000000000
53423  17.810  -50.356  64.682 0.0000000000
52293  17.290  -51.555  65.085 0.0000000000
45081  14.055  -57.024  66.628 0.0000000000
45119  12.789  -56.522  64.665 0.0000000000
56909  20.927  -47.578  59.922 0.0000000000
56868  20.883  -47.248  62.024 0.0000000000
56853  21.422  -47.514  62.600 0.0000000000
56869  20.305  -47.574  62.436 0.0000000000
55714  19.214  -48.403  63.606 0.0000000000
52211  16.149  -50.792  71.302 0.0000000000
90113  54.586  -17.534  50.530 0.0000000000
91148  55.404  -16.972  51.612 0.0000000000
91150  53.983  -17.215  51.185 0.0000000000
88980  54.561  -18.349  52.246 0.0000000000
86714  55.781  -20.031  53.331 0.0000000000
83152  52.661  -23.635  54.457 0.0000000000
84381  53.571  -22.859  55.573 0.0000000000
83119  53.164  -23.376  57.113 0.0000000000
83104  53.865  -23.278  58.481 0.0000000000
78856  44.195  -27.047  51.529 0.0000000000
77816  44.393  -28.272  52.496 0.0000000000
77801  46.451  -28.652  53.330 0.0000000000
77789  47.378  -29.154  54.047 0.0000000000
75520  48.625  -30.894  58.760 0.0000000000
68747  39.788  -36.665  57.826 0.0000000000
69845  40.453  -36.067  58.690 0.0000000000
66202  40.863  -37.972  60.579 0.0000000000
67401  41.409  -37.589  61.097 0.0000000000
66172  41.943  -38.296  62.950 0.0000000000
59204  33.327  -44.947  65.768 0.0000000000
60410  33.349  -43.761  65.498 0.0000000000
60385  33.704  -44.170  66.217 0.0000000000
60359  34.705  -44.048  67.359 0.0000000000
60335  35.469  -43.789  68.498 0.0000000000
89072  47.533  -18.208  46.460 0.0000000000
91188  47.066  -16.685  45.505 0.0000000000
89085  48.001  -18.166  45.951 0.0000000000
89069  50.235  -18.644  46.450 0.0000000000
89068  51.280  -19.139  46.128 0.0000000000
89067  51.961  -19.304  46.425 0.0000000000
89053  52.038  -18.904  47.251 0.0000000000
90142  52.744  -17.895  48.758 0.0000000000
93380  55.629  -14.779  41.464 0.0000000000
91211  56.093  -16.282  41.250 0.0000000000
90185  57.277  -17.090  41.812 0.0000000000
89110  57.917  -17.877  42.734 0.0000000000
90177  56.772  -17.475  42.311 0.0000000000
89112  56.287  -17.932  42.917 0.0000000000
89103  55.777  -18.451  43.677 0.0000000000
55664  26.650  -48.349  64.418 0.0000000000
54574  27.201  -48.477  65.162 0.0000000000
54547  27.040  -48.677  66.375 0.0000000000
54499  27.637  -49.138  68.433 0.0000000000
53335  26.946  -49.733  70.401 0.0000000000
46198  16.050  -55.371  72.626 0.0000000000
48626  16.028  -53.817  74.789 0.0000000000
46167  15.938  -55.474  75.219 0.0000000000
46148  15.825  -55.387  77.334 0.0000000000
43775  15.122  -57.431  76.768 0.0000000000
44956  14.986  -56.752  78.472 0.0000000000
87908  49.575  -19.678  48.797 0.0000000000
86755  51.154  -20.306  50.048 0.0000000000
85661  50.186  -21.288  49.689 0.0000000000
84452  51.218  -22.226  50.694 0.0000000000
83207  51.082  -22.939  51.255 0.0000000000
83225  48.550  -23.211  49.894 0.0000000000
83193  50.082  -23.609  51.126 0.0000000000
83161  51.719  -23.604  53.182 0.0000000000
81985  51.885  -24.112  53.945 0.0000000000
80885  51.814  -25.535  55.125 0.0000000000
80865  51.972  -25.683  56.246 0.0000000000
75598  43.707  -31.230  54.392 0.0000000000
75597  44.661  -31.172  54.598 0.0000000000
74290  44.351  -31.986  55.622 0.0000000000
74264  45.508  -32.005  56.942 0.0000000000
74218  46.112  -31.867  58.641 0.0000000000
75502  44.982  -31.267  59.687 0.0000000000
75501  45.971  -31.492  59.912 0.0000000000
74175  47.595  -31.455  60.260 0.0000000000
62779  38.754  -41.594  62.309 0.0000000000
56787  34.910  -46.248  71.533 0.0000000000
89073  46.735  -18.032  46.559 0.0000000000
89058  47.095  -18.733  47.087 0.0000000000
87909  48.822  -19.677  48.324 0.0000000000
93324  54.307  -14.979  45.305 0.0000000000
93325  53.295  -14.687  45.323 0.0000000000
40036  9.356  -60.760  70.653 0.0000000000
40020  10.001  -60.678  72.936 0.0000000000
40022  8.943  -61.292  71.869 0.0000000000
40004  8.780  -61.514  73.703 0.0000000000
39996  7.874  -61.763  75.134 0.0000000000
37630  6.402  -62.793  73.603 0.0000000000
76806  42.032  -29.587  52.423 0.0000000000
76807  40.925  -30.010  52.077 0.0000000000
76797  41.796  -30.328  52.849 0.0000000000
75621  42.332  -30.987  53.605 0.0000000000
74292  42.542  -32.263  55.266 0.0000000000
73063  42.130  -32.502  56.183 0.0000000000
74319  40.054  -32.174  54.506 0.0000000000
74269  40.710  -32.427  56.348 0.0000000000
74245  41.784  -32.206  57.484 0.0000000000
74198  41.917  -31.651  59.463 0.0000000000
72996  42.722  -32.553  60.350 0.0000000000
71958  43.448  -33.567  61.219 0.0000000000
60435  31.411  -43.268  63.544 0.0000000000
58054  31.688  -45.623  62.021 0.0000000000
58034  32.347  -45.493  63.539 0.0000000000
59223  32.848  -44.794  64.856 0.0000000000
56821  33.886  -46.765  67.012 0.0000000000
55626  34.634  -47.811  68.566 0.0000000000
55615  34.844  -47.834  69.499 0.0000000000
54545  29.157  -48.757  66.218 0.0000000000
53392  30.255  -49.478  67.242 0.0000000000
52265  31.817  -50.455  67.609 0.0000000000
52202  30.144  -50.741  71.295 0.0000000000
52240  31.270  -50.887  69.290 0.0000000000
52217  32.990  -50.786  69.273 0.0000000000
53330  33.592  -50.313  70.218 0.0000000000
54450  33.835  -49.625  70.915 0.0000000000
54425  34.068  -48.950  72.361 0.0000000000
54482  19.631  -48.663  69.425 0.0000000000
54483  18.727  -48.576  69.648 0.0000000000
54484  17.776  -48.783  69.356 0.0000000000
54485  17.039  -49.252  69.736 0.0000000000
54530  17.537  -49.240  67.301 0.0000000000
53383  16.668  -49.940  68.578 0.0000000000
53367  16.338  -50.359  69.975 0.0000000000
51036  15.955  -51.582  70.111 0.0000000000
49890  15.918  -52.516  70.173 0.0000000000
48677  15.958  -53.567  70.758 0.0000000000
50038  17.433  -51.886  61.341 0.0000000000
51186  17.439  -52.480  63.299 0.0000000000
49985  16.984  -52.954  64.583 0.0000000000
47526  16.021  -54.526  63.118 0.0000000000
47502  16.606  -54.063  64.610 0.0000000000
49953  16.710  -53.310  66.374 0.0000000000
48717  16.349  -53.854  67.539 0.0000000000
47451  16.151  -54.684  69.180 0.0000000000
47427  16.025  -54.519  71.293 0.0000000000
45028  15.863  -56.182  71.367 0.0000000000
45029  15.266  -57.168  71.391 0.0000000000
43839  14.436  -57.921  71.439 0.0000000000
43876  14.351  -57.389  68.126 0.0000000000
43863  14.179  -57.707  69.189 0.0000000000
43840  13.761  -58.324  70.997 0.0000000000
42606  12.418  -58.847  70.192 0.0000000000
42607  11.268  -59.543  70.445 0.0000000000
42608  10.660  -59.806  70.089 0.0000000000
41284  9.497  -60.350  69.351 0.0000000000
40046  8.706  -60.846  69.338 0.0000000000
56923  28.278  -46.326  59.188 0.0000000000
56885  27.480  -47.028  60.860 0.0000000000
55726  26.648  -47.780  62.241 0.0000000000
55791  24.797  -47.592  59.795 0.0000000000
55750  24.923  -47.796  61.306 0.0000000000
55707  25.444  -48.271  63.014 0.0000000000
55685  25.297  -48.373  63.875 0.0000000000
55667  24.277  -48.357  64.943 0.0000000000
54578  23.324  -48.525  66.123 0.0000000000
55689  21.460  -47.921  64.562 0.0000000000
55669  22.301  -48.354  65.626 0.0000000000
54552  22.230  -48.515  66.834 0.0000000000
54527  22.086  -48.683  67.780 0.0000000000
54507  20.522  -48.645  68.645 0.0000000000
39993  10.332  -60.553  75.281 0.0000000000
41196  11.024  -60.131  76.430 0.0000000000
90074  57.890  -18.039  53.203 0.0000000000
86733  53.163  -20.315  51.253 0.0000000000
85622  54.476  -20.704  52.271 0.0000000000
86707  55.454  -21.021  55.003 0.0000000000
85594  54.763  -21.633  55.562 0.0000000000
86679  55.404  -21.261  56.670 0.0000000000
86677  56.492  -20.976  56.422 0.0000000000
80970  45.464  -25.435  50.200 0.0000000000
79896  47.315  -26.056  51.365 0.0000000000
78854  45.855  -26.735  51.547 0.0000000000
79885  47.012  -26.645  51.835 0.0000000000
79884  48.221  -26.191  52.242 0.0000000000
79853  49.516  -26.838  53.723 0.0000000000
78805  51.368  -27.038  55.603 0.0000000000
79795  51.411  -26.555  57.418 0.0000000000
75596  45.791  -30.891  54.770 0.0000000000
75594  47.435  -30.558  55.733 0.0000000000
76776  48.861  -29.518  55.833 0.0000000000
76746  48.535  -30.414  58.268 0.0000000000
76754  49.034  -29.490  57.593 0.0000000000
76775  49.411  -29.139  56.230 0.0000000000
77755  50.194  -28.227  57.461 0.0000000000
78780  50.653  -27.494  58.335 0.0000000000
73065  37.460  -33.144  55.990 0.0000000000
73031  38.328  -33.340  57.628 0.0000000000
70905  39.893  -34.728  58.397 0.0000000000
70893  40.104  -34.325  58.976 0.0000000000
71985  40.259  -33.730  59.189 0.0000000000
71972  41.605  -33.809  60.017 0.0000000000
70861  42.386  -34.718  61.876 0.0000000000
70837  43.606  -34.814  63.956 0.0000000000
61600  33.957  -43.150  64.978 0.0000000000
60451  37.552  -43.325  62.908 0.0000000000
60450  38.055  -43.002  63.132 0.0000000000
61598  39.272  -42.404  64.029 0.0000000000
57941  34.911  -45.206  71.601 0.0000000000
60294  35.356  -43.884  70.120 0.0000000000
60312  36.485  -43.847  69.419 0.0000000000
60311  37.440  -44.139  69.513 0.0000000000
59162  37.773  -44.476  67.731 0.0000000000
59179  38.918  -44.431  66.581 0.0000000000
61579  39.792  -42.827  65.056 0.0000000000
62762  40.396  -41.208  63.992 0.0000000000
63816  41.241  -40.638  64.262 0.0000000000
64923  41.768  -39.859  64.113 0.0000000000
66149  42.566  -38.484  64.252 0.0000000000
63787  42.945  -40.565  67.610 0.0000000000
66135  43.043  -38.659  65.844 0.0000000000
67366  42.815  -37.777  64.724 0.0000000000
69770  42.970  -36.344  65.160 0.0000000000
92255  52.413  -15.088  44.526 0.0000000000
92277  52.351  -16.221  43.788 0.0000000000
90171  53.142  -17.610  43.199 0.0000000000
89092  54.007  -19.080  44.195 0.0000000000
89080  55.203  -19.289  45.492 0.0000000000
87939  53.495  -19.782  46.534 0.0000000000
87937  55.242  -19.817  46.978 0.0000000000
89065  56.726  -19.163  46.518 0.0000000000
89048  58.138  -18.855  47.330 0.0000000000
54456  20.210  -49.195  70.040 0.0000000000
54436  20.908  -49.464  70.371 0.0000000000
41266  10.944  -59.925  71.188 0.0000000000
41251  11.013  -59.906  71.949 0.0000000000
41238  10.543  -60.299  72.500 0.0000000000
71945  44.326  -33.610  62.436 0.0000000000
72979  44.337  -32.756  62.040 0.0000000000
55705  27.375  -47.948  63.140 0.0000000000
55704  28.370  -47.816  63.193 0.0000000000
55682  28.069  -48.056  63.941 0.0000000000
53504  18.560  -49.481  60.947 0.0000000000
53481  18.166  -49.784  61.601 0.0000000000
53505  18.208  -49.863  61.017 0.0000000000
53480  18.567  -49.175  61.825 0.0000000000
49845  15.926  -52.729  73.439 0.0000000000
89020  51.164  -18.643  49.880 0.0000000000
89005  51.833  -18.592  50.492 0.0000000000
87894  51.455  -19.451  50.271 0.0000000000
81936  51.969  -25.251  57.652 0.0000000000
81935  52.477  -24.610  58.111 0.0000000000
80842  52.117  -25.273  58.673 0.0000000000
63832  39.472  -40.608  61.997 0.0000000000
64953  40.215  -39.863  61.844 0.0000000000
63831  40.270  -40.178  62.296 0.0000000000
56799  34.909  -46.481  70.536 0.0000000000
89022  50.001  -19.104  48.812 0.0000000000
89038  50.223  -18.721  48.478 0.0000000000
89021  50.576  -18.808  49.182 0.0000000000
92275  53.843  -15.472  43.681 0.0000000000
91205  54.156  -16.819  42.283 0.0000000000
92288  53.551  -16.288  43.039 0.0000000000
54550  24.084  -48.712  66.794 0.0000000000
54524  24.809  -48.900  67.549 0.0000000000
43810  15.327  -57.447  73.948 0.0000000000
43811  14.848  -57.773  73.450 0.0000000000
85674  47.416  -21.274  48.214 0.0000000000
84478  47.732  -21.761  48.626 0.0000000000
84479  47.240  -22.031  48.620 0.0000000000
80959  48.413  -25.154  50.928 0.0000000000
80958  49.008  -24.859  51.252 0.0000000000
79883  48.948  -25.830  52.593 0.0000000000
74243  43.741  -32.218  57.655 0.0000000000
75666  38.618  -30.929  51.781 0.0000000000
75624  39.425  -31.500  53.111 0.0000000000
74248  39.091  -32.077  57.096 0.0000000000
74225  39.547  -32.326  57.713 0.0000000000
53402  32.512  -49.266  65.839 0.0000000000
54543  32.756  -48.887  65.605 0.0000000000
53389  33.127  -49.301  66.387 0.0000000000
54518  33.659  -48.703  66.604 0.0000000000
53360  28.543  -49.671  69.584 0.0000000000
53333  29.020  -49.940  70.493 0.0000000000
55642  18.684  -48.618  67.531 0.0000000000
55655  18.406  -48.835  66.702 0.0000000000
52280  16.947  -51.559  65.840 0.0000000000
52274  16.813  -51.330  66.510 0.0000000000
51086  16.690  -51.975  66.897 0.0000000000
51087  16.469  -52.055  67.681 0.0000000000
49934  16.765  -52.430  66.536 0.0000000000
46296  14.743  -56.337  65.401 0.0000000000
46273  15.241  -56.479  67.160 0.0000000000
45067  15.548  -56.548  68.260 0.0000000000
45079  15.279  -56.607  67.559 0.0000000000
56889  21.654  -47.463  60.896 0.0000000000
56908  22.008  -47.589  60.279 0.0000000000
56888  22.409  -47.709  61.076 0.0000000000
55752  23.115  -47.917  61.474 0.0000000000
55672  19.452  -48.539  65.663 0.0000000000
55671  20.314  -48.267  65.640 0.0000000000
53319  17.099  -49.851  71.220 0.0000000000
39982  7.899  -61.417  76.669 0.0000000000
39981  8.710  -60.893  77.039 0.0000000000
90111  56.392  -17.552  50.729 0.0000000000
90110  57.253  -17.701  50.632 0.0000000000
90096  56.877  -17.276  51.160 0.0000000000
86705  56.915  -19.822  54.600 0.0000000000
87838  57.239  -19.305  54.290 0.0000000000
86676  56.949  -20.764  55.799 0.0000000000
84398  53.310  -22.305  53.193 0.0000000000
77788  48.830  -28.758  54.417 0.0000000000
77777  49.077  -29.188  55.200 0.0000000000
75522  47.211  -31.259  58.042 0.0000000000
75542  47.030  -31.123  57.451 0.0000000000
75521  47.761  -31.141  58.407 0.0000000000
70932  38.605  -35.126  56.640 0.0000000000
67388  41.960  -37.369  62.601 0.0000000000
68694  41.688  -36.496  61.457 0.0000000000
68682  41.875  -36.420  62.257 0.0000000000
69797  41.974  -35.888  62.973 0.0000000000
68670  42.068  -36.644  63.137 0.0000000000
61603  31.929  -42.788  64.136 0.0000000000
62767  31.899  -41.938  63.723 0.0000000000
62748  32.319  -42.365  64.111 0.0000000000
59202  36.545  -44.344  66.388 0.0000000000
59222  36.835  -44.452  65.452 0.0000000000
60308  40.499  -43.208  69.274 0.0000000000
61550  40.921  -42.943  67.782 0.0000000000
61549  41.542  -42.472  68.225 0.0000000000
62714  42.155  -41.897  67.705 0.0000000000
89097  50.061  -18.241  44.768 0.0000000000
89096  50.816  -18.335  44.550 0.0000000000
90166  50.478  -17.525  44.342 0.0000000000
87958  51.881  -18.926  44.629 0.0000000000
87950  51.882  -19.292  45.263 0.0000000000
90127  55.133  -18.198  50.079 0.0000000000
90126  56.106  -18.220  50.096 0.0000000000
90125  56.997  -18.064  49.931 0.0000000000
90183  58.411  -17.490  41.493 0.0000000000
89123  58.715  -18.038  41.518 0.0000000000
89108  58.906  -18.687  41.748 0.0000000000
42552  13.388  -58.755  73.727 0.0000000000
42553  12.590  -59.071  73.381 0.0000000000
41214  11.500  -59.790  74.697 0.0000000000
42522  12.107  -59.448  74.848 0.0000000000
41204  12.153  -59.553  75.921 0.0000000000
42508  12.181  -59.466  76.737 0.0000000000
41195  11.876  -59.715  76.337 0.0000000000
82057  45.943  -24.133  49.512 0.0000000000
80981  46.589  -24.671  49.886 0.0000000000
80982  45.687  -24.808  49.802 0.0000000000
75479  42.935  -31.251  60.082 0.0000000000
75504  42.856  -31.205  59.581 0.0000000000
74176  43.448  -31.563  60.803 0.0000000000
37655  4.492  -62.972  71.306 0.0000000000
56902  28.939  -46.625  60.170 0.0000000000
56883  29.575  -46.996  60.993 0.0000000000
55746  29.118  -47.241  61.695 0.0000000000
54594  29.741  -48.502  64.294 0.0000000000
54612  30.311  -48.337  63.638 0.0000000000
54570  31.475  -49.011  64.874 0.0000000000
54580  18.441  -49.230  65.102 0.0000000000
54597  18.505  -49.221  64.285 0.0000000000
52319  17.825  -50.821  62.748 0.0000000000
52292  17.610  -51.052  64.618 0.0000000000
52309  17.573  -51.557  64.298 0.0000000000
56930  20.491  -47.656  59.251 0.0000000000
56910  20.575  -47.769  60.348 0.0000000000
56890  21.002  -47.347  60.893 0.0000000000
56891  20.442  -47.621  61.367 0.0000000000
54624  18.783  -48.817  62.663 0.0000000000
51003  15.963  -51.752  72.858 0.0000000000
90129  53.098  -17.654  49.651 0.0000000000
91159  53.930  -17.189  50.931 0.0000000000
90114  53.660  -17.419  50.684 0.0000000000
88991  53.419  -18.523  51.510 0.0000000000
88990  53.982  -18.411  51.953 0.0000000000
87855  54.392  -18.930  52.053 0.0000000000
87853  55.626  -19.102  52.978 0.0000000000
87862  54.498  -19.488  52.037 0.0000000000
83143  52.806  -23.824  55.522 0.0000000000
83142  53.180  -23.330  55.587 0.0000000000
83133  52.776  -23.916  56.546 0.0000000000
83105  53.227  -23.636  58.181 0.0000000000
78839  43.210  -27.694  51.770 0.0000000000
78838  43.824  -27.644  51.927 0.0000000000
76794  45.684  -29.509  53.707 0.0000000000
76793  46.342  -29.347  53.766 0.0000000000
77790  46.681  -29.276  53.835 0.0000000000
67448  39.634  -37.592  58.366 0.0000000000
67432  40.256  -37.435  59.147 0.0000000000
66221  40.371  -37.963  59.791 0.0000000000
64952  40.922  -39.541  62.351 0.0000000000
66187  41.230  -38.464  61.571 0.0000000000
66173  41.544  -38.734  62.370 0.0000000000
66186  41.767  -38.070  62.208 0.0000000000
59203  33.648  -45.039  66.463 0.0000000000
60386  33.441  -44.529  65.949 0.0000000000
59183  33.976  -45.026  67.248 0.0000000000
59163  34.582  -44.684  68.566 0.0000000000
60337  34.642  -44.510  67.910 0.0000000000
60336  34.889  -44.188  68.390 0.0000000000
60358  35.259  -43.812  67.534 0.0000000000
89071  48.418  -18.365  46.677 0.0000000000
89070  49.302  -18.391  46.662 0.0000000000
90130  52.128  -17.765  49.398 0.0000000000
91212  54.926  -16.363  41.649 0.0000000000
90186  56.437  -17.008  41.724 0.0000000000
90178  55.867  -17.562  42.190 0.0000000000
89113  55.330  -18.162  42.763 0.0000000000
89104  54.736  -18.672  43.499 0.0000000000
54500  26.474  -49.089  68.249 0.0000000000
54522  26.814  -48.845  67.400 0.0000000000
54474  26.953  -49.346  68.922 0.0000000000
54473  27.386  -49.351  68.914 0.0000000000
53362  26.533  -49.553  69.609 0.0000000000
46187  16.002  -55.781  73.250 0.0000000000
46178  15.997  -55.651  74.157 0.0000000000
44977  15.849  -56.294  75.890 0.0000000000
44968  15.682  -56.369  76.915 0.0000000000
46138  15.793  -55.329  78.347 0.0000000000
44955  15.501  -56.127  77.963 0.0000000000
43788  14.215  -58.284  75.182 0.0000000000
43776  14.249  -58.188  76.300 0.0000000000
86764  49.147  -20.448  48.830 0.0000000000
86757  49.831  -20.443  49.262 0.0000000000
85662  49.359  -21.305  49.316 0.0000000000
84463  49.152  -22.322  49.701 0.0000000000
84453  50.102  -22.324  50.159 0.0000000000
83208  50.495  -23.032  50.841 0.0000000000
83226  47.731  -23.233  49.597 0.0000000000
82054  48.123  -23.715  49.929 0.0000000000
82031  50.126  -23.870  51.514 0.0000000000
83174  50.949  -23.602  52.102 0.0000000000
82011  50.954  -23.818  52.497 0.0000000000
81996  51.722  -23.861  53.493 0.0000000000
81997  51.047  -24.218  53.176 0.0000000000
80902  50.938  -25.555  54.108 0.0000000000
81977  51.608  -25.135  54.526 0.0000000000
79834  51.630  -26.374  55.521 0.0000000000
74315  43.830  -31.713  54.949 0.0000000000
74242  44.784  -32.214  57.780 0.0000000000
74241  45.776  -31.967  57.839 0.0000000000
75523  44.242  -31.371  59.143 0.0000000000
75476  45.625  -30.964  60.503 0.0000000000
75475  46.748  -31.272  60.509 0.0000000000
75500  46.574  -31.627  59.886 0.0000000000
75474  47.784  -31.046  60.828 0.0000000000
62795  37.733  -41.658  61.289 0.0000000000
62794  38.352  -41.372  61.647 0.0000000000
61640  38.277  -42.135  62.367 0.0000000000
89059  46.232  -18.496  46.972 0.0000000000
87910  48.191  -19.965  48.078 0.0000000000
93310  53.616  -14.247  45.850 0.0000000000
40030  9.584  -60.790  71.526 0.0000000000
40031  8.844  -61.070  71.070 0.0000000000
38896  7.693  -62.366  72.463 0.0000000000
38886  8.256  -61.927  73.096 0.0000000000
38875  8.030  -61.881  74.018 0.0000000000
38867  7.793  -61.869  74.710 0.0000000000
37654  5.668  -63.114  71.402 0.0000000000
37641  6.101  -62.976  72.617 0.0000000000
77818  42.142  -28.920  52.041 0.0000000000
77819  41.603  -29.344  51.996 0.0000000000
76808  39.725  -30.570  51.749 0.0000000000
76823  40.023  -29.846  51.095 0.0000000000
76798  41.219  -30.570  52.678 0.0000000000
75622  41.275  -31.110  53.180 0.0000000000
74343  41.546  -31.666  53.859 0.0000000000
73080  42.281  -32.451  55.767 0.0000000000
74293  41.633  -32.478  55.568 0.0000000000
75600  37.972  -31.967  53.709 0.0000000000
74320  39.038  -31.992  54.379 0.0000000000
74222  42.052  -31.623  58.513 0.0000000000
74223  41.082  -32.047  58.102 0.0000000000
72997  41.872  -32.698  59.823 0.0000000000
71970  42.942  -33.335  60.659 0.0000000000
61646  30.601  -42.635  62.119 0.0000000000
60456  31.170  -43.774  62.995 0.0000000000
56864  31.349  -47.016  62.075 0.0000000000
58067  31.365  -45.840  61.354 0.0000000000
56851  31.912  -46.935  62.808 0.0000000000
58042  32.522  -46.505  63.673 0.0000000000
58033  32.713  -45.969  64.051 0.0000000000
59242  32.740  -45.335  64.432 0.0000000000
58023  32.989  -45.795  64.875 0.0000000000
58012  33.303  -45.699  65.515 0.0000000000
56827  33.546  -46.760  65.920 0.0000000000
54496  34.486  -48.688  68.257 0.0000000000
55627  34.260  -47.737  67.674 0.0000000000
54546  28.147  -48.639  66.308 0.0000000000
54573  28.447  -48.534  65.375 0.0000000000
54520  29.081  -48.861  67.336 0.0000000000
53380  30.274  -49.912  68.492 0.0000000000
53379  30.826  -50.044  67.768 0.0000000000
52256  30.799  -50.541  68.851 0.0000000000
52200  32.030  -51.173  71.383 0.0000000000
52201  31.072  -51.282  71.247 0.0000000000
52218  32.127  -51.110  70.161 0.0000000000
52239  32.223  -50.875  68.821 0.0000000000
53304  33.394  -50.006  71.487 0.0000000000
54432  33.943  -49.262  71.519 0.0000000000
54508  20.083  -48.636  69.054 0.0000000000
55617  19.185  -48.454  69.053 0.0000000000
54510  16.988  -49.194  68.896 0.0000000000
54555  17.619  -49.580  66.359 0.0000000000
55656  17.892  -49.038  66.753 0.0000000000
53394  16.781  -50.248  67.688 0.0000000000
52242  16.324  -50.472  69.136 0.0000000000
52226  16.046  -50.922  70.442 0.0000000000
52243  16.065  -51.041  69.650 0.0000000000
48688  15.988  -53.645  69.670 0.0000000000
50013  17.113  -53.165  62.783 0.0000000000
50012  17.380  -52.551  62.518 0.0000000000
49998  17.102  -53.102  63.717 0.0000000000
47541  15.623  -54.499  62.409 0.0000000000
47527  15.276  -54.902  62.791 0.0000000000
47503  16.385  -54.622  64.839 0.0000000000
48749  16.578  -54.131  65.679 0.0000000000
48735  16.733  -53.569  65.957 0.0000000000
48736  16.506  -53.928  66.496 0.0000000000
46257  15.994  -55.708  68.661 0.0000000000
47440  16.004  -54.573  70.250 0.0000000000
46228  15.987  -55.449  70.820 0.0000000000
45041  15.779  -56.396  70.430 0.0000000000
43850  14.432  -57.836  70.478 0.0000000000
43904  13.662  -57.201  66.535 0.0000000000
43891  13.847  -57.370  67.192 0.0000000000
43878  12.594  -58.214  68.101 0.0000000000
43877  13.517  -57.807  68.123 0.0000000000
43864  13.199  -58.174  68.923 0.0000000000
43851  13.450  -58.316  69.970 0.0000000000
42605  13.180  -58.584  70.654 0.0000000000
42624  11.391  -59.126  69.257 0.0000000000
42625  10.665  -59.630  69.490 0.0000000000
41299  10.032  -59.868  69.069 0.0000000000
41285  8.875  -60.418  68.756 0.0000000000
56925  26.063  -47.025  59.421 0.0000000000
56904  26.809  -47.095  60.209 0.0000000000
55748  26.933  -47.410  61.302 0.0000000000
55769  26.160  -47.447  60.477 0.0000000000
58126  23.728  -46.583  58.106 0.0000000000
56945  24.533  -46.940  58.495 0.0000000000
56927  23.943  -47.384  59.220 0.0000000000
55727  25.654  -47.920  62.204 0.0000000000
55708  24.476  -48.302  63.031 0.0000000000
55687  23.355  -48.131  64.088 0.0000000000
54577  24.205  -48.545  65.897 0.0000000000
55711  21.530  -47.651  63.532 0.0000000000
55651  21.709  -48.415  66.191 0.0000000000
54579  22.776  -48.505  66.371 0.0000000000
54553  21.664  -48.546  67.291 0.0000000000
55628  20.239  -48.553  68.342 0.0000000000
54529  20.833  -48.602  68.165 0.0000000000
54481  20.449  -48.815  69.449 0.0000000000
47381  15.950  -54.401  75.583 0.0000000000
48614  16.101  -53.484  75.333 0.0000000000
48602  16.144  -53.607  76.186 0.0000000000
40011  9.902  -60.765  73.667 0.0000000000
40002  10.100  -60.673  74.393 0.0000000000
39980  9.541  -60.627  77.564 0.0000000000
41197  10.329  -60.355  77.204 0.0000000000
41187  10.942  -59.930  77.558 0.0000000000
41182  10.923  -59.852  78.516 0.0000000000
91137  55.929  -16.919  52.215 0.0000000000
91136  56.744  -16.973  52.079 0.0000000000
90075  57.098  -17.770  53.229 0.0000000000
87823  58.094  -20.164  54.457 0.0000000000
86747  51.842  -20.347  50.446 0.0000000000
85613  53.957  -21.690  53.087 0.0000000000
85623  53.877  -21.139  52.074 0.0000000000
85612  54.817  -20.989  52.896 0.0000000000
85601  55.488  -20.841  53.818 0.0000000000
84368  53.638  -22.793  56.615 0.0000000000
84388  54.115  -22.244  55.142 0.0000000000
84367  54.198  -22.279  57.111 0.0000000000
85568  55.544  -21.610  57.385 0.0000000000
86669  55.942  -21.246  57.170 0.0000000000
86668  56.059  -21.117  56.925 0.0000000000
85567  56.223  -21.477  57.256 0.0000000000
84365  56.676  -22.089  56.818 0.0000000000
80971  44.632  -25.615  50.129 0.0000000000
79907  45.902  -25.782  50.557 0.0000000000
79897  46.283  -26.218  51.076 0.0000000000
78837  44.898  -27.571  52.081 0.0000000000
78855  45.145  -26.955  51.588 0.0000000000
78836  46.227  -27.356  52.271 0.0000000000
78835  47.548  -27.034  52.578 0.0000000000
78834  48.167  -26.803  52.795 0.0000000000
79869  48.499  -26.661  52.921 0.0000000000
79868  49.207  -26.316  53.220 0.0000000000
78822  49.179  -27.022  53.581 0.0000000000
77786  50.723  -27.921  55.205 0.0000000000
78814  50.803  -27.338  54.786 0.0000000000
78806  51.057  -27.630  55.651 0.0000000000
79814  51.281  -27.040  56.754 0.0000000000
79796  51.039  -27.170  57.154 0.0000000000
75578  45.259  -31.528  55.261 0.0000000000
75575  47.457  -30.667  56.450 0.0000000000
76777  48.014  -30.116  56.112 0.0000000000
76745  49.166  -29.978  58.425 0.0000000000
76766  49.212  -29.273  56.774 0.0000000000
77756  49.660  -28.878  57.513 0.0000000000
77766  49.766  -28.780  56.698 0.0000000000
72022  37.622  -33.736  56.374 0.0000000000
73048  37.908  -32.920  57.103 0.0000000000
71999  38.647  -33.756  57.881 0.0000000000
68737  40.542  -36.251  58.995 0.0000000000
69846  40.199  -35.685  58.257 0.0000000000
69833  40.587  -35.708  58.972 0.0000000000
69816  41.368  -35.243  60.545 0.0000000000
69826  40.603  -34.661  59.140 0.0000000000
70884  40.709  -34.346  59.333 0.0000000000
71986  39.631  -33.660  58.898 0.0000000000
71973  40.901  -33.826  59.458 0.0000000000
70850  42.341  -35.364  62.903 0.0000000000
70849  43.020  -34.879  63.006 0.0000000000
61582  33.591  -43.500  65.481 0.0000000000
61601  33.212  -42.835  64.826 0.0000000000
60432  35.523  -43.903  64.670 0.0000000000
60454  34.976  -43.564  63.803 0.0000000000
60477  35.230  -43.612  63.118 0.0000000000
60476  35.693  -43.529  62.437 0.0000000000
60452  36.651  -43.839  63.261 0.0000000000
60406  37.980  -44.144  64.815 0.0000000000
60429  38.194  -43.302  63.698 0.0000000000
61599  38.720  -42.998  64.084 0.0000000000
61620  38.514  -42.479  63.095 0.0000000000
61580  39.131  -43.093  64.623 0.0000000000
56770  35.011  -46.028  72.515 0.0000000000
60275  36.086  -43.755  71.134 0.0000000000
60276  35.444  -43.964  70.905 0.0000000000
60293  35.909  -43.695  70.240 0.0000000000
60313  35.703  -43.710  69.383 0.0000000000
60310  38.577  -44.150  69.607 0.0000000000
60332  38.144  -44.402  68.542 0.0000000000
59161  38.584  -44.481  67.563 0.0000000000
59160  39.158  -44.369  67.351 0.0000000000
61562  40.873  -42.851  66.498 0.0000000000
61563  40.201  -43.194  65.851 0.0000000000
61578  40.552  -42.617  65.566 0.0000000000
62746  40.045  -41.919  64.395 0.0000000000
62733  40.470  -42.138  65.058 0.0000000000
62745  40.781  -41.492  64.698 0.0000000000
63806  42.094  -40.759  65.313 0.0000000000
63815  41.879  -40.210  64.581 0.0000000000
64922  42.397  -39.560  64.671 0.0000000000
64921  42.826  -39.293  65.375 0.0000000000
62713  42.566  -41.285  68.191 0.0000000000
63778  42.847  -40.493  68.629 0.0000000000
66123  43.269  -38.792  66.686 0.0000000000
67356  42.982  -37.837  65.502 0.0000000000
68646  42.905  -37.186  65.142 0.0000000000
68635  43.074  -37.043  65.800 0.0000000000
94427  52.225  -13.810  45.631 0.0000000000
90169  47.972  -17.168  45.062 0.0000000000
92271  47.424  -16.075  45.062 0.0000000000
91196  48.243  -16.559  44.803 0.0000000000
91192  51.760  -16.358  43.915 0.0000000000
92266  51.925  -15.802  44.082 0.0000000000
91200  52.793  -16.957  43.371 0.0000000000
90172  52.438  -17.608  43.712 0.0000000000
87956  53.267  -19.391  44.817 0.0000000000
89091  55.113  -19.040  44.702 0.0000000000
87954  54.740  -19.453  45.449 0.0000000000
87926  52.959  -19.354  47.033 0.0000000000
87940  52.589  -19.579  46.348 0.0000000000
87925  53.656  -19.499  47.340 0.0000000000
87923  55.583  -19.733  47.827 0.0000000000
87936  56.155  -19.645  46.992 0.0000000000
89066  56.136  -19.356  46.414 0.0000000000
87935  56.721  -19.394  47.222 0.0000000000
89049  57.169  -19.174  47.421 0.0000000000
89032  58.352  -18.693  48.341 0.0000000000
92312  56.767  -15.102  40.434 0.0000000000
93391  56.523  -14.197  40.783 0.0000000000
92311  57.613  -15.494  40.355 0.0000000000
42571  11.637  -59.503  72.174 0.0000000000
42554  11.885  -59.507  73.094 0.0000000000
41225  11.334  -59.867  73.786 0.0000000000
74157  43.221  -32.060  60.706 0.0000000000
74156  43.689  -31.974  61.225 0.0000000000
74141  44.186  -32.049  61.790 0.0000000000
55747  28.054  -47.219  61.630 0.0000000000
55724  28.741  -47.517  62.448 0.0000000000
55681  28.897  -48.059  63.895 0.0000000000
54572  29.446  -48.726  65.310 0.0000000000
54625  18.386  -49.285  62.973 0.0000000000
54614  18.263  -49.504  63.599 0.0000000000
53457  18.005  -49.878  62.652 0.0000000000
54681  19.610  -48.469  60.149 0.0000000000
54661  19.499  -48.339  61.016 0.0000000000
55753  19.743  -47.998  61.647 0.0000000000
54643  19.131  -48.541  61.635 0.0000000000
49820  16.448  -52.825  75.490 0.0000000000
89004  52.610  -18.706  51.091 0.0000000000
87864  53.288  -19.439  51.355 0.0000000000
81948  52.432  -24.511  56.961 0.0000000000
83120  52.766  -23.972  57.511 0.0000000000
81934  52.938  -24.121  58.619 0.0000000000
77803  43.845  -29.028  52.909 0.0000000000
76786  45.295  -30.334  54.150 0.0000000000
64963  40.567  -39.297  61.543 0.0000000000
56807  34.467  -46.391  68.672 0.0000000000
57986  34.139  -45.779  68.073 0.0000000000
57972  34.411  -45.764  68.860 0.0000000000
89040  48.696  -18.995  47.911 0.0000000000
89056  48.977  -18.531  47.496 0.0000000000
90151  50.416  -18.642  47.916 0.0000000000
90149  51.290  -18.539  47.850 0.0000000000
90144  51.031  -18.378  48.373 0.0000000000
90131  51.165  -18.077  49.157 0.0000000000
90180  53.910  -17.568  42.696 0.0000000000
54576  25.155  -48.560  65.719 0.0000000000
54548  26.003  -48.719  66.518 0.0000000000
45001  15.766  -56.740  73.691 0.0000000000
43797  15.519  -57.306  74.697 0.0000000000
43786  15.659  -57.110  75.692 0.0000000000
42506  13.457  -58.571  76.925 0.0000000000
43762  14.040  -58.089  77.479 0.0000000000
85672  48.790  -21.076  48.844 0.0000000000
85663  48.709  -21.682  49.124 0.0000000000
82045  47.966  -24.517  50.210 0.0000000000
82044  48.577  -24.227  50.376 0.0000000000
82033  48.912  -24.676  50.902 0.0000000000
80940  49.870  -24.729  52.449 0.0000000000
81998  50.290  -24.558  52.774 0.0000000000
80920  50.034  -25.261  53.202 0.0000000000
80903  50.270  -25.822  53.711 0.0000000000
74291  43.253  -32.222  55.524 0.0000000000
75453  45.333  -30.745  61.272 0.0000000000
86766  47.855  -20.568  48.119 0.0000000000
38911  7.821  -61.791  70.317 0.0000000000
38903  8.372  -61.591  71.266 0.0000000000
38904  7.783  -62.198  71.432 0.0000000000
76809  39.104  -30.801  51.701 0.0000000000
75643  40.064  -30.921  52.496 0.0000000000
75623  40.344  -31.355  53.142 0.0000000000
74296  38.457  -32.161  55.173 0.0000000000
74295  39.414  -32.277  55.284 0.0000000000
74247  40.035  -32.151  57.092 0.0000000000
74200  40.655  -32.378  58.557 0.0000000000
73012  40.774  -32.503  59.031 0.0000000000
55680  31.690  -48.032  63.648 0.0000000000
55700  31.944  -47.362  63.302 0.0000000000
55679  32.144  -47.820  63.941 0.0000000000
54568  32.906  -48.188  65.174 0.0000000000
55662  33.178  -47.745  65.331 0.0000000000
55650  33.536  -47.816  65.953 0.0000000000
54497  34.119  -48.694  67.446 0.0000000000
53357  34.252  -49.658  68.807 0.0000000000
54498  28.415  -48.930  67.955 0.0000000000
53381  28.960  -49.307  68.588 0.0000000000
53359  29.535  -49.897  69.643 0.0000000000
53305  32.789  -50.690  71.446 0.0000000000
55630  18.966  -48.456  68.369 0.0000000000
53405  17.132  -50.114  66.312 0.0000000000
52267  16.356  -51.428  68.156 0.0000000000
52258  16.168  -51.236  68.850 0.0000000000
48789  16.588  -53.702  62.172 0.0000000000
46295  15.717  -55.569  65.103 0.0000000000
47479  16.027  -54.814  66.940 0.0000000000
45056  14.983  -57.052  68.789 0.0000000000
43865  12.594  -58.432  68.762 0.0000000000
42639  11.476  -58.730  68.083 0.0000000000
56943  26.530  -46.494  58.531 0.0000000000
56906  23.388  -47.732  60.140 0.0000000000
56887  22.992  -47.884  60.772 0.0000000000
55729  23.712  -47.976  62.191 0.0000000000
55690  20.561  -47.909  64.598 0.0000000000
55639  20.921  -48.502  67.444 0.0000000000
39994  9.478  -60.915  75.166 0.0000000000
88972  56.732  -18.371  53.516 0.0000000000
88971  57.486  -18.571  53.739 0.0000000000
87837  57.853  -19.517  54.317 0.0000000000
86694  57.914  -20.242  54.568 0.0000000000
85593  57.428  -21.279  55.409 0.0000000000
84431  52.084  -21.962  51.158 0.0000000000
85636  52.954  -21.314  51.380 0.0000000000
85561  54.685  -22.443  58.051 0.0000000000
85569  54.783  -22.062  57.605 0.0000000000
79898  45.266  -26.443  51.052 0.0000000000
78825  46.517  -27.957  52.850 0.0000000000
78816  48.851  -27.970  53.870 0.0000000000
78815  49.538  -27.544  54.009 0.0000000000
77775  50.576  -28.190  55.724 0.0000000000
75559  46.982  -30.981  56.829 0.0000000000
75558  47.466  -30.710  57.115 0.0000000000
76756  47.835  -30.495  57.352 0.0000000000
77746  50.134  -28.398  58.259 0.0000000000
70920  38.514  -34.566  56.957 0.0000000000
70907  38.707  -34.308  57.470 0.0000000000
67414  41.604  -37.005  61.133 0.0000000000
68710  41.313  -36.149  60.232 0.0000000000
68709  41.536  -36.511  60.884 0.0000000000
68695  41.551  -35.900  61.042 0.0000000000
69808  41.591  -35.304  61.379 0.0000000000
70839  42.263  -35.696  63.388 0.0000000000
60383  34.971  -43.758  66.572 0.0000000000
60409  34.534  -43.574  65.715 0.0000000000
60408  35.257  -43.789  65.672 0.0000000000
60431  36.553  -44.210  64.537 0.0000000000
59241  37.030  -44.392  64.953 0.0000000000
59221  37.563  -44.374  65.133 0.0000000000
59220  38.133  -44.229  65.125 0.0000000000
57925  35.183  -44.975  72.604 0.0000000000
59088  35.657  -44.529  72.975 0.0000000000
59102  35.904  -44.048  72.798 0.0000000000
60262  36.206  -43.817  72.130 0.0000000000
60354  40.304  -43.631  67.424 0.0000000000
62721  41.613  -42.113  66.340 0.0000000000
62720  42.228  -41.670  66.676 0.0000000000
63795  42.768  -40.709  66.434 0.0000000000
90159  48.876  -17.905  45.243 0.0000000000
90164  51.925  -17.907  44.031 0.0000000000
89094  52.328  -18.464  44.141 0.0000000000
87957  52.481  -19.177  44.664 0.0000000000
89035  54.119  -18.793  48.753 0.0000000000
87907  55.023  -19.538  48.720 0.0000000000
87893  55.558  -19.327  49.187 0.0000000000
87905  56.505  -19.227  48.621 0.0000000000
89033  57.557  -18.867  48.260 0.0000000000
89017  56.738  -18.825  49.137 0.0000000000
91216  57.752  -16.241  40.841 0.0000000000
91215  58.458  -16.728  40.979 0.0000000000
90197  58.814  -17.195  41.027 0.0000000000
89088  58.283  -18.484  44.080 0.0000000000
87944  59.005  -19.013  44.944 0.0000000000
54526  22.944  -48.730  67.724 0.0000000000
54453  22.713  -49.248  70.318 0.0000000000
43812  14.052  -58.308  73.045 0.0000000000
42536  13.423  -58.735  74.802 0.0000000000
42507  12.685  -59.013  76.601 0.0000000000
42490  12.307  -59.030  78.198 0.0000000000
83227  46.919  -23.355  49.447 0.0000000000
80980  47.114  -24.458  49.903 0.0000000000
80968  47.496  -24.890  50.246 0.0000000000
80960  47.452  -25.572  50.831 0.0000000000
75524  43.415  -31.239  59.012 0.0000000000
75454  44.515  -30.931  61.275 0.0000000000
75455  43.919  -31.324  61.269 0.0000000000
37632  4.488  -62.888  73.364 0.0000000000
74249  38.334  -32.255  56.791 0.0000000000
56882  30.776  -46.876  61.334 0.0000000000
55721  31.129  -47.451  62.268 0.0000000000
55723  29.756  -47.638  62.379 0.0000000000
55702  30.455  -47.957  62.993 0.0000000000
54611  31.063  -48.350  63.499 0.0000000000
54592  31.678  -48.429  64.103 0.0000000000
53413  32.005  -49.251  65.437 0.0000000000
53403  31.798  -49.685  66.163 0.0000000000
55673  18.728  -48.862  65.795 0.0000000000
54581  17.973  -49.671  65.385 0.0000000000
53424  17.479  -50.778  65.198 0.0000000000
51129  16.974  -52.168  65.560 0.0000000000
45092  14.414  -56.755  66.220 0.0000000000
45104  14.056  -56.710  65.601 0.0000000000
45093  13.673  -56.971  66.038 0.0000000000
58068  21.291  -47.570  60.360 0.0000000000
56867  21.430  -47.386  61.785 0.0000000000
56852  21.752  -47.598  62.314 0.0000000000
56854  20.888  -47.380  62.931 0.0000000000
56855  20.483  -47.517  63.136 0.0000000000
55731  19.752  -47.880  62.453 0.0000000000
55713  19.978  -47.796  63.414 0.0000000000
91156  55.696  -17.167  51.076 0.0000000000
91157  54.964  -17.136  51.050 0.0000000000
91149  54.524  -17.189  51.634 0.0000000000
90084  54.726  -17.597  52.305 0.0000000000
90085  54.182  -17.844  52.105 0.0000000000
88979  55.198  -18.288  52.696 0.0000000000
88978  55.950  -18.297  53.205 0.0000000000
87846  56.412  -19.206  53.623 0.0000000000
86706  56.374  -20.246  54.426 0.0000000000
84390  52.802  -23.226  53.923 0.0000000000
84389  53.451  -22.743  54.275 0.0000000000
83151  53.160  -23.301  55.079 0.0000000000
84357  53.692  -22.889  57.537 0.0000000000
84349  53.868  -22.985  58.170 0.0000000000
78857  43.128  -27.044  51.265 0.0000000000
77815  45.542  -28.122  52.695 0.0000000000
74193  48.011  -31.515  59.791 0.0000000000
74216  47.917  -31.544  59.066 0.0000000000
69856  39.624  -35.804  57.380 0.0000000000
68738  40.268  -36.644  58.609 0.0000000000
68724  40.570  -36.717  59.201 0.0000000000
67431  40.880  -37.090  59.809 0.0000000000
67415  41.374  -37.072  60.574 0.0000000000
60411  33.035  -44.016  65.406 0.0000000000
61584  32.583  -43.256  64.778 0.0000000000
60384  34.262  -43.758  66.436 0.0000000000
60360  34.315  -44.437  67.211 0.0000000000
60357  35.931  -43.769  67.698 0.0000000000
90161  47.484  -17.453  45.631 0.0000000000
90160  48.252  -17.735  45.418 0.0000000000
89084  48.677  -18.286  45.895 0.0000000000
89083  49.505  -18.411  45.537 0.0000000000
89082  50.460  -18.744  45.369 0.0000000000
87941  52.025  -19.460  45.921 0.0000000000
89052  53.052  -18.916  47.661 0.0000000000
89037  52.593  -18.395  48.063 0.0000000000
89036  53.307  -18.439  48.343 0.0000000000
90141  53.531  -17.960  48.964 0.0000000000
90128  54.170  -17.929  49.681 0.0000000000
93392  56.015  -14.576  40.946 0.0000000000
91218  56.276  -15.542  40.851 0.0000000000
93381  55.157  -15.072  41.736 0.0000000000
92297  55.605  -15.541  41.204 0.0000000000
91210  57.057  -16.555  41.288 0.0000000000
90184  57.909  -17.261  41.774 0.0000000000
90175  58.041  -17.676  42.096 0.0000000000
90176  57.546  -17.525  42.284 0.0000000000
89111  57.192  -17.776  42.938 0.0000000000
89102  56.789  -18.069  43.728 0.0000000000
89090  56.338  -18.488  44.668 0.0000000000
54596  27.921  -48.320  64.629 0.0000000000
53361  27.528  -49.529  69.400 0.0000000000
54502  24.533  -49.076  68.470 0.0000000000
54476  25.200  -49.361  69.128 0.0000000000
53363  25.763  -49.526  69.598 0.0000000000
53336  25.866  -49.697  70.415 0.0000000000
52354  17.951  -50.296  60.806 0.0000000000
47412  16.038  -54.547  72.302 0.0000000000
48637  16.002  -53.738  73.933 0.0000000000
47402  16.089  -54.766  73.382 0.0000000000
47392  16.008  -54.635  74.514 0.0000000000
46157  15.878  -55.402  76.281 0.0000000000
43787  15.001  -57.765  75.522 0.0000000000
43761  14.660  -57.489  78.003 0.0000000000
44969  15.205  -56.845  77.648 0.0000000000
87896  50.226  -19.624  49.235 0.0000000000
86756  50.522  -20.356  49.630 0.0000000000
85660  50.854  -20.982  49.892 0.0000000000
85651  51.425  -21.216  50.324 0.0000000000
85652  50.770  -21.625  50.133 0.0000000000
84451  51.734  -21.665  50.710 0.0000000000
84432  51.659  -22.618  51.522 0.0000000000
84412  51.732  -22.889  52.032 0.0000000000
83224  49.176  -23.042  50.132 0.0000000000
82043  49.214  -23.882  50.581 0.0000000000
83209  49.655  -23.335  50.541 0.0000000000
83192  50.631  -23.495  51.534 0.0000000000
83173  51.531  -23.357  52.515 0.0000000000
83172  52.121  -23.135  53.013 0.0000000000
83160  52.257  -23.522  53.617 0.0000000000
81976  52.163  -24.613  54.856 0.0000000000
81986  51.412  -24.762  54.056 0.0000000000
80884  52.178  -24.999  55.445 0.0000000000
81962  52.248  -25.026  56.435 0.0000000000
80853  51.811  -25.802  57.177 0.0000000000
75620  43.431  -30.649  53.832 0.0000000000
75619  44.181  -30.701  54.095 0.0000000000
74289  45.314  -31.867  56.044 0.0000000000
74288  46.056  -31.679  56.304 0.0000000000
74240  46.618  -31.623  57.932 0.0000000000
74196  45.679  -31.734  59.305 0.0000000000
74195  46.430  -31.782  59.358 0.0000000000
74194  47.203  -31.695  59.666 0.0000000000
63842  38.393  -40.692  60.895 0.0000000000
63833  38.730  -41.054  61.732 0.0000000000
62778  39.360  -41.334  62.695 0.0000000000
55574  35.384  -46.970  73.109 0.0000000000
87927  48.258  -19.388  47.878 0.0000000000
92264  53.730  -15.193  44.556 0.0000000000
92253  53.593  -15.018  45.045 0.0000000000
41253  9.955  -60.502  70.903 0.0000000000
40029  10.016  -60.615  72.190 0.0000000000
40021  9.484  -60.973  72.432 0.0000000000
40012  9.421  -61.077  73.283 0.0000000000
40013  8.917  -61.474  72.757 0.0000000000
39995  8.519  -61.513  74.838 0.0000000000
39988  7.886  -61.646  75.712 0.0000000000
37653  6.907  -62.815  71.677 0.0000000000
37640  6.991  -62.728  72.947 0.0000000000
37621  7.019  -62.473  74.108 0.0000000000
38868  7.226  -61.908  75.222 0.0000000000
38860  6.941  -61.810  76.286 0.0000000000
77835  42.154  -28.251  51.565 0.0000000000
76805  42.705  -29.175  52.456 0.0000000000
75599  42.961  -31.314  54.205 0.0000000000
74317  42.207  -31.920  54.471 0.0000000000
73079  42.697  -32.365  55.651 0.0000000000
73062  42.698  -32.461  56.072 0.0000000000
74267  42.389  -32.446  56.765 0.0000000000
74346  39.010  -31.805  53.699 0.0000000000
74294  40.424  -32.434  55.396 0.0000000000
74268  41.616  -32.467  56.538 0.0000000000
75505  42.239  -31.203  59.059 0.0000000000
74197  42.553  -31.442  59.915 0.0000000000
74199  41.182  -31.961  58.868 0.0000000000
74178  42.318  -31.931  60.051 0.0000000000
72987  43.351  -32.716  60.876 0.0000000000
71946  43.730  -33.977  61.890 0.0000000000
62784  30.754  -41.604  62.637 0.0000000000
61604  31.543  -43.070  63.784 0.0000000000
60434  31.798  -43.757  63.897 0.0000000000
58081  30.940  -45.462  60.441 0.0000000000
59274  31.474  -44.866  62.208 0.0000000000
56850  32.299  -46.969  63.461 0.0000000000
58043  32.315  -46.095  63.091 0.0000000000
59257  31.919  -45.120  63.105 0.0000000000
60455  31.741  -44.396  63.390 0.0000000000
59224  32.313  -44.270  64.357 0.0000000000
58011  33.610  -45.817  66.329 0.0000000000
56815  34.245  -46.762  68.037 0.0000000000
56814  34.688  -47.072  68.839 0.0000000000
55604  34.872  -47.629  70.491 0.0000000000
54519  29.671  -48.983  66.757 0.0000000000
54544  29.998  -49.115  66.162 0.0000000000
53404  30.871  -49.585  66.223 0.0000000000
53391  31.439  -50.071  67.172 0.0000000000
52264  32.057  -50.374  67.329 0.0000000000
52220  29.818  -50.263  70.488 0.0000000000
52219  30.768  -50.948  70.311 0.0000000000
52253  33.042  -50.358  67.798 0.0000000000
53358  33.605  -50.356  68.833 0.0000000000
53329  34.355  -49.500  69.675 0.0000000000
54449  34.479  -48.984  70.407 0.0000000000
54431  34.579  -48.420  71.458 0.0000000000
55618  18.557  -48.454  68.989 0.0000000000
53344  16.750  -49.796  70.392 0.0000000000
54556  17.087  -49.788  67.047 0.0000000000
54531  17.064  -49.493  67.953 0.0000000000
53366  16.645  -49.779  69.473 0.0000000000
53345  16.356  -50.360  70.669 0.0000000000
51023  15.905  -51.655  70.878 0.0000000000
51052  16.003  -51.851  69.393 0.0000000000
49873  15.888  -52.594  71.320 0.0000000000
48666  15.961  -53.581  71.826 0.0000000000
51198  17.645  -51.448  61.875 0.0000000000
50023  17.423  -52.221  61.864 0.0000000000
51185  17.651  -51.791  62.819 0.0000000000
51172  17.358  -52.271  64.247 0.0000000000
51151  17.140  -52.341  64.957 0.0000000000
49973  16.950  -52.773  65.258 0.0000000000
48775  16.155  -54.200  62.486 0.0000000000
47525  16.426  -54.234  63.724 0.0000000000
47514  16.174  -54.711  63.904 0.0000000000
47513  16.475  -54.280  64.255 0.0000000000
48761  16.740  -53.735  64.176 0.0000000000
48748  16.783  -53.599  65.149 0.0000000000
49952  16.858  -52.847  66.020 0.0000000000
49935  16.614  -52.904  66.966 0.0000000000
48701  16.228  -53.773  68.614 0.0000000000
46213  15.987  -55.402  71.802 0.0000000000
43890  14.462  -57.157  67.586 0.0000000000
43825  13.878  -58.324  71.991 0.0000000000
42587  13.003  -58.757  71.457 0.0000000000
42588  11.988  -59.153  71.350 0.0000000000
41267  10.484  -60.089  70.596 0.0000000000
41283  10.184  -59.995  69.812 0.0000000000
41268  9.816  -60.429  70.205 0.0000000000
40045  9.229  -60.715  69.954 0.0000000000
40047  7.978  -61.101  68.916 0.0000000000
40038  8.152  -61.284  69.602 0.0000000000
38919  7.550  -61.569  69.187 0.0000000000
56942  27.506  -46.120  58.484 0.0000000000
56903  27.827  -46.693  60.144 0.0000000000
56926  25.037  -47.270  59.147 0.0000000000
55790  25.536  -47.455  59.862 0.0000000000
55771  24.330  -47.741  60.354 0.0000000000
55770  25.256  -47.653  60.520 0.0000000000
55749  25.919  -47.684  61.343 0.0000000000
55706  26.402  -48.130  63.071 0.0000000000
55684  26.169  -48.307  63.840 0.0000000000
55665  26.116  -48.390  64.608 0.0000000000
55666  25.228  -48.420  64.778 0.0000000000
55686  24.348  -48.327  63.967 0.0000000000
55688  22.383  -47.967  64.342 0.0000000000
54551  23.219  -48.593  66.922 0.0000000000
54505  21.769  -48.787  68.537 0.0000000000
54528  21.243  -48.588  67.777 0.0000000000
54506  21.128  -48.700  68.474 0.0000000000
54480  21.275  -48.848  69.254 0.0000000000
41226  10.562  -60.341  73.523 0.0000000000
41206  10.992  -60.122  75.400 0.0000000000
39985  10.581  -60.424  75.864 0.0000000000
41186  11.671  -59.718  77.089 0.0000000000
41181  11.634  -59.517  77.973 0.0000000000
91146  56.911  -17.116  51.608 0.0000000000
90081  57.477  -17.435  52.360 0.0000000000
87878  52.728  -19.667  51.089 0.0000000000
86732  53.818  -20.208  51.596 0.0000000000
85635  53.499  -20.776  51.505 0.0000000000
86724  54.270  -20.438  51.994 0.0000000000
86731  54.313  -19.924  51.864 0.0000000000
86715  55.285  -20.337  52.831 0.0000000000
85579  54.922  -21.602  56.733 0.0000000000
86697  56.112  -20.752  55.723 0.0000000000
85576  56.875  -21.294  56.228 0.0000000000
80961  46.898  -25.859  50.891 0.0000000000
79895  47.968  -25.720  51.398 0.0000000000
79886  46.344  -26.728  51.698 0.0000000000
79867  49.915  -25.969  53.545 0.0000000000
79852  50.185  -26.485  53.966 0.0000000000
78813  51.311  -26.820  55.119 0.0000000000
79813  51.613  -26.565  56.432 0.0000000000
76787  44.648  -30.538  54.094 0.0000000000
75595  46.794  -30.705  55.168 0.0000000000
76784  47.860  -29.831  55.021 0.0000000000
75540  48.134  -30.642  58.195 0.0000000000
76755  48.311  -30.195  57.673 0.0000000000
76767  48.548  -29.808  56.809 0.0000000000
77765  50.377  -28.286  56.572 0.0000000000
78787  50.714  -27.656  57.314 0.0000000000
79781  50.932  -27.027  57.741 0.0000000000
79780  51.276  -26.542  58.419 0.0000000000
80824  51.741  -25.829  58.812 0.0000000000
74273  37.372  -32.884  55.348 0.0000000000
73047  38.491  -32.443  57.342 0.0000000000
73030  38.873  -32.806  58.054 0.0000000000
70918  39.681  -35.063  57.803 0.0000000000
70906  39.227  -34.380  57.984 0.0000000000
69834  40.443  -35.000  58.856 0.0000000000
70894  39.538  -34.168  58.585 0.0000000000
71998  39.099  -33.688  58.436 0.0000000000
73014  39.341  -33.238  58.623 0.0000000000
73013  39.973  -32.850  58.870 0.0000000000
70873  41.730  -34.627  60.927 0.0000000000
70872  42.148  -34.404  61.136 0.0000000000
71959  42.632  -34.073  61.011 0.0000000000
71947  43.143  -34.288  61.578 0.0000000000
70860  43.372  -34.496  62.261 0.0000000000
61602  32.628  -42.670  64.454 0.0000000000
61623  33.303  -42.543  64.079 0.0000000000
61622  34.238  -42.993  63.934 0.0000000000
60474  37.288  -43.113  62.216 0.0000000000
61621  37.959  -42.864  62.803 0.0000000000
62764  39.073  -41.789  63.001 0.0000000000
62763  39.680  -41.548  63.420 0.0000000000
57956  34.861  -45.433  70.562 0.0000000000
59133  34.967  -44.438  70.556 0.0000000000
59119  35.213  -44.424  71.630 0.0000000000
60314  35.050  -43.986  69.408 0.0000000000
60334  36.191  -43.780  68.540 0.0000000000
60356  36.535  -43.956  67.807 0.0000000000
60274  36.956  -43.651  71.398 0.0000000000
60290  38.723  -43.716  70.678 0.0000000000
60291  37.727  -43.869  70.561 0.0000000000
60333  37.073  -44.159  68.407 0.0000000000
59181  37.082  -44.351  67.223 0.0000000000
59180  38.017  -44.611  66.839 0.0000000000
59200  38.327  -44.424  65.738 0.0000000000
60381  38.828  -44.108  65.564 0.0000000000
60355  39.616  -44.099  66.973 0.0000000000
60380  39.434  -43.842  65.773 0.0000000000
60404  39.248  -43.404  65.076 0.0000000000
64938  41.331  -39.816  63.387 0.0000000000
63807  41.337  -41.193  64.944 0.0000000000
64937  42.005  -39.058  63.686 0.0000000000
66161  42.351  -38.199  63.602 0.0000000000
64885  43.243  -39.728  68.102 0.0000000000
64895  43.257  -39.730  67.066 0.0000000000
64907  42.964  -39.641  66.062 0.0000000000
66148  42.824  -38.609  65.037 0.0000000000
67367  42.544  -37.603  64.029 0.0000000000
68657  42.329  -36.799  63.859 0.0000000000
69783  42.509  -36.213  64.347 0.0000000000
70822  42.855  -35.832  64.631 0.0000000000
92254  53.060  -14.990  44.809 0.0000000000
92276  53.043  -16.202  43.550 0.0000000000
89106  52.936  -18.199  43.691 0.0000000000
89105  53.709  -18.405  43.348 0.0000000000
89079  55.907  -19.072  45.750 0.0000000000
87948  53.360  -19.753  45.654 0.0000000000
87947  54.206  -19.795  45.906 0.0000000000
87938  54.356  -19.818  46.787 0.0000000000
87946  55.063  -19.584  46.097 0.0000000000
37629  7.024  -62.570  73.786 0.0000000000
38876  7.260  -62.249  74.302 0.0000000000
38910  8.423  -61.376  70.730 0.0000000000
41194  12.318  -59.424  76.228 0.0000000000
41215  10.797  -60.203  74.517 0.0000000000
42638  12.165  -58.483  68.397 0.0000000000
45002  15.376  -57.343  73.459 0.0000000000
45080  14.679  -56.854  67.107 0.0000000000
46322  15.650  -54.993  63.450 0.0000000000
47542  14.884  -54.495  62.110 0.0000000000
51171  17.611  -51.841  63.694 0.0000000000
52238  33.038  -50.563  68.335 0.0000000000
52254  32.404  -50.522  67.796 0.0000000000
52255  31.362  -50.533  68.195 0.0000000000
52353  18.226  -49.893  60.769 0.0000000000
53376  34.238  -49.286  67.990 0.0000000000
53378  32.940  -50.246  67.506 0.0000000000
53401  32.913  -49.030  65.877 0.0000000000
53412  32.319  -49.060  65.425 0.0000000000
54591  32.100  -48.318  64.328 0.0000000000
54610  31.472  -48.137  63.561 0.0000000000
54642  19.443  -48.263  61.429 0.0000000000
55616  19.511  -48.526  69.056 0.0000000000
55663  32.799  -47.727  64.714 0.0000000000
55722  30.649  -47.599  62.250 0.0000000000
55744  30.620  -47.306  61.778 0.0000000000
55754  19.474  -48.112  62.096 0.0000000000
55768  26.698  -47.308  60.693 0.0000000000
56828  33.253  -46.252  65.326 0.0000000000
56834  33.365  -47.283  65.542 0.0000000000
56865  30.923  -47.266  61.925 0.0000000000
56881  31.145  -46.814  61.705 0.0000000000
56886  26.963  -47.216  60.770 0.0000000000
56905  26.245  -47.270  59.996 0.0000000000
58053  31.754  -46.250  62.182 0.0000000000
58066  31.309  -46.571  61.706 0.0000000000
58069  21.045  -47.580  60.269 0.0000000000
58084  21.193  -47.475  59.698 0.0000000000
59073  35.907  -44.756  73.366 0.0000000000
59147  34.455  -45.139  68.953 0.0000000000
59199  38.917  -44.276  65.895 0.0000000000
59240  37.180  -44.286  64.697 0.0000000000
59243  32.284  -44.879  63.969 0.0000000000
59258  31.570  -44.527  62.935 0.0000000000
59273  31.898  -45.574  62.490 0.0000000000
60263  35.628  -44.006  71.648 0.0000000000
61523  40.192  -43.125  70.080 0.0000000000
61564  34.141  -43.622  66.111 0.0000000000
61565  33.918  -43.681  66.034 0.0000000000
61583  32.998  -43.264  65.167 0.0000000000
61619  39.121  -42.044  63.403 0.0000000000
61624  32.926  -42.534  64.357 0.0000000000
61625  31.583  -42.276  63.655 0.0000000000
61626  31.175  -42.618  63.392 0.0000000000
62747  32.506  -42.418  64.177 0.0000000000
62780  38.159  -41.870  61.949 0.0000000000
63796  42.330  -41.233  66.044 0.0000000000
64908  42.644  -39.932  65.403 0.0000000000
68656  42.698  -36.968  64.528 0.0000000000
69807  41.852  -35.455  62.161 0.0000000000
70859  43.888  -34.171  62.373 0.0000000000
71957  43.978  -33.356  61.763 0.0000000000
71960  42.046  -34.108  60.684 0.0000000000
72999  40.498  -33.384  59.252 0.0000000000
73064  41.830  -32.519  56.053 0.0000000000
73081  41.984  -32.510  55.872 0.0000000000
74221  43.068  -31.643  58.365 0.0000000000
74347  38.594  -31.879  53.904 0.0000000000
75526  42.264  -31.296  58.815 0.0000000000
77834  42.753  -27.756  51.614 0.0000000000
78795  51.333  -27.231  56.200 0.0000000000
80864  52.219  -25.211  55.837 0.0000000000
82013  49.711  -24.597  51.961 0.0000000000
83085  53.891  -23.673  58.865 0.0000000000
83132  53.188  -23.344  56.166 0.0000000000
83191  51.272  -23.163  51.821 0.0000000000
83210  49.034  -23.554  50.307 0.0000000000
84348  54.475  -22.919  58.453 0.0000000000
84380  54.147  -22.172  56.134 0.0000000000
84410  53.380  -21.878  52.510 0.0000000000
85566  56.554  -21.705  57.027 0.0000000000
85577  56.530  -21.359  56.768 0.0000000000
85578  55.431  -21.336  56.934 0.0000000000
85592  57.898  -20.807  54.832 0.0000000000
85611  55.396  -20.591  53.189 0.0000000000
86678  55.814  -21.096  56.745 0.0000000000
86698  55.398  -21.151  56.118 0.0000000000
86704  58.161  -20.488  54.269 0.0000000000
86722  55.353  -19.761  52.700 0.0000000000
86723  54.814  -20.132  52.287 0.0000000000
86746  52.532  -20.400  50.886 0.0000000000
87824  57.783  -19.970  54.544 0.0000000000
87825  57.530  -19.944  54.692 0.0000000000
87836  58.137  -19.811  54.081 0.0000000000
87839  56.868  -19.502  54.225 0.0000000000
87854  54.943  -19.144  52.392 0.0000000000
87891  56.498  -19.086  48.948 0.0000000000
87892  56.201  -19.207  49.064 0.0000000000
87906  55.931  -19.513  48.568 0.0000000000
87921  56.823  -19.317  47.463 0.0000000000
87945  55.711  -19.524  46.430 0.0000000000
89034  56.940  -19.143  48.166 0.0000000000
89050  56.901  -19.237  47.777 0.0000000000
89095  51.576  -18.410  44.353 0.0000000000
90082  56.530  -17.232  52.735 0.0000000000
90083  55.611  -17.446  52.801 0.0000000000
90097  54.227  -17.456  51.986 0.0000000000
90098  53.775  -17.625  51.610 0.0000000000
90145  50.539  -18.633  48.182 0.0000000000
90150  50.701  -18.604  47.894 0.0000000000
90173  51.905  -17.385  43.901 0.0000000000
91135  57.167  -17.156  51.875 0.0000000000
91138  55.177  -17.091  52.175 0.0000000000
91147  56.287  -17.008  51.478 0.0000000000
91158  54.245  -17.154  50.991 0.0000000000
91197  47.514  -16.551  45.092 0.0000000000
91208  58.174  -17.072  41.425 0.0000000000
92313  56.027  -14.919  40.772 0.0000000000
