#!ascii label  , from subject 3459 vox2ras=TkReg
930
128467  39.338  22.094  40.471 0.0000000000
129961  43.765  24.837  39.833 0.0000000000
121818  46.495  14.606  34.709 0.0000000000
126914  35.130  19.974  40.864 0.0000000000
124574  37.215  17.661  37.481 0.0000000000
132974  43.036  28.491  39.389 0.0000000000
130748  40.926  25.533  43.875 0.0000000000
133603  42.924  29.893  45.571 0.0000000000
121776  41.420  14.942  38.994 0.0000000000
119970  38.949  12.426  35.175 0.0000000000
129244  42.898  23.680  35.878 0.0000000000
124560  42.442  17.556  38.107 0.0000000000
126173  45.915  19.063  39.059 0.0000000000
121727  48.222  15.268  41.525 0.0000000000
135595  45.071  32.496  47.586 0.0000000000
132950  46.560  28.822  41.560 0.0000000000
123729  39.497  15.860  33.607 0.0000000000
127700  37.678  21.580  41.173 0.0000000000
125405  35.892  18.697  39.655 0.0000000000
126149  37.668  19.697  39.952 0.0000000000
130807  40.342  25.349  38.626 0.0000000000
129201  38.104  23.655  41.167 0.0000000000
132906  39.648  28.126  45.783 0.0000000000
120796  39.328  13.489  41.497 0.0000000000
119010  39.495  11.507  38.980 0.0000000000
117258  40.162  9.911  40.844 0.0000000000
138189  45.365  36.290  45.554 0.0000000000
129993  44.954  24.713  36.801 0.0000000000
127722  44.977  21.475  37.245 0.0000000000
128479  45.346  22.097  38.171 0.0000000000
126886  47.486  20.387  44.002 0.0000000000
125384  47.087  18.046  42.005 0.0000000000
124514  47.512  17.463  44.188 0.0000000000
122666  45.784  15.773  43.483 0.0000000000
132257  43.752  27.314  42.448 0.0000000000
132912  45.713  28.712  44.011 0.0000000000
131554  44.981  26.382  40.218 0.0000000000
132314  45.457  27.202  37.595 0.0000000000
123698  44.374  16.585  35.461 0.0000000000
124592  40.456  17.602  35.356 0.0000000000
123743  42.694  16.181  32.921 0.0000000000
122718  36.019  15.596  39.442 0.0000000000
121794  37.230  15.037  37.170 0.0000000000
134297  45.271  30.601  41.444 0.0000000000
133648  41.352  29.648  41.036 0.0000000000
129944  42.570  24.875  41.892 0.0000000000
127697  44.199  21.924  40.078 0.0000000000
134227  40.333  30.358  50.016 0.0000000000
133529  43.203  29.878  50.610 0.0000000000
132233  41.357  27.748  43.901 0.0000000000
121789  44.384  14.147  36.946 0.0000000000
121835  42.851  14.049  34.093 0.0000000000
121808  41.043  14.115  36.832 0.0000000000
117300  39.599  10.055  37.184 0.0000000000
128484  41.214  22.781  38.415 0.0000000000
126922  40.827  20.274  39.752 0.0000000000
126932  43.017  20.424  38.720 0.0000000000
124558  44.527  17.719  38.519 0.0000000000
123686  46.525  16.285  36.531 0.0000000000
126908  45.939  20.790  40.027 0.0000000000
124554  47.205  17.251  39.497 0.0000000000
121786  48.076  13.985  37.633 0.0000000000
122714  45.265  14.665  39.646 0.0000000000
122695  42.763  15.723  41.900 0.0000000000
136843  43.873  34.478  45.845 0.0000000000
136212  45.994  33.184  45.849 0.0000000000
134260  46.898  30.082  45.521 0.0000000000
134283  46.621  30.442  42.604 0.0000000000
133671  45.239  29.133  39.513 0.0000000000
131606  43.139  26.715  37.018 0.0000000000
125426  39.325  18.348  37.090 0.0000000000
123700  38.283  16.755  35.562 0.0000000000
120865  37.388  13.897  34.495 0.0000000000
121863  39.889  14.034  32.332 0.0000000000
127699  38.678  21.466  40.804 0.0000000000
126911  37.104  20.293  40.375 0.0000000000
126909  39.109  20.679  40.543 0.0000000000
129217  39.899  23.739  39.527 0.0000000000
129973  39.256  24.349  39.945 0.0000000000
129210  39.369  23.101  40.304 0.0000000000
128469  37.946  22.239  41.279 0.0000000000
119915  39.163  12.394  41.944 0.0000000000
118999  39.140  11.343  40.732 0.0000000000
117226  39.432  9.656  41.981 0.0000000000
119945  35.175  12.206  37.282 0.0000000000
129980  44.508  24.423  38.180 0.0000000000
128488  45.084  23.256  37.149 0.0000000000
128474  44.396  23.097  38.886 0.0000000000
126880  47.538  20.781  44.905 0.0000000000
126129  47.269  19.173  43.617 0.0000000000
130765  43.752  25.743  41.309 0.0000000000
131522  44.665  26.819  41.774 0.0000000000
130775  44.291  25.756  40.259 0.0000000000
130804  45.041  25.900  38.284 0.0000000000
123706  45.775  15.998  34.992 0.0000000000
123724  43.682  16.365  33.757 0.0000000000
121845  44.460  14.904  33.059 0.0000000000
125386  34.299  19.221  41.633 0.0000000000
124542  35.152  18.215  40.988 0.0000000000
125404  36.412  18.138  39.001 0.0000000000
124549  36.433  17.260  39.094 0.0000000000
123664  36.599  16.340  38.767 0.0000000000
122739  36.822  15.417  38.069 0.0000000000
122738  37.330  15.948  37.402 0.0000000000
133661  43.459  29.459  40.298 0.0000000000
134314  42.868  29.835  40.875 0.0000000000
133663  41.736  29.099  40.446 0.0000000000
127690  35.873  21.640  41.838 0.0000000000
126902  34.335  20.074  41.684 0.0000000000
129945  41.853  24.464  42.452 0.0000000000
128450  41.860  23.285  42.460 0.0000000000
129184  41.377  23.789  43.082 0.0000000000
131496  40.715  26.513  44.323 0.0000000000
132915  40.859  28.218  44.598 0.0000000000
131495  41.106  27.052  44.001 0.0000000000
131525  41.985  26.344  42.796 0.0000000000
121775  43.033  14.681  37.903 0.0000000000
121806  42.631  14.403  36.293 0.0000000000
121792  41.366  14.626  37.701 0.0000000000
118136  40.171  10.232  39.526 0.0000000000
119016  39.345  11.437  38.098 0.0000000000
117286  40.724  9.543  38.712 0.0000000000
129232  41.984  23.735  37.023 0.0000000000
128483  42.081  22.355  37.826 0.0000000000
128490  42.927  22.356  36.800 0.0000000000
126930  44.908  20.385  38.156 0.0000000000
126175  44.520  19.630  38.627 0.0000000000
125411  44.955  18.660  38.800 0.0000000000
124568  45.221  17.083  37.954 0.0000000000
124556  46.115  17.792  38.783 0.0000000000
127685  44.978  21.199  41.444 0.0000000000
127696  44.920  21.434  40.371 0.0000000000
127694  46.295  20.800  41.270 0.0000000000
124533  47.718  17.177  41.965 0.0000000000
125390  46.724  18.291  40.994 0.0000000000
123643  48.137  16.034  40.401 0.0000000000
123661  48.201  15.939  38.774 0.0000000000
121752  48.070  15.074  39.728 0.0000000000
121754  46.983  14.192  39.232 0.0000000000
122702  47.037  14.777  40.785 0.0000000000
122667  44.437  15.649  43.864 0.0000000000
122681  44.905  15.866  42.677 0.0000000000
136215  44.273  33.243  46.701 0.0000000000
136833  44.800  34.430  46.142 0.0000000000
135604  45.467  32.660  46.985 0.0000000000
134249  43.262  29.763  48.428 0.0000000000
133538  44.294  29.965  49.670 0.0000000000
133570  44.736  29.764  47.172 0.0000000000
132926  46.039  28.454  43.400 0.0000000000
133600  45.998  28.931  45.171 0.0000000000
132924  47.094  29.130  44.359 0.0000000000
134269  46.881  30.526  44.626 0.0000000000
133637  46.588  29.573  42.130 0.0000000000
134310  46.151  30.094  41.109 0.0000000000
132958  46.449  28.935  40.605 0.0000000000
130835  43.839  25.550  35.923 0.0000000000
132316  44.063  27.293  36.942 0.0000000000
130837  42.411  24.993  36.418 0.0000000000
129994  41.907  24.614  37.036 0.0000000000
125401  41.037  18.490  39.216 0.0000000000
125402  39.972  18.430  39.032 0.0000000000
125415  40.680  17.860  38.245 0.0000000000
124621  40.472  16.732  33.834 0.0000000000
124593  39.701  17.474  35.134 0.0000000000
123699  38.658  16.467  34.918 0.0000000000
122758  37.931  15.681  35.703 0.0000000000
121837  38.449  14.802  34.035 0.0000000000
120886  41.155  13.920  34.112 0.0000000000
120896  41.039  13.993  33.124 0.0000000000
120888  39.534  13.230  33.449 0.0000000000
127702  35.980  20.738  41.045 0.0000000000
126151  35.446  19.392  40.251 0.0000000000
126926  35.949  19.847  39.811 0.0000000000
126166  37.148  19.431  39.234 0.0000000000
126180  36.967  19.029  38.567 0.0000000000
132300  41.250  26.880  38.663 0.0000000000
127689  36.961  21.908  41.523 0.0000000000
121744  40.339  14.605  40.595 0.0000000000
121778  40.110  13.838  38.648 0.0000000000
120810  39.256  13.232  39.737 0.0000000000
119004  39.415  11.455  39.851 0.0000000000
130013  44.273  24.277  35.750 0.0000000000
128500  43.875  22.470  36.187 0.0000000000
129229  44.928  23.035  36.586 0.0000000000
127721  45.310  21.598  37.709 0.0000000000
126929  45.461  20.707  38.307 0.0000000000
127671  46.684  21.289  43.145 0.0000000000
126898  46.933  20.232  41.773 0.0000000000
126893  47.154  20.172  43.016 0.0000000000
125377  47.268  18.148  43.012 0.0000000000
123624  47.852  16.256  42.879 0.0000000000
121707  47.543  15.050  42.260 0.0000000000
122649  47.339  15.841  43.464 0.0000000000
122639  46.257  15.914  44.962 0.0000000000
121693  44.779  15.291  45.381 0.0000000000
134942  43.842  32.252  48.590 0.0000000000
133629  43.550  29.274  44.126 0.0000000000
133617  44.136  29.449  44.544 0.0000000000
132244  44.461  27.951  42.800 0.0000000000
132243  45.400  27.950  42.746 0.0000000000
132265  45.910  27.349  41.272 0.0000000000
132281  46.051  27.928  39.284 0.0000000000
131587  45.536  26.683  38.245 0.0000000000
130821  45.197  25.691  37.074 0.0000000000
124570  43.139  17.217  37.354 0.0000000000
124581  41.776  17.428  36.251 0.0000000000
124590  42.492  17.398  35.386 0.0000000000
124619  41.913  17.242  33.774 0.0000000000
123745  40.910  15.749  32.657 0.0000000000
119038  38.963  11.426  34.770 0.0000000000
119047  39.319  11.406  33.880 0.0000000000
122708  35.087  15.474  40.548 0.0000000000
125391  35.477  18.395  40.354 0.0000000000
123655  35.736  16.346  40.193 0.0000000000
121763  35.298  14.430  39.424 0.0000000000
121779  36.058  14.377  38.535 0.0000000000
120824  36.076  13.838  37.916 0.0000000000
120850  35.959  12.750  36.356 0.0000000000
134976  44.130  31.305  42.472 0.0000000000
134994  42.351  30.773  41.914 0.0000000000
129962  43.356  24.251  40.449 0.0000000000
128466  43.285  23.335  40.299 0.0000000000
128458  42.988  22.838  40.944 0.0000000000
127687  43.097  22.020  41.335 0.0000000000
127674  44.167  21.314  42.297 0.0000000000
127660  45.358  21.870  43.785 0.0000000000
128438  46.424  22.335  44.229 0.0000000000
134219  41.542  30.610  50.845 0.0000000000
133556  41.614  29.438  49.153 0.0000000000
133587  41.712  29.819  46.893 0.0000000000
133619  42.315  29.671  45.004 0.0000000000
132246  42.550  27.734  43.039 0.0000000000
130757  43.122  25.783  41.935 0.0000000000
120845  45.995  13.456  35.578 0.0000000000
120861  44.374  13.837  33.800 0.0000000000
121805  43.687  14.116  35.988 0.0000000000
121823  41.867  14.153  35.640 0.0000000000
120864  39.788  13.153  35.509 0.0000000000
120835  39.853  13.094  37.611 0.0000000000
119949  39.381  12.311  37.235 0.0000000000
119960  38.705  12.092  35.997 0.0000000000
129216  40.532  23.145  39.009 0.0000000000
127710  40.092  21.319  40.076 0.0000000000
127709  41.319  21.254  39.272 0.0000000000
126921  41.900  20.516  39.237 0.0000000000
126161  42.546  19.695  39.227 0.0000000000
127714  43.904  20.962  37.653 0.0000000000
126176  43.644  19.739  38.768 0.0000000000
124559  43.464  17.630  38.328 0.0000000000
124569  44.252  17.079  37.538 0.0000000000
123687  45.700  16.413  36.332 0.0000000000
122755  46.997  15.446  35.257 0.0000000000
127707  44.445  22.364  39.375 0.0000000000
127705  45.546  21.263  39.610 0.0000000000
126158  46.152  19.493  39.501 0.0000000000
126906  46.802  19.871  40.994 0.0000000000
126157  46.371  18.986  39.951 0.0000000000
125409  46.119  18.498  39.210 0.0000000000
123663  46.978  17.047  38.426 0.0000000000
123684  47.663  15.892  36.867 0.0000000000
121802  48.023  13.796  35.757 0.0000000000
120832  46.820  13.477  36.943 0.0000000000
121773  44.844  14.206  37.978 0.0000000000
122716  43.373  14.974  39.469 0.0000000000
122692  46.278  15.150  41.366 0.0000000000
122705  44.305  15.272  40.561 0.0000000000
122707  42.041  15.185  41.029 0.0000000000
121743  41.075  14.896  41.304 0.0000000000
137502  44.417  35.721  45.672 0.0000000000
137491  45.853  35.253  45.577 0.0000000000
136231  46.486  33.708  44.612 0.0000000000
133569  45.442  29.675  46.862 0.0000000000
135593  46.209  31.561  47.368 0.0000000000
134946  46.475  31.224  46.160 0.0000000000
135620  46.431  32.550  44.791 0.0000000000
135624  46.443  32.695  43.982 0.0000000000
134973  46.257  31.033  42.153 0.0000000000
134311  45.611  30.129  40.876 0.0000000000
132973  44.242  28.666  39.107 0.0000000000
132983  45.519  28.366  38.809 0.0000000000
132297  43.708  27.551  37.791 0.0000000000
132986  43.210  27.778  38.465 0.0000000000
131608  41.632  25.665  37.650 0.0000000000
129981  40.824  24.700  38.160 0.0000000000
126923  39.757  19.935  40.215 0.0000000000
126165  38.204  18.929  39.011 0.0000000000
126187  37.970  18.598  37.337 0.0000000000
125435  39.901  18.017  36.267 0.0000000000
125437  38.491  17.964  36.134 0.0000000000
124573  37.591  17.463  36.750 0.0000000000
122748  37.593  15.842  36.655 0.0000000000
121826  37.054  13.939  35.806 0.0000000000
121861  42.559  14.809  32.812 0.0000000000
122795  41.518  15.107  32.367 0.0000000000
122797  39.873  15.223  32.561 0.0000000000
119987  39.024  12.280  33.278 0.0000000000
121850  38.661  14.372  33.210 0.0000000000
116342  41.028  8.297  41.993 0.0000000000
116341  41.981  8.294  41.865 0.0000000000
127698  39.300  21.395  40.511 0.0000000000
128476  40.030  22.619  39.812 0.0000000000
129218  39.368  23.738  40.102 0.0000000000
128468  38.472  22.599  41.048 0.0000000000
118994  38.989  11.364  41.669 0.0000000000
129971  44.078  24.594  38.911 0.0000000000
129222  44.567  23.969  38.109 0.0000000000
129215  44.240  23.897  38.587 0.0000000000
130788  44.358  25.398  39.174 0.0000000000
122765  45.680  15.463  34.520 0.0000000000
122766  44.855  15.779  34.251 0.0000000000
121833  45.590  14.692  34.173 0.0000000000
126141  34.666  19.554  41.243 0.0000000000
125385  34.637  18.622  41.414 0.0000000000
126152  35.093  19.481  40.805 0.0000000000
125419  36.978  18.441  38.027 0.0000000000
124562  36.770  17.452  38.350 0.0000000000
123677  37.082  16.628  37.871 0.0000000000
133674  43.251  29.046  39.895 0.0000000000
133662  42.674  29.097  40.210 0.0000000000
132961  42.210  28.668  39.913 0.0000000000
126900  35.440  20.622  41.271 0.0000000000
127691  35.125  21.006  41.809 0.0000000000
126901  34.827  20.365  41.428 0.0000000000
126142  34.328  19.622  41.625 0.0000000000
129936  41.335  24.915  43.134 0.0000000000
129193  41.834  23.807  42.438 0.0000000000
131510  41.062  26.187  43.885 0.0000000000
130747  41.391  25.673  43.233 0.0000000000
122726  42.791  14.857  38.539 0.0000000000
122736  42.561  14.835  38.019 0.0000000000
122737  42.125  14.955  38.257 0.0000000000
118144  40.168  10.042  38.817 0.0000000000
129245  42.452  23.693  36.412 0.0000000000
128491  42.207  22.969  37.118 0.0000000000
128501  43.127  22.952  36.102 0.0000000000
126174  45.516  19.578  38.708 0.0000000000
124557  45.454  17.794  38.610 0.0000000000
125410  45.713  18.577  38.884 0.0000000000
127684  45.848  21.060  41.788 0.0000000000
123630  48.386  16.023  41.980 0.0000000000
123644  47.761  16.646  40.807 0.0000000000
122690  48.283  15.530  40.990 0.0000000000
122701  48.228  15.530  40.067 0.0000000000
121738  48.068  15.241  40.697 0.0000000000
121739  47.741  14.889  40.395 0.0000000000
121728  47.927  15.006  41.250 0.0000000000
122652  43.968  14.983  44.643 0.0000000000
135596  44.240  32.493  47.728 0.0000000000
136216  43.506  32.960  46.596 0.0000000000
136206  44.738  32.868  47.132 0.0000000000
136214  45.073  33.325  46.629 0.0000000000
135605  45.168  32.831  47.064 0.0000000000
133586  42.782  29.910  46.609 0.0000000000
134248  43.730  29.825  48.226 0.0000000000
133585  43.822  29.846  46.390 0.0000000000
132941  46.502  28.773  42.626 0.0000000000
132925  46.735  28.996  43.802 0.0000000000
133626  46.841  29.590  43.102 0.0000000000
133647  46.429  29.571  41.264 0.0000000000
130850  43.534  24.805  35.647 0.0000000000
130836  43.044  25.356  35.946 0.0000000000
130007  42.874  24.538  35.830 0.0000000000
130008  42.396  24.199  36.391 0.0000000000
125414  41.738  17.982  38.665 0.0000000000
124561  41.583  17.551  37.920 0.0000000000
123710  39.740  16.443  34.022 0.0000000000
124606  39.797  16.804  34.342 0.0000000000
123711  39.297  16.353  34.264 0.0000000000
122767  38.669  15.704  34.468 0.0000000000
122780  39.058  15.359  33.643 0.0000000000
120876  39.672  13.127  34.419 0.0000000000
120887  40.347  13.631  33.698 0.0000000000
127701  36.647  21.032  41.110 0.0000000000
126912  36.295  20.363  40.399 0.0000000000
126924  36.947  19.907  39.744 0.0000000000
131591  40.432  25.886  38.578 0.0000000000
131570  40.545  26.409  38.743 0.0000000000
131571  39.997  26.150  38.928 0.0000000000
129211  38.868  23.701  40.548 0.0000000000
130790  39.117  25.419  39.672 0.0000000000
127688  37.424  22.007  41.415 0.0000000000
121732  39.640  14.171  40.870 0.0000000000
121745  39.694  14.152  40.025 0.0000000000
120804  38.983  13.158  40.274 0.0000000000
117243  39.806  9.867  41.250 0.0000000000
118130  39.750  10.491  40.479 0.0000000000
118129  40.098  10.369  39.993 0.0000000000
117257  40.513  9.814  40.325 0.0000000000
138190  44.555  36.885  45.350 0.0000000000
138804  44.324  37.708  44.768 0.0000000000
130006  44.602  24.397  36.154 0.0000000000
129242  44.411  23.419  35.928 0.0000000000
129230  44.880  23.795  36.625 0.0000000000
128480  45.036  22.992  37.974 0.0000000000
128487  45.210  22.481  37.255 0.0000000000
127713  45.476  21.310  38.649 0.0000000000
127670  47.237  21.047  43.506 0.0000000000
127682  46.914  20.758  42.695 0.0000000000
125371  47.443  18.100  43.745 0.0000000000
124521  47.555  17.267  43.416 0.0000000000
124527  47.632  17.223  42.611 0.0000000000
123615  47.520  16.593  43.870 0.0000000000
122651  45.198  15.463  44.686 0.0000000000
122640  45.311  15.689  45.439 0.0000000000
132245  43.472  28.043  42.888 0.0000000000
132928  44.131  28.563  43.364 0.0000000000
131539  45.124  26.778  41.336 0.0000000000
132256  44.858  27.204  42.140 0.0000000000
132266  45.444  27.194  41.731 0.0000000000
132255  45.739  27.574  42.092 0.0000000000
131553  45.703  26.946  40.662 0.0000000000
131568  45.843  27.013  39.677 0.0000000000
131569  45.340  26.560  39.070 0.0000000000
129979  44.755  25.001  37.631 0.0000000000
130848  44.419  24.740  35.914 0.0000000000
124579  43.878  16.869  36.462 0.0000000000
124580  42.787  17.212  36.340 0.0000000000
124589  43.409  17.013  35.464 0.0000000000
123742  43.290  16.192  33.275 0.0000000000
123725  42.758  16.856  33.525 0.0000000000
123726  41.919  16.714  33.201 0.0000000000
123727  41.072  16.432  33.199 0.0000000000
123744  41.810  16.027  32.604 0.0000000000
122709  34.588  15.148  40.971 0.0000000000
126168  35.893  19.312  39.672 0.0000000000
123654  36.254  16.635  39.516 0.0000000000
122719  35.459  15.339  39.950 0.0000000000
121762  35.972  14.905  39.089 0.0000000000
121780  35.483  13.912  38.779 0.0000000000
121795  36.535  14.385  37.611 0.0000000000
120836  36.144  13.572  37.227 0.0000000000
121810  36.769  14.151  36.680 0.0000000000
134992  45.158  31.124  41.990 0.0000000000
134993  44.685  31.160  42.164 0.0000000000
134315  42.142  29.553  40.836 0.0000000000
134299  43.098  30.536  41.676 0.0000000000
134300  42.057  30.221  41.411 0.0000000000
134301  40.996  30.326  41.548 0.0000000000
129952  43.059  24.430  41.257 0.0000000000
129200  43.097  23.702  40.877 0.0000000000
128449  42.365  22.498  42.058 0.0000000000
127675  43.129  21.591  42.152 0.0000000000
127661  44.454  21.506  43.340 0.0000000000
127659  46.253  21.866  43.679 0.0000000000
134907  41.067  31.679  50.798 0.0000000000
134220  40.906  30.746  50.475 0.0000000000
133573  41.622  29.634  48.036 0.0000000000
132904  41.313  29.325  45.230 0.0000000000
132914  41.779  29.065  44.494 0.0000000000
132930  42.033  28.237  43.597 0.0000000000
130758  41.977  25.682  42.603 0.0000000000
131524  42.643  26.726  42.584 0.0000000000
130766  43.209  25.153  41.465 0.0000000000
121803  45.685  13.467  36.190 0.0000000000
121804  44.931  13.645  35.800 0.0000000000
121807  41.738  14.449  36.629 0.0000000000
121824  41.345  14.052  36.141 0.0000000000
120862  41.309  13.914  35.699 0.0000000000
120863  40.751  13.597  35.967 0.0000000000
120823  39.790  13.303  38.610 0.0000000000
120822  40.157  13.804  38.403 0.0000000000
119944  39.485  12.348  38.284 0.0000000000
118152  39.583  10.397  37.881 0.0000000000
119021  39.050  11.387  37.212 0.0000000000
119950  38.986  12.009  36.634 0.0000000000
118158  39.038  10.662  36.642 0.0000000000
118166  38.722  10.947  35.916 0.0000000000
128475  40.747  22.186  39.186 0.0000000000
127716  42.267  21.267  38.593 0.0000000000
127708  41.830  21.033  39.063 0.0000000000
126933  42.411  20.651  38.917 0.0000000000
127732  44.110  21.853  36.590 0.0000000000
128489  43.696  21.867  36.690 0.0000000000
127723  44.203  21.301  37.258 0.0000000000
125412  43.737  18.712  38.943 0.0000000000
125398  43.311  18.957  39.102 0.0000000000
123673  45.930  16.677  37.302 0.0000000000
123674  45.077  16.685  37.059 0.0000000000
123696  46.287  16.076  35.552 0.0000000000
128465  43.665  22.716  39.875 0.0000000000
126919  45.894  20.517  39.403 0.0000000000
126918  46.264  20.104  39.844 0.0000000000
126140  46.763  19.225  41.454 0.0000000000
124547  47.104  17.471  40.344 0.0000000000
125396  46.587  18.427  40.195 0.0000000000
125397  46.386  18.481  39.631 0.0000000000
124548  46.732  17.824  39.756 0.0000000000
124555  46.719  17.586  39.051 0.0000000000
122724  48.119  15.520  38.067 0.0000000000
122725  47.868  16.041  37.799 0.0000000000
122734  48.227  15.261  37.041 0.0000000000
122753  48.370  14.625  35.908 0.0000000000
120842  48.203  13.861  36.936 0.0000000000
120843  47.735  13.591  36.391 0.0000000000
120831  47.680  13.726  37.401 0.0000000000
121755  46.136  14.166  39.069 0.0000000000
121756  45.215  14.381  39.007 0.0000000000
121757  44.205  14.570  38.763 0.0000000000
122715  44.639  14.800  39.638 0.0000000000
122665  47.050  15.201  42.941 0.0000000000
122679  46.959  14.963  42.041 0.0000000000
122680  46.097  15.387  42.379 0.0000000000
122694  43.986  15.814  41.694 0.0000000000
122706  43.104  15.420  40.745 0.0000000000
136223  42.960  33.234  45.951 0.0000000000
136845  41.650  33.896  45.055 0.0000000000
136844  42.519  34.404  45.162 0.0000000000
137503  43.499  35.328  45.351 0.0000000000
136832  45.525  34.397  46.016 0.0000000000
137492  45.473  35.250  45.779 0.0000000000
136831  46.033  34.413  45.640 0.0000000000
136841  46.390  34.619  45.093 0.0000000000
136221  46.370  33.520  45.302 0.0000000000
133616  45.090  28.986  44.311 0.0000000000
133601  44.960  29.401  45.285 0.0000000000
133582  46.376  29.498  45.985 0.0000000000
134252  46.538  30.249  46.772 0.0000000000
134939  46.478  31.158  47.087 0.0000000000
135603  46.041  32.169  46.658 0.0000000000
134279  46.842  30.447  43.675 0.0000000000
134948  46.487  31.356  45.138 0.0000000000
134952  46.527  31.529  44.190 0.0000000000
134961  46.373  31.608  43.126 0.0000000000
133658  46.099  29.646  40.599 0.0000000000
133659  45.345  29.536  40.099 0.0000000000
133672  44.677  29.184  39.577 0.0000000000
132295  45.403  27.650  38.162 0.0000000000
132296  44.542  27.744  37.757 0.0000000000
132317  43.455  27.208  37.372 0.0000000000
131588  42.787  26.841  37.551 0.0000000000
131589  42.334  26.632  37.779 0.0000000000
131607  42.155  26.032  37.438 0.0000000000
129233  41.467  23.744  37.630 0.0000000000
129995  41.373  24.276  37.607 0.0000000000
129224  40.937  23.741  38.244 0.0000000000
125416  39.625  18.260  38.047 0.0000000000
125403  39.116  18.560  38.775 0.0000000000
125417  38.760  18.566  37.948 0.0000000000
126178  38.084  18.699  37.804 0.0000000000
125427  38.459  18.508  37.043 0.0000000000
124591  41.517  17.561  35.311 0.0000000000
124582  40.781  17.628  36.230 0.0000000000
124594  38.848  17.282  35.310 0.0000000000
125444  39.075  17.808  35.694 0.0000000000
124583  38.495  17.639  35.853 0.0000000000
125438  38.070  18.013  36.403 0.0000000000
124584  38.157  17.548  36.093 0.0000000000
123689  37.804  16.723  36.280 0.0000000000
121825  37.539  14.449  35.163 0.0000000000
120866  36.947  13.376  34.790 0.0000000000
121834  43.606  13.963  33.571 0.0000000000
120873  44.209  13.958  33.122 0.0000000000
121847  42.683  14.403  33.266 0.0000000000
120907  41.107  14.073  32.688 0.0000000000
121862  41.552  14.505  32.727 0.0000000000
121877  40.341  14.308  32.230 0.0000000000
122796  40.587  15.186  32.264 0.0000000000
121878  39.959  14.320  32.219 0.0000000000
126910  38.122  20.485  40.659 0.0000000000
126148  38.641  19.625  40.220 0.0000000000
129982  40.358  24.345  38.784 0.0000000000
129972  39.783  24.777  39.274 0.0000000000
128459  38.098  22.948  41.282 0.0000000000
119922  38.831  12.135  41.041 0.0000000000
118123  39.276  10.503  41.367 0.0000000000
129221  44.823  23.964  37.541 0.0000000000
128481  44.656  23.590  38.207 0.0000000000
128473  44.973  22.353  38.762 0.0000000000
126123  47.299  19.644  44.513 0.0000000000
131523  44.012  26.480  41.817 0.0000000000
131540  44.502  26.138  40.955 0.0000000000
130787  44.745  26.046  39.482 0.0000000000
130805  44.515  25.090  38.400 0.0000000000
123707  44.928  16.159  34.718 0.0000000000
123708  43.853  16.647  34.588 0.0000000000
123723  44.367  16.109  34.148 0.0000000000
122778  43.729  15.884  33.413 0.0000000000
122793  43.557  15.510  33.034 0.0000000000
122728  36.342  15.314  38.810 0.0000000000
134312  44.786  30.121  40.865 0.0000000000
134298  44.309  30.719  41.766 0.0000000000
134313  43.810  30.042  40.936 0.0000000000
126894  34.565  20.761  42.017 0.0000000000
129192  42.376  23.729  41.755 0.0000000000
132223  40.157  27.592  44.965 0.0000000000
132234  40.831  27.422  44.352 0.0000000000
132247  41.870  27.488  43.357 0.0000000000
131509  41.507  26.557  43.384 0.0000000000
121774  43.851  14.460  37.871 0.0000000000
121790  43.323  14.485  37.055 0.0000000000
121791  42.378  14.739  37.383 0.0000000000
118145  39.741  10.723  38.830 0.0000000000
129223  41.610  23.218  37.673 0.0000000000
127717  41.496  21.975  38.637 0.0000000000
128482  42.804  21.747  37.599 0.0000000000
126939  44.969  20.952  37.648 0.0000000000
126940  44.586  20.791  37.727 0.0000000000
124567  46.044  17.150  38.194 0.0000000000
127686  43.952  21.536  41.142 0.0000000000
127695  45.754  20.991  40.683 0.0000000000
126907  46.428  20.379  40.542 0.0000000000
124540  47.388  17.359  41.300 0.0000000000
123653  47.661  16.641  39.837 0.0000000000
123662  47.651  16.584  38.564 0.0000000000
123652  48.170  16.059  39.450 0.0000000000
122713  48.296  15.460  39.123 0.0000000000
121769  48.206  14.797  38.683 0.0000000000
121770  47.671  14.146  38.252 0.0000000000
121753  47.632  14.648  39.401 0.0000000000
121740  47.126  14.608  40.208 0.0000000000
122703  46.565  14.837  40.636 0.0000000000
122682  43.575  15.897  42.947 0.0000000000
136834  44.202  33.950  46.252 0.0000000000
136213  45.606  33.344  46.197 0.0000000000
133539  43.603  29.761  49.992 0.0000000000
134225  43.664  30.097  50.623 0.0000000000
133554  43.876  29.767  49.265 0.0000000000
134236  44.254  29.845  48.827 0.0000000000
132911  46.336  28.756  44.378 0.0000000000
132902  46.938  28.936  44.987 0.0000000000
133598  47.259  29.475  45.167 0.0000000000
134278  47.182  29.923  44.342 0.0000000000
134295  46.340  30.304  41.734 0.0000000000
132959  46.085  29.216  40.068 0.0000000000
131619  45.108  26.500  36.564 0.0000000000
132315  45.081  27.297  37.047 0.0000000000
131620  44.186  26.593  36.358 0.0000000000
131621  43.352  26.063  36.263 0.0000000000
130822  42.643  25.789  36.636 0.0000000000
130823  42.017  25.364  37.151 0.0000000000
126162  41.464  19.462  39.493 0.0000000000
126163  40.387  19.185  39.698 0.0000000000
124605  40.480  17.249  34.448 0.0000000000
124607  39.322  16.840  34.656 0.0000000000
122757  38.350  15.977  35.102 0.0000000000
122768  38.160  15.146  34.819 0.0000000000
121838  37.805  14.312  34.306 0.0000000000
121848  41.877  14.204  33.597 0.0000000000
120897  40.260  13.842  32.673 0.0000000000
126913  35.657  20.208  40.547 0.0000000000
126925  36.609  19.875  39.742 0.0000000000
126167  36.429  19.156  39.149 0.0000000000
132283  41.489  27.413  38.975 0.0000000000
132975  41.870  28.151  39.394 0.0000000000
132284  40.630  26.928  39.033 0.0000000000
128460  37.638  22.567  41.468 0.0000000000
132224  39.406  27.235  45.597 0.0000000000
131485  39.756  26.342  45.147 0.0000000000
130733  40.197  25.525  44.730 0.0000000000
121760  40.477  14.564  39.551 0.0000000000
121761  39.959  13.920  39.156 0.0000000000
119937  39.358  12.352  39.240 0.0000000000
119928  39.040  12.290  40.147 0.0000000000
118137  39.787  10.798  39.609 0.0000000000
129252  43.800  23.798  35.606 0.0000000000
129243  43.581  23.309  35.776 0.0000000000
128499  44.513  22.639  36.302 0.0000000000
127731  44.587  21.977  36.635 0.0000000000
127730  45.156  21.952  36.965 0.0000000000
126938  45.234  21.191  37.682 0.0000000000
126159  45.852  20.090  38.913 0.0000000000
127672  46.017  21.304  42.859 0.0000000000
127683  46.545  20.914  42.089 0.0000000000
126135  47.006  19.196  42.493 0.0000000000
123631  48.037  16.528  42.263 0.0000000000
122663  48.257  15.651  42.295 0.0000000000
121718  48.057  15.149  41.993 0.0000000000
122664  47.855  15.423  42.550 0.0000000000
122650  46.454  15.871  43.984 0.0000000000
121694  44.233  14.847  45.241 0.0000000000
134941  44.331  32.236  48.433 0.0000000000
133618  43.004  29.537  44.548 0.0000000000
133602  43.967  29.811  45.386 0.0000000000
133627  44.626  28.803  43.729 0.0000000000
132927  45.089  28.482  43.477 0.0000000000
132942  46.052  28.131  42.551 0.0000000000
132254  46.331  28.063  41.857 0.0000000000
132264  46.462  28.125  40.940 0.0000000000
132273  46.168  27.575  40.306 0.0000000000
131586  45.767  27.158  38.683 0.0000000000
131603  45.626  27.100  37.966 0.0000000000
131604  45.457  26.650  37.453 0.0000000000
130834  44.614  25.408  36.234 0.0000000000
130849  44.141  24.866  35.717 0.0000000000
124571  42.112  17.338  37.201 0.0000000000
124602  43.080  17.194  34.744 0.0000000000
124603  42.348  17.431  34.401 0.0000000000
124604  41.311  17.453  34.459 0.0000000000
124620  41.187  17.062  33.750 0.0000000000
123728  40.065  16.143  33.426 0.0000000000
119980  39.227  12.330  34.104 0.0000000000
121747  34.427  14.329  40.330 0.0000000000
125392  35.043  18.958  40.812 0.0000000000
124541  35.440  17.391  40.723 0.0000000000
124550  36.016  17.585  39.826 0.0000000000
121746  35.086  14.878  40.082 0.0000000000
121764  34.698  14.055  39.656 0.0000000000
120812  35.132  13.729  38.903 0.0000000000
120837  35.748  12.871  36.853 0.0000000000
134284  44.043  30.946  42.138 0.0000000000
134285  43.652  30.927  42.167 0.0000000000
132962  41.270  28.573  39.980 0.0000000000
129208  43.604  23.792  39.560 0.0000000000
129209  43.312  23.756  40.308 0.0000000000
128457  43.501  22.126  40.617 0.0000000000
127673  45.157  21.241  42.593 0.0000000000
127658  47.009  21.926  43.984 0.0000000000
133531  42.024  30.179  50.806 0.0000000000
133541  41.570  29.694  50.192 0.0000000000
133540  42.590  29.573  49.994 0.0000000000
133555  42.883  29.640  48.937 0.0000000000
133572  42.812  29.851  47.795 0.0000000000
132905  40.544  29.020  45.657 0.0000000000
133604  41.739  29.713  45.660 0.0000000000
132913  42.554  29.197  44.195 0.0000000000
132929  42.987  28.824  43.700 0.0000000000
132258  43.075  27.475  42.655 0.0000000000
131508  42.091  27.132  43.032 0.0000000000
130756  43.617  26.000  41.701 0.0000000000
129951  43.550  25.020  40.788 0.0000000000
120859  45.941  13.866  34.666 0.0000000000
120871  45.490  14.094  34.009 0.0000000000
120860  45.020  13.768  34.333 0.0000000000
121821  44.029  13.868  34.686 0.0000000000
121822  42.846  14.121  35.190 0.0000000000
121836  41.989  14.029  34.590 0.0000000000
120874  41.277  13.830  35.114 0.0000000000
120875  40.507  13.532  34.780 0.0000000000
121777  40.493  14.281  38.465 0.0000000000
121793  40.686  14.127  37.580 0.0000000000
120847  40.437  13.616  37.083 0.0000000000
120848  39.891  13.104  36.591 0.0000000000
119959  39.230  12.592  36.196 0.0000000000
119028  38.748  11.206  35.431 0.0000000000
125400  42.074  18.754  39.187 0.0000000000
125413  42.728  18.237  38.765 0.0000000000
127724  43.409  21.662  37.173 0.0000000000
127715  43.386  21.115  37.820 0.0000000000
126931  44.062  20.555  38.070 0.0000000000
126160  43.230  19.294  39.083 0.0000000000
123688  44.821  16.574  36.256 0.0000000000
123697  45.354  16.305  35.492 0.0000000000
122756  46.259  15.821  34.996 0.0000000000
122764  46.357  15.150  34.710 0.0000000000
127706  44.938  21.829  39.475 0.0000000000
128472  45.297  21.754  38.892 0.0000000000
126899  46.607  20.627  41.384 0.0000000000
126146  46.537  19.375  40.445 0.0000000000
126147  46.422  19.889  40.039 0.0000000000
124566  46.560  17.229  38.456 0.0000000000
123672  46.860  16.705  37.664 0.0000000000
123671  47.564  16.189  37.436 0.0000000000
123685  47.257  16.048  36.629 0.0000000000
122747  47.297  15.771  35.963 0.0000000000
122754  48.150  14.985  35.626 0.0000000000
120858  46.796  13.935  35.324 0.0000000000
120833  46.208  13.413  36.352 0.0000000000
121788  45.635  13.714  37.017 0.0000000000
121771  46.787  13.810  38.335 0.0000000000
121772  45.843  13.999  38.186 0.0000000000
121758  43.431  14.708  38.519 0.0000000000
122727  42.374  15.006  39.032 0.0000000000
121719  47.549  14.929  41.677 0.0000000000
122691  46.990  14.877  41.275 0.0000000000
122704  45.552  14.979  40.320 0.0000000000
122693  45.223  15.513  41.491 0.0000000000
122717  42.250  15.058  39.917 0.0000000000
121759  41.243  14.942  40.219 0.0000000000
121731  40.198  14.321  41.653 0.0000000000
136842  44.587  35.042  45.871 0.0000000000
138178  45.497  35.790  45.648 0.0000000000
138177  45.746  35.866  45.525 0.0000000000
137499  46.095  35.350  45.349 0.0000000000
134928  44.477  31.897  49.063 0.0000000000
135582  45.197  31.833  48.332 0.0000000000
133584  44.766  29.626  46.215 0.0000000000
133583  45.616  29.387  46.094 0.0000000000
135594  45.810  31.821  47.741 0.0000000000
135613  46.251  32.347  45.646 0.0000000000
134962  45.973  32.041  43.002 0.0000000000
134991  45.765  30.991  41.810 0.0000000000
134990  46.107  30.758  41.718 0.0000000000
134296  45.905  30.530  41.395 0.0000000000
133660  44.321  29.592  40.223 0.0000000000
133673  43.827  29.111  39.708 0.0000000000
132272  46.338  28.292  40.104 0.0000000000
132280  46.161  28.464  39.674 0.0000000000
132984  44.824  28.280  38.501 0.0000000000
132972  45.067  28.773  39.124 0.0000000000
132985  43.948  28.099  38.475 0.0000000000
132282  42.391  27.676  38.747 0.0000000000
132299  41.898  26.983  38.400 0.0000000000
131590  41.074  26.135  38.278 0.0000000000
130806  40.841  25.343  38.155 0.0000000000
130824  41.330  25.160  37.686 0.0000000000
129225  40.438  23.751  38.899 0.0000000000
126164  39.294  18.939  39.662 0.0000000000
126179  37.503  18.738  38.115 0.0000000000
125429  37.271  18.191  37.507 0.0000000000
124572  41.130  17.522  37.171 0.0000000000
125425  40.184  17.916  37.162 0.0000000000
125443  39.625  17.837  35.738 0.0000000000
125436  39.120  18.194  36.275 0.0000000000
125428  37.661  18.303  37.096 0.0000000000
123676  37.442  16.755  37.062 0.0000000000
121809  37.447  14.812  36.225 0.0000000000
120849  36.315  13.101  36.087 0.0000000000
120884  44.628  14.373  33.086 0.0000000000
120895  43.985  14.669  32.710 0.0000000000
122794  42.610  15.397  32.693 0.0000000000
123746  40.375  15.560  32.656 0.0000000000
122779  39.549  15.496  33.176 0.0000000000
120898  39.327  13.482  32.809 0.0000000000
119988  38.635  12.605  32.805 0.0000000000
121864  39.522  14.274  32.463 0.0000000000
121849  39.257  14.825  32.886 0.0000000000
121851  38.063  14.097  33.622 0.0000000000
117225  39.931  9.406  41.689 0.0000000000
116357  40.710  8.786  41.713 0.0000000000
116356  41.291  8.774  41.413 0.0000000000
117242  40.497  9.354  41.299 0.0000000000
118151  40.160  9.824  38.290 0.0000000000
118159  38.690  11.130  36.219 0.0000000000
119022  38.752  11.478  36.453 0.0000000000
119029  38.616  11.512  35.825 0.0000000000
119039  38.680  11.723  35.292 0.0000000000
119916  38.864  12.821  41.208 0.0000000000
119923  38.847  12.752  40.580 0.0000000000
119929  38.974  12.893  40.119 0.0000000000
119971  38.659  11.976  35.551 0.0000000000
120797  38.896  13.231  40.817 0.0000000000
120803  39.200  13.644  40.518 0.0000000000
120811  39.038  13.106  40.011 0.0000000000
120820  47.323  13.774  37.935 0.0000000000
120821  47.027  13.614  37.676 0.0000000000
120830  48.180  13.936  37.353 0.0000000000
120834  40.229  13.727  37.943 0.0000000000
120844  46.887  13.480  36.009 0.0000000000
120846  45.359  13.609  35.039 0.0000000000
120857  47.508  13.751  35.691 0.0000000000
120872  44.905  13.920  33.520 0.0000000000
120883  45.130  14.342  33.605 0.0000000000
120885  44.054  14.385  32.726 0.0000000000
120894  44.265  14.624  32.809 0.0000000000
120908  40.593  14.180  32.339 0.0000000000
121706  47.698  15.155  42.440 0.0000000000
121717  48.340  15.229  41.860 0.0000000000
121729  47.429  14.849  40.954 0.0000000000
121741  46.340  14.516  39.859 0.0000000000
121742  45.697  14.532  39.588 0.0000000000
121785  48.398  14.447  37.408 0.0000000000
121787  46.425  13.691  37.646 0.0000000000
121801  48.328  14.177  36.162 0.0000000000
121816  48.225  14.514  35.686 0.0000000000
121817  47.754  14.341  35.291 0.0000000000
121819  45.898  14.312  34.354 0.0000000000
121820  44.845  13.683  34.946 0.0000000000
121832  46.074  14.987  34.517 0.0000000000
121844  44.946  14.797  33.511 0.0000000000
121846  43.473  14.379  32.984 0.0000000000
121859  44.032  14.974  32.767 0.0000000000
121860  43.490  14.845  32.753 0.0000000000
121876  40.864  14.418  32.323 0.0000000000
122677  48.384  15.459  41.775 0.0000000000
122678  48.256  15.311  42.060 0.0000000000
122735  47.924  15.767  37.221 0.0000000000
122745  48.398  14.879  36.363 0.0000000000
122746  47.863  15.605  36.287 0.0000000000
122776  45.186  15.108  33.928 0.0000000000
122777  44.472  15.506  33.632 0.0000000000
122792  44.159  15.230  33.056 0.0000000000
122808  41.162  14.664  32.294 0.0000000000
122809  40.758  14.697  32.200 0.0000000000
122810  39.906  14.809  32.149 0.0000000000
123623  48.244  16.058  42.398 0.0000000000
123636  48.312  16.023  41.272 0.0000000000
123637  47.999  16.612  41.613 0.0000000000
123675  44.496  16.748  36.841 0.0000000000
123695  46.929  15.969  35.908 0.0000000000
123709  43.199  17.045  34.115 0.0000000000
124595  38.419  17.246  35.655 0.0000000000
124622  40.136  16.562  33.881 0.0000000000
125399  42.941  18.912  39.138 0.0000000000
125418  37.379  18.503  37.727 0.0000000000
125445  38.794  17.720  35.721 0.0000000000
126136  34.029  19.614  41.933 0.0000000000
126150  37.180  19.863  39.799 0.0000000000
126177  43.129  19.800  39.006 0.0000000000
126188  37.799  18.583  37.568 0.0000000000
126920  42.478  20.341  39.068 0.0000000000
128498  44.923  22.469  36.597 0.0000000000
129231  42.554  23.204  36.480 0.0000000000
129241  44.705  22.878  36.319 0.0000000000
129251  44.099  23.949  35.645 0.0000000000
129253  43.414  23.719  35.636 0.0000000000
130014  43.889  24.303  35.559 0.0000000000
130015  43.393  24.133  35.584 0.0000000000
130774  44.660  26.063  39.993 0.0000000000
130789  39.777  25.427  39.100 0.0000000000
131538  45.627  26.991  41.106 0.0000000000
131555  44.588  26.080  40.497 0.0000000000
131605  43.797  26.942  36.667 0.0000000000
132298  42.881  27.159  37.895 0.0000000000
132329  44.833  26.971  36.489 0.0000000000
132330  44.590  27.112  36.603 0.0000000000
132903  46.696  28.897  44.920 0.0000000000
132909  47.215  29.060  44.569 0.0000000000
132910  47.017  28.953  44.678 0.0000000000
132960  42.644  28.745  39.853 0.0000000000
132970  46.235  28.764  39.953 0.0000000000
132971  45.800  28.850  39.466 0.0000000000
133530  42.546  29.994  50.762 0.0000000000
133553  44.416  29.911  49.271 0.0000000000
133571  43.754  29.858  47.390 0.0000000000
133599  46.908  29.091  45.288 0.0000000000
133613  47.308  29.306  44.616 0.0000000000
133614  47.355  29.044  45.011 0.0000000000
133615  45.815  28.795  44.490 0.0000000000
133625  47.090  29.511  43.960 0.0000000000
133628  44.104  29.086  43.875 0.0000000000
134226  40.983  30.123  50.307 0.0000000000
134237  43.616  29.738  48.743 0.0000000000
134259  47.206  29.771  45.238 0.0000000000
134268  47.242  29.848  44.933 0.0000000000
135583  44.687  32.200  48.251 0.0000000000
136205  44.953  32.892  47.104 0.0000000000
136222  43.766  33.588  46.288 0.0000000000
137490  46.024  35.064  45.513 0.0000000000
137500  46.054  35.899  45.314 0.0000000000
137501  44.918  35.366  45.806 0.0000000000
