#!ascii label  , from subject 3459 vox2ras=TkReg
1241
53238  6.657  -49.678  79.073 0.0000000000
51234  6.198  -51.681  58.941 0.0000000000
46170  1.451  -54.800  74.393 0.0000000000
54427  0.615  -47.913  73.003 0.0000000000
61530  3.576  -42.837  70.074 0.0000000000
47338  2.963  -52.801  78.083 0.0000000000
52127  1.467  -50.222  77.278 0.0000000000
52101  9.794  -50.025  80.075 0.0000000000
46151  5.847  -54.466  76.858 0.0000000000
42542  2.938  -56.623  73.527 0.0000000000
61406  -0.659  -42.439  78.325 0.0000000000
60305  0.463  -44.936  71.703 0.0000000000
65959  0.353  -38.801  77.048 0.0000000000
46246  0.153  -55.967  69.014 0.0000000000
48691  1.880  -53.011  69.298 0.0000000000
50994  0.713  -51.529  74.138 0.0000000000
56655  0.246  -45.668  77.260 0.0000000000
53398  4.177  -48.953  67.976 0.0000000000
55696  1.233  -47.549  64.600 0.0000000000
60486  0.695  -43.919  62.568 0.0000000000
64892  3.509  -38.855  68.138 0.0000000000
50946  4.601  -51.878  78.915 0.0000000000
52125  3.402  -50.227  78.225 0.0000000000
53227  7.933  -49.539  80.465 0.0000000000
48569  8.551  -51.759  79.528 0.0000000000
49773  6.264  -51.901  79.654 0.0000000000
46119  4.191  -53.571  78.319 0.0000000000
63680  -0.470  -40.691  78.310 0.0000000000
46203  0.643  -55.635  71.858 0.0000000000
47430  1.004  -54.368  71.696 0.0000000000
48629  1.239  -53.246  74.607 0.0000000000
56638  2.068  -46.186  78.121 0.0000000000
55512  0.827  -47.536  77.169 0.0000000000
43793  1.899  -56.226  74.563 0.0000000000
41243  1.866  -57.622  71.557 0.0000000000
42575  0.951  -57.348  71.510 0.0000000000
42612  0.532  -57.657  69.692 0.0000000000
52230  1.489  -50.190  71.577 0.0000000000
51072  3.522  -50.851  68.520 0.0000000000
54463  1.869  -48.288  70.932 0.0000000000
61532  1.511  -43.666  70.451 0.0000000000
59195  0.311  -45.410  68.058 0.0000000000
60399  1.095  -44.421  66.978 0.0000000000
58047  0.752  -45.876  63.836 0.0000000000
60423  3.390  -44.099  65.394 0.0000000000
46153  1.990  -54.166  75.480 0.0000000000
48592  1.482  -52.747  75.892 0.0000000000
50952  2.434  -51.230  77.655 0.0000000000
54384  2.477  -47.996  78.112 0.0000000000
53247  10.962  -48.531  78.660 0.0000000000
52148  10.152  -49.877  75.781 0.0000000000
49794  8.672  -51.382  77.305 0.0000000000
47383  7.354  -53.185  75.236 0.0000000000
43778  4.133  -55.616  75.386 0.0000000000
43754  3.004  -55.209  75.906 0.0000000000
56727  -1.235  -45.240  75.636 0.0000000000
56794  0.467  -46.243  72.409 0.0000000000
60243  -0.675  -43.903  74.767 0.0000000000
61459  0.419  -42.761  74.485 0.0000000000
63734  2.267  -40.971  74.065 0.0000000000
56651  8.098  -46.823  79.147 0.0000000000
56700  13.830  -44.974  76.880 0.0000000000
57814  14.599  -43.540  78.927 0.0000000000
55486  11.387  -46.972  79.625 0.0000000000
56623  10.113  -46.262  80.118 0.0000000000
45085  -0.300  -56.555  67.316 0.0000000000
48755  0.758  -54.695  65.978 0.0000000000
47454  0.284  -54.839  69.344 0.0000000000
49876  1.627  -52.566  71.854 0.0000000000
52182  0.469  -49.736  73.311 0.0000000000
50966  0.855  -50.918  75.773 0.0000000000
53260  0.318  -48.503  75.412 0.0000000000
54412  -0.122  -47.042  75.043 0.0000000000
57821  -0.389  -44.155  77.563 0.0000000000
49977  1.679  -52.972  65.506 0.0000000000
51155  4.384  -51.381  64.679 0.0000000000
53442  5.964  -49.416  62.957 0.0000000000
55623  1.428  -46.711  69.371 0.0000000000
54563  1.901  -48.270  66.483 0.0000000000
53487  3.944  -49.524  61.474 0.0000000000
52364  1.695  -49.096  60.627 0.0000000000
54687  1.125  -48.119  59.632 0.0000000000
67236  0.505  -37.089  74.718 0.0000000000
64827  3.086  -38.811  72.411 0.0000000000
66094  1.426  -37.184  70.572 0.0000000000
63781  5.461  -40.696  68.238 0.0000000000
62739  3.947  -40.786  65.014 0.0000000000
52122  5.741  -50.878  78.766 0.0000000000
53240  4.734  -50.169  78.148 0.0000000000
53249  5.637  -49.642  78.011 0.0000000000
54373  7.560  -48.707  79.999 0.0000000000
52110  7.409  -50.521  80.152 0.0000000000
52114  6.241  -50.992  79.235 0.0000000000
49781  5.100  -52.009  79.179 0.0000000000
50093  4.976  -53.071  57.610 0.0000000000
51258  4.648  -51.868  58.497 0.0000000000
46190  1.234  -55.158  73.014 0.0000000000
46202  1.026  -55.111  72.410 0.0000000000
47395  1.337  -54.294  74.003 0.0000000000
54411  11.021  -48.193  75.265 0.0000000000
44981  1.623  -55.376  74.604 0.0000000000
42545  1.879  -56.395  73.408 0.0000000000
45005  1.305  -55.694  73.075 0.0000000000
43816  0.637  -56.468  71.682 0.0000000000
52215  0.928  -49.357  72.470 0.0000000000
53351  1.424  -49.273  71.723 0.0000000000
54442  0.977  -48.061  72.304 0.0000000000
61531  2.461  -43.222  69.995 0.0000000000
60349  1.591  -43.737  68.780 0.0000000000
60348  2.631  -43.374  68.704 0.0000000000
60397  2.881  -43.952  66.588 0.0000000000
60371  4.599  -43.327  67.547 0.0000000000
47357  2.419  -53.477  76.969 0.0000000000
48579  2.114  -52.508  77.182 0.0000000000
49788  2.720  -51.946  77.818 0.0000000000
53242  3.037  -49.447  78.231 0.0000000000
56652  3.190  -46.530  77.875 0.0000000000
52120  10.851  -49.444  78.878 0.0000000000
52130  10.423  -49.980  78.646 0.0000000000
50951  9.808  -51.005  79.215 0.0000000000
47345  7.162  -52.776  78.190 0.0000000000
47354  7.746  -52.539  77.577 0.0000000000
46158  6.743  -53.610  76.590 0.0000000000
44959  5.219  -54.956  76.302 0.0000000000
46120  3.548  -53.458  78.139 0.0000000000
44939  3.416  -54.251  77.196 0.0000000000
46133  2.860  -53.751  77.355 0.0000000000
44963  2.360  -54.914  75.745 0.0000000000
59045  -0.935  -44.133  76.702 0.0000000000
57900  -1.148  -44.651  75.073 0.0000000000
60221  -0.744  -43.696  76.180 0.0000000000
64778  0.103  -39.662  77.584 0.0000000000
63699  0.301  -41.477  76.654 0.0000000000
63709  0.694  -41.159  75.795 0.0000000000
62663  1.270  -42.222  73.974 0.0000000000
63708  1.291  -40.270  75.676 0.0000000000
55490  11.957  -46.445  79.254 0.0000000000
46277  -0.289  -56.410  67.974 0.0000000000
47469  0.036  -55.557  68.043 0.0000000000
47455  0.140  -55.430  68.798 0.0000000000
48655  1.331  -53.411  73.037 0.0000000000
48668  1.307  -53.834  71.673 0.0000000000
49863  1.220  -52.311  72.746 0.0000000000
51015  1.030  -50.989  72.723 0.0000000000
51005  0.663  -51.067  73.361 0.0000000000
50955  1.323  -50.977  76.803 0.0000000000
49808  1.134  -52.013  75.712 0.0000000000
50956  1.037  -50.415  76.774 0.0000000000
55513  0.614  -46.831  77.122 0.0000000000
53257  0.488  -48.756  76.049 0.0000000000
54399  0.264  -47.624  76.022 0.0000000000
54405  0.082  -47.380  75.488 0.0000000000
55538  -0.020  -46.509  76.109 0.0000000000
55539  -0.383  -46.047  76.076 0.0000000000
57820  -0.175  -44.645  77.551 0.0000000000
49834  9.283  -51.144  74.487 0.0000000000
51004  9.545  -50.617  74.162 0.0000000000
42556  3.977  -56.240  73.388 0.0000000000
42591  3.219  -57.028  71.374 0.0000000000
41240  2.955  -56.872  72.070 0.0000000000
41258  1.556  -58.155  70.875 0.0000000000
41272  1.750  -58.539  70.163 0.0000000000
43855  0.329  -57.051  69.430 0.0000000000
43869  0.111  -56.976  68.640 0.0000000000
48721  1.020  -53.785  67.363 0.0000000000
49958  1.328  -53.378  66.006 0.0000000000
49938  1.852  -52.737  67.187 0.0000000000
52261  3.874  -50.141  68.631 0.0000000000
51108  4.235  -50.950  66.339 0.0000000000
52276  5.172  -49.972  66.175 0.0000000000
52296  5.613  -50.313  64.466 0.0000000000
54559  5.319  -48.833  65.415 0.0000000000
57968  0.573  -45.800  71.616 0.0000000000
56803  1.439  -46.581  71.058 0.0000000000
57983  0.976  -45.749  70.654 0.0000000000
56831  0.781  -46.432  66.517 0.0000000000
55647  0.972  -46.871  67.216 0.0000000000
54588  1.579  -48.222  65.276 0.0000000000
53429  2.856  -48.904  64.092 0.0000000000
53446  1.775  -48.633  63.451 0.0000000000
52342  2.423  -49.495  61.317 0.0000000000
53467  1.430  -48.456  62.737 0.0000000000
59269  0.907  -45.205  63.011 0.0000000000
56894  0.443  -46.541  61.876 0.0000000000
56934  0.509  -46.049  60.756 0.0000000000
68548  0.686  -36.542  73.979 0.0000000000
67249  1.704  -37.894  73.929 0.0000000000
66033  1.278  -37.390  72.639 0.0000000000
67329  2.146  -37.230  68.871 0.0000000000
64883  2.715  -38.304  69.336 0.0000000000
64868  3.462  -39.132  69.765 0.0000000000
63783  3.968  -39.307  68.360 0.0000000000
62726  5.016  -40.885  65.959 0.0000000000
63802  4.137  -39.905  66.330 0.0000000000
49783  3.520  -52.147  78.526 0.0000000000
50948  3.368  -51.571  78.224 0.0000000000
52124  4.032  -50.603  78.235 0.0000000000
53223  8.809  -49.257  80.976 0.0000000000
49769  8.975  -51.652  79.782 0.0000000000
50934  8.483  -50.843  80.661 0.0000000000
48563  7.470  -52.079  79.576 0.0000000000
47333  6.152  -53.113  78.912 0.0000000000
46129  5.274  -54.194  77.701 0.0000000000
47327  5.093  -52.968  79.286 0.0000000000
48568  4.038  -52.698  79.053 0.0000000000
63663  -0.649  -40.407  79.623 0.0000000000
62599  -0.420  -41.926  77.755 0.0000000000
64749  -0.567  -39.650  79.363 0.0000000000
65938  -0.283  -38.849  78.986 0.0000000000
67174  0.232  -37.847  77.583 0.0000000000
46218  0.264  -55.655  70.974 0.0000000000
47432  0.208  -55.328  70.405 0.0000000000
46217  0.720  -55.196  71.741 0.0000000000
47405  1.345  -54.350  73.133 0.0000000000
49836  1.062  -52.449  74.364 0.0000000000
54376  1.848  -48.439  77.849 0.0000000000
53246  0.941  -48.997  76.980 0.0000000000
55500  1.699  -47.237  77.790 0.0000000000
56640  0.985  -45.662  77.935 0.0000000000
56641  0.603  -45.585  77.681 0.0000000000
59003  0.420  -44.017  78.443 0.0000000000
42543  2.554  -56.514  73.743 0.0000000000
41229  2.538  -56.937  72.420 0.0000000000
42544  2.135  -56.484  73.508 0.0000000000
41244  1.479  -57.611  71.551 0.0000000000
41259  1.108  -58.101  70.820 0.0000000000
42611  0.724  -58.019  69.865 0.0000000000
42576  0.585  -57.250  71.047 0.0000000000
43843  0.362  -56.904  70.348 0.0000000000
49893  2.223  -52.291  69.906 0.0000000000
49924  2.640  -52.084  68.313 0.0000000000
51039  2.305  -51.187  70.244 0.0000000000
53348  2.409  -49.580  70.158 0.0000000000
54489  2.814  -48.558  69.236 0.0000000000
60304  0.729  -44.387  71.438 0.0000000000
59157  0.829  -45.340  69.900 0.0000000000
60350  0.943  -44.308  68.966 0.0000000000
59194  0.089  -44.849  67.486 0.0000000000
58029  0.545  -45.987  65.593 0.0000000000
56847  0.777  -46.559  64.265 0.0000000000
59254  0.844  -45.378  65.110 0.0000000000
59251  2.125  -44.476  64.827 0.0000000000
60467  2.172  -43.819  63.561 0.0000000000
67341  3.248  -37.403  67.935 0.0000000000
64916  4.075  -39.458  65.876 0.0000000000
66131  4.247  -38.212  66.428 0.0000000000
46160  1.700  -54.489  74.933 0.0000000000
47384  1.413  -53.789  74.843 0.0000000000
47365  1.997  -53.352  76.140 0.0000000000
49792  1.792  -51.854  76.969 0.0000000000
52126  2.014  -50.427  77.609 0.0000000000
52118  3.022  -50.772  78.067 0.0000000000
53234  2.602  -49.788  78.123 0.0000000000
53235  2.057  -49.575  77.861 0.0000000000
55511  2.371  -46.928  78.188 0.0000000000
54394  11.624  -47.915  77.685 0.0000000000
54401  11.127  -48.488  76.056 0.0000000000
53254  10.757  -49.258  77.305 0.0000000000
48583  8.726  -51.846  78.516 0.0000000000
48604  8.103  -52.181  76.223 0.0000000000
48628  8.165  -52.426  74.480 0.0000000000
43801  4.312  -56.174  74.194 0.0000000000
42524  3.389  -56.387  74.637 0.0000000000
44961  4.489  -54.963  76.316 0.0000000000
43765  3.931  -55.309  75.878 0.0000000000
42511  2.673  -56.476  74.850 0.0000000000
43768  2.228  -55.764  75.294 0.0000000000
44974  1.905  -55.200  75.152 0.0000000000
55576  -0.124  -46.534  74.036 0.0000000000
55584  0.468  -46.868  73.215 0.0000000000
56762  -0.240  -45.936  73.965 0.0000000000
57938  -0.589  -45.019  73.858 0.0000000000
59130  0.083  -44.985  72.739 0.0000000000
61438  -0.234  -42.984  76.144 0.0000000000
60242  -0.400  -43.479  74.871 0.0000000000
61492  0.352  -44.089  72.926 0.0000000000
61505  1.131  -43.318  72.050 0.0000000000
61504  2.021  -42.784  71.879 0.0000000000
61488  3.214  -41.992  72.291 0.0000000000
55507  7.510  -47.727  79.329 0.0000000000
55545  12.476  -46.258  77.131 0.0000000000
57812  17.486  -43.492  78.782 0.0000000000
57798  16.088  -43.382  79.648 0.0000000000
57832  14.708  -43.630  78.223 0.0000000000
56665  13.779  -44.309  78.113 0.0000000000
55532  12.717  -45.517  78.337 0.0000000000
55521  12.028  -46.991  77.957 0.0000000000
54372  11.256  -47.801  79.024 0.0000000000
54361  10.511  -48.109  79.602 0.0000000000
55488  10.316  -47.069  80.087 0.0000000000
54363  9.513  -48.230  80.477 0.0000000000
54369  8.680  -48.419  80.649 0.0000000000
55498  7.995  -47.622  79.966 0.0000000000
48722  0.628  -54.327  67.982 0.0000000000
48692  1.385  -53.722  69.570 0.0000000000
47443  0.366  -54.842  70.238 0.0000000000
48681  1.547  -53.574  70.739 0.0000000000
48680  1.942  -53.068  70.111 0.0000000000
51025  1.550  -51.256  71.722 0.0000000000
52197  0.676  -50.272  72.964 0.0000000000
53285  0.443  -48.690  73.471 0.0000000000
48617  1.163  -53.069  74.923 0.0000000000
49823  1.052  -52.296  75.065 0.0000000000
50982  0.814  -50.956  74.889 0.0000000000
52135  0.683  -49.812  76.213 0.0000000000
52137  0.575  -49.743  75.506 0.0000000000
52149  0.373  -49.363  74.633 0.0000000000
53275  0.257  -48.441  74.122 0.0000000000
54417  0.015  -47.392  74.405 0.0000000000
55565  -0.504  -46.413  75.318 0.0000000000
57850  -1.013  -44.787  76.678 0.0000000000
60191  -0.504  -43.011  78.310 0.0000000000
59004  0.101  -43.555  78.490 0.0000000000
60179  -0.351  -42.915  78.940 0.0000000000
61394  -0.683  -42.373  78.961 0.0000000000
42610  3.295  -57.252  70.671 0.0000000000
41256  2.342  -57.744  71.109 0.0000000000
51110  2.979  -51.802  67.180 0.0000000000
51156  3.492  -51.829  65.025 0.0000000000
52322  6.168  -50.397  61.411 0.0000000000
55609  1.250  -47.106  71.705 0.0000000000
55622  1.899  -47.316  70.103 0.0000000000
54513  2.358  -48.060  68.541 0.0000000000
56818  0.924  -46.271  68.569 0.0000000000
54515  1.287  -47.234  68.074 0.0000000000
54561  3.715  -48.429  66.430 0.0000000000
54584  4.811  -48.407  65.081 0.0000000000
54629  5.305  -48.951  62.177 0.0000000000
53508  5.026  -50.186  60.500 0.0000000000
52380  3.630  -50.761  60.052 0.0000000000
55735  0.667  -47.464  62.376 0.0000000000
54665  1.099  -48.071  60.685 0.0000000000
68501  0.326  -36.942  76.726 0.0000000000
69634  0.143  -36.335  76.032 0.0000000000
67191  0.522  -37.996  76.220 0.0000000000
65982  1.506  -38.629  75.031 0.0000000000
63733  2.977  -40.208  73.646 0.0000000000
63759  4.411  -40.664  71.672 0.0000000000
64841  2.563  -38.329  71.184 0.0000000000
63768  4.565  -39.992  70.616 0.0000000000
62702  5.216  -41.488  69.910 0.0000000000
61574  5.504  -42.577  66.766 0.0000000000
61612  4.598  -42.655  64.409 0.0000000000
61615  2.341  -41.982  63.504 0.0000000000
62758  1.969  -41.337  63.313 0.0000000000
53232  6.368  -50.405  79.037 0.0000000000
53239  5.823  -50.266  78.543 0.0000000000
53248  6.340  -49.460  78.628 0.0000000000
54374  7.103  -49.075  79.520 0.0000000000
53231  7.045  -49.903  79.601 0.0000000000
48856  6.065  -53.500  58.568 0.0000000000
50076  5.601  -52.865  58.151 0.0000000000
50077  4.765  -52.487  58.022 0.0000000000
51235  5.325  -51.473  58.850 0.0000000000
46181  1.337  -55.115  73.735 0.0000000000
55546  12.049  -46.885  76.510 0.0000000000
55560  11.719  -47.103  75.488 0.0000000000
54410  11.469  -47.748  76.056 0.0000000000
44992  1.480  -55.547  73.929 0.0000000000
53301  0.581  -48.835  72.861 0.0000000000
53324  0.860  -48.910  72.495 0.0000000000
61546  2.673  -43.213  69.304 0.0000000000
61545  3.264  -43.117  69.223 0.0000000000
60347  3.812  -43.268  68.374 0.0000000000
61544  4.428  -42.838  68.968 0.0000000000
47347  2.608  -53.137  77.607 0.0000000000
47348  2.313  -52.860  77.369 0.0000000000
48574  2.853  -52.505  77.987 0.0000000000
52106  10.153  -49.812  79.643 0.0000000000
52112  10.372  -50.003  79.340 0.0000000000
50935  10.029  -50.465  79.570 0.0000000000
46140  6.583  -53.459  77.697 0.0000000000
46139  6.905  -53.148  77.750 0.0000000000
46150  6.196  -54.172  76.864 0.0000000000
46159  6.310  -54.196  76.018 0.0000000000
44958  5.489  -54.693  76.448 0.0000000000
47337  3.208  -53.039  78.234 0.0000000000
46121  3.156  -53.449  77.886 0.0000000000
47346  2.935  -53.331  77.812 0.0000000000
46134  2.569  -53.655  77.055 0.0000000000
60202  -0.700  -43.452  77.312 0.0000000000
60212  -0.787  -43.547  76.804 0.0000000000
61417  -0.600  -42.798  77.589 0.0000000000
64777  0.394  -39.568  77.126 0.0000000000
63688  0.391  -40.236  77.103 0.0000000000
63698  0.631  -40.422  76.554 0.0000000000
63697  1.038  -40.060  76.252 0.0000000000
64785  1.067  -39.403  76.263 0.0000000000
46262  -0.054  -56.332  68.384 0.0000000000
46261  -0.059  -55.969  68.293 0.0000000000
49848  1.075  -52.335  73.616 0.0000000000
52131  1.133  -50.243  76.974 0.0000000000
54393  0.524  -47.820  76.527 0.0000000000
55525  0.260  -46.683  76.605 0.0000000000
56671  -0.131  -45.670  76.800 0.0000000000
42541  3.313  -56.506  73.848 0.0000000000
42574  3.166  -56.732  72.320 0.0000000000
42558  2.995  -56.722  73.054 0.0000000000
41273  1.348  -58.585  70.140 0.0000000000
45045  0.245  -56.439  69.388 0.0000000000
43856  0.287  -56.906  69.009 0.0000000000
45059  0.224  -56.373  68.925 0.0000000000
45072  -0.312  -56.801  68.056 0.0000000000
48706  1.312  -53.496  68.443 0.0000000000
49926  1.434  -53.176  67.575 0.0000000000
49925  1.985  -52.717  68.122 0.0000000000
52260  4.351  -49.690  68.104 0.0000000000
52270  4.668  -50.006  67.441 0.0000000000
53410  4.993  -49.535  66.714 0.0000000000
53409  5.308  -49.371  65.888 0.0000000000
54533  4.242  -48.594  66.990 0.0000000000
59143  0.398  -45.361  71.822 0.0000000000
59158  0.796  -45.393  70.979 0.0000000000
55676  1.112  -47.105  65.228 0.0000000000
55659  1.082  -46.911  66.299 0.0000000000
54589  1.270  -47.742  65.340 0.0000000000
53431  1.767  -48.418  64.456 0.0000000000
53432  1.633  -48.180  64.275 0.0000000000
53447  1.582  -48.245  63.694 0.0000000000
54607  1.279  -47.590  64.084 0.0000000000
60470  0.756  -44.690  62.618 0.0000000000
58072  0.445  -45.743  61.856 0.0000000000
59293  0.538  -44.947  61.771 0.0000000000
70731  0.417  -35.844  74.484 0.0000000000
69681  0.627  -35.752  73.699 0.0000000000
67252  0.789  -36.959  73.752 0.0000000000
68563  0.650  -36.527  72.779 0.0000000000
66106  2.958  -38.337  68.703 0.0000000000
66107  2.301  -37.698  69.198 0.0000000000
64882  3.271  -38.945  68.942 0.0000000000
63784  3.639  -39.087  68.286 0.0000000000
63791  4.432  -39.709  67.488 0.0000000000
63792  4.043  -39.219  67.669 0.0000000000
50947  3.860  -51.799  78.552 0.0000000000
52116  4.294  -51.348  78.496 0.0000000000
53255  5.256  -49.237  77.609 0.0000000000
53226  8.541  -49.399  80.739 0.0000000000
52108  8.564  -49.983  80.755 0.0000000000
52109  7.983  -50.374  80.547 0.0000000000
50940  6.528  -51.633  79.738 0.0000000000
49772  7.225  -51.710  80.076 0.0000000000
48564  6.496  -52.248  79.606 0.0000000000
47325  6.647  -52.543  79.222 0.0000000000
47326  5.878  -52.815  79.316 0.0000000000
47334  5.391  -53.280  78.924 0.0000000000
48565  5.591  -52.472  79.429 0.0000000000
49775  4.573  -52.489  79.228 0.0000000000
49782  4.030  -52.178  78.977 0.0000000000
48572  3.636  -52.601  78.714 0.0000000000
63673  -0.784  -40.570  78.998 0.0000000000
67153  -0.134  -38.121  79.193 0.0000000000
65949  -0.147  -38.782  78.252 0.0000000000
67162  -0.044  -37.982  78.452 0.0000000000
48640  1.304  -53.366  73.856 0.0000000000
56639  1.521  -45.923  77.944 0.0000000000
57804  1.298  -44.666  78.455 0.0000000000
57788  1.009  -44.048  78.761 0.0000000000
42527  2.233  -56.369  74.386 0.0000000000
42528  1.996  -56.292  74.092 0.0000000000
42560  1.551  -56.846  72.405 0.0000000000
42592  0.727  -57.751  70.489 0.0000000000
43828  0.700  -56.882  71.530 0.0000000000
45006  0.808  -55.895  72.258 0.0000000000
45018  0.375  -56.262  71.223 0.0000000000
45032  0.237  -56.359  70.221 0.0000000000
51040  1.716  -51.015  71.005 0.0000000000
53350  1.765  -49.346  71.052 0.0000000000
53349  2.238  -49.297  70.409 0.0000000000
53370  2.693  -49.303  69.871 0.0000000000
53371  2.378  -48.911  70.114 0.0000000000
60303  0.994  -44.131  70.889 0.0000000000
60325  1.117  -44.048  70.127 0.0000000000
60374  1.251  -43.960  67.796 0.0000000000
60400  0.544  -44.654  67.019 0.0000000000
59215  0.294  -44.937  66.546 0.0000000000
59214  0.955  -44.851  66.344 0.0000000000
59236  0.875  -45.107  65.727 0.0000000000
60425  1.576  -44.551  66.107 0.0000000000
59234  1.899  -44.554  65.230 0.0000000000
60445  2.548  -44.297  64.540 0.0000000000
60446  1.875  -44.410  64.221 0.0000000000
60444  3.596  -43.710  64.138 0.0000000000
67342  2.424  -36.927  68.565 0.0000000000
66132  4.087  -38.394  66.781 0.0000000000
67353  3.892  -37.445  67.314 0.0000000000
47373  1.627  -53.560  75.383 0.0000000000
49789  2.233  -51.881  77.478 0.0000000000
48585  1.812  -52.609  76.547 0.0000000000
50953  1.872  -51.118  77.337 0.0000000000
52117  3.531  -50.997  78.224 0.0000000000
50949  2.956  -51.371  77.922 0.0000000000
53233  3.057  -50.275  78.185 0.0000000000
53243  2.594  -48.898  78.194 0.0000000000
54375  2.247  -48.749  78.082 0.0000000000
53253  11.015  -48.730  77.994 0.0000000000
50954  9.882  -50.500  78.236 0.0000000000
50957  9.587  -50.345  77.394 0.0000000000
49793  8.904  -50.832  76.877 0.0000000000
48561  8.696  -51.660  79.754 0.0000000000
49778  8.936  -51.633  79.448 0.0000000000
48576  8.398  -52.006  78.834 0.0000000000
47363  7.677  -52.584  76.705 0.0000000000
48591  8.105  -52.187  77.217 0.0000000000
47371  7.704  -52.611  75.722 0.0000000000
48616  8.185  -52.283  75.247 0.0000000000
46180  6.476  -54.308  74.211 0.0000000000
43790  4.549  -55.608  75.073 0.0000000000
43802  4.204  -56.214  74.245 0.0000000000
42540  3.804  -56.330  74.153 0.0000000000
43791  3.850  -56.178  74.703 0.0000000000
46118  4.950  -53.667  78.353 0.0000000000
44936  4.964  -54.627  77.209 0.0000000000
46130  4.479  -54.076  77.788 0.0000000000
43752  3.820  -54.964  76.309 0.0000000000
43766  3.222  -55.664  75.571 0.0000000000
43780  2.859  -56.245  75.192 0.0000000000
43767  2.645  -55.641  75.489 0.0000000000
43781  2.108  -56.145  75.162 0.0000000000
46152  2.256  -54.273  75.797 0.0000000000
44964  2.108  -54.657  75.502 0.0000000000
55572  -0.649  -45.967  74.559 0.0000000000
55577  -0.387  -45.971  74.192 0.0000000000
59083  -0.948  -44.270  74.906 0.0000000000
57920  -0.900  -44.799  74.440 0.0000000000
59116  -0.639  -44.691  74.097 0.0000000000
59115  -0.430  -44.613  73.753 0.0000000000
59098  -0.521  -44.304  74.111 0.0000000000
62610  -0.281  -42.457  77.029 0.0000000000
62609  0.017  -42.201  76.969 0.0000000000
62634  0.231  -42.435  75.456 0.0000000000
61450  -0.106  -43.000  75.427 0.0000000000
61460  0.115  -43.027  74.671 0.0000000000
61476  0.146  -43.607  73.691 0.0000000000
61491  0.573  -43.367  72.943 0.0000000000
61475  0.664  -42.789  73.965 0.0000000000
62645  1.660  -41.350  74.418 0.0000000000
62677  1.614  -42.108  73.501 0.0000000000
62676  2.085  -41.935  73.188 0.0000000000
61489  2.386  -42.233  72.485 0.0000000000
62675  2.830  -41.676  72.814 0.0000000000
55522  7.364  -47.417  78.813 0.0000000000
57817  8.142  -46.436  78.734 0.0000000000
56721  13.676  -45.117  76.179 0.0000000000
56683  13.000  -45.580  77.239 0.0000000000
57799  14.965  -43.379  79.555 0.0000000000
57782  16.200  -43.402  80.365 0.0000000000
57813  16.031  -43.255  78.869 0.0000000000
56648  13.803  -44.144  78.538 0.0000000000
55519  12.754  -45.569  78.874 0.0000000000
55533  12.411  -46.031  77.795 0.0000000000
55520  12.194  -46.385  78.532 0.0000000000
55491  11.773  -46.410  79.796 0.0000000000
54365  11.631  -47.027  79.206 0.0000000000
54366  11.157  -47.678  79.255 0.0000000000
54367  10.664  -48.233  79.342 0.0000000000
54360  10.821  -47.776  79.578 0.0000000000
56622  10.641  -46.042  80.125 0.0000000000
55489  9.792  -47.146  80.228 0.0000000000
54368  9.256  -47.958  80.587 0.0000000000
55492  9.351  -47.306  80.379 0.0000000000
56635  8.663  -46.676  79.730 0.0000000000
55497  8.630  -47.089  80.062 0.0000000000
56636  8.043  -47.191  79.594 0.0000000000
45113  -0.015  -57.070  66.024 0.0000000000
46289  0.039  -56.054  67.057 0.0000000000
47468  0.274  -54.908  68.472 0.0000000000
47482  0.352  -55.085  67.624 0.0000000000
48707  0.653  -54.238  68.961 0.0000000000
47431  0.621  -54.853  71.194 0.0000000000
48669  0.914  -54.392  71.364 0.0000000000
49862  1.438  -53.095  72.240 0.0000000000
49894  1.933  -52.165  70.871 0.0000000000
49877  1.358  -51.571  72.320 0.0000000000
52181  0.542  -50.358  73.288 0.0000000000
52198  0.718  -49.516  72.739 0.0000000000
48605  1.270  -52.942  75.347 0.0000000000
49809  1.017  -51.568  75.593 0.0000000000
49824  0.988  -51.552  75.429 0.0000000000
50981  0.923  -51.828  74.642 0.0000000000
54385  1.022  -48.188  77.223 0.0000000000
53252  0.699  -48.896  76.577 0.0000000000
53268  0.121  -48.044  74.829 0.0000000000
55571  -0.443  -46.561  74.767 0.0000000000
57838  -0.618  -44.700  77.155 0.0000000000
56689  -0.733  -45.502  76.486 0.0000000000
59032  -0.724  -44.044  77.189 0.0000000000
59018  -0.465  -43.770  77.642 0.0000000000
53267  10.574  -49.133  75.548 0.0000000000
52164  9.936  -49.877  74.874 0.0000000000
41269  3.122  -57.471  70.804 0.0000000000
41242  2.021  -57.441  71.848 0.0000000000
41241  2.594  -57.182  71.825 0.0000000000
45098  -0.453  -56.869  67.013 0.0000000000
45097  -0.286  -56.921  66.909 0.0000000000
48753  1.478  -53.584  65.162 0.0000000000
49990  1.795  -53.165  64.924 0.0000000000
50005  2.059  -53.281  64.535 0.0000000000
51073  3.122  -51.526  68.443 0.0000000000
51091  2.973  -51.814  67.856 0.0000000000
51131  4.257  -51.149  65.493 0.0000000000
51132  3.552  -51.477  65.931 0.0000000000
50003  3.442  -52.769  63.813 0.0000000000
51176  4.643  -51.608  63.933 0.0000000000
52311  5.875  -50.271  63.340 0.0000000000
51189  5.706  -51.345  62.551 0.0000000000
52323  6.090  -50.264  62.317 0.0000000000
51188  6.210  -50.997  61.825 0.0000000000
55595  0.816  -47.091  72.353 0.0000000000
56811  1.284  -46.242  69.980 0.0000000000
55608  1.719  -47.070  70.946 0.0000000000
55633  1.848  -47.436  69.412 0.0000000000
55634  1.426  -47.094  68.746 0.0000000000
59176  0.683  -45.354  68.889 0.0000000000
57995  0.739  -45.815  68.792 0.0000000000
54564  1.364  -47.893  66.363 0.0000000000
54537  1.233  -47.400  67.312 0.0000000000
54536  1.706  -47.984  67.469 0.0000000000
54562  2.744  -48.384  66.549 0.0000000000
54586  2.848  -48.551  65.542 0.0000000000
53443  3.611  -48.846  63.011 0.0000000000
54619  4.236  -48.586  63.560 0.0000000000
53462  4.803  -49.136  61.873 0.0000000000
53485  5.463  -49.950  60.818 0.0000000000
53510  4.228  -49.845  61.024 0.0000000000
52359  4.534  -50.410  60.298 0.0000000000
52340  3.685  -49.963  60.999 0.0000000000
52343  1.954  -49.077  61.450 0.0000000000
56858  0.683  -46.661  63.408 0.0000000000
55718  0.758  -47.320  63.096 0.0000000000
56872  0.543  -46.902  62.539 0.0000000000
55775  0.792  -47.458  60.498 0.0000000000
54666  0.740  -47.547  61.177 0.0000000000
70701  0.121  -35.698  75.692 0.0000000000
68514  0.157  -36.805  75.820 0.0000000000
67213  0.306  -37.186  75.510 0.0000000000
65983  1.173  -38.499  75.494 0.0000000000
67211  0.923  -37.839  75.057 0.0000000000
66012  1.796  -37.992  73.294 0.0000000000
65997  2.419  -38.540  73.696 0.0000000000
64813  3.462  -39.606  72.905 0.0000000000
63750  3.779  -40.405  72.496 0.0000000000
66109  1.449  -37.123  70.093 0.0000000000
67299  1.141  -36.889  70.745 0.0000000000
66075  1.298  -37.206  71.262 0.0000000000
66053  1.554  -37.715  71.691 0.0000000000
66074  1.761  -37.594  70.925 0.0000000000
64880  4.363  -39.619  69.446 0.0000000000
64854  3.920  -39.349  70.377 0.0000000000
63775  4.837  -39.976  69.701 0.0000000000
63767  5.159  -40.687  70.156 0.0000000000
63774  5.328  -40.614  69.269 0.0000000000
62710  5.508  -41.502  68.791 0.0000000000
62716  5.679  -41.479  67.892 0.0000000000
62738  4.584  -41.241  65.240 0.0000000000
62737  5.301  -41.775  65.564 0.0000000000
62754  4.220  -41.719  64.463 0.0000000000
61613  3.761  -42.642  63.851 0.0000000000
62755  3.504  -41.499  64.094 0.0000000000
52115  5.193  -51.387  78.788 0.0000000000
52123  4.927  -50.868  78.430 0.0000000000
54390  5.856  -49.024  77.738 0.0000000000
53230  7.590  -49.359  80.149 0.0000000000
53228  7.415  -50.033  80.041 0.0000000000
52113  6.926  -50.688  79.817 0.0000000000
50944  6.458  -51.438  79.619 0.0000000000
49780  5.825  -51.962  79.374 0.0000000000
50945  5.556  -51.772  79.135 0.0000000000
50078  3.959  -52.139  58.030 0.0000000000
51259  3.863  -51.729  58.628 0.0000000000
46191  0.952  -55.495  72.393 0.0000000000
43794  1.734  -56.025  74.167 0.0000000000
43803  1.540  -56.143  73.242 0.0000000000
43815  1.058  -56.463  72.258 0.0000000000
52231  1.369  -49.830  71.918 0.0000000000
53323  1.126  -49.047  72.222 0.0000000000
54464  1.392  -48.204  71.721 0.0000000000
60324  1.888  -43.493  69.551 0.0000000000
60323  2.390  -43.284  69.369 0.0000000000
60373  2.236  -43.734  67.677 0.0000000000
60398  1.867  -44.119  66.803 0.0000000000
60372  3.386  -43.615  67.547 0.0000000000
60396  4.055  -43.779  66.403 0.0000000000
46145  2.216  -53.743  76.074 0.0000000000
47358  2.217  -53.206  76.804 0.0000000000
48578  2.455  -52.495  77.635 0.0000000000
54383  2.875  -48.373  78.144 0.0000000000
55510  2.781  -47.297  78.150 0.0000000000
52129  10.679  -49.315  78.938 0.0000000000
52133  10.684  -49.280  78.489 0.0000000000
50950  9.992  -50.722  78.913 0.0000000000
49785  9.525  -51.092  78.458 0.0000000000
47330  7.614  -52.369  78.577 0.0000000000
47343  8.031  -52.349  78.077 0.0000000000
47355  7.314  -52.830  77.804 0.0000000000
47364  7.259  -53.045  77.103 0.0000000000
47372  7.233  -53.092  76.193 0.0000000000
44972  4.937  -55.110  75.818 0.0000000000
43777  4.619  -55.229  75.753 0.0000000000
46131  3.781  -53.942  77.753 0.0000000000
46132  3.258  -53.819  77.630 0.0000000000
44940  3.076  -54.080  77.200 0.0000000000
44951  2.965  -54.507  76.501 0.0000000000
44962  2.708  -55.087  75.896 0.0000000000
44952  2.630  -54.288  76.326 0.0000000000
46144  2.460  -53.909  76.424 0.0000000000
57863  -1.192  -44.754  76.164 0.0000000000
56745  -1.148  -45.289  74.927 0.0000000000
57879  -1.223  -44.726  75.594 0.0000000000
59065  -1.013  -44.238  75.545 0.0000000000
60228  -0.775  -43.844  75.419 0.0000000000
63689  0.133  -40.683  77.453 0.0000000000
62619  0.380  -41.630  75.999 0.0000000000
62633  0.462  -41.930  75.390 0.0000000000
62664  0.833  -42.316  74.354 0.0000000000
62632  0.869  -41.441  75.226 0.0000000000
63721  1.359  -41.021  74.962 0.0000000000
63707  1.686  -39.928  75.254 0.0000000000
56699  14.200  -44.354  77.310 0.0000000000
57815  14.013  -43.865  78.810 0.0000000000
55496  12.427  -46.147  79.192 0.0000000000
56626  12.192  -46.142  79.994 0.0000000000
56620  11.997  -45.865  80.070 0.0000000000
56627  9.605  -46.481  80.110 0.0000000000
46276  -0.221  -56.193  67.658 0.0000000000
47416  1.192  -54.097  72.010 0.0000000000
48654  1.350  -53.567  72.368 0.0000000000
51006  0.464  -50.390  73.497 0.0000000000
49795  1.404  -51.942  76.345 0.0000000000
50958  1.074  -51.349  76.153 0.0000000000
50959  0.924  -50.574  76.445 0.0000000000
54386  0.758  -48.061  76.911 0.0000000000
55550  -0.220  -46.529  75.616 0.0000000000
56688  -0.345  -45.806  76.428 0.0000000000
56672  -0.496  -45.389  76.808 0.0000000000
50993  9.628  -50.566  75.079 0.0000000000
42572  4.120  -56.354  72.739 0.0000000000
42573  3.355  -56.715  72.133 0.0000000000
41239  3.105  -56.847  71.848 0.0000000000
41255  2.725  -57.387  71.335 0.0000000000
41257  1.951  -58.039  70.954 0.0000000000
42628  0.312  -57.763  68.710 0.0000000000
43898  -0.340  -57.341  67.706 0.0000000000
48741  0.695  -54.531  67.019 0.0000000000
48740  1.014  -53.929  66.433 0.0000000000
49939  1.352  -53.288  66.800 0.0000000000
49957  1.738  -52.782  66.343 0.0000000000
51054  3.452  -50.526  68.954 0.0000000000
51090  3.542  -51.261  67.726 0.0000000000
52271  4.094  -50.478  67.974 0.0000000000
52277  4.772  -50.319  66.664 0.0000000000
52283  4.827  -50.532  65.884 0.0000000000
51154  5.050  -51.036  64.379 0.0000000000
52282  5.385  -50.077  65.469 0.0000000000
53418  5.666  -49.415  65.024 0.0000000000
53427  5.950  -49.410  64.032 0.0000000000
57953  0.182  -45.572  72.562 0.0000000000
56804  1.046  -46.300  71.318 0.0000000000
56812  1.117  -45.995  70.394 0.0000000000
58020  0.422  -45.970  66.759 0.0000000000
56824  0.704  -46.371  67.502 0.0000000000
54565  1.191  -47.399  66.238 0.0000000000
54587  2.073  -48.476  65.654 0.0000000000
54604  3.197  -48.669  64.879 0.0000000000
53420  2.095  -48.679  64.970 0.0000000000
53430  2.122  -48.787  64.194 0.0000000000
53464  2.984  -49.169  62.462 0.0000000000
53489  2.491  -49.324  61.984 0.0000000000
53465  2.241  -49.175  62.465 0.0000000000
53466  1.757  -48.899  62.341 0.0000000000
53491  1.512  -48.599  61.600 0.0000000000
58058  0.623  -46.018  62.681 0.0000000000
56913  0.424  -46.267  61.231 0.0000000000
55797  0.581  -46.707  60.581 0.0000000000
70715  0.247  -35.767  74.808 0.0000000000
67235  0.849  -37.401  74.550 0.0000000000
66013  1.355  -37.534  73.095 0.0000000000
66031  1.884  -38.111  72.223 0.0000000000
66108  1.757  -37.332  69.715 0.0000000000
66092  2.279  -37.897  69.831 0.0000000000
66073  2.264  -37.982  70.499 0.0000000000
64869  2.813  -38.527  69.939 0.0000000000
64881  3.927  -39.358  69.147 0.0000000000
63782  4.736  -39.809  68.635 0.0000000000
63790  5.082  -40.271  67.476 0.0000000000
63801  4.686  -40.292  66.602 0.0000000000
48573  3.225  -52.521  78.323 0.0000000000
49784  3.134  -52.038  78.169 0.0000000000
53241  3.796  -49.679  78.113 0.0000000000
52102  9.403  -50.035  80.466 0.0000000000
50931  9.548  -50.573  79.981 0.0000000000
50933  8.894  -50.677  80.575 0.0000000000
49766  8.754  -51.122  80.331 0.0000000000
48562  8.281  -51.757  79.731 0.0000000000
50938  7.889  -51.084  80.514 0.0000000000
48570  7.911  -52.091  79.114 0.0000000000
47331  7.056  -52.546  78.759 0.0000000000
46115  6.779  -52.898  78.473 0.0000000000
46128  6.127  -53.734  77.964 0.0000000000
46141  5.771  -54.323  77.284 0.0000000000
46117  5.731  -53.601  78.416 0.0000000000
47335  4.642  -53.263  78.867 0.0000000000
49774  5.301  -52.289  79.332 0.0000000000
47328  4.521  -53.083  79.162 0.0000000000
47329  4.069  -53.022  79.050 0.0000000000
47336  3.939  -53.060  78.775 0.0000000000
62576  -0.780  -41.482  79.195 0.0000000000
61416  -0.616  -42.074  77.969 0.0000000000
62588  -0.701  -41.543  78.484 0.0000000000
65928  -0.333  -38.866  79.603 0.0000000000
64760  -0.487  -39.692  78.710 0.0000000000
64769  -0.192  -39.693  78.014 0.0000000000
65960  0.186  -38.776  77.452 0.0000000000
46232  0.124  -55.857  69.953 0.0000000000
47417  1.153  -54.442  72.203 0.0000000000
53236  1.634  -49.068  77.653 0.0000000000
53245  1.298  -49.190  77.339 0.0000000000
54377  1.425  -48.212  77.534 0.0000000000
55501  1.118  -46.982  77.465 0.0000000000
55502  0.839  -46.243  77.489 0.0000000000
57806  0.274  -44.685  78.017 0.0000000000
57805  0.707  -44.506  78.426 0.0000000000
42526  2.613  -56.477  74.381 0.0000000000
41216  3.056  -57.188  72.902 0.0000000000
41218  2.468  -56.654  73.042 0.0000000000
41230  2.165  -57.022  72.415 0.0000000000
42559  1.942  -56.742  72.745 0.0000000000
41231  1.817  -57.236  72.144 0.0000000000
42593  0.504  -57.277  70.518 0.0000000000
43829  0.448  -56.847  71.069 0.0000000000
49909  2.435  -52.285  69.041 0.0000000000
51056  2.496  -51.749  69.654 0.0000000000
51055  2.967  -51.121  69.313 0.0000000000
52229  1.966  -50.205  70.792 0.0000000000
52228  2.440  -50.088  70.200 0.0000000000
52246  2.849  -50.246  69.759 0.0000000000
52245  3.386  -49.943  69.287 0.0000000000
53369  3.240  -48.984  69.174 0.0000000000
54488  3.070  -48.673  69.019 0.0000000000
60327  0.636  -45.177  71.264 0.0000000000
60326  0.741  -44.828  70.407 0.0000000000
60351  0.669  -44.885  69.000 0.0000000000
60376  0.394  -44.981  68.248 0.0000000000
60375  0.602  -44.485  67.897 0.0000000000
56839  0.898  -46.528  65.655 0.0000000000
56840  0.844  -46.579  64.961 0.0000000000
55697  1.009  -47.177  64.082 0.0000000000
58038  0.643  -46.156  64.742 0.0000000000
58037  0.761  -45.681  64.560 0.0000000000
58046  0.851  -45.591  64.122 0.0000000000
59235  1.335  -44.823  65.458 0.0000000000
59253  1.260  -44.931  64.591 0.0000000000
59268  1.127  -45.179  63.951 0.0000000000
59267  1.204  -44.901  63.884 0.0000000000
60468  1.543  -44.316  63.568 0.0000000000
60469  0.912  -44.223  62.922 0.0000000000
66120  2.701  -37.693  68.545 0.0000000000
66119  3.385  -38.337  67.903 0.0000000000
64903  4.034  -39.046  67.190 0.0000000000
67352  4.305  -37.807  66.528 0.0000000000
50059  6.602  -52.425  59.572 0.0000000000
52119  2.551  -50.540  77.844 0.0000000000
53244  1.684  -49.728  77.560 0.0000000000
55499  2.115  -47.606  78.037 0.0000000000
54400  11.580  -48.054  76.798 0.0000000000
53258  11.250  -48.685  77.282 0.0000000000
53259  10.885  -49.128  76.511 0.0000000000
52134  10.356  -49.716  77.879 0.0000000000
52136  10.079  -49.854  76.756 0.0000000000
50980  9.594  -50.476  75.854 0.0000000000
49821  9.304  -51.112  75.255 0.0000000000
48627  8.598  -51.973  74.608 0.0000000000
49768  9.308  -51.278  79.616 0.0000000000
49786  9.343  -51.474  78.901 0.0000000000
49791  8.994  -51.483  78.179 0.0000000000
48584  8.247  -52.184  78.074 0.0000000000
48590  8.494  -51.838  77.728 0.0000000000
48603  8.397  -51.804  76.745 0.0000000000
48615  8.554  -51.913  75.744 0.0000000000
48639  8.207  -52.354  73.786 0.0000000000
46179  6.957  -53.749  74.725 0.0000000000
43814  4.423  -56.203  73.281 0.0000000000
42555  4.043  -56.359  73.632 0.0000000000
46142  5.299  -54.517  77.264 0.0000000000
44960  4.754  -54.944  76.430 0.0000000000
43764  4.353  -55.135  76.174 0.0000000000
44938  4.005  -54.418  77.259 0.0000000000
43779  3.449  -56.155  75.099 0.0000000000
42510  2.791  -56.518  74.994 0.0000000000
42525  2.978  -56.507  74.434 0.0000000000
42512  2.347  -56.430  74.799 0.0000000000
43782  1.961  -56.129  75.017 0.0000000000
44973  2.036  -55.580  75.265 0.0000000000
43783  1.756  -55.877  74.757 0.0000000000
54422  0.298  -47.671  73.716 0.0000000000
56779  0.026  -45.834  73.443 0.0000000000
56763  -0.589  -45.516  74.105 0.0000000000
56780  -0.404  -45.365  73.645 0.0000000000
57937  -0.258  -45.219  73.309 0.0000000000
62600  -0.477  -42.657  77.415 0.0000000000
61439  -0.534  -43.265  76.434 0.0000000000
60227  -0.487  -43.472  75.387 0.0000000000
62620  0.150  -42.246  76.050 0.0000000000
60256  -0.422  -43.964  74.221 0.0000000000
60268  -0.008  -44.349  73.353 0.0000000000
60285  0.365  -44.502  72.412 0.0000000000
60284  0.526  -44.381  72.040 0.0000000000
61518  0.739  -44.166  71.663 0.0000000000
61474  1.045  -42.554  73.660 0.0000000000
61490  1.323  -42.537  73.031 0.0000000000
61516  1.815  -43.377  71.126 0.0000000000
61515  2.783  -42.937  70.998 0.0000000000
61514  3.740  -42.464  71.046 0.0000000000
54381  6.877  -48.721  79.100 0.0000000000
55508  6.934  -48.034  78.810 0.0000000000
56667  7.566  -46.863  78.423 0.0000000000
56681  14.149  -44.169  77.747 0.0000000000
56682  13.361  -44.939  77.722 0.0000000000
55534  12.078  -47.076  77.367 0.0000000000
54378  11.981  -46.977  79.027 0.0000000000
53237  10.934  -48.559  78.880 0.0000000000
53229  10.810  -48.713  78.929 0.0000000000
53224  10.515  -48.998  79.258 0.0000000000
53220  9.984  -49.408  79.955 0.0000000000
57772  12.152  -44.816  80.372 0.0000000000
56621  11.260  -45.935  80.163 0.0000000000
55487  10.927  -47.017  79.935 0.0000000000
54362  10.006  -48.152  80.064 0.0000000000
53221  9.893  -49.201  80.168 0.0000000000
53222  9.391  -49.005  80.762 0.0000000000
54364  9.014  -48.663  80.803 0.0000000000
55493  8.683  -47.513  80.306 0.0000000000
54370  8.023  -48.586  80.433 0.0000000000
54380  7.388  -48.365  79.624 0.0000000000
47483  0.110  -55.757  67.324 0.0000000000
47444  0.141  -55.375  69.633 0.0000000000
48682  0.901  -54.366  70.861 0.0000000000
48693  0.833  -54.342  69.939 0.0000000000
52213  1.352  -50.553  71.983 0.0000000000
51026  1.245  -50.855  72.231 0.0000000000
52128  1.110  -49.712  77.092 0.0000000000
52132  0.884  -49.823  76.756 0.0000000000
50995  0.378  -50.370  73.932 0.0000000000
52165  0.372  -49.340  73.861 0.0000000000
55566  -0.985  -45.926  75.319 0.0000000000
55551  -0.687  -46.000  75.840 0.0000000000
56706  -1.102  -45.422  76.075 0.0000000000
60192  -0.568  -43.239  77.810 0.0000000000
59017  -0.072  -43.805  78.031 0.0000000000
60171  -0.201  -42.609  79.224 0.0000000000
54389  6.460  -48.769  78.301 0.0000000000
53274  10.236  -49.017  74.612 0.0000000000
53284  10.052  -48.952  73.560 0.0000000000
52180  9.819  -49.895  73.832 0.0000000000
41228  2.767  -56.805  72.690 0.0000000000
41270  2.551  -57.875  70.596 0.0000000000
48767  1.046  -54.552  65.349 0.0000000000
49937  2.454  -52.238  67.571 0.0000000000
49956  2.342  -52.259  66.753 0.0000000000
49976  2.267  -52.312  65.899 0.0000000000
51109  3.593  -51.362  66.793 0.0000000000
51133  2.925  -51.835  66.359 0.0000000000
49989  2.428  -52.554  64.958 0.0000000000
49988  3.144  -52.424  64.405 0.0000000000
48779  3.478  -53.151  63.469 0.0000000000
51175  5.336  -51.048  63.640 0.0000000000
51216  6.432  -51.500  60.011 0.0000000000
54465  1.337  -47.615  71.752 0.0000000000
55607  1.812  -47.680  71.042 0.0000000000
54490  2.303  -48.164  69.918 0.0000000000
54512  3.128  -48.519  68.563 0.0000000000
57982  0.969  -45.743  69.716 0.0000000000
55635  1.061  -46.711  68.187 0.0000000000
54514  1.700  -47.542  68.470 0.0000000000
54535  2.537  -48.278  67.541 0.0000000000
54534  3.683  -48.526  67.572 0.0000000000
54560  4.752  -48.665  66.264 0.0000000000
54601  5.605  -48.751  63.595 0.0000000000
54603  3.924  -48.548  64.422 0.0000000000
54618  4.992  -48.426  63.188 0.0000000000
54617  5.545  -48.819  62.673 0.0000000000
53461  5.769  -49.435  61.763 0.0000000000
53484  5.910  -50.109  60.687 0.0000000000
52357  6.000  -50.916  59.594 0.0000000000
52378  5.262  -50.975  59.359 0.0000000000
52379  4.504  -50.852  59.682 0.0000000000
51238  2.830  -51.194  59.463 0.0000000000
54621  1.122  -47.663  63.523 0.0000000000
54633  0.882  -47.809  62.688 0.0000000000
54646  1.236  -48.234  61.370 0.0000000000
55757  0.564  -47.248  61.811 0.0000000000
54647  0.849  -47.839  61.759 0.0000000000
53511  1.390  -48.642  60.603 0.0000000000
52384  1.296  -49.307  59.783 0.0000000000
68486  0.224  -37.038  77.750 0.0000000000
65972  0.385  -38.419  76.942 0.0000000000
69621  0.295  -36.230  76.706 0.0000000000
67192  0.437  -37.744  76.513 0.0000000000
65971  0.632  -38.571  76.514 0.0000000000
65970  0.921  -38.660  76.111 0.0000000000
64794  1.696  -39.307  75.228 0.0000000000
63720  2.040  -40.181  74.704 0.0000000000
65998  1.886  -38.405  74.464 0.0000000000
64804  2.552  -39.342  74.247 0.0000000000
63751  3.177  -41.033  73.002 0.0000000000
61501  4.185  -41.832  71.586 0.0000000000
61513  4.330  -41.928  71.207 0.0000000000
66030  2.467  -38.420  71.902 0.0000000000
64855  3.251  -38.846  70.519 0.0000000000
64839  3.739  -39.176  71.094 0.0000000000
63760  4.137  -39.811  71.497 0.0000000000
62703  4.975  -41.677  70.306 0.0000000000
61528  5.078  -41.968  69.828 0.0000000000
61557  5.355  -42.508  67.996 0.0000000000
60370  5.248  -43.017  67.157 0.0000000000
60395  5.119  -43.322  66.319 0.0000000000
62725  5.471  -41.373  66.376 0.0000000000
61593  5.450  -42.627  65.878 0.0000000000
60422  4.609  -43.581  65.063 0.0000000000
61633  3.448  -43.243  63.740 0.0000000000
61635  2.483  -42.851  63.433 0.0000000000
61637  1.232  -43.076  62.984 0.0000000000
63810  3.689  -40.221  65.111 0.0000000000
62756  2.888  -41.392  63.793 0.0000000000
61616  2.030  -41.888  63.401 0.0000000000
61653  0.750  -43.384  62.513 0.0000000000
41217  2.797  -56.685  73.113 0.0000000000
41227  2.811  -56.838  72.451 0.0000000000
41254  3.009  -57.061  71.581 0.0000000000
42509  3.262  -56.601  75.026 0.0000000000
42523  3.650  -56.324  74.521 0.0000000000
42539  4.039  -56.300  74.006 0.0000000000
42557  3.157  -56.707  72.833 0.0000000000
43753  3.441  -55.075  76.110 0.0000000000
43763  4.763  -55.051  76.108 0.0000000000
43792  3.551  -56.297  74.822 0.0000000000
43883  -0.158  -57.257  68.210 0.0000000000
44937  4.633  -54.535  77.266 0.0000000000
44946  5.459  -54.657  76.829 0.0000000000
44947  5.004  -54.781  77.105 0.0000000000
44948  4.753  -54.798  76.846 0.0000000000
44949  3.957  -54.735  76.744 0.0000000000
44950  3.635  -54.666  76.672 0.0000000000
44980  5.103  -55.297  75.076 0.0000000000
45046  0.247  -56.666  68.913 0.0000000000
45060  0.019  -56.668  68.533 0.0000000000
45086  -0.373  -56.796  67.501 0.0000000000
46116  6.400  -53.233  78.441 0.0000000000
46127  6.721  -53.100  78.182 0.0000000000
46143  2.667  -54.014  76.767 0.0000000000
46149  6.802  -53.401  77.365 0.0000000000
46247  0.127  -56.291  68.692 0.0000000000
47324  7.139  -52.392  79.081 0.0000000000
47332  6.729  -52.769  78.785 0.0000000000
47344  7.652  -52.454  78.312 0.0000000000
47356  7.095  -52.908  77.968 0.0000000000
48566  4.828  -52.688  79.341 0.0000000000
48567  4.328  -52.761  79.233 0.0000000000
48571  7.487  -52.250  79.129 0.0000000000
48575  8.885  -51.811  78.915 0.0000000000
48577  7.937  -52.194  78.702 0.0000000000
48705  1.884  -52.896  68.726 0.0000000000
48754  1.167  -53.980  65.588 0.0000000000
48765  1.705  -53.677  64.696 0.0000000000
48780  3.009  -53.454  63.668 0.0000000000
49765  8.954  -51.205  80.067 0.0000000000
49767  8.643  -51.023  80.607 0.0000000000
49770  8.664  -51.508  79.983 0.0000000000
49771  8.199  -51.452  80.256 0.0000000000
49776  4.221  -52.574  79.160 0.0000000000
49777  9.388  -51.387  79.357 0.0000000000
49779  6.268  -51.671  79.561 0.0000000000
49787  9.014  -51.721  79.141 0.0000000000
49790  9.239  -50.962  77.798 0.0000000000
49908  2.828  -51.792  68.799 0.0000000000
49978  1.391  -53.475  65.544 0.0000000000
50075  6.314  -52.661  58.720 0.0000000000
50092  5.305  -53.333  57.888 0.0000000000
50932  9.230  -50.678  80.246 0.0000000000
50936  9.627  -50.786  79.769 0.0000000000
50937  9.250  -50.982  79.967 0.0000000000
50939  7.075  -51.217  80.089 0.0000000000
50941  10.110  -50.578  79.351 0.0000000000
50942  9.737  -50.945  79.518 0.0000000000
50943  6.936  -50.990  79.995 0.0000000000
50965  1.018  -51.505  75.799 0.0000000000
51038  2.622  -50.677  69.886 0.0000000000
51157  2.911  -51.968  65.619 0.0000000000
51236  4.549  -51.353  59.042 0.0000000000
51237  3.712  -51.303  59.278 0.0000000000
51256  5.952  -52.287  58.493 0.0000000000
51257  5.441  -52.066  58.429 0.0000000000
52100  10.044  -49.942  79.862 0.0000000000
52103  8.891  -50.122  80.745 0.0000000000
52104  8.367  -50.537  80.721 0.0000000000
52105  10.374  -49.456  79.420 0.0000000000
52107  9.791  -50.334  79.891 0.0000000000
52111  10.507  -49.457  79.226 0.0000000000
52121  10.455  -50.039  79.090 0.0000000000
52214  1.115  -49.981  72.295 0.0000000000
52278  4.204  -50.756  67.182 0.0000000000
52297  4.984  -50.774  65.088 0.0000000000
52324  2.157  -49.235  61.863 0.0000000000
52325  1.966  -49.128  62.034 0.0000000000
52338  6.120  -50.559  60.523 0.0000000000
52339  5.758  -50.225  60.516 0.0000000000
52344  1.748  -48.795  61.308 0.0000000000
52358  5.358  -50.464  60.141 0.0000000000
52360  3.993  -50.219  60.634 0.0000000000
52361  3.239  -50.277  60.603 0.0000000000
52377  5.739  -51.206  59.136 0.0000000000
53225  10.441  -48.742  79.421 0.0000000000
53385  4.275  -49.228  68.049 0.0000000000
53386  3.876  -49.199  68.521 0.0000000000
53397  4.575  -49.059  67.493 0.0000000000
53419  2.557  -48.784  64.757 0.0000000000
53421  1.817  -48.487  65.087 0.0000000000
53428  3.488  -48.819  63.673 0.0000000000
53444  2.841  -49.046  63.189 0.0000000000
53445  2.160  -49.013  63.313 0.0000000000
53460  6.044  -49.967  61.005 0.0000000000
53463  3.943  -49.067  62.290 0.0000000000
53486  4.840  -49.577  61.252 0.0000000000
53488  3.096  -49.435  61.792 0.0000000000
53490  1.711  -48.817  61.673 0.0000000000
53509  4.691  -50.018  60.760 0.0000000000
53537  1.181  -48.721  59.218 0.0000000000
54371  11.783  -46.892  79.078 0.0000000000
54441  1.080  -48.569  72.249 0.0000000000
54462  2.045  -48.757  70.676 0.0000000000
54491  2.019  -47.744  70.308 0.0000000000
54538  1.100  -47.168  66.786 0.0000000000
54583  5.484  -48.769  64.567 0.0000000000
54585  3.892  -48.426  65.465 0.0000000000
54602  4.927  -48.361  64.086 0.0000000000
54605  1.593  -48.200  64.587 0.0000000000
54606  1.444  -47.943  64.272 0.0000000000
54620  1.239  -48.062  63.161 0.0000000000
54630  4.857  -48.758  62.495 0.0000000000
54631  4.338  -48.668  62.901 0.0000000000
54632  1.107  -48.208  62.220 0.0000000000
54704  1.206  -48.421  59.218 0.0000000000
55494  8.016  -48.079  80.276 0.0000000000
55621  2.009  -47.581  69.945 0.0000000000
55646  1.133  -47.047  67.884 0.0000000000
55677  0.943  -46.862  64.625 0.0000000000
55776  0.507  -46.988  61.175 0.0000000000
56650  8.687  -46.330  79.383 0.0000000000
57837  -0.418  -45.134  77.108 0.0000000000
58007  0.466  -45.901  67.789 0.0000000000
58030  0.721  -46.298  65.248 0.0000000000
58087  0.472  -45.554  61.241 0.0000000000
58990  0.111  -43.027  79.040 0.0000000000
59054  -1.019  -44.188  76.163 0.0000000000
59099  -0.658  -44.310  74.338 0.0000000000
59216  -0.028  -45.499  67.092 0.0000000000
59237  0.496  -45.445  66.140 0.0000000000
59252  1.629  -44.673  64.747 0.0000000000
59281  0.648  -45.139  62.352 0.0000000000
60220  -0.541  -43.485  75.898 0.0000000000
60257  -0.611  -44.053  74.446 0.0000000000
60346  4.421  -43.120  68.256 0.0000000000
60421  5.213  -43.139  65.524 0.0000000000
60424  2.357  -44.304  65.775 0.0000000000
60443  4.230  -43.236  64.220 0.0000000000
60447  1.550  -44.657  64.246 0.0000000000
60465  3.253  -43.454  63.704 0.0000000000
60466  2.857  -43.648  63.654 0.0000000000
60487  0.615  -44.227  62.302 0.0000000000
61407  -1.001  -42.944  78.082 0.0000000000
61427  -0.394  -42.859  76.783 0.0000000000
61428  -0.694  -43.105  76.942 0.0000000000
61487  3.557  -41.844  72.205 0.0000000000
61502  3.839  -41.985  71.866 0.0000000000
61503  3.012  -42.468  71.789 0.0000000000
61506  0.595  -44.081  72.175 0.0000000000
61507  0.409  -44.279  72.558 0.0000000000
61517  1.026  -43.915  71.313 0.0000000000
61529  4.692  -42.173  70.204 0.0000000000
61533  1.117  -43.971  70.686 0.0000000000
61543  5.170  -42.160  69.315 0.0000000000
61558  4.755  -43.001  68.195 0.0000000000
61594  5.187  -42.670  65.070 0.0000000000
61614  2.955  -42.177  63.656 0.0000000000
61634  3.109  -43.009  63.546 0.0000000000
61636  1.853  -42.642  63.270 0.0000000000
61654  0.545  -43.443  61.999 0.0000000000
62646  1.035  -41.791  74.629 0.0000000000
62647  0.548  -42.339  74.734 0.0000000000
62648  0.329  -42.477  75.076 0.0000000000
62661  2.570  -41.289  73.464 0.0000000000
62662  1.922  -41.692  73.809 0.0000000000
62673  4.153  -41.080  72.162 0.0000000000
62674  3.609  -41.482  72.420 0.0000000000
62684  4.308  -41.498  71.638 0.0000000000
62685  4.029  -41.550  72.068 0.0000000000
62693  5.152  -41.141  70.295 0.0000000000
62694  4.878  -41.273  70.735 0.0000000000
62724  5.747  -41.735  67.052 0.0000000000
62727  4.394  -40.587  65.812 0.0000000000
62736  5.604  -42.023  66.288 0.0000000000
62753  4.867  -41.953  64.817 0.0000000000
62757  2.376  -41.320  63.539 0.0000000000
62774  1.873  -41.723  63.303 0.0000000000
63719  2.560  -39.922  74.252 0.0000000000
63732  3.448  -40.080  73.059 0.0000000000
63749  4.159  -40.724  72.146 0.0000000000
63769  4.135  -39.536  70.895 0.0000000000
63789  5.598  -40.953  67.355 0.0000000000
63799  5.604  -41.174  66.846 0.0000000000
63800  5.295  -40.751  66.728 0.0000000000
64786  0.700  -39.486  76.704 0.0000000000
64795  1.389  -39.359  75.764 0.0000000000
64805  2.113  -39.296  74.755 0.0000000000
64814  3.063  -39.019  73.417 0.0000000000
64826  3.685  -39.310  71.998 0.0000000000
64840  3.016  -38.616  71.389 0.0000000000
64853  4.225  -39.586  70.176 0.0000000000
64856  2.689  -38.352  70.782 0.0000000000
64866  4.395  -39.686  69.951 0.0000000000
64867  4.014  -39.448  69.796 0.0000000000
65984  0.790  -38.345  75.957 0.0000000000
65999  1.403  -38.336  74.878 0.0000000000
66011  2.448  -38.433  72.815 0.0000000000
66014  1.223  -37.321  72.960 0.0000000000
66032  1.451  -37.688  72.486 0.0000000000
66051  2.509  -38.364  71.425 0.0000000000
66052  2.166  -38.123  71.310 0.0000000000
66093  1.803  -37.521  70.257 0.0000000000
66143  4.302  -38.366  66.046 0.0000000000
67212  0.631  -37.801  75.624 0.0000000000
67233  1.564  -37.880  74.184 0.0000000000
67234  1.286  -37.832  74.522 0.0000000000
67250  1.462  -37.657  73.755 0.0000000000
67251  1.142  -37.273  73.527 0.0000000000
67269  1.120  -37.156  72.627 0.0000000000
67270  0.889  -36.967  72.944 0.0000000000
67315  1.162  -36.823  70.272 0.0000000000
68471  0.019  -37.375  78.702 0.0000000000
69666  0.571  -35.858  74.100 0.0000000000
69667  0.486  -36.052  74.330 0.0000000000
70730  0.619  -35.605  74.173 0.0000000000
