#!ascii label  , from subject 3459 vox2ras=TkReg
668
80465  20.988  -26.105  6.534 0.1428571492
80466  20.115  -26.297  6.320 0.1428571492
82641  20.922  -24.988  5.531 0.1428571492
80464  21.592  -26.031  6.843 0.1428571492
81525  21.739  -25.395  6.355 0.2857142985
81527  19.956  -25.507  5.928 0.1428571492
81507  22.122  -25.695  6.846 0.1428571492
82657  21.922  -24.139  5.256 0.5714285970
82639  22.679  -24.407  6.019 0.1428571492
83879  23.567  -23.647  5.828 0.2857142985
82638  23.770  -23.990  6.424 0.2857142985
83892  24.682  -23.036  5.640 0.1428571492
83878  24.220  -23.394  6.069 0.2857142985
86221  25.469  -21.605  4.049 0.2857142985
85136  24.993  -22.201  4.040 0.2857142985
88525  26.645  -19.541  2.832 0.2857142985
87348  26.613  -20.552  4.198 0.2857142985
89662  26.681  -18.760  2.488 0.2857142985
89663  26.002  -18.629  2.575 0.2857142985
91738  26.981  -16.969  2.229 0.2857142985
94993  27.024  -14.255  3.736 0.8571428657
92801  26.922  -15.516  3.089 0.4285714328
90706  27.298  -17.952  2.153 0.2857142985
97180  27.999  -12.030  3.792 0.7142857313
96090  27.843  -13.021  3.484 0.7142857313
94992  27.606  -13.951  3.220 0.7142857313
93884  27.272  -14.879  3.023 0.7142857313
98211  28.448  -11.066  3.643 0.8571428657
96074  27.254  -13.095  4.013 0.7142857313
94972  27.011  -13.652  4.027 0.7142857313
99213  28.898  -9.287  4.249 0.4285714328
101220  30.098  -7.707  3.892 0.2857142985
101211  29.045  -7.691  4.645 0.5714285970
99214  28.325  -9.296  4.367 0.8571428657
100246  29.262  -8.385  4.345 0.7142857313
99224  27.915  -10.005  4.174 0.8571428657
102226  30.798  -6.500  3.931 0.1428571492
102237  30.616  -6.920  3.603 0.1428571492
102227  29.857  -6.810  4.745 0.4285714328
100248  27.761  -8.409  4.549 0.8571428657
105133  30.645  -3.780  4.978 0.1428571492
103225  30.892  -5.761  4.052 0.1428571492
103208  30.536  -5.613  4.914 0.1428571492
103209  29.945  -5.614  5.433 0.4285714328
101212  28.201  -7.614  4.778 0.8571428657
106116  31.092  -2.704  3.878 0.1428571492
106115  30.993  -3.431  3.793 0.1428571492
106101  30.248  -3.012  5.190 0.1428571492
104172  30.108  -5.038  5.534 0.1428571492
105134  29.382  -3.979  5.762 0.4285714328
103192  29.023  -5.578  5.563 0.5714285970
102216  28.357  -6.232  5.174 0.7142857313
101213  27.305  -7.426  4.492 0.8571428657
107070  30.657  -1.519  4.499 0.1428571492
108014  30.265  -0.377  4.813 0.1428571492
106102  29.328  -2.594  5.754 0.1428571492
105135  28.534  -3.673  5.632 0.5714285970
103193  28.355  -5.497  5.372 0.8571428657
102229  27.837  -6.561  4.879 0.8571428657
103194  28.009  -5.926  5.111 0.8571428657
108027  30.702  -0.461  3.926 0.1428571492
107071  29.976  -1.256  5.323 0.1428571492
107072  28.928  -1.123  5.401 0.8571428657
104157  28.816  -4.924  5.647 0.7142857313
105136  27.658  -3.312  5.192 0.8571428657
110031  30.137  1.431  4.513 0.1428571492
111029  30.532  2.474  3.541 0.1428571492
109018  29.827  0.593  4.962 0.4285714328
108017  27.595  -0.509  4.626 0.8571428657
107073  27.942  -1.359  5.109 0.8571428657
104175  27.142  -4.113  4.489 0.8571428657
110032  29.290  1.495  4.796 0.4285714328
107074  27.197  -1.424  4.505 0.8571428657
106104  27.424  -2.292  4.980 0.8571428657
106105  26.815  -2.309  4.302 0.8571428657
111016  29.767  2.423  4.300 0.1428571492
112003  29.551  3.386  3.812 0.2857142985
111017  28.705  2.333  4.495 0.8571428657
110033  28.303  1.400  4.707 0.8571428657
109020  27.928  0.448  4.702 0.8571428657
108018  26.844  -0.596  4.122 0.8571428657
109021  27.138  0.273  4.272 0.8571428657
107080  26.514  -1.483  3.900 0.8571428657
112974  29.554  3.948  3.403 0.2857142985
111992  29.059  2.945  4.241 0.5714285970
111993  28.600  2.910  4.243 0.8571428657
110035  26.821  0.741  3.935 0.8571428657
110048  26.359  1.166  3.482 0.8571428657
108028  26.201  -0.652  3.512 0.8571428657
112004  28.587  3.430  3.894 0.8571428657
112005  27.530  3.457  3.417 0.8571428657
110047  26.807  1.799  3.658 0.8571428657
111033  26.335  2.302  3.180 0.7142857313
111034  25.835  1.673  3.003 0.7142857313
112976  28.280  4.049  3.366 0.8571428657
112988  27.639  4.453  2.788 0.8571428657
112006  26.905  2.903  3.316 0.8571428657
112016  27.120  3.929  2.845 0.8571428657
112989  26.757  4.370  2.336 0.8571428657
111042  25.941  2.790  2.672 0.7142857313
114856  29.312  6.922  1.851 0.7142857313
114843  28.251  6.037  2.180 0.8571428657
114857  28.463  6.752  1.819 0.8571428657
114858  27.392  6.385  1.469 0.8571428657
115812  27.509  7.485  0.808 0.7142857313
112017  26.550  3.384  2.780 0.8571428657
113899  27.106  5.319  2.009 0.8571428657
118501  30.825  10.510  -1.952 0.1428571492
115802  28.051  7.198  1.377 0.8571428657
116778  28.171  8.409  0.696 0.7142857313
117662  28.288  9.527  0.230 0.7142857313
119365  30.240  11.554  -2.316 0.1428571492
118476  28.725  10.062  0.157 0.5714285970
118489  28.343  10.345  -0.220 0.5714285970
118504  26.950  10.689  -1.228 0.5714285970
119345  28.947  11.235  -0.769 0.1428571492
121230  29.428  12.805  -3.369 0.1428571492
119357  26.447  11.210  -1.686 0.5714285970
121242  27.736  14.162  -3.601 0.1428571492
122209  27.703  14.492  -4.127 0.1428571492
120293  27.910  12.614  -1.965 0.1428571492
122221  27.171  15.151  -4.578 0.1428571492
120283  27.742  11.984  -1.455 0.5714285970
122210  26.991  14.471  -3.620 0.1428571492
122203  26.538  13.907  -3.098 0.1428571492
123154  26.385  15.550  -4.647 0.1428571492
122211  25.734  14.292  -3.639 0.1428571492
80442  20.483  -26.657  6.794 0.1428571492
79413  19.917  -26.914  6.816 0.1428571492
82640  21.506  -24.837  5.682 0.2857142985
81524  22.432  -25.177  6.606 0.1428571492
82620  23.401  -24.762  6.746 0.2857142985
86207  25.510  -21.897  4.786 0.2857142985
85121  24.982  -22.526  4.830 0.1428571492
91739  26.480  -17.007  2.819 0.2857142985
90707  26.332  -17.794  2.556 0.2857142985
91720  26.731  -16.281  2.870 0.5714285970
98210  29.121  -11.325  2.970 0.2857142985
94973  26.244  -13.751  4.196 0.7142857313
100256  29.663  -8.703  3.789 0.1428571492
99215  27.458  -9.101  4.276 0.8571428657
102228  28.702  -6.891  5.015 0.7142857313
105137  27.096  -3.053  4.631 0.8571428657
112975  29.053  4.069  3.498 0.8571428657
114842  29.085  6.261  2.214 0.8571428657
115801  28.724  7.518  1.484 0.8571428657
116777  29.105  8.983  0.785 0.7142857313
118488  29.371  10.612  -0.462 0.2857142985
120282  28.608  12.166  -1.593 0.1428571492
121231  28.912  13.173  -3.148 0.1428571492
122235  28.134  15.297  -5.886 0.1428571492
79414  19.321  -26.790  6.688 0.1428571492
83893  24.100  -23.194  5.327 0.2857142985
82656  22.539  -23.895  5.314 0.4285714328
83895  22.380  -23.529  4.905 0.2857142985
87360  26.430  -20.114  3.199 0.2857142985
87378  25.607  -20.391  2.863 0.2857142985
86236  25.301  -21.169  3.324 0.2857142985
87377  25.974  -20.149  2.784 0.2857142985
93885  26.548  -14.789  3.751 0.7142857313
104189  31.210  -4.271  3.522 0.1428571492
107079  30.779  -1.501  3.338 0.1428571492
109017  30.489  0.528  4.342 0.1428571492
110046  30.646  1.407  3.891 0.1428571492
108016  28.455  -0.402  5.055 0.8571428657
103211  27.577  -5.383  4.856 0.8571428657
102230  26.976  -6.350  4.325 1.0000000000
112002  30.192  3.286  3.515 0.1428571492
112014  30.580  3.634  2.699 0.1428571492
112986  29.651  4.549  2.956 0.2857142985
110049  25.549  1.044  2.773 0.8571428657
113896  29.854  5.732  2.321 0.5714285970
114841  29.653  6.427  2.049 0.5714285970
115799  30.263  7.877  1.132 0.5714285970
116765  28.957  8.202  1.203 0.7142857313
117676  29.793  10.091  -0.118 0.4285714328
116787  30.697  9.187  -0.167 0.2857142985
117675  30.367  9.936  -0.495 0.2857142985
118502  30.355  10.752  -1.452 0.1428571492
119353  29.974  11.422  -1.743 0.1428571492
120281  29.247  12.160  -1.941 0.1428571492
120295  25.755  12.290  -2.528 0.2857142985
120291  29.578  12.373  -2.703 0.1428571492
121232  27.632  13.518  -2.816 0.1428571492
121233  26.266  13.236  -2.696 0.1428571492
121243  25.704  13.472  -3.177 0.1428571492
121241  28.509  14.024  -4.011 0.1428571492
122223  25.227  15.697  -5.036 0.1428571492
122212  24.545  14.059  -4.268 0.1428571492
114855  30.283  6.736  1.660 0.4285714328
115810  30.784  7.946  0.518 0.4285714328
116775  30.884  8.644  0.015 0.4285714328
116764  29.649  8.386  1.087 0.5714285970
117660  29.964  9.777  0.082 0.5714285970
81526  20.833  -25.508  5.922 0.1428571492
81542  19.996  -24.748  5.822 0.2857142985
82621  22.826  -24.946  6.636 0.1428571492
83894  23.170  -23.493  5.116 0.1428571492
87349  25.992  -21.031  3.952 0.2857142985
97163  26.634  -12.354  4.226 0.7142857313
99223  29.221  -10.055  3.470 0.8571428657
98212  27.319  -10.757  4.094 0.8571428657
101210  29.565  -7.848  4.274 0.5714285970
102215  28.923  -6.231  5.335 0.5714285970
104171  30.876  -4.827  4.555 0.1428571492
104156  29.275  -4.854  5.729 0.1428571492
108015  29.419  -0.322  5.247 0.5714285970
104174  27.843  -4.347  5.224 0.8571428657
106103  28.251  -2.392  5.548 0.8571428657
109019  28.865  0.567  5.065 0.8571428657
111018  27.869  2.097  4.383 0.8571428657
109031  26.524  0.194  3.768 0.8571428657
111032  27.250  2.397  3.774 0.8571428657
113897  28.917  5.475  2.617 0.8571428657
113898  28.029  5.315  2.484 0.8571428657
119347  27.901  10.726  -0.602 0.5714285970
118490  27.402  10.255  -0.760 0.5714285970
121240  29.359  13.234  -3.965 0.1428571492
120294  26.835  12.356  -1.993 0.4285714328
122220  28.083  14.719  -4.865 0.1428571492
121254  28.695  14.333  -4.860 0.1428571492
120292  28.664  12.686  -2.344 0.1428571492
122222  26.294  15.088  -4.228 0.1428571492
86206  26.136  -21.459  5.112 0.1428571492
88527  25.577  -19.992  2.750 0.5714285970
121234  25.527  12.881  -2.991 0.1428571492
88513  24.488  -19.587  3.649 0.5714285970
87350  23.696  -20.300  4.119 0.5714285970
88494  22.819  -19.456  4.458 0.2857142985
89653  24.941  -18.538  3.532 0.5714285970
89636  23.601  -18.253  4.407 0.5714285970
87352  22.035  -20.668  4.595 0.4285714328
89638  21.922  -18.612  4.774 0.2857142985
89637  22.903  -18.380  4.525 0.4285714328
90696  25.598  -17.640  3.377 0.4285714328
90697  24.438  -17.469  4.272 0.5714285970
90698  23.899  -17.900  4.387 0.5714285970
90683  23.248  -17.334  4.525 0.4285714328
91721  26.071  -16.600  3.497 0.5714285970
91722  25.054  -16.448  4.205 0.5714285970
92803  25.555  -15.601  4.091 0.7142857313
92781  24.635  -15.308  4.340 0.4285714328
90685  21.272  -17.654  4.913 0.2857142985
89616  21.113  -18.332  5.061 0.2857142985
90682  23.732  -16.657  4.510 0.4285714328
93863  25.766  -14.282  4.188 0.7142857313
94975  24.180  -13.725  3.810 0.4285714328
94994  24.548  -12.669  3.598 0.7142857313
94995  24.105  -12.887  3.533 0.5714285970
96092  24.204  -12.120  3.348 0.7142857313
96093  23.441  -12.165  3.281 0.2857142985
94974  25.043  -13.357  3.911 0.7142857313
97182  25.705  -11.718  3.867 0.7142857313
98215  24.315  -10.700  2.862 0.7142857313
98214  25.090  -10.684  3.100 0.7142857313
98227  24.517  -9.945  2.617 0.7142857313
99241  23.952  -9.203  2.362 0.4285714328
97162  27.384  -12.427  4.056 0.5714285970
97164  26.099  -12.426  4.210 0.5714285970
97181  26.855  -11.587  4.170 0.5714285970
98213  26.080  -10.467  3.576 0.5714285970
98226  25.298  -9.757  2.821 0.7142857313
99239  25.366  -8.844  2.750 0.7142857313
100267  25.511  -7.989  2.893 0.7142857313
99240  24.716  -9.004  2.435 0.7142857313
100269  24.168  -8.146  2.229 0.5714285970
101231  24.362  -6.979  2.075 0.5714285970
99225  26.639  -9.386  3.808 0.5714285970
99238  25.882  -8.774  3.192 0.7142857313
99226  25.856  -9.456  3.164 0.7142857313
101229  25.805  -7.002  3.122 0.8571428657
102248  25.817  -6.073  2.987 0.7142857313
102249  25.422  -6.217  2.630 0.7142857313
103239  25.613  -5.693  2.758 0.7142857313
102250  24.820  -6.130  2.237 0.5714285970
100249  26.869  -8.304  4.190 0.5714285970
102239  26.292  -6.197  3.541 0.8571428657
103240  25.208  -5.217  2.512 0.7142857313
103241  24.479  -5.182  2.037 0.5714285970
105168  24.702  -3.359  2.405 0.2857142985
103226  25.981  -5.199  3.052 0.7142857313
106132  24.400  -2.463  2.018 0.7142857313
103212  26.742  -5.250  3.952 0.7142857313
104191  26.407  -4.213  3.587 0.8571428657
104206  25.133  -4.199  2.670 0.8571428657
107081  25.888  -1.541  3.263 0.8571428657
105153  25.978  -3.300  3.340 0.8571428657
106118  25.555  -2.437  3.082 0.8571428657
107092  25.222  -1.581  2.706 0.8571428657
107093  24.634  -1.595  2.153 0.7142857313
105152  26.590  -3.234  4.010 0.8571428657
106117  26.210  -2.386  3.652 0.8571428657
108040  24.909  -0.741  2.331 0.8571428657
108029  25.549  -0.697  2.900 0.8571428657
109032  25.857  0.203  3.193 0.8571428657
109039  25.207  0.134  2.524 0.7142857313
112990  26.166  3.930  2.103 0.7142857313
112024  25.057  2.996  1.581 0.7142857313
112997  26.229  4.531  1.792 0.5714285970
112025  24.504  2.777  1.106 0.7142857313
112998  25.503  4.118  1.474 0.7142857313
113910  26.833  5.757  1.482 0.7142857313
114859  26.696  5.970  1.207 0.8571428657
113916  25.819  5.791  0.427 0.7142857313
113005  24.925  4.373  0.791 0.7142857313
114868  25.716  6.208  -0.197 0.7142857313
115819  25.618  7.050  -1.006 0.7142857313
113923  24.652  5.729  -0.628 0.5714285970
115813  26.787  7.271  0.066 0.7142857313
115818  26.314  7.399  -0.622 0.7142857313
114874  24.357  6.113  -1.051 0.5714285970
116789  26.098  8.219  -1.139 0.4285714328
116790  25.435  7.723  -1.437 0.5714285970
115820  24.752  6.805  -1.388 0.5714285970
116780  26.622  7.774  -0.495 0.5714285970
113925  23.742  5.439  -0.353 0.5714285970
115825  25.055  7.439  -1.582 0.5714285970
115821  23.944  6.848  -1.505 0.5714285970
114875  23.627  6.157  -0.626 0.4285714328
114869  23.193  6.073  -0.051 0.5714285970
113920  22.757  5.104  0.944 0.4285714328
115822  23.216  7.394  -1.083 0.5714285970
116794  25.495  8.677  -1.887 0.5714285970
114870  22.804  6.215  0.647 0.4285714328
112991  22.159  4.867  1.995 0.4285714328
114876  23.123  6.648  -0.256 0.5714285970
116781  22.732  8.346  0.325 0.4285714328
93904  27.786  -14.789  2.155 0.2857142985
116791  22.714  8.291  -0.760 0.2857142985
115803  22.694  7.370  1.146 0.4285714328
86223  23.300  -21.297  4.030 0.5714285970
89652  25.543  -18.566  2.909 0.2857142985
88512  25.287  -19.386  2.905 0.4285714328
90708  25.849  -18.158  2.778 0.2857142985
88495  21.967  -19.787  4.642 0.2857142985
90684  22.120  -17.488  4.666 0.4285714328
91705  24.286  -15.839  4.412 0.5714285970
91708  22.181  -16.380  4.489 0.2857142985
93865  24.053  -14.436  4.082 0.5714285970
96089  28.382  -12.940  2.837 0.2857142985
94996  23.317  -13.220  3.590 0.2857142985
97184  23.681  -11.176  2.965 0.7142857313
105167  25.272  -3.334  2.905 0.7142857313
111043  25.341  2.102  2.336 0.7142857313
112018  25.740  3.238  2.174 0.7142857313
110063  24.757  1.578  1.744 0.7142857313
113917  24.999  5.271  0.117 0.7142857313
113924  24.212  5.549  -0.535 0.5714285970
117663  27.711  8.908  0.127 0.5714285970
116788  26.815  8.749  -0.730 0.5714285970
117678  27.344  9.322  -0.446 0.5714285970
117679  26.600  9.215  -1.106 0.5714285970
115826  24.433  7.562  -1.822 0.5714285970
116796  24.130  8.491  -2.255 0.2857142985
91706  23.672  -15.887  4.413 0.4285714328
88526  26.004  -19.436  2.594 0.2857142985
96075  26.494  -13.001  4.251 0.5714285970
101221  26.469  -7.247  3.937 0.7142857313
114866  27.027  6.892  0.753 0.8571428657
92802  26.326  -15.648  3.578 0.5714285970
93886  25.885  -14.984  4.053 0.5714285970
109040  24.628  0.042  1.966 0.7142857313
88493  23.665  -19.102  4.307 0.5714285970
87363  24.400  -20.644  3.556 0.4285714328
87351  22.723  -20.496  4.352 0.5714285970
89654  24.211  -18.495  4.140 0.5714285970
86224  22.511  -21.388  4.379 0.5714285970
91723  24.257  -16.465  4.446 0.5714285970
91707  23.008  -16.122  4.400 0.4285714328
93864  25.009  -14.504  4.208 0.5714285970
94976  23.666  -13.903  3.784 0.4285714328
96076  25.705  -12.747  4.111 0.7142857313
96091  24.951  -12.340  3.660 0.7142857313
97183  24.630  -11.448  3.286 0.7142857313
100268  24.899  -8.025  2.400 0.7142857313
100258  26.163  -8.133  3.511 0.5714285970
101230  25.148  -7.075  2.505 0.7142857313
104207  24.611  -4.276  2.228 0.5714285970
104221  24.078  -4.254  1.808 0.2857142985
113911  26.119  5.318  1.225 0.7142857313
113912  25.357  4.793  0.914 0.7142857313
115814  26.232  6.814  -0.287 0.8571428657
116795  25.036  8.206  -1.972 0.7142857313
115828  23.377  8.032  -1.606 0.5714285970
115815  22.880  7.403  -0.002 0.4285714328
92783  23.032  -15.179  4.160 0.4285714328
82658  20.830  -24.325  5.426 0.4285714328
88509  27.551  -19.420  3.752 0.1428571492
89651  27.166  -19.174  2.886 0.1428571492
89661  27.361  -18.655  2.633 0.1428571492
92819  27.502  -15.865  2.233 0.1428571492
90694  27.813  -18.297  2.652 0.1428571492
89650  27.765  -18.945  3.406 0.1428571492
92818  28.252  -16.022  1.535 0.1428571492
91737  27.982  -16.971  1.909 0.1428571492
90705  28.023  -17.772  2.336 0.1428571492
96109  28.867  -12.963  1.945 0.2857142985
123176  22.812  16.415  -6.791 0.1428571492
123166  22.478  15.591  -6.171 0.1428571492
110064  24.169  1.153  1.341 0.4285714328
111051  24.683  2.117  1.430 0.5714285970
111061  23.553  2.402  0.769 0.4285714328
119381  23.407  11.148  -3.878 0.2857142985
118518  24.092  10.000  -3.556 0.2857142985
117689  25.001  9.147  -2.520 0.2857142985
119369  24.492  10.511  -3.278 0.2857142985
110067  21.845  1.354  1.935 0.1428571492
112033  24.098  3.019  0.722 0.5714285970
118519  23.474  9.755  -3.208 0.2857142985
117688  25.867  9.212  -1.770 0.4285714328
111063  22.735  2.598  1.207 0.4285714328
113007  23.434  4.199  0.489 0.5714285970
117697  24.120  9.204  -2.845 0.2857142985
112026  22.303  3.310  1.527 0.4285714328
112027  21.821  3.331  2.009 0.2857142985
117692  22.948  9.164  -1.616 0.1428571492
116802  23.800  8.884  -2.315 0.1428571492
117698  23.527  9.258  -2.505 0.1428571492
112019  21.322  3.539  2.885 0.1428571492
118520  22.983  9.975  -2.536 0.1428571492
113001  21.827  3.973  1.882 0.2857142985
116758  22.534  8.158  2.397 0.1428571492
117680  22.510  9.217  -0.478 0.1428571492
118508  22.763  10.205  -1.293 0.1428571492
117665  22.682  9.212  0.623 0.1428571492
117664  22.871  9.582  0.714 0.1428571492
83897  20.489  -23.265  5.605 0.4285714328
86209  20.396  -21.343  5.896 0.2857142985
88510  27.150  -19.688  3.564 0.1428571492
93903  28.194  -14.449  1.779 0.1428571492
117677  27.830  9.882  -0.268 0.4285714328
119358  25.855  10.607  -1.994 0.2857142985
118530  23.142  10.209  -3.302 0.2857142985
119380  24.158  11.067  -3.715 0.2857142985
119371  22.768  11.105  -2.252 0.2857142985
86210  19.807  -21.670  6.232 0.2857142985
85106  25.672  -22.431  5.768 0.1428571492
85107  25.085  -22.816  5.639 0.1428571492
88492  27.177  -19.994  4.125 0.1428571492
97179  28.821  -12.141  2.994 0.1428571492
95014  28.038  -14.121  2.351 0.1428571492
111044  21.430  2.696  2.580 0.1428571492
110056  24.420  0.561  1.700 0.4285714328
110068  21.516  1.833  2.373 0.2857142985
113918  23.952  4.875  -0.120 0.5714285970
118505  26.435  10.112  -1.462 0.4285714328
119382  22.932  10.929  -3.400 0.2857142985
118528  23.728  10.565  -3.834 0.2857142985
119368  25.194  11.115  -2.679 0.2857142985
119379  24.633  11.598  -3.340 0.2857142985
120306  23.498  12.092  -4.308 0.2857142985
121246  23.484  12.756  -4.957 0.1428571492
120326  22.639  13.061  -5.576 0.1428571492
122224  23.814  14.301  -4.909 0.1428571492
121255  23.666  13.345  -4.894 0.1428571492
122225  23.186  14.486  -5.572 0.1428571492
121244  24.918  13.172  -3.543 0.1428571492
121245  23.992  12.997  -4.344 0.1428571492
98225  29.460  -11.121  2.280 0.2857142985
119367  26.001  11.771  -2.136 0.4285714328
120307  22.738  12.171  -4.297 0.2857142985
120304  25.060  12.183  -3.164 0.2857142985
120305  24.279  12.161  -3.698 0.1428571492
83896  21.497  -23.307  5.068 0.4285714328
118491  26.947  9.725  -0.946 0.4285714328
111052  24.157  2.152  0.871 0.4285714328
112999  24.662  3.579  1.043 0.5714285970
113006  24.217  4.055  0.454 0.5714285970
118506  25.522  10.013  -2.276 0.2857142985
116798  23.096  8.303  -1.450 0.2857142985
110055  24.851  0.947  2.034 0.5714285970
113008  22.922  4.425  0.838 0.5714285970
117690  24.547  8.765  -2.419 0.2857142985
92835  28.486  -15.348  1.235 0.1428571492
110065  23.291  1.120  1.212 0.2857142985
118529  23.408  10.359  -3.668 0.2857142985
117696  24.427  9.586  -2.986 0.2857142985
118517  24.734  10.034  -2.917 0.2857142985
110075  22.783  2.153  1.264 0.2857142985
111062  23.031  2.573  0.945 0.4285714328
117699  23.159  9.401  -2.213 0.1428571492
112035  22.793  3.350  1.062 0.4285714328
111054  21.802  2.280  2.184 0.2857142985
112034  23.487  3.245  0.666 0.5714285970
113000  22.262  4.223  1.527 0.4285714328
85125  20.123  -22.349  5.934 0.2857142985
93918  28.615  -14.608  1.321 0.1428571492
109047  23.529  0.257  1.354 0.2857142985
121256  23.211  13.359  -5.396 0.1428571492
103251  23.863  -5.130  1.808 0.2857142985
121235  23.327  12.875  -2.531 0.1428571492
120298  22.694  12.008  -3.234 0.1428571492
122205  22.919  13.706  -2.760 0.1428571492
118492  23.659  10.958  -0.435 0.1428571492
121226  23.713  13.268  -2.156 0.1428571492
119360  23.336  11.281  -1.424 0.1428571492
119359  23.970  11.796  -1.264 0.1428571492
119370  23.134  11.538  -2.041 0.1428571492
121219  24.262  13.296  -1.420 0.1428571492
122198  23.185  14.288  -2.228 0.1428571492
120285  23.812  12.272  -1.811 0.1428571492
121211  24.626  13.415  -0.520 0.1428571492
122197  23.877  14.012  -1.668 0.1428571492
102259  24.212  -5.989  1.918 0.2857142985
120275  24.432  12.383  -1.032 0.1428571492
122189  24.096  14.331  -0.873 0.1428571492
122199  22.593  14.807  -2.580 0.1428571492
121236  22.838  13.011  -2.965 0.1428571492
121237  22.391  13.023  -3.816 0.1428571492
120268  24.919  12.320  -0.103 0.1428571492
90695  26.161  -17.287  3.064 0.4285714328
85150  23.767  -21.849  3.733 0.2857142985
85137  24.349  -22.283  3.864 0.1428571492
86238  24.010  -21.241  3.696 0.2857142985
85149  24.215  -21.747  3.623 0.1428571492
85138  23.135  -22.377  4.210 0.2857142985
113919  23.312  5.309  0.201 0.4285714328
87362  25.054  -20.508  2.939 0.2857142985
86237  24.714  -21.468  3.452 0.1428571492
85122  23.879  -22.952  4.539 0.1428571492
83910  21.693  -22.517  4.884 0.2857142985
85124  21.007  -22.304  5.387 0.2857142985
85139  22.158  -22.080  4.608 0.2857142985
86208  21.169  -21.296  5.350 0.2857142985
86225  21.783  -21.293  4.806 0.2857142985
92782  23.787  -15.117  4.275 0.2857142985
93866  23.185  -14.199  3.855 0.2857142985
97198  23.391  -10.602  2.805 0.1428571492
98228  23.726  -10.192  2.671 0.2857142985
100270  23.395  -8.341  2.408 0.1428571492
103252  23.285  -5.075  1.790 0.1428571492
104222  23.464  -4.209  1.751 0.1428571492
106144  23.869  -2.420  1.650 0.1428571492
105182  23.664  -3.305  1.704 0.1428571492
107105  24.102  -1.564  1.676 0.1428571492
107106  23.496  -1.481  1.503 0.1428571492
109049  22.242  0.435  1.573 0.1428571492
110074  23.132  1.880  1.090 0.1428571492
110057  21.505  0.856  2.207 0.1428571492
110066  22.622  1.381  1.401 0.1428571492
113913  22.510  5.380  1.611 0.1428571492
113901  22.062  5.529  2.435 0.1428571492
112977  21.303  4.404  3.406 0.1428571492
114860  22.448  6.403  1.872 0.1428571492
114845  21.918  6.453  2.548 0.1428571492
83909  22.281  -22.853  4.649 0.1428571492
108041  24.362  -0.740  1.804 0.2857142985
107107  22.908  -1.395  1.474 0.1428571492
83898  19.557  -23.206  6.261 0.2857142985
93867  22.400  -14.410  3.988 0.2857142985
98229  23.110  -10.221  2.804 0.1428571492
101232  23.598  -7.202  2.159 0.1428571492
101241  24.016  -6.417  1.901 0.1428571492
103253  22.811  -5.207  1.962 0.1428571492
104224  22.326  -3.881  2.117 0.1428571492
105184  22.538  -3.151  1.958 0.1428571492
108056  23.776  -0.662  1.486 0.1428571492
109041  21.740  0.371  1.986 0.1428571492
113902  21.626  5.140  3.081 0.1428571492
99242  23.212  -9.396  2.636 0.1428571492
105181  24.238  -3.353  1.901 0.1428571492
112992  21.730  4.379  2.366 0.1428571492
92784  22.226  -15.326  4.187 0.1428571492
109048  22.859  0.363  1.300 0.1428571492
93888  22.507  -13.663  3.833 0.1428571492
106145  23.279  -2.340  1.603 0.1428571492
104208  22.416  -4.599  2.121 0.1428571492
85126  19.506  -22.223  6.352 0.1428571492
85108  18.848  -22.444  6.748 0.1428571492
87338  20.715  -20.526  5.701 0.1428571492
99237  29.559  -10.527  2.598 0.1428571492
114854  30.901  6.766  1.182 0.1428571492
81543  19.556  -24.387  6.160 0.1428571492
86191  19.787  -20.990  6.350 0.1428571492
87337  21.340  -20.321  5.139 0.1428571492
88473  21.236  -19.158  5.158 0.1428571492
113908  31.181  6.047  1.294 0.1428571492
114864  31.278  6.995  0.614 0.1428571492
112985  30.511  4.819  2.344 0.1428571492
82659  19.997  -23.995  5.882 0.1428571492
99222  30.031  -9.342  2.961 0.1428571492
82660  19.536  -23.930  6.227 0.1428571492
79397  20.330  -27.385  7.122 0.1428571492
80440  22.042  -26.415  7.222 0.1428571492
81541  20.501  -25.039  5.669 0.2857142985
85120  25.540  -22.050  5.146 0.2857142985
85140  21.576  -21.917  5.000 0.2857142985
86222  24.922  -21.955  3.764 0.1428571492
87347  27.219  -20.124  4.423 0.1428571492
87361  25.825  -20.738  3.344 0.2857142985
87376  26.281  -19.841  2.769 0.2857142985
88511  25.690  -19.016  2.672 0.2857142985
91719  28.317  -17.403  2.458 0.1428571492
92834  28.908  -15.143  1.034 0.1428571492
92836  28.010  -15.403  1.605 0.1428571492
93919  28.190  -14.924  1.494 0.1428571492
94991  28.082  -13.572  2.767 0.1428571492
97199  23.118  -10.779  2.875 0.1428571492
100247  28.680  -8.553  4.523 0.7142857313
100257  29.208  -9.035  4.175 0.7142857313
101242  23.832  -6.641  1.957 0.1428571492
102214  29.227  -6.087  5.373 0.4285714328
102238  30.267  -7.183  4.159 0.2857142985
102251  23.522  -6.528  2.013 0.1428571492
103210  27.898  -5.010  5.170 0.8571428657
103227  25.514  -4.711  2.791 0.7142857313
104170  31.180  -4.524  4.007 0.1428571492
104173  28.390  -4.633  5.515 0.7142857313
104192  25.710  -4.172  3.045 0.8571428657
104204  31.215  -4.024  3.115 0.1428571492
104223  22.828  -4.202  1.858 0.1428571492
105117  29.179  -4.553  5.751 0.4285714328
105118  28.841  -4.394  5.700 0.4285714328
105132  31.150  -4.001  4.196 0.1428571492
105183  23.074  -3.242  1.728 0.1428571492
106100  30.915  -3.412  4.479 0.1428571492
106131  24.905  -2.462  2.572 0.7142857313
109046  24.123  0.102  1.575 0.4285714328
110034  27.279  1.307  4.174 0.8571428657
110073  23.634  1.717  0.972 0.1428571492
111015  30.340  1.963  4.135 0.1428571492
111030  30.073  2.937  3.878 0.1428571492
111031  28.047  2.837  4.158 0.8571428657
111053  22.362  2.443  1.587 0.4285714328
112015  29.952  3.806  3.344 0.2857142985
112987  28.594  4.694  3.020 0.8571428657
112996  31.165  5.000  1.794 0.1428571492
113900  26.560  4.891  1.841 0.5714285970
113909  30.662  5.692  1.960 0.1428571492
114844  27.678  5.800  2.090 0.8571428657
114846  21.465  6.071  3.100 0.1428571492
114865  30.722  7.263  1.036 0.4285714328
114867  26.461  6.350  0.594 0.8571428657
114873  25.052  6.126  -0.796 0.7142857313
115800  29.556  7.637  1.469 0.5714285970
115811  28.195  7.736  1.131 0.8571428657
115827  23.720  7.781  -1.821 0.2857142985
116766  28.520  7.980  1.151 0.8571428657
116776  30.210  9.042  0.491 0.5714285970
116779  27.131  8.274  -0.134 0.5714285970
116797  23.497  8.646  -1.965 0.1428571492
116801  23.932  8.998  -2.503 0.1428571492
117661  29.327  9.863  0.244 0.7142857313
117687  30.659  10.085  -1.144 0.2857142985
117691  23.296  9.150  -2.082 0.1428571492
118475  28.954  10.309  0.023 0.5714285970
118480  22.701  9.746  0.477 0.1428571492
118487  30.042  10.600  -0.801 0.1428571492
118503  29.842  10.895  -0.974 0.1428571492
119346  28.417  11.005  -0.602 0.5714285970
119348  24.078  11.447  -0.622 0.1428571492
119349  23.535  11.055  -0.763 0.1428571492
119354  29.429  11.448  -1.294 0.1428571492
119355  28.453  11.586  -1.032 0.1428571492
119356  27.534  11.176  -1.050 0.5714285970
119366  29.717  11.810  -1.990 0.1428571492
120284  27.136  11.698  -1.516 0.5714285970
120286  23.380  11.757  -1.967 0.1428571492
120296  23.551  12.616  -2.274 0.1428571492
120297  23.195  12.113  -2.433 0.1428571492
120316  22.957  12.547  -5.156 0.1428571492
120317  22.356  12.906  -5.232 0.1428571492
121227  23.214  13.432  -2.565 0.1428571492
121267  22.653  13.748  -5.657 0.1428571492
122204  26.065  13.740  -3.122 0.1428571492
122213  23.970  13.647  -4.608 0.1428571492
122236  27.666  15.223  -5.193 0.1428571492
123164  26.417  15.839  -4.991 0.1428571492
