#!ascii label  , from subject 4103 vox2ras=TkReg
1107
66981  -41.048  -31.805  41.241 0.0000000000
55268  -24.994  -38.807  44.292 0.0000000000
64005  -31.114  -34.888  42.838 0.0000000000
103348  -50.720  -7.805  32.232 0.0000000000
104835  -55.472  -5.247  25.291 0.0000000000
56524  -17.740  -36.392  50.130 0.0000000000
170849  -48.269  -9.634  31.024 0.0000000000
72702  -42.133  -27.631  41.188 0.0000000000
169713  -36.533  -34.548  41.353 0.0000000000
56647  -20.505  -38.305  46.246 0.0000000000
53563  -21.315  -40.980  51.863 0.0000000000
67027  -38.232  -32.335  37.342 0.0000000000
71371  -38.381  -28.769  37.730 0.0000000000
64003  -27.110  -33.862  42.703 0.0000000000
169689  -31.043  -33.504  37.989 0.0000000000
85209  -41.945  -19.064  30.501 0.0000000000
89444  -46.286  -15.811  29.080 0.0000000000
90761  -51.714  -13.516  29.195 0.0000000000
57874  -9.602  -38.037  54.942 0.0000000000
56406  -7.947  -38.546  60.246 0.0000000000
72757  -36.366  -27.618  36.941 0.0000000000
76890  -35.742  -25.094  34.331 0.0000000000
79597  -38.759  -23.125  30.898 0.0000000000
55095  -16.058  -39.895  53.187 0.0000000000
53640  -26.427  -40.864  47.291 0.0000000000
56649  -27.604  -38.783  46.283 0.0000000000
64063  -40.319  -33.516  41.567 0.0000000000
59569  -23.655  -36.908  44.624 0.0000000000
55250  -22.918  -39.301  44.973 0.0000000000
53637  -23.856  -40.447  47.646 0.0000000000
169743  -36.151  -31.389  37.740 0.0000000000
169724  -35.132  -33.397  36.884 0.0000000000
92176  -39.530  -15.430  30.794 0.0000000000
89430  -43.079  -16.440  30.180 0.0000000000
93746  -43.144  -13.176  29.793 0.0000000000
92205  -49.399  -11.540  27.052 0.0000000000
92207  -50.773  -10.041  30.531 0.0000000000
170829  -53.784  -10.569  30.544 0.0000000000
170852  -50.548  -8.226  30.741 0.0000000000
103422  -49.144  -7.897  27.114 0.0000000000
72711  -36.798  -27.229  40.159 0.0000000000
72758  -37.651  -27.868  37.447 0.0000000000
74154  -33.803  -27.351  39.766 0.0000000000
78211  -32.702  -23.558  36.160 0.0000000000
79540  -34.360  -22.570  34.826 0.0000000000
78264  -37.090  -24.554  32.379 0.0000000000
82380  -36.555  -21.478  33.386 0.0000000000
170438  -38.578  -20.948  32.564 0.0000000000
65409  -28.561  -34.372  43.122 0.0000000000
57904  -13.278  -36.473  51.898 0.0000000000
55120  -16.435  -38.265  50.768 0.0000000000
51895  -7.664  -41.021  61.480 0.0000000000
53383  -6.311  -40.272  63.825 0.0000000000
95263  -44.478  -10.848  32.459 0.0000000000
74133  -39.964  -25.856  40.824 0.0000000000
169677  -34.036  -34.648  41.439 0.0000000000
58058  -18.042  -37.043  48.169 0.0000000000
55149  -19.224  -39.417  50.034 0.0000000000
55163  -21.198  -40.129  49.118 0.0000000000
103443  -56.299  -5.502  23.365 0.0000000000
67005  -40.396  -32.115  39.613 0.0000000000
68520  -42.182  -30.585  38.107 0.0000000000
69967  -38.931  -30.528  36.603 0.0000000000
59602  -22.713  -36.048  42.346 0.0000000000
58139  -26.236  -36.527  42.133 0.0000000000
65454  -24.616  -32.427  42.754 0.0000000000
68455  -26.106  -30.109  41.767 0.0000000000
65458  -28.405  -33.043  41.455 0.0000000000
65478  -29.566  -31.682  39.812 0.0000000000
62586  -29.873  -34.274  39.678 0.0000000000
169683  -33.188  -34.712  38.676 0.0000000000
64103  -37.359  -34.249  39.338 0.0000000000
79612  -43.671  -22.697  29.704 0.0000000000
92203  -45.958  -12.098  27.912 0.0000000000
89464  -48.770  -14.275  28.570 0.0000000000
100552  -52.260  -8.364  24.580 0.0000000000
56426  -8.430  -38.093  57.721 0.0000000000
54976  -9.622  -40.544  59.121 0.0000000000
72742  -41.094  -28.296  38.424 0.0000000000
74168  -39.380  -26.754  37.965 0.0000000000
75516  -39.183  -25.852  37.792 0.0000000000
74165  -32.106  -26.567  38.177 0.0000000000
74212  -35.173  -26.463  35.320 0.0000000000
76838  -38.330  -25.376  35.908 0.0000000000
75575  -40.166  -25.529  35.338 0.0000000000
75636  -40.314  -26.131  32.450 0.0000000000
76957  -41.640  -25.153  30.909 0.0000000000
82417  -40.241  -20.973  30.264 0.0000000000
170373  -40.070  -18.682  31.099 0.0000000000
61008  -27.481  -35.514  46.499 0.0000000000
59366  -11.277  -36.502  54.735 0.0000000000
55092  -12.548  -39.605  53.648 0.0000000000
55123  -18.872  -40.368  52.758 0.0000000000
51878  -4.358  -41.046  64.325 0.0000000000
55230  -26.532  -39.514  45.954 0.0000000000
55231  -27.376  -39.388  46.665 0.0000000000
56666  -26.445  -38.495  44.643 0.0000000000
65479  -40.598  -32.462  41.210 0.0000000000
56685  -23.635  -38.042  43.486 0.0000000000
56674  -23.334  -38.266  43.993 0.0000000000
55267  -24.276  -38.830  44.456 0.0000000000
55202  -24.871  -40.195  46.654 0.0000000000
93721  -39.909  -13.911  32.198 0.0000000000
92190  -41.801  -14.421  29.690 0.0000000000
93723  -42.027  -12.416  31.319 0.0000000000
101874  -50.684  -8.854  32.604 0.0000000000
170832  -50.653  -10.263  29.560 0.0000000000
170850  -50.253  -8.908  31.603 0.0000000000
170842  -50.491  -8.630  31.114 0.0000000000
103363  -50.671  -7.587  31.726 0.0000000000
103391  -49.700  -7.118  30.627 0.0000000000
74155  -34.868  -27.325  39.873 0.0000000000
79518  -34.006  -21.927  36.018 0.0000000000
80978  -35.468  -21.605  33.864 0.0000000000
80933  -36.613  -20.909  34.803 0.0000000000
80960  -37.044  -21.147  33.730 0.0000000000
64004  -29.422  -34.609  42.572 0.0000000000
63965  -30.271  -34.390  44.869 0.0000000000
63983  -31.052  -34.883  44.202 0.0000000000
57963  -15.597  -36.436  49.699 0.0000000000
56523  -16.471  -37.286  49.721 0.0000000000
103440  -55.128  -6.142  24.738 0.0000000000
53400  -6.848  -40.315  62.240 0.0000000000
72689  -42.667  -28.252  42.821 0.0000000000
74134  -40.835  -26.157  41.190 0.0000000000
61075  -35.068  -34.691  41.689 0.0000000000
61077  -37.556  -35.318  43.122 0.0000000000
58100  -21.479  -37.295  45.643 0.0000000000
59545  -19.815  -36.567  46.422 0.0000000000
59501  -19.339  -36.213  48.347 0.0000000000
56631  -19.339  -38.219  46.910 0.0000000000
55174  -19.910  -39.383  48.049 0.0000000000
55198  -20.654  -39.234  47.346 0.0000000000
52044  -25.186  -42.334  48.269 0.0000000000
53593  -24.097  -41.462  48.772 0.0000000000
67028  -39.189  -32.322  37.607 0.0000000000
67029  -40.324  -31.633  38.030 0.0000000000
68544  -38.925  -31.437  36.876 0.0000000000
64002  -23.686  -33.305  43.408 0.0000000000
64033  -23.595  -33.949  42.448 0.0000000000
65426  -24.075  -32.355  43.341 0.0000000000
69867  -26.074  -28.966  42.530 0.0000000000
69885  -27.370  -28.892  41.325 0.0000000000
68436  -27.530  -30.700  41.548 0.0000000000
68457  -28.044  -30.020  41.227 0.0000000000
65503  -31.295  -31.831  39.496 0.0000000000
64076  -30.395  -32.155  39.380 0.0000000000
64060  -29.915  -33.171  39.324 0.0000000000
62587  -31.452  -34.286  39.160 0.0000000000
169679  -33.753  -34.679  40.371 0.0000000000
65552  -36.696  -33.311  36.668 0.0000000000
169740  -36.474  -33.795  37.566 0.0000000000
65534  -37.745  -33.027  37.616 0.0000000000
65504  -38.914  -33.465  39.559 0.0000000000
82419  -42.761  -20.960  30.327 0.0000000000
81039  -44.454  -21.600  30.550 0.0000000000
83821  -43.492  -20.384  30.543 0.0000000000
88110  -44.616  -16.163  29.755 0.0000000000
88084  -45.021  -17.674  30.728 0.0000000000
96589  -46.054  -10.662  32.051 0.0000000000
95300  -44.872  -10.808  30.444 0.0000000000
93758  -46.972  -9.710  29.535 0.0000000000
90779  -50.645  -11.985  28.876 0.0000000000
90778  -49.371  -12.774  28.292 0.0000000000
89465  -49.838  -13.732  28.730 0.0000000000
88115  -50.671  -16.311  29.237 0.0000000000
101929  -50.655  -8.582  25.321 0.0000000000
103424  -51.537  -6.057  26.178 0.0000000000
101931  -52.957  -6.734  24.933 0.0000000000
59342  -9.343  -36.810  55.836 0.0000000000
60829  -8.267  -35.855  57.009 0.0000000000
57848  -8.740  -37.575  56.494 0.0000000000
54992  -10.157  -40.296  58.566 0.0000000000
53425  -9.963  -40.882  60.551 0.0000000000
71374  -41.209  -29.499  37.481 0.0000000000
71359  -41.985  -29.169  38.436 0.0000000000
72761  -40.023  -28.312  36.989 0.0000000000
74185  -38.636  -27.283  36.937 0.0000000000
74184  -37.908  -26.874  36.514 0.0000000000
74167  -38.592  -26.456  37.231 0.0000000000
75514  -38.038  -26.199  36.874 0.0000000000
76792  -31.478  -24.690  38.431 0.0000000000
78224  -33.506  -24.056  35.274 0.0000000000
75545  -32.812  -25.624  35.632 0.0000000000
76861  -35.724  -25.345  34.865 0.0000000000
76836  -36.892  -25.670  35.744 0.0000000000
76863  -37.646  -25.739  34.962 0.0000000000
75550  -39.559  -25.459  35.812 0.0000000000
75594  -37.954  -25.739  34.666 0.0000000000
78280  -37.528  -23.973  31.778 0.0000000000
75634  -38.225  -25.541  32.190 0.0000000000
76955  -39.353  -24.648  31.202 0.0000000000
75654  -40.914  -25.482  31.744 0.0000000000
76975  -40.487  -24.153  30.530 0.0000000000
78312  -40.905  -23.586  30.262 0.0000000000
81033  -38.786  -21.993  30.566 0.0000000000
170420  -39.287  -20.178  32.880 0.0000000000
170429  -39.528  -20.290  31.591 0.0000000000
170357  -39.625  -18.905  32.541 0.0000000000
62556  -26.433  -34.858  42.224 0.0000000000
59585  -26.709  -36.155  43.623 0.0000000000
62504  -27.280  -34.906  44.702 0.0000000000
56484  -15.138  -38.974  52.270 0.0000000000
56482  -12.712  -38.467  52.840 0.0000000000
55094  -14.637  -40.171  53.057 0.0000000000
55150  -20.189  -39.830  50.720 0.0000000000
55141  -19.330  -39.983  51.493 0.0000000000
53562  -20.329  -40.661  52.085 0.0000000000
52064  -26.096  -41.943  47.667 0.0000000000
53616  -27.923  -40.880  48.370 0.0000000000
56621  -28.016  -39.412  48.410 0.0000000000
58080  -27.688  -38.050  47.531 0.0000000000
62589  -38.432  -33.796  41.957 0.0000000000
62559  -38.706  -34.640  42.744 0.0000000000
58103  -23.992  -37.023  45.377 0.0000000000
58101  -22.371  -37.463  45.227 0.0000000000
55249  -21.947  -39.185  45.499 0.0000000000
55226  -21.909  -39.587  46.346 0.0000000000
55201  -23.882  -39.938  46.907 0.0000000000
53638  -24.643  -40.651  47.384 0.0000000000
67052  -36.430  -31.935  36.896 0.0000000000
68543  -37.881  -31.199  36.790 0.0000000000
169707  -32.587  -32.775  37.568 0.0000000000
169717  -33.375  -34.418  37.591 0.0000000000
169744  -35.525  -32.840  36.460 0.0000000000
89429  -41.445  -16.954  30.674 0.0000000000
88095  -42.305  -17.710  30.589 0.0000000000
90747  -41.593  -16.172  29.736 0.0000000000
90756  -42.988  -14.894  29.281 0.0000000000
90774  -43.944  -13.975  28.463 0.0000000000
95307  -48.236  -9.276  29.470 0.0000000000
92214  -49.893  -10.267  28.148 0.0000000000
92206  -50.760  -10.598  28.705 0.0000000000
90780  -51.448  -11.828  29.478 0.0000000000
170824  -52.722  -11.954  30.052 0.0000000000
170823  -51.751  -10.769  30.052 0.0000000000
170843  -52.157  -9.535  30.783 0.0000000000
170853  -50.219  -8.764  30.016 0.0000000000
170865  -49.811  -7.865  29.058 0.0000000000
103401  -50.631  -5.733  30.128 0.0000000000
55067  -11.371  -39.731  54.851 0.0000000000
55065  -9.648  -39.509  56.217 0.0000000000
55015  -12.695  -40.593  57.145 0.0000000000
71355  -37.906  -28.352  38.269 0.0000000000
71370  -38.140  -28.233  37.651 0.0000000000
72739  -37.301  -28.009  38.666 0.0000000000
72738  -36.477  -27.870  38.257 0.0000000000
72736  -34.183  -27.964  38.084 0.0000000000
78185  -32.015  -23.670  38.455 0.0000000000
79517  -33.093  -22.604  36.807 0.0000000000
78212  -33.695  -23.159  35.352 0.0000000000
79561  -35.351  -23.661  33.959 0.0000000000
78243  -36.325  -24.755  33.320 0.0000000000
79578  -35.673  -23.030  33.652 0.0000000000
81009  -36.551  -22.421  32.651 0.0000000000
81010  -36.977  -22.104  32.073 0.0000000000
81011  -37.937  -21.305  31.401 0.0000000000
80980  -37.471  -21.419  32.843 0.0000000000
65427  -27.373  -33.932  42.723 0.0000000000
63963  -28.037  -34.209  44.853 0.0000000000
63964  -29.115  -34.077  44.790 0.0000000000
56502  -14.787  -37.573  50.932 0.0000000000
56485  -15.820  -39.107  52.377 0.0000000000
54961  -7.889  -39.510  60.656 0.0000000000
57759  -6.980  -38.034  61.178 0.0000000000
54948  -7.146  -39.528  61.859 0.0000000000
54933  -6.593  -39.447  62.942 0.0000000000
54904  -5.765  -39.389  64.000 0.0000000000
76759  -39.406  -24.819  41.180 0.0000000000
62530  -33.299  -34.576  42.216 0.0000000000
64006  -32.731  -35.302  44.015 0.0000000000
58012  -19.036  -36.329  49.526 0.0000000000
56578  -18.065  -37.136  49.050 0.0000000000
56550  -17.316  -37.655  49.306 0.0000000000
55160  -18.409  -38.461  48.995 0.0000000000
55162  -20.382  -39.754  49.411 0.0000000000
53590  -21.538  -40.380  49.848 0.0000000000
55176  -22.158  -40.056  48.194 0.0000000000
53591  -22.491  -40.798  49.567 0.0000000000
53565  -23.083  -40.996  51.230 0.0000000000
104846  -56.285  -4.811  24.343 0.0000000000
66994  -40.605  -31.840  40.544 0.0000000000
66995  -41.302  -31.170  40.701 0.0000000000
67015  -40.900  -31.562  38.777 0.0000000000
69947  -40.821  -30.310  37.199 0.0000000000
71386  -39.551  -29.857  36.432 0.0000000000
69966  -38.243  -30.422  36.915 0.0000000000
69945  -38.227  -29.823  37.403 0.0000000000
72723  -37.453  -27.750  39.573 0.0000000000
58119  -24.299  -37.401  42.723 0.0000000000
58109  -25.651  -37.720  43.600 0.0000000000
58157  -24.419  -36.556  41.597 0.0000000000
62584  -25.197  -34.991  41.556 0.0000000000
64036  -26.285  -33.766  42.277 0.0000000000
68408  -24.465  -30.309  42.588 0.0000000000
66955  -24.893  -31.455  42.540 0.0000000000
65456  -26.588  -32.870  42.615 0.0000000000
66928  -27.454  -32.620  42.465 0.0000000000
65429  -28.272  -34.046  42.183 0.0000000000
64037  -29.001  -34.470  41.444 0.0000000000
68458  -29.048  -30.016  41.128 0.0000000000
65477  -29.012  -32.406  40.516 0.0000000000
64059  -29.214  -33.727  40.458 0.0000000000
62558  -31.617  -34.782  41.161 0.0000000000
169726  -35.019  -34.354  38.485 0.0000000000
169723  -36.399  -34.632  40.211 0.0000000000
169720  -37.614  -34.101  41.353 0.0000000000
169731  -38.887  -33.584  40.710 0.0000000000
65493  -39.905  -32.836  40.549 0.0000000000
61044  -23.526  -35.773  43.592 0.0000000000
170426  -44.804  -18.532  31.340 0.0000000000
95287  -43.875  -11.533  30.748 0.0000000000
93756  -43.853  -12.586  29.110 0.0000000000
90775  -44.820  -13.851  27.731 0.0000000000
92212  -47.137  -10.976  27.703 0.0000000000
90777  -48.014  -13.095  27.733 0.0000000000
90759  -47.070  -14.396  28.547 0.0000000000
88114  -49.533  -16.392  29.065 0.0000000000
100567  -54.107  -8.123  24.343 0.0000000000
103431  -54.054  -6.190  24.785 0.0000000000
103426  -54.793  -5.323  25.782 0.0000000000
59289  -7.203  -36.160  58.571 0.0000000000
57791  -7.235  -37.495  58.970 0.0000000000
55039  -9.565  -39.579  57.068 0.0000000000
56416  -8.844  -38.913  58.204 0.0000000000
56407  -8.523  -38.978  59.634 0.0000000000
51909  -8.592  -41.267  59.751 0.0000000000
68488  -41.723  -30.454  40.037 0.0000000000
71326  -41.420  -28.931  40.075 0.0000000000
72726  -41.462  -28.004  39.343 0.0000000000
72740  -39.657  -27.637  37.527 0.0000000000
74169  -39.967  -27.336  38.282 0.0000000000
72714  -40.927  -27.198  39.760 0.0000000000
74145  -39.524  -26.261  39.928 0.0000000000
75503  -39.369  -25.860  39.191 0.0000000000
76784  -39.891  -25.194  38.934 0.0000000000
72718  -32.485  -27.355  38.653 0.0000000000
72754  -32.967  -27.718  37.271 0.0000000000
76810  -31.873  -24.974  37.307 0.0000000000
74209  -32.715  -26.803  35.759 0.0000000000
74200  -35.697  -26.956  35.743 0.0000000000
76811  -36.946  -25.953  36.157 0.0000000000
75530  -39.091  -25.487  37.394 0.0000000000
76915  -37.887  -25.735  33.168 0.0000000000
75597  -40.495  -25.987  34.443 0.0000000000
78314  -43.090  -23.708  29.760 0.0000000000
81036  -42.077  -21.887  30.279 0.0000000000
83819  -41.192  -20.104  30.288 0.0000000000
82390  -38.819  -20.880  30.971 0.0000000000
85208  -40.481  -19.752  30.462 0.0000000000
170372  -40.951  -18.748  30.512 0.0000000000
90746  -39.886  -17.343  30.638 0.0000000000
170403  -39.013  -15.408  31.507 0.0000000000
58104  -26.719  -37.663  44.752 0.0000000000
59551  -27.309  -36.550  46.325 0.0000000000
63940  -28.174  -34.365  46.055 0.0000000000
59383  -10.764  -37.203  54.242 0.0000000000
59386  -12.452  -36.329  53.653 0.0000000000
56498  -11.555  -37.823  53.368 0.0000000000
55090  -11.257  -39.335  54.099 0.0000000000
55068  -12.281  -40.037  54.531 0.0000000000
55121  -17.175  -38.646  51.114 0.0000000000
55122  -17.955  -40.197  51.736 0.0000000000
55106  -18.024  -40.187  53.269 0.0000000000
51862  -6.210  -41.015  65.144 0.0000000000
53368  -5.684  -40.405  64.456 0.0000000000
56390  -4.690  -39.191  64.526 0.0000000000
66982  -41.660  -31.241  41.584 0.0000000000
55252  -25.353  -39.364  44.897 0.0000000000
55253  -26.349  -39.226  44.917 0.0000000000
56665  -25.720  -38.857  44.527 0.0000000000
65480  -41.485  -32.608  41.879 0.0000000000
56675  -24.286  -38.404  43.879 0.0000000000
95259  -40.605  -12.407  33.300 0.0000000000
93722  -41.100  -13.145  31.743 0.0000000000
95261  -41.735  -11.795  32.598 0.0000000000
170851  -50.240  -9.336  31.602 0.0000000000
80932  -35.330  -21.115  35.220 0.0000000000
57965  -17.564  -35.967  51.375 0.0000000000
57964  -16.414  -36.453  50.736 0.0000000000
101943  -55.909  -6.909  24.633 0.0000000000
104845  -55.711  -5.507  24.669 0.0000000000
74135  -41.696  -26.734  41.652 0.0000000000
74147  -41.371  -26.906  40.658 0.0000000000
61076  -36.679  -34.831  42.515 0.0000000000
56662  -21.012  -38.365  45.558 0.0000000000
59566  -20.281  -36.799  45.863 0.0000000000
56661  -20.137  -37.682  45.969 0.0000000000
58089  -19.007  -36.922  46.126 0.0000000000
56646  -19.754  -38.109  46.466 0.0000000000
55197  -19.810  -38.676  47.205 0.0000000000
55224  -20.412  -38.612  46.771 0.0000000000
67054  -38.480  -32.028  37.166 0.0000000000
75484  -29.367  -25.241  41.755 0.0000000000
74092  -27.263  -26.361  42.505 0.0000000000
71307  -28.010  -28.038  41.524 0.0000000000
69886  -28.381  -29.052  41.197 0.0000000000
64090  -31.096  -32.844  38.671 0.0000000000
64061  -30.644  -33.591  38.678 0.0000000000
169684  -30.994  -33.692  38.297 0.0000000000
169693  -32.291  -34.223  37.866 0.0000000000
65535  -38.606  -33.056  38.088 0.0000000000
83820  -42.644  -19.814  30.641 0.0000000000
89443  -44.980  -15.631  28.969 0.0000000000
88111  -45.161  -16.298  29.603 0.0000000000
170859  -47.388  -10.025  32.286 0.0000000000
95304  -46.105  -9.892  30.756 0.0000000000
89466  -50.771  -13.154  29.132 0.0000000000
89447  -50.399  -14.790  29.085 0.0000000000
57850  -9.706  -37.275  55.251 0.0000000000
59341  -8.911  -37.159  56.126 0.0000000000
56462  -9.572  -38.813  55.522 0.0000000000
71373  -40.289  -29.455  36.733 0.0000000000
71357  -40.794  -28.677  37.542 0.0000000000
74183  -36.860  -26.965  36.311 0.0000000000
78241  -35.150  -24.302  34.261 0.0000000000
76860  -34.906  -25.061  34.578 0.0000000000
76889  -35.352  -24.989  34.477 0.0000000000
76862  -36.608  -25.486  35.034 0.0000000000
75572  -38.030  -25.791  34.996 0.0000000000
76891  -36.458  -25.332  34.116 0.0000000000
79596  -38.065  -23.099  31.215 0.0000000000
76954  -38.504  -24.643  31.563 0.0000000000
78293  -38.764  -23.830  31.137 0.0000000000
76974  -39.875  -24.253  30.733 0.0000000000
78310  -39.192  -23.437  30.770 0.0000000000
78311  -39.889  -23.559  30.513 0.0000000000
79608  -39.306  -22.751  30.602 0.0000000000
62529  -27.129  -34.639  42.822 0.0000000000
61046  -26.939  -35.164  43.832 0.0000000000
62517  -27.060  -34.562  44.007 0.0000000000
55071  -15.482  -40.300  54.627 0.0000000000
53573  -20.660  -40.563  51.186 0.0000000000
55142  -20.177  -40.157  51.416 0.0000000000
57780  -7.311  -37.369  59.958 0.0000000000
57768  -7.214  -37.806  60.682 0.0000000000
71313  -42.410  -29.309  41.811 0.0000000000
52080  -26.713  -41.390  47.566 0.0000000000
52065  -27.257  -41.745  47.951 0.0000000000
53641  -27.305  -40.864  47.625 0.0000000000
56636  -27.848  -39.177  47.449 0.0000000000
64062  -39.177  -33.873  41.638 0.0000000000
64040  -39.711  -34.202  42.074 0.0000000000
59570  -24.308  -36.418  45.128 0.0000000000
55266  -23.469  -38.818  44.566 0.0000000000
56664  -22.735  -38.266  44.530 0.0000000000
56663  -21.861  -38.373  44.851 0.0000000000
55227  -22.848  -39.827  46.051 0.0000000000
55228  -23.969  -39.835  45.856 0.0000000000
55203  -25.965  -40.253  46.642 0.0000000000
53639  -25.536  -40.771  47.227 0.0000000000
53615  -25.929  -41.264  47.490 0.0000000000
169746  -36.552  -31.307  37.155 0.0000000000
169692  -32.967  -32.669  37.453 0.0000000000
169728  -35.129  -31.874  38.275 0.0000000000
65551  -36.181  -32.901  36.215 0.0000000000
92178  -42.184  -13.794  29.885 0.0000000000
92191  -42.686  -14.113  29.528 0.0000000000
90757  -43.978  -14.649  28.501 0.0000000000
92201  -43.560  -13.634  28.968 0.0000000000
93765  -49.140  -9.429  28.653 0.0000000000
170838  -50.550  -10.918  30.050 0.0000000000
103392  -50.427  -6.002  31.158 0.0000000000
72722  -36.583  -27.645  39.310 0.0000000000
72721  -35.624  -27.682  39.124 0.0000000000
72720  -34.545  -27.877  39.069 0.0000000000
72737  -35.361  -27.891  38.098 0.0000000000
79560  -34.973  -23.060  34.174 0.0000000000
80994  -35.031  -22.461  33.928 0.0000000000
80979  -36.306  -21.369  33.658 0.0000000000
80996  -36.243  -21.916  33.099 0.0000000000
82381  -36.887  -21.447  33.095 0.0000000000
80997  -37.271  -21.534  32.453 0.0000000000
82368  -37.197  -21.375  33.286 0.0000000000
170447  -37.816  -21.353  33.091 0.0000000000
65408  -28.079  -34.356  43.486 0.0000000000
65391  -28.738  -34.263  43.925 0.0000000000
63966  -31.129  -34.858  44.956 0.0000000000
56522  -15.742  -37.835  50.365 0.0000000000
56521  -15.092  -37.395  50.017 0.0000000000
56503  -15.581  -38.529  51.644 0.0000000000
55104  -16.342  -38.814  51.910 0.0000000000
53422  -7.411  -40.321  60.837 0.0000000000
54960  -7.338  -39.680  61.224 0.0000000000
53409  -7.087  -40.210  61.466 0.0000000000
53392  -6.542  -40.004  63.015 0.0000000000
53399  -6.670  -39.741  62.676 0.0000000000
54919  -6.184  -39.370  63.324 0.0000000000
75487  -40.220  -25.608  41.768 0.0000000000
75486  -39.665  -25.359  41.306 0.0000000000
61061  -34.736  -35.416  43.599 0.0000000000
59500  -18.436  -36.730  47.738 0.0000000000
59480  -19.611  -36.085  49.268 0.0000000000
58034  -18.771  -36.651  48.900 0.0000000000
56597  -17.973  -37.937  48.600 0.0000000000
56596  -18.189  -38.328  49.073 0.0000000000
55200  -22.870  -39.799  47.455 0.0000000000
55177  -22.820  -40.284  48.229 0.0000000000
53577  -23.791  -41.617  49.731 0.0000000000
53592  -23.280  -41.233  49.193 0.0000000000
53576  -23.120  -41.190  50.203 0.0000000000
67006  -41.123  -31.303  39.763 0.0000000000
68518  -40.157  -31.229  37.246 0.0000000000
69968  -39.939  -30.467  36.478 0.0000000000
71387  -39.993  -29.912  36.384 0.0000000000
68542  -37.087  -30.695  37.212 0.0000000000
68517  -37.475  -30.137  37.917 0.0000000000
71339  -38.458  -28.884  39.528 0.0000000000
71356  -37.864  -28.965  38.876 0.0000000000
71338  -37.807  -28.404  39.181 0.0000000000
59595  -23.938  -36.863  42.301 0.0000000000
59603  -23.590  -36.347  41.744 0.0000000000
64034  -23.964  -33.468  42.488 0.0000000000
62554  -24.541  -34.453  41.678 0.0000000000
64035  -25.046  -33.477  42.181 0.0000000000
62555  -25.611  -34.441  41.845 0.0000000000
69883  -25.473  -29.865  41.711 0.0000000000
69866  -25.120  -29.547  42.080 0.0000000000
68433  -25.130  -30.556  42.000 0.0000000000
66956  -25.778  -31.683  42.360 0.0000000000
68434  -25.995  -30.866  42.084 0.0000000000
66957  -26.804  -31.879  42.476 0.0000000000
66976  -28.188  -31.021  41.476 0.0000000000
66958  -27.735  -31.815  41.977 0.0000000000
65491  -30.366  -31.377  39.830 0.0000000000
68472  -30.984  -30.461  41.493 0.0000000000
66978  -29.788  -30.612  40.343 0.0000000000
68459  -30.041  -30.092  41.514 0.0000000000
66977  -28.953  -31.068  40.915 0.0000000000
62557  -30.171  -34.466  40.630 0.0000000000
169716  -32.996  -33.316  37.166 0.0000000000
169725  -36.799  -34.133  38.671 0.0000000000
169732  -38.054  -34.303  39.933 0.0000000000
65505  -39.646  -32.810  39.488 0.0000000000
65492  -39.373  -33.189  40.068 0.0000000000
61059  -23.557  -35.059  43.748 0.0000000000
59594  -23.410  -36.530  42.870 0.0000000000
78315  -44.217  -23.456  30.514 0.0000000000
82404  -44.624  -20.730  30.913 0.0000000000
81022  -44.969  -21.519  31.219 0.0000000000
88083  -43.313  -18.480  30.993 0.0000000000
88096  -44.193  -16.814  30.384 0.0000000000
95262  -43.435  -11.162  32.828 0.0000000000
95270  -42.789  -11.783  31.482 0.0000000000
95271  -44.052  -11.105  31.723 0.0000000000
93757  -45.102  -10.825  28.885 0.0000000000
93748  -44.542  -11.277  29.819 0.0000000000
92202  -44.425  -12.775  28.288 0.0000000000
92213  -48.435  -10.232  27.089 0.0000000000
93764  -47.189  -9.729  28.093 0.0000000000
90760  -48.145  -13.981  28.513 0.0000000000
89445  -47.707  -15.422  28.800 0.0000000000
89446  -49.045  -15.304  28.650 0.0000000000
101922  -49.450  -8.790  26.076 0.0000000000
101930  -51.786  -7.757  25.013 0.0000000000
100565  -52.412  -9.048  24.423 0.0000000000
100566  -53.060  -8.317  24.062 0.0000000000
103425  -53.562  -5.523  25.861 0.0000000000
103432  -54.614  -5.650  25.283 0.0000000000
57823  -7.897  -37.459  56.916 0.0000000000
59302  -7.727  -36.218  57.402 0.0000000000
57804  -7.369  -37.440  57.882 0.0000000000
56415  -8.154  -38.216  58.559 0.0000000000
55040  -10.501  -39.914  56.740 0.0000000000
55013  -10.487  -39.928  57.766 0.0000000000
54991  -9.096  -39.877  58.492 0.0000000000
56410  -8.707  -38.968  58.974 0.0000000000
54975  -8.639  -39.973  59.209 0.0000000000
53437  -9.046  -40.879  59.438 0.0000000000
51904  -9.390  -41.298  60.708 0.0000000000
68502  -41.765  -30.752  38.932 0.0000000000
68489  -42.301  -30.114  39.389 0.0000000000
71340  -41.587  -29.036  39.083 0.0000000000
72759  -38.479  -28.030  37.144 0.0000000000
74186  -39.086  -27.534  37.209 0.0000000000
72725  -40.736  -27.439  38.752 0.0000000000
74157  -39.955  -26.868  39.196 0.0000000000
74156  -39.497  -26.427  39.095 0.0000000000
75515  -38.289  -25.963  37.259 0.0000000000
74151  -31.115  -26.074  39.058 0.0000000000
74152  -31.661  -26.556  39.245 0.0000000000
72735  -33.125  -27.951  38.023 0.0000000000
72734  -32.532  -27.403  37.789 0.0000000000
78201  -31.998  -23.996  37.401 0.0000000000
78210  -32.099  -24.365  36.713 0.0000000000
75569  -34.552  -25.865  34.773 0.0000000000
75567  -32.856  -26.293  35.434 0.0000000000
74211  -34.312  -26.728  34.997 0.0000000000
72782  -33.596  -27.601  35.827 0.0000000000
72784  -34.985  -27.098  35.476 0.0000000000
74201  -36.430  -26.684  35.991 0.0000000000
75546  -35.850  -26.346  35.735 0.0000000000
76837  -37.530  -25.570  35.732 0.0000000000
76813  -38.038  -25.397  36.523 0.0000000000
76814  -38.918  -25.185  36.952 0.0000000000
76793  -39.686  -25.393  37.700 0.0000000000
75574  -39.117  -25.522  35.131 0.0000000000
78244  -36.813  -24.975  32.948 0.0000000000
76914  -37.493  -25.549  32.861 0.0000000000
75635  -39.132  -26.094  32.301 0.0000000000
75617  -39.735  -26.227  33.372 0.0000000000
75618  -40.944  -26.143  33.464 0.0000000000
75638  -42.552  -25.615  32.599 0.0000000000
76937  -43.184  -25.300  32.405 0.0000000000
76958  -42.855  -24.931  31.565 0.0000000000
76978  -43.356  -24.244  30.600 0.0000000000
76977  -42.381  -24.547  30.211 0.0000000000
81035  -40.906  -21.845  30.252 0.0000000000
79610  -41.442  -22.771  30.083 0.0000000000
82418  -41.626  -20.910  30.330 0.0000000000
80998  -38.207  -21.125  32.188 0.0000000000
82400  -38.641  -21.214  30.763 0.0000000000
81012  -38.799  -20.810  31.389 0.0000000000
170392  -40.212  -17.802  30.719 0.0000000000
170389  -39.105  -16.906  31.657 0.0000000000
58121  -26.293  -36.822  42.749 0.0000000000
58110  -26.434  -37.284  43.730 0.0000000000
59572  -27.285  -35.907  45.614 0.0000000000
59571  -26.979  -36.657  44.911 0.0000000000
59528  -27.606  -36.930  47.533 0.0000000000
60992  -27.640  -35.916  47.477 0.0000000000
169670  -33.141  -35.663  44.452 0.0000000000
59343  -10.336  -36.428  55.306 0.0000000000
59387  -13.563  -36.231  53.280 0.0000000000
57903  -12.583  -36.957  52.406 0.0000000000
56500  -12.284  -38.166  52.956 0.0000000000
56481  -12.084  -38.762  53.336 0.0000000000
56480  -11.199  -38.519  53.730 0.0000000000
55091  -11.721  -39.494  53.913 0.0000000000
55069  -13.222  -40.152  54.625 0.0000000000
55140  -18.116  -38.912  50.392 0.0000000000
55139  -17.363  -38.447  50.200 0.0000000000
55105  -17.046  -39.936  52.487 0.0000000000
51860  -4.815  -41.146  64.786 0.0000000000
51861  -5.330  -40.953  64.990 0.0000000000
53367  -4.837  -40.379  64.487 0.0000000000
54887  -5.089  -39.773  64.490 0.0000000000
54902  -4.276  -39.783  64.201 0.0000000000
55204  -27.031  -39.937  47.165 0.0000000000
56648  -27.060  -38.991  45.298 0.0000000000
58094  -27.174  -38.196  45.451 0.0000000000
58108  -23.413  -37.409  43.945 0.0000000000
55251  -24.183  -39.428  45.015 0.0000000000
55229  -25.161  -39.867  45.793 0.0000000000
169729  -35.719  -31.282  38.839 0.0000000000
92164  -40.378  -14.167  30.911 0.0000000000
92177  -40.978  -14.550  30.188 0.0000000000
93734  -41.140  -13.588  30.759 0.0000000000
93735  -42.354  -12.820  30.589 0.0000000000
170828  -50.595  -10.081  30.835 0.0000000000
103379  -50.396  -7.493  31.393 0.0000000000
103380  -50.841  -5.981  31.991 0.0000000000
72710  -35.872  -27.157  39.953 0.0000000000
74143  -35.154  -26.930  40.707 0.0000000000
74142  -34.118  -27.087  40.618 0.0000000000
80958  -34.775  -21.526  34.644 0.0000000000
80959  -35.873  -21.127  34.298 0.0000000000
63982  -29.763  -34.316  43.772 0.0000000000
63984  -31.735  -34.991  44.568 0.0000000000
101933  -55.482  -7.495  24.966 0.0000000000
51891  -8.055  -41.026  61.936 0.0000000000
51894  -7.320  -40.589  61.715 0.0000000000
53401  -7.808  -40.749  62.516 0.0000000000
53393  -7.172  -40.532  63.173 0.0000000000
61062  -36.592  -35.429  43.687 0.0000000000
61063  -37.598  -35.359  43.853 0.0000000000
58090  -21.728  -36.830  45.904 0.0000000000
59547  -21.544  -36.743  46.202 0.0000000000
59524  -21.380  -36.713  46.705 0.0000000000
59523  -20.584  -36.455  47.216 0.0000000000
59522  -19.652  -36.374  47.418 0.0000000000
59521  -18.847  -36.591  47.352 0.0000000000
56629  -18.563  -37.783  47.345 0.0000000000
56615  -18.518  -38.081  47.866 0.0000000000
55196  -19.348  -38.406  47.262 0.0000000000
55175  -21.094  -39.834  48.325 0.0000000000
53613  -24.389  -41.001  48.100 0.0000000000
53612  -23.399  -40.854  48.236 0.0000000000
52043  -24.415  -41.993  48.472 0.0000000000
52021  -24.344  -42.243  49.103 0.0000000000
67014  -40.079  -32.359  38.614 0.0000000000
62528  -23.459  -34.308  43.431 0.0000000000
62527  -23.053  -34.611  42.629 0.0000000000
64001  -23.400  -33.939  42.707 0.0000000000
69844  -25.987  -29.180  43.300 0.0000000000
71289  -26.766  -28.092  42.869 0.0000000000
71305  -26.478  -28.568  42.136 0.0000000000
68435  -26.817  -30.866  41.859 0.0000000000
68456  -26.928  -29.912  41.403 0.0000000000
66959  -28.397  -31.842  41.260 0.0000000000
65518  -37.334  -33.787  38.031 0.0000000000
65519  -38.067  -33.710  38.676 0.0000000000
65520  -39.195  -33.056  38.603 0.0000000000
81037  -43.140  -21.886  30.108 0.0000000000
81038  -44.001  -21.752  29.958 0.0000000000
82420  -43.640  -21.030  30.135 0.0000000000
82403  -44.116  -20.523  30.598 0.0000000000
170444  -44.290  -19.752  31.115 0.0000000000
89431  -44.149  -16.003  29.851 0.0000000000
96572  -45.491  -10.597  31.725 0.0000000000
95288  -44.621  -10.922  31.200 0.0000000000
96600  -45.539  -10.452  31.123 0.0000000000
93763  -46.338  -10.877  28.019 0.0000000000
89448  -51.519  -15.128  29.114 0.0000000000
103410  -50.241  -6.043  28.290 0.0000000000
103423  -50.113  -7.069  26.706 0.0000000000
101923  -50.693  -7.343  25.561 0.0000000000
101940  -52.710  -7.602  24.483 0.0000000000
101924  -52.068  -6.616  25.459 0.0000000000
103416  -52.469  -4.901  26.623 0.0000000000
59316  -8.527  -36.501  56.484 0.0000000000
56445  -8.816  -37.991  57.111 0.0000000000
53438  -9.885  -40.807  59.875 0.0000000000
69948  -41.720  -30.178  37.693 0.0000000000
69949  -42.560  -29.959  37.954 0.0000000000
72741  -40.405  -27.889  37.879 0.0000000000
74166  -38.197  -26.320  36.986 0.0000000000
75512  -31.202  -25.574  38.799 0.0000000000
76835  -33.133  -24.856  35.546 0.0000000000
76859  -33.853  -24.913  34.754 0.0000000000
75570  -35.556  -25.779  35.282 0.0000000000
75571  -36.252  -25.558  35.433 0.0000000000
76839  -39.308  -25.298  36.361 0.0000000000
76864  -38.096  -25.598  35.451 0.0000000000
75573  -38.338  -25.612  35.260 0.0000000000
75595  -38.338  -25.504  34.251 0.0000000000
78279  -36.964  -23.664  32.175 0.0000000000
76935  -37.687  -24.997  32.122 0.0000000000
76936  -38.147  -24.979  31.890 0.0000000000
75652  -38.852  -25.334  31.722 0.0000000000
75653  -39.801  -25.506  31.685 0.0000000000
75637  -41.432  -25.836  32.576 0.0000000000
76956  -40.476  -24.814  30.987 0.0000000000
76976  -41.276  -24.446  30.240 0.0000000000
79609  -40.361  -22.726  30.368 0.0000000000
81034  -39.796  -21.917  30.497 0.0000000000
170407  -39.488  -19.307  32.325 0.0000000000
170390  -39.444  -18.090  31.599 0.0000000000
170404  -39.289  -17.465  31.052 0.0000000000
61074  -26.525  -35.632  41.988 0.0000000000
61060  -26.856  -35.442  42.803 0.0000000000
61026  -27.139  -35.650  44.714 0.0000000000
61027  -27.431  -35.197  45.561 0.0000000000
56483  -13.766  -38.190  52.118 0.0000000000
55093  -13.488  -39.681  53.357 0.0000000000
55070  -14.312  -40.277  54.599 0.0000000000
53561  -19.655  -40.518  52.606 0.0000000000
72703  -42.610  -28.414  41.872 0.0000000000
52045  -26.694  -42.443  48.799 0.0000000000
52046  -27.854  -41.751  48.846 0.0000000000
55178  -27.894  -40.055  47.908 0.0000000000
58093  -24.020  -37.387  46.212 0.0000000000
58102  -23.150  -37.302  44.862 0.0000000000
55248  -21.546  -39.018  45.953 0.0000000000
55225  -21.151  -38.934  46.520 0.0000000000
53614  -25.249  -41.395  47.802 0.0000000000
52063  -25.400  -41.992  47.740 0.0000000000
67053  -37.536  -32.259  36.965 0.0000000000
68541  -36.874  -30.566  37.523 0.0000000000
169701  -31.767  -33.023  37.725 0.0000000000
169691  -31.899  -33.720  37.624 0.0000000000
169745  -34.579  -32.593  37.381 0.0000000000
170391  -41.902  -18.433  30.524 0.0000000000
88082  -42.390  -18.377  30.609 0.0000000000
90755  -41.502  -15.246  29.539 0.0000000000
89441  -42.548  -16.102  29.616 0.0000000000
89442  -43.739  -15.516  29.221 0.0000000000
89462  -44.507  -14.993  28.247 0.0000000000
92215  -50.187  -10.656  28.751 0.0000000000
170844  -53.168  -9.984  30.643 0.0000000000
170868  -49.308  -8.356  28.645 0.0000000000
103414  -49.395  -7.088  28.053 0.0000000000
103405  -50.007  -6.483  29.265 0.0000000000
55066  -10.397  -39.661  55.614 0.0000000000
55041  -11.550  -40.052  56.288 0.0000000000
72760  -39.130  -28.160  37.037 0.0000000000
72756  -34.897  -28.093  37.087 0.0000000000
78202  -32.419  -22.959  37.472 0.0000000000
79502  -33.272  -22.060  37.566 0.0000000000
78225  -34.354  -23.870  34.762 0.0000000000
78242  -35.701  -24.326  33.745 0.0000000000
78262  -36.081  -23.780  33.275 0.0000000000
78263  -36.619  -23.925  32.804 0.0000000000
80995  -35.317  -22.220  33.681 0.0000000000
79579  -36.292  -22.962  32.986 0.0000000000
79588  -36.738  -22.961  32.398 0.0000000000
79589  -37.243  -22.967  31.756 0.0000000000
81020  -37.671  -22.191  31.264 0.0000000000
81032  -38.163  -22.291  30.809 0.0000000000
82356  -37.263  -21.310  33.439 0.0000000000
80934  -38.719  -20.702  33.476 0.0000000000
170446  -39.221  -20.397  33.950 0.0000000000
63980  -27.415  -34.327  43.673 0.0000000000
65407  -27.550  -34.455  43.426 0.0000000000
63981  -27.825  -34.317  43.979 0.0000000000
57935  -13.660  -35.768  51.433 0.0000000000
57936  -14.497  -35.731  50.673 0.0000000000
56501  -13.801  -36.734  51.109 0.0000000000
53564  -22.260  -40.910  51.584 0.0000000000
56404  -7.664  -38.550  61.101 0.0000000000
54949  -7.686  -39.108  61.573 0.0000000000
54935  -7.372  -38.903  62.103 0.0000000000
54934  -7.025  -39.178  62.623 0.0000000000
54920  -6.558  -38.972  62.996 0.0000000000
56395  -5.637  -38.766  63.553 0.0000000000
95249  -44.668  -10.831  33.388 0.0000000000
170831  -46.451  -11.077  33.192 0.0000000000
76775  -39.283  -25.005  39.960 0.0000000000
169672  -33.684  -35.452  43.952 0.0000000000
61078  -38.082  -35.219  43.339 0.0000000000
56551  -18.230  -36.487  49.618 0.0000000000
56577  -17.879  -38.202  49.234 0.0000000000
55148  -18.495  -38.690  49.444 0.0000000000
55161  -19.050  -38.789  48.782 0.0000000000
53589  -20.869  -40.225  50.419 0.0000000000
53574  -21.482  -40.759  50.877 0.0000000000
55199  -21.600  -39.675  47.312 0.0000000000
53610  -21.859  -40.341  48.955 0.0000000000
53611  -22.631  -40.741  48.683 0.0000000000
53575  -22.363  -40.837  50.562 0.0000000000
68519  -41.255  -30.983  37.898 0.0000000000
71372  -39.172  -29.087  36.781 0.0000000000
69934  -37.809  -29.596  38.473 0.0000000000
69946  -38.803  -29.889  36.642 0.0000000000
72712  -37.655  -27.548  40.445 0.0000000000
56686  -24.302  -38.001  43.306 0.0000000000
56676  -25.321  -38.290  43.918 0.0000000000
56687  -24.981  -37.752  43.283 0.0000000000
58120  -25.456  -37.401  42.798 0.0000000000
58138  -25.671  -36.890  41.956 0.0000000000
61073  -23.818  -35.233  41.376 0.0000000000
61094  -24.731  -35.202  41.361 0.0000000000
61096  -26.230  -35.848  41.284 0.0000000000
66908  -24.335  -31.352  44.135 0.0000000000
66926  -24.363  -31.301  43.133 0.0000000000
69843  -24.988  -29.422  42.923 0.0000000000
65455  -25.508  -32.573  42.453 0.0000000000
66927  -27.172  -32.942  42.636 0.0000000000
65428  -27.670  -33.726  42.567 0.0000000000
65457  -27.923  -32.981  42.249 0.0000000000
64038  -30.161  -34.979  41.732 0.0000000000
69887  -29.189  -29.270  41.351 0.0000000000
169698  -32.681  -34.423  37.867 0.0000000000
169722  -36.872  -34.474  40.975 0.0000000000
62588  -38.520  -33.770  41.434 0.0000000000
64077  -39.588  -33.461  41.105 0.0000000000
59584  -24.359  -35.999  44.585 0.0000000000
61045  -24.031  -35.419  44.375 0.0000000000
59583  -23.757  -36.486  44.020 0.0000000000
58118  -23.717  -37.373  43.295 0.0000000000
79614  -44.654  -22.099  30.885 0.0000000000
93736  -43.298  -12.083  30.482 0.0000000000
95299  -44.257  -11.383  30.184 0.0000000000
93747  -43.821  -11.974  29.920 0.0000000000
89463  -45.350  -14.640  28.115 0.0000000000
92204  -47.542  -11.902  27.343 0.0000000000
90776  -46.381  -13.532  27.946 0.0000000000
90758  -46.031  -14.834  28.515 0.0000000000
88113  -48.135  -16.575  29.511 0.0000000000
100568  -54.833  -8.138  24.961 0.0000000000
101941  -53.753  -7.202  24.358 0.0000000000
101942  -54.862  -7.271  24.708 0.0000000000
103439  -54.470  -6.694  24.630 0.0000000000
104827  -55.276  -4.533  26.297 0.0000000000
59288  -7.195  -35.646  59.434 0.0000000000
56409  -7.981  -38.330  59.414 0.0000000000
56446  -9.185  -38.586  56.523 0.0000000000
56427  -9.067  -38.789  57.445 0.0000000000
55012  -9.460  -39.664  57.873 0.0000000000
54962  -8.280  -39.378  59.913 0.0000000000
53423  -7.756  -40.538  60.142 0.0000000000
51902  -7.656  -41.165  60.701 0.0000000000
53424  -9.290  -41.268  60.036 0.0000000000
51903  -8.602  -41.452  60.466 0.0000000000
51896  -8.423  -41.318  61.370 0.0000000000
69921  -42.363  -29.500  39.271 0.0000000000
69920  -42.029  -29.584  39.852 0.0000000000
72715  -41.636  -27.876  40.313 0.0000000000
74146  -40.381  -26.526  40.271 0.0000000000
75496  -39.448  -25.509  40.435 0.0000000000
74141  -33.133  -26.763  40.364 0.0000000000
74140  -32.218  -26.301  40.055 0.0000000000
74153  -32.773  -27.025  39.520 0.0000000000
72719  -33.429  -27.754  38.926 0.0000000000
72755  -33.770  -27.910  37.228 0.0000000000
75526  -32.168  -26.056  37.121 0.0000000000
76834  -32.399  -25.083  36.315 0.0000000000
75544  -32.425  -26.145  36.065 0.0000000000
74182  -32.424  -26.874  37.385 0.0000000000
72770  -32.851  -27.431  36.895 0.0000000000
72772  -34.194  -27.879  36.332 0.0000000000
72773  -35.286  -27.604  36.095 0.0000000000
72774  -36.194  -27.252  36.125 0.0000000000
75527  -37.136  -26.339  36.307 0.0000000000
75528  -37.864  -25.935  36.755 0.0000000000
76812  -37.372  -25.707  36.260 0.0000000000
75529  -38.498  -25.518  37.195 0.0000000000
76785  -40.258  -24.770  38.940 0.0000000000
76892  -37.311  -25.499  33.817 0.0000000000
75596  -39.387  -25.580  34.237 0.0000000000
75615  -37.936  -25.683  32.628 0.0000000000
75616  -38.383  -25.882  33.165 0.0000000000
78313  -41.867  -23.747  29.553 0.0000000000
79611  -42.557  -22.805  29.788 0.0000000000
82415  -38.675  -21.531  30.647 0.0000000000
82416  -39.227  -21.390  30.564 0.0000000000
82401  -39.381  -20.912  30.645 0.0000000000
82391  -39.600  -20.527  30.862 0.0000000000
83818  -40.258  -20.367  30.428 0.0000000000
170419  -41.070  -17.921  30.726 0.0000000000
170405  -40.490  -17.442  30.621 0.0000000000
92163  -39.652  -14.433  31.556 0.0000000000
93712  -40.168  -13.219  33.027 0.0000000000
56677  -26.107  -37.879  44.166 0.0000000000
59550  -27.001  -37.368  45.632 0.0000000000
58095  -27.469  -37.654  46.442 0.0000000000
63962  -27.457  -34.481  44.550 0.0000000000
62505  -27.671  -34.625  45.368 0.0000000000
62486  -27.692  -34.767  46.354 0.0000000000
63923  -28.711  -34.156  46.820 0.0000000000
63922  -28.050  -34.381  46.958 0.0000000000
62471  -27.729  -34.956  47.497 0.0000000000
62454  -27.867  -35.526  48.231 0.0000000000
57875  -10.256  -37.464  54.463 0.0000000000
59385  -11.722  -36.530  53.887 0.0000000000
59408  -11.901  -36.787  52.967 0.0000000000
59407  -11.541  -36.990  53.390 0.0000000000
57902  -11.220  -37.575  53.628 0.0000000000
56479  -10.572  -38.092  54.036 0.0000000000
56463  -10.337  -38.808  54.516 0.0000000000
55042  -12.717  -40.192  55.769 0.0000000000
56549  -17.018  -38.089  50.032 0.0000000000
53543  -21.160  -40.928  52.944 0.0000000000
55096  -17.265  -39.931  53.995 0.0000000000
103441  -55.922  -5.867  24.244 0.0000000000
53369  -6.862  -40.671  64.785 0.0000000000
53382  -5.740  -39.892  64.152 0.0000000000
54903  -5.353  -39.567  64.331 0.0000000000
56394  -5.153  -38.800  64.225 0.0000000000
51877  -3.924  -41.293  63.900 0.0000000000
51884  -3.872  -41.098  63.397 0.0000000000
53380  -3.966  -40.424  63.851 0.0000000000
50299  -5.028  -41.405  65.051 0.0000000000
50311  -4.090  -41.645  64.176 0.0000000000
51889  -7.217  -40.571  61.965 0.0000000000
51890  -7.478  -40.739  61.972 0.0000000000
51897  -9.098  -41.413  61.121 0.0000000000
51901  -7.439  -40.678  61.222 0.0000000000
51908  -7.942  -41.259  59.910 0.0000000000
52079  -26.299  -41.361  47.516 0.0000000000
53381  -4.355  -40.405  64.211 0.0000000000
53411  -9.872  -41.045  61.492 0.0000000000
53436  -8.279  -40.723  59.577 0.0000000000
53594  -24.610  -41.646  48.191 0.0000000000
54886  -4.719  -39.507  64.448 0.0000000000
54974  -8.149  -40.031  59.842 0.0000000000
55173  -19.294  -38.565  47.743 0.0000000000
56391  -4.912  -39.234  64.620 0.0000000000
56393  -4.425  -38.983  64.408 0.0000000000
56464  -10.971  -39.194  54.222 0.0000000000
56499  -11.985  -38.085  53.188 0.0000000000
56519  -12.187  -37.972  53.102 0.0000000000
56520  -12.265  -38.013  52.988 0.0000000000
56614  -18.275  -37.569  47.602 0.0000000000
56630  -18.929  -38.112  47.197 0.0000000000
56644  -18.668  -37.608  46.975 0.0000000000
56645  -19.011  -37.663  46.560 0.0000000000
56660  -19.446  -37.440  46.089 0.0000000000
57849  -9.197  -37.763  55.773 0.0000000000
57901  -10.871  -37.623  53.996 0.0000000000
57932  -11.479  -37.402  53.354 0.0000000000
57933  -11.892  -37.541  53.054 0.0000000000
57934  -12.270  -37.626  52.765 0.0000000000
57960  -12.110  -37.791  53.026 0.0000000000
57961  -12.296  -37.855  52.874 0.0000000000
57962  -14.768  -36.870  50.042 0.0000000000
58057  -18.171  -37.163  47.651 0.0000000000
58074  -18.394  -37.222  47.278 0.0000000000
58088  -18.604  -37.042  46.724 0.0000000000
58091  -22.235  -36.723  46.100 0.0000000000
58098  -19.667  -37.004  45.635 0.0000000000
58099  -20.517  -37.337  45.689 0.0000000000
58137  -24.575  -37.061  41.948 0.0000000000
58158  -24.984  -36.670  41.529 0.0000000000
59365  -10.757  -36.864  54.537 0.0000000000
59384  -11.170  -36.999  53.993 0.0000000000
59406  -11.325  -37.215  53.569 0.0000000000
59409  -13.554  -35.762  52.179 0.0000000000
59525  -21.736  -36.617  46.417 0.0000000000
59544  -19.128  -36.627  46.790 0.0000000000
59546  -20.754  -36.713  46.399 0.0000000000
59548  -21.868  -36.452  46.294 0.0000000000
59567  -20.950  -36.991  45.936 0.0000000000
59568  -21.311  -36.965  45.867 0.0000000000
59596  -26.611  -36.165  42.484 0.0000000000
59604  -26.052  -36.465  41.742 0.0000000000
59605  -26.382  -36.189  41.813 0.0000000000
59620  -24.619  -36.038  41.285 0.0000000000
59621  -25.621  -36.302  41.456 0.0000000000
59622  -26.125  -36.243  41.528 0.0000000000
60946  -20.018  -35.690  49.050 0.0000000000
60947  -20.303  -35.743  48.793 0.0000000000
60968  -20.140  -35.752  48.668 0.0000000000
60969  -20.415  -35.780  48.567 0.0000000000
60988  -21.725  -36.426  46.563 0.0000000000
60989  -21.883  -36.158  46.610 0.0000000000
61005  -21.869  -36.305  46.446 0.0000000000
61006  -22.243  -36.110  46.390 0.0000000000
61025  -24.432  -35.534  45.258 0.0000000000
61058  -22.951  -35.374  43.008 0.0000000000
61072  -22.894  -35.278  42.003 0.0000000000
61095  -25.432  -35.610  41.305 0.0000000000
62553  -23.554  -34.419  42.176 0.0000000000
62583  -24.841  -34.870  41.463 0.0000000000
62585  -25.955  -35.240  41.664 0.0000000000
65390  -28.314  -34.257  44.242 0.0000000000
68454  -25.583  -30.312  41.828 0.0000000000
68490  -42.804  -29.860  39.200 0.0000000000
68503  -42.572  -30.190  38.679 0.0000000000
68504  -43.050  -29.850  38.870 0.0000000000
69868  -26.423  -28.723  43.092 0.0000000000
69884  -26.208  -29.129  41.764 0.0000000000
69922  -43.054  -29.387  39.191 0.0000000000
69935  -42.941  -30.002  38.440 0.0000000000
69936  -43.144  -29.480  38.471 0.0000000000
69950  -42.680  -29.435  38.122 0.0000000000
71288  -26.604  -28.387  42.358 0.0000000000
71306  -26.986  -27.611  41.972 0.0000000000
71341  -42.484  -28.943  39.062 0.0000000000
71342  -43.196  -28.865  38.912 0.0000000000
71358  -41.485  -28.949  38.094 0.0000000000
71360  -42.648  -29.052  38.434 0.0000000000
71375  -41.882  -29.534  37.880 0.0000000000
71376  -42.253  -29.374  38.040 0.0000000000
72668  -29.626  -26.030  43.214 0.0000000000
72683  -29.013  -26.743  42.384 0.0000000000
72684  -29.579  -26.366  42.963 0.0000000000
72697  -28.191  -26.714  41.793 0.0000000000
72753  -32.674  -27.300  37.199 0.0000000000
72771  -33.249  -27.639  36.555 0.0000000000
72783  -34.307  -27.490  35.508 0.0000000000
74095  -29.391  -25.534  43.380 0.0000000000
74109  -27.370  -25.801  42.521 0.0000000000
74110  -29.549  -26.104  41.940 0.0000000000
74111  -29.704  -25.780  42.478 0.0000000000
74126  -29.678  -25.758  41.729 0.0000000000
74139  -29.100  -25.989  41.645 0.0000000000
74164  -31.495  -26.103  38.696 0.0000000000
74198  -32.574  -27.005  36.577 0.0000000000
74199  -33.026  -27.297  35.933 0.0000000000
74210  -33.367  -27.003  35.251 0.0000000000
75452  -27.862  -25.171  42.871 0.0000000000
75453  -28.317  -25.078  43.211 0.0000000000
75454  -28.892  -25.176  43.386 0.0000000000
75469  -27.658  -25.398  42.494 0.0000000000
75470  -28.151  -25.084  42.627 0.0000000000
75471  -28.997  -25.033  42.648 0.0000000000
75513  -31.703  -25.666  38.091 0.0000000000
75547  -36.443  -26.003  35.891 0.0000000000
75548  -38.495  -25.458  35.694 0.0000000000
75549  -38.840  -25.443  35.735 0.0000000000
75568  -33.400  -25.915  34.913 0.0000000000
75633  -37.816  -25.480  32.433 0.0000000000
75651  -38.412  -25.154  31.820 0.0000000000
75655  -41.885  -25.529  31.799 0.0000000000
76742  -28.332  -25.399  41.874 0.0000000000
76893  -37.854  -25.651  33.469 0.0000000000
76953  -37.972  -24.518  31.745 0.0000000000
78292  -38.168  -23.985  31.520 0.0000000000
78294  -39.369  -23.960  30.796 0.0000000000
79577  -35.213  -22.654  33.846 0.0000000000
79607  -38.580  -22.623  30.798 0.0000000000
79613  -44.396  -22.402  30.237 0.0000000000
80977  -34.798  -22.132  34.071 0.0000000000
81021  -38.183  -21.677  30.764 0.0000000000
82355  -37.052  -21.278  33.431 0.0000000000
82367  -36.822  -21.321  33.467 0.0000000000
82402  -39.870  -20.674  30.544 0.0000000000
82421  -44.203  -21.100  30.330 0.0000000000
88097  -45.778  -16.840  29.937 0.0000000000
89433  -46.985  -16.142  29.363 0.0000000000
92150  -38.802  -14.991  32.502 0.0000000000
93694  -40.614  -12.547  33.600 0.0000000000
93711  -40.710  -12.132  33.024 0.0000000000
93713  -40.939  -12.498  32.562 0.0000000000
93755  -43.343  -13.395  29.345 0.0000000000
95260  -40.738  -12.035  33.039 0.0000000000
95264  -45.116  -10.783  32.636 0.0000000000
95269  -41.881  -12.178  31.721 0.0000000000
95272  -45.098  -10.734  31.908 0.0000000000
95286  -43.060  -11.992  30.761 0.0000000000
96588  -45.265  -10.629  31.375 0.0000000000
101932  -55.159  -7.679  24.954 0.0000000000
169685  -31.475  -34.079  38.076 0.0000000000
169688  -31.327  -33.625  37.845 0.0000000000
169690  -31.117  -33.219  38.077 0.0000000000
169697  -32.555  -34.495  38.163 0.0000000000
169700  -31.268  -33.343  37.873 0.0000000000
169738  -35.169  -32.993  36.609 0.0000000000
169739  -35.463  -33.097  36.475 0.0000000000
169741  -35.704  -33.066  36.288 0.0000000000
170402  -39.400  -19.957  33.129 0.0000000000
170406  -40.642  -17.767  30.702 0.0000000000
170418  -42.642  -19.082  30.686 0.0000000000
170437  -39.348  -19.920  33.708 0.0000000000
170439  -44.313  -20.333  30.900 0.0000000000
171159  -27.451  -26.086  42.089 0.0000000000
