#!ascii label  , from subject 4103 vox2ras=TkReg
2230
66716  -37.490  -30.469  57.055 0.0000000000
95200  -56.655  -11.214  39.232 0.0000000000
82243  -40.661  -21.694  43.877 0.0000000000
60867  -3.604  -34.679  54.124 0.0000000000
63790  -24.372  -32.304  56.201 0.0000000000
170297  -14.243  -24.264  54.852 0.0000000000
75241  -9.559  -28.148  61.813 0.0000000000
85134  -49.315  -17.358  40.399 0.0000000000
69784  -8.951  -28.789  48.092 0.0000000000
62225  -2.956  -34.390  64.507 0.0000000000
72597  -40.099  -28.099  48.091 0.0000000000
60918  -35.087  -31.731  52.374 0.0000000000
62357  -32.399  -33.633  54.242 0.0000000000
101849  -57.317  -6.680  38.803 0.0000000000
86501  -45.065  -17.334  42.844 0.0000000000
56527  -22.268  -36.527  51.797 0.0000000000
79327  -6.857  -21.932  56.195 0.0000000000
69710  -4.788  -29.485  54.103 0.0000000000
68311  -5.798  -30.835  50.443 0.0000000000
169636  -4.982  -36.246  48.969 0.0000000000
169620  -13.306  -34.848  67.235 0.0000000000
66585  -6.967  -31.454  69.016 0.0000000000
170617  -39.276  -21.385  49.991 0.0000000000
63766  -29.581  -32.229  57.593 0.0000000000
68286  -25.979  -30.347  51.992 0.0000000000
73897  -11.452  -25.999  58.815 0.0000000000
72486  -4.601  -27.839  58.406 0.0000000000
92062  -52.412  -13.755  40.824 0.0000000000
59246  -15.609  -34.758  62.725 0.0000000000
59325  -19.056  -34.348  57.254 0.0000000000
76631  -10.000  -25.054  52.479 0.0000000000
65385  -5.648  -32.421  45.622 0.0000000000
71004  -8.889  -28.934  66.502 0.0000000000
71028  -3.928  -28.890  64.537 0.0000000000
63757  -1.928  -33.331  59.301 0.0000000000
71123  -38.507  -28.242  56.534 0.0000000000
66764  -38.211  -31.894  53.293 0.0000000000
68287  -38.977  -30.205  52.162 0.0000000000
63838  -37.092  -33.851  53.250 0.0000000000
63885  -37.596  -32.360  50.316 0.0000000000
62328  -36.186  -34.128  55.918 0.0000000000
97777  -57.468  -8.764  39.941 0.0000000000
95196  -53.126  -10.896  38.714 0.0000000000
96527  -54.303  -9.432  37.478 0.0000000000
99108  -56.300  -8.238  36.966 0.0000000000
170783  -43.081  -18.531  44.347 0.0000000000
79421  -37.397  -21.268  45.683 0.0000000000
83651  -38.956  -19.652  44.022 0.0000000000
85095  -41.428  -18.176  42.459 0.0000000000
66743  -2.014  -31.938  53.517 0.0000000000
66771  -1.829  -32.812  51.346 0.0000000000
59444  -4.404  -35.579  52.049 0.0000000000
56628  -8.810  -38.485  47.856 0.0000000000
56546  -6.975  -37.280  51.844 0.0000000000
59224  -12.141  -35.413  64.217 0.0000000000
60703  -9.948  -35.394  66.144 0.0000000000
170627  -36.888  -21.627  52.300 0.0000000000
73997  -36.813  -26.831  52.395 0.0000000000
74032  -37.237  -27.761  48.582 0.0000000000
75391  -35.601  -26.042  51.397 0.0000000000
76665  -35.130  -23.141  50.106 0.0000000000
68211  -31.743  -30.526  57.011 0.0000000000
63882  -30.650  -32.908  50.872 0.0000000000
63848  -28.330  -33.236  52.773 0.0000000000
106080  -57.682  -3.401  36.318 0.0000000000
110252  -55.746  -0.973  37.361 0.0000000000
75263  -9.948  -27.321  60.893 0.0000000000
73893  -7.502  -26.806  59.231 0.0000000000
73864  -7.152  -27.326  60.924 0.0000000000
88031  -51.273  -16.053  39.794 0.0000000000
85131  -45.535  -17.254  39.402 0.0000000000
86588  -47.376  -16.791  38.469 0.0000000000
90667  -48.873  -14.171  39.419 0.0000000000
59200  -17.606  -35.728  65.116 0.0000000000
59249  -18.772  -34.309  63.053 0.0000000000
170262  -13.328  -21.482  56.514 0.0000000000
170236  -11.554  -22.190  55.259 0.0000000000
76634  -12.369  -24.135  53.033 0.0000000000
63936  -1.916  -33.929  46.609 0.0000000000
65320  -6.117  -32.360  48.078 0.0000000000
62526  -3.318  -34.089  44.170 0.0000000000
69575  -11.122  -30.758  65.875 0.0000000000
65108  -5.503  -31.952  65.659 0.0000000000
68100  -5.632  -30.411  66.247 0.0000000000
66631  -2.397  -31.569  64.713 0.0000000000
68179  -2.717  -30.677  61.655 0.0000000000
63740  -1.735  -33.048  62.238 0.0000000000
72561  -37.744  -28.592  52.282 0.0000000000
65206  -34.347  -31.491  56.516 0.0000000000
63782  -35.525  -32.532  56.301 0.0000000000
60885  -33.359  -33.729  53.039 0.0000000000
106041  -58.266  -3.618  38.849 0.0000000000
103335  -57.210  -5.421  36.229 0.0000000000
85100  -47.179  -16.812  41.528 0.0000000000
86542  -43.176  -17.025  40.567 0.0000000000
63861  -24.255  -33.213  51.715 0.0000000000
59418  -24.356  -34.870  53.199 0.0000000000
75346  -6.352  -25.247  53.144 0.0000000000
71148  -10.216  -28.778  55.400 0.0000000000
69715  -9.714  -29.831  53.940 0.0000000000
68278  -5.794  -30.327  51.921 0.0000000000
65297  -2.128  -33.024  49.265 0.0000000000
61003  -5.591  -35.536  46.155 0.0000000000
65100  -13.597  -32.827  68.038 0.0000000000
66588  -11.472  -31.461  68.623 0.0000000000
62181  -10.777  -33.505  68.582 0.0000000000
62192  -7.644  -33.059  66.912 0.0000000000
170609  -39.724  -21.941  47.610 0.0000000000
170589  -36.421  -20.219  48.948 0.0000000000
65201  -26.835  -30.847  57.161 0.0000000000
62321  -30.209  -32.404  55.141 0.0000000000
63808  -28.122  -32.153  54.853 0.0000000000
68237  -24.641  -30.424  54.418 0.0000000000
170310  -15.046  -22.365  58.208 0.0000000000
170294  -14.546  -24.609  60.283 0.0000000000
75319  -13.462  -25.822  57.535 0.0000000000
72510  -8.235  -27.916  56.786 0.0000000000
71143  -4.745  -28.992  56.087 0.0000000000
68223  -2.164  -30.459  55.842 0.0000000000
93627  -54.833  -12.179  40.676 0.0000000000
93624  -50.404  -12.436  39.088 0.0000000000
60699  -16.102  -35.088  67.036 0.0000000000
59206  -14.427  -34.520  65.411 0.0000000000
59260  -13.881  -36.146  61.605 0.0000000000
56448  -22.549  -35.040  55.777 0.0000000000
57809  -21.814  -34.465  58.521 0.0000000000
59283  -20.350  -34.314  60.389 0.0000000000
59280  -17.613  -33.640  60.382 0.0000000000
59293  -14.414  -33.655  59.855 0.0000000000
80689  -9.776  -21.597  57.150 0.0000000000
170227  -8.777  -22.987  53.703 0.0000000000
72577  -8.418  -27.889  51.180 0.0000000000
66774  -8.804  -31.369  51.621 0.0000000000
65301  -10.204  -32.152  49.136 0.0000000000
68352  -11.478  -30.613  46.784 0.0000000000
73805  -8.511  -28.166  64.596 0.0000000000
68103  -8.312  -31.094  67.063 0.0000000000
72395  -6.533  -27.947  66.501 0.0000000000
72447  -6.832  -29.140  63.575 0.0000000000
72465  -3.766  -27.910  61.292 0.0000000000
69662  -1.816  -29.794  58.438 0.0000000000
62309  -2.017  -34.238  56.914 0.0000000000
59255  -3.094  -36.732  61.244 0.0000000000
57790  -3.266  -37.423  59.854 0.0000000000
57899  -6.257  -37.706  54.778 0.0000000000
68217  -37.564  -29.755  56.554 0.0000000000
69656  -38.366  -29.050  58.668 0.0000000000
66749  -38.079  -31.526  53.985 0.0000000000
66739  -38.300  -30.409  54.551 0.0000000000
65229  -37.109  -32.492  55.541 0.0000000000
65252  -37.684  -32.250  53.749 0.0000000000
65209  -37.739  -31.470  57.765 0.0000000000
63800  -37.214  -33.262  56.379 0.0000000000
96513  -56.845  -10.200  39.685 0.0000000000
95198  -55.341  -11.167  39.038 0.0000000000
95209  -53.680  -10.131  37.963 0.0000000000
96521  -55.763  -10.514  38.487 0.0000000000
96522  -56.016  -9.800  38.566 0.0000000000
82244  -41.496  -20.573  43.840 0.0000000000
170748  -42.913  -20.010  44.150 0.0000000000
170736  -42.738  -21.048  44.366 0.0000000000
79434  -37.872  -21.170  45.193 0.0000000000
85040  -40.230  -20.045  44.337 0.0000000000
85055  -41.401  -19.114  44.109 0.0000000000
63831  -1.934  -34.194  53.783 0.0000000000
63844  -1.723  -34.275  52.875 0.0000000000
60894  -3.924  -35.598  53.141 0.0000000000
56544  -5.617  -36.718  51.559 0.0000000000
57959  -4.069  -37.455  52.238 0.0000000000
59257  -11.389  -35.164  62.280 0.0000000000
60749  -10.786  -35.032  63.611 0.0000000000
75352  -36.619  -25.478  53.601 0.0000000000
74006  -36.305  -26.678  51.722 0.0000000000
76640  -35.775  -24.136  53.458 0.0000000000
170646  -35.757  -22.958  52.484 0.0000000000
107483  -58.527  -2.377  37.368 0.0000000000
107482  -56.495  -2.262  37.413 0.0000000000
110254  -57.302  -0.692  38.530 0.0000000000
75250  -9.441  -27.904  61.384 0.0000000000
75261  -8.600  -27.685  61.039 0.0000000000
75249  -8.725  -28.043  61.458 0.0000000000
86561  -50.528  -17.328  39.461 0.0000000000
86548  -51.528  -16.402  41.388 0.0000000000
85132  -47.031  -16.759  39.664 0.0000000000
85147  -46.017  -17.269  38.722 0.0000000000
86558  -47.893  -16.364  39.997 0.0000000000
88009  -49.228  -15.901  40.648 0.0000000000
59211  -19.228  -35.355  64.115 0.0000000000
59231  -20.299  -34.601  63.066 0.0000000000
63763  -24.431  -31.866  58.163 0.0000000000
63791  -24.279  -32.915  56.858 0.0000000000
72584  -6.830  -26.813  49.777 0.0000000000
170278  -14.035  -22.348  56.312 0.0000000000
79339  -13.038  -22.494  54.961 0.0000000000
170320  -13.584  -24.373  53.877 0.0000000000
61020  -3.501  -35.168  45.144 0.0000000000
63958  -2.525  -33.514  45.718 0.0000000000
59580  -3.267  -35.624  44.305 0.0000000000
69586  -12.221  -30.268  64.694 0.0000000000
66599  -11.370  -32.493  65.876 0.0000000000
63711  -4.181  -32.910  64.940 0.0000000000
66614  -3.483  -31.452  65.720 0.0000000000
65135  -2.560  -32.631  64.696 0.0000000000
65158  -1.715  -32.372  62.722 0.0000000000
62241  -1.973  -33.978  62.918 0.0000000000
71159  -38.528  -28.636  53.880 0.0000000000
69741  -38.702  -29.452  52.049 0.0000000000
72539  -38.359  -27.712  54.227 0.0000000000
73978  -37.550  -26.599  53.773 0.0000000000
62373  -35.581  -34.293  52.705 0.0000000000
60860  -34.772  -33.694  53.837 0.0000000000
60917  -34.051  -32.382  52.397 0.0000000000
62402  -32.866  -32.701  51.679 0.0000000000
104719  -57.936  -4.836  38.380 0.0000000000
100469  -56.976  -7.162  38.255 0.0000000000
100476  -56.292  -6.816  36.737 0.0000000000
103307  -57.762  -5.822  37.623 0.0000000000
104743  -57.893  -4.884  37.008 0.0000000000
86527  -47.098  -17.132  42.226 0.0000000000
83673  -48.067  -18.457  42.847 0.0000000000
85075  -47.206  -17.742  43.403 0.0000000000
86499  -43.188  -17.375  42.631 0.0000000000
86540  -41.780  -17.386  41.363 0.0000000000
86525  -44.680  -16.845  41.622 0.0000000000
86543  -45.109  -16.613  41.094 0.0000000000
170215  -6.270  -22.341  55.418 0.0000000000
170203  -5.483  -23.474  54.229 0.0000000000
170213  -7.162  -23.254  54.073 0.0000000000
69702  -7.351  -29.366  54.709 0.0000000000
69713  -7.853  -29.586  53.971 0.0000000000
68259  -5.042  -29.993  52.907 0.0000000000
62414  -3.312  -33.769  50.234 0.0000000000
66786  -1.828  -33.113  50.670 0.0000000000
62435  -3.074  -33.987  49.273 0.0000000000
60967  -3.053  -34.557  47.907 0.0000000000
59541  -5.806  -35.469  47.242 0.0000000000
58073  -7.206  -36.972  47.269 0.0000000000
62190  -13.830  -34.297  67.684 0.0000000000
63689  -12.487  -32.792  68.953 0.0000000000
62189  -12.157  -34.441  68.196 0.0000000000
60714  -9.073  -34.518  65.687 0.0000000000
62194  -8.743  -34.596  67.361 0.0000000000
62203  -7.823  -33.222  65.829 0.0000000000
62202  -6.843  -32.667  65.731 0.0000000000
170608  -38.377  -21.456  48.860 0.0000000000
170607  -36.605  -21.421  50.538 0.0000000000
170590  -35.535  -21.059  49.193 0.0000000000
170599  -36.720  -21.017  49.699 0.0000000000
170600  -37.715  -21.418  48.056 0.0000000000
65190  -29.012  -31.686  58.098 0.0000000000
65189  -28.319  -31.253  58.058 0.0000000000
65203  -28.288  -31.270  57.346 0.0000000000
63797  -32.657  -32.096  55.520 0.0000000000
65215  -32.118  -31.461  55.931 0.0000000000
62338  -31.058  -32.580  54.354 0.0000000000
65259  -27.359  -32.440  52.526 0.0000000000
63821  -28.002  -32.810  54.160 0.0000000000
65249  -26.562  -31.969  53.172 0.0000000000
66737  -26.098  -31.032  55.051 0.0000000000
66762  -25.663  -30.401  52.909 0.0000000000
69727  -23.566  -29.904  52.128 0.0000000000
75295  -12.052  -26.039  59.626 0.0000000000
75309  -13.349  -25.687  58.837 0.0000000000
75310  -14.301  -25.299  59.029 0.0000000000
75318  -12.756  -26.058  58.125 0.0000000000
73926  -11.021  -26.961  56.814 0.0000000000
73914  -10.144  -26.371  58.055 0.0000000000
72487  -5.725  -27.725  58.663 0.0000000000
72498  -6.526  -27.640  57.827 0.0000000000
71118  -4.692  -28.573  57.223 0.0000000000
71141  -3.280  -28.896  56.236 0.0000000000
71124  -2.903  -28.820  56.831 0.0000000000
92053  -54.600  -13.173  41.103 0.0000000000
92055  -55.821  -13.134  41.202 0.0000000000
90656  -55.222  -14.505  41.242 0.0000000000
90661  -51.280  -14.397  40.283 0.0000000000
92072  -49.882  -13.209  38.964 0.0000000000
93626  -51.539  -12.263  40.444 0.0000000000
95176  -53.143  -11.814  40.331 0.0000000000
62199  -17.177  -34.585  66.698 0.0000000000
59227  -16.597  -34.137  63.787 0.0000000000
59208  -16.290  -34.638  65.113 0.0000000000
62246  -15.382  -34.034  63.907 0.0000000000
60752  -14.145  -34.696  63.832 0.0000000000
59245  -14.500  -35.087  62.401 0.0000000000
57971  -23.424  -35.319  51.916 0.0000000000
57881  -23.140  -34.554  54.543 0.0000000000
56486  -22.315  -35.434  53.730 0.0000000000
57876  -20.306  -35.101  55.505 0.0000000000
57852  -21.029  -34.437  56.432 0.0000000000
59327  -20.570  -33.685  57.738 0.0000000000
59299  -20.910  -33.325  59.510 0.0000000000
59298  -19.883  -33.663  59.307 0.0000000000
59281  -18.565  -34.233  60.282 0.0000000000
62305  -17.901  -33.872  58.960 0.0000000000
59308  -15.205  -34.005  58.698 0.0000000000
80681  -10.734  -21.434  57.597 0.0000000000
77970  -10.608  -22.787  53.822 0.0000000000
170230  -9.730  -22.472  54.804 0.0000000000
77979  -9.274  -23.637  53.372 0.0000000000
75362  -8.093  -25.945  52.453 0.0000000000
72568  -8.776  -27.523  51.799 0.0000000000
68279  -7.147  -30.363  52.009 0.0000000000
69735  -8.976  -30.116  52.867 0.0000000000
66791  -6.884  -31.057  50.488 0.0000000000
65339  -6.288  -32.669  47.242 0.0000000000
65322  -8.013  -32.320  48.108 0.0000000000
65341  -8.398  -32.387  47.242 0.0000000000
66836  -11.325  -31.336  47.847 0.0000000000
65364  -8.668  -32.250  46.272 0.0000000000
66889  -7.882  -31.369  45.136 0.0000000000
72411  -8.955  -27.746  65.570 0.0000000000
68076  -9.362  -30.642  69.290 0.0000000000
68081  -9.579  -30.893  68.485 0.0000000000
68079  -7.585  -31.076  68.517 0.0000000000
69572  -3.913  -29.484  65.906 0.0000000000
71001  -5.750  -28.433  66.775 0.0000000000
72407  -5.435  -28.075  65.340 0.0000000000
72424  -6.128  -28.336  64.899 0.0000000000
72435  -5.480  -29.378  63.997 0.0000000000
72456  -5.383  -28.174  62.114 0.0000000000
71065  -4.180  -28.988  62.788 0.0000000000
65171  -1.712  -32.296  60.560 0.0000000000
68195  -1.932  -30.646  60.025 0.0000000000
65184  -1.914  -32.441  58.517 0.0000000000
65199  -2.024  -32.472  57.469 0.0000000000
62297  -2.012  -34.233  57.930 0.0000000000
56405  -2.834  -38.518  61.009 0.0000000000
57778  -2.984  -37.595  60.686 0.0000000000
71136  -38.670  -28.333  55.585 0.0000000000
65290  -38.380  -32.391  50.042 0.0000000000
66800  -39.211  -31.103  50.311 0.0000000000
66765  -38.850  -31.332  52.954 0.0000000000
69706  -38.581  -29.285  54.462 0.0000000000
62388  -36.289  -33.209  52.619 0.0000000000
63851  -37.407  -33.125  52.341 0.0000000000
63869  -37.980  -32.573  50.722 0.0000000000
63810  -36.677  -33.985  55.223 0.0000000000
100466  -57.546  -7.343  39.143 0.0000000000
95215  -52.560  -10.395  36.158 0.0000000000
96535  -53.470  -9.520  36.214 0.0000000000
97801  -55.372  -9.356  35.545 0.0000000000
97783  -55.639  -8.910  37.278 0.0000000000
99105  -56.548  -8.148  38.340 0.0000000000
86480  -44.284  -17.441  44.213 0.0000000000
85056  -46.286  -18.232  43.957 0.0000000000
170765  -44.284  -18.569  44.505 0.0000000000
170713  -44.703  -20.160  44.853 0.0000000000
82223  -35.753  -20.482  45.976 0.0000000000
82231  -36.689  -20.456  44.633 0.0000000000
170686  -37.803  -19.995  43.857 0.0000000000
83671  -38.771  -18.991  42.882 0.0000000000
85093  -39.359  -18.817  42.378 0.0000000000
85072  -40.499  -18.713  43.229 0.0000000000
85074  -42.085  -17.549  43.960 0.0000000000
68246  -3.864  -29.880  53.747 0.0000000000
68258  -3.690  -30.567  52.768 0.0000000000
66755  -1.888  -32.480  52.405 0.0000000000
63859  -1.796  -34.436  51.676 0.0000000000
59479  -5.186  -35.488  50.201 0.0000000000
58056  -6.792  -37.654  48.263 0.0000000000
56592  -6.699  -37.011  50.012 0.0000000000
56594  -8.172  -38.038  49.979 0.0000000000
59204  -12.641  -35.516  65.907 0.0000000000
60695  -11.824  -35.065  67.086 0.0000000000
60731  -11.355  -34.852  65.010 0.0000000000
76651  -37.084  -21.316  50.712 0.0000000000
72586  -38.820  -27.804  49.807 0.0000000000
74033  -38.742  -27.155  48.191 0.0000000000
74007  -37.601  -27.649  50.571 0.0000000000
74018  -36.116  -27.320  50.391 0.0000000000
75390  -35.094  -25.899  50.075 0.0000000000
170647  -34.836  -23.851  51.060 0.0000000000
76656  -36.150  -22.304  51.012 0.0000000000
65205  -30.767  -31.792  57.447 0.0000000000
62385  -31.440  -34.089  52.695 0.0000000000
62370  -30.634  -33.655  53.305 0.0000000000
63865  -29.498  -33.274  51.782 0.0000000000
65271  -27.724  -32.415  51.273 0.0000000000
107508  -54.997  -3.094  36.338 0.0000000000
108920  -54.935  -1.593  36.807 0.0000000000
110279  -54.855  -0.135  35.820 0.0000000000
110300  -56.028  0.104  34.064 0.0000000000
75294  -10.900  -25.902  59.588 0.0000000000
73895  -9.286  -26.091  58.856 0.0000000000
75291  -8.879  -27.135  59.844 0.0000000000
73878  -8.066  -27.324  60.160 0.0000000000
73876  -5.847  -27.776  59.860 0.0000000000
89345  -51.804  -15.260  40.542 0.0000000000
88011  -52.381  -15.214  41.517 0.0000000000
85160  -45.209  -17.314  38.149 0.0000000000
86586  -45.721  -16.502  37.765 0.0000000000
89362  -46.925  -15.137  37.780 0.0000000000
88027  -48.059  -15.672  38.557 0.0000000000
90653  -49.934  -14.821  40.765 0.0000000000
60709  -17.509  -35.367  66.057 0.0000000000
59201  -18.743  -35.973  64.766 0.0000000000
59210  -18.142  -35.337  64.332 0.0000000000
59248  -17.878  -34.434  62.848 0.0000000000
57907  -19.868  -35.753  54.308 0.0000000000
60845  -18.143  -34.418  57.105 0.0000000000
170250  -12.537  -20.971  57.172 0.0000000000
170249  -11.633  -21.140  57.329 0.0000000000
170244  -12.477  -21.635  56.040 0.0000000000
170237  -12.114  -22.307  54.600 0.0000000000
76632  -11.212  -24.577  52.650 0.0000000000
65317  -3.112  -32.431  48.116 0.0000000000
66831  -6.040  -31.912  48.924 0.0000000000
65336  -3.485  -32.665  47.257 0.0000000000
65359  -3.686  -32.764  46.421 0.0000000000
63998  -3.474  -32.626  45.010 0.0000000000
71083  -11.596  -29.153  62.935 0.0000000000
69584  -11.032  -29.865  65.568 0.0000000000
71006  -9.993  -30.411  66.071 0.0000000000
65097  -6.761  -31.977  66.988 0.0000000000
68085  -6.714  -31.035  67.037 0.0000000000
66598  -4.934  -31.021  65.867 0.0000000000
68117  -3.199  -30.556  65.783 0.0000000000
69582  -2.724  -29.985  65.049 0.0000000000
69612  -3.167  -29.910  62.936 0.0000000000
68159  -2.168  -30.856  63.313 0.0000000000
65163  -1.753  -32.107  61.638 0.0000000000
63752  -1.790  -33.255  60.337 0.0000000000
69791  -40.091  -29.445  48.110 0.0000000000
68305  -39.188  -30.162  50.110 0.0000000000
69754  -39.023  -29.517  50.507 0.0000000000
71195  -39.028  -28.397  50.005 0.0000000000
73998  -37.446  -27.761  51.650 0.0000000000
73977  -36.961  -26.242  53.511 0.0000000000
62325  -34.221  -32.866  55.141 0.0000000000
62312  -35.660  -33.159  56.001 0.0000000000
62342  -34.536  -33.265  54.520 0.0000000000
60870  -32.868  -33.788  53.665 0.0000000000
62401  -32.179  -33.317  52.094 0.0000000000
103333  -55.996  -6.231  35.465 0.0000000000
106097  -57.918  -4.051  35.947 0.0000000000
107498  -58.543  -3.319  37.180 0.0000000000
83725  -49.117  -17.217  41.408 0.0000000000
85103  -50.949  -18.447  41.603 0.0000000000
83696  -48.969  -18.988  41.568 0.0000000000
85112  -40.416  -18.597  40.939 0.0000000000
85130  -44.379  -17.751  39.362 0.0000000000
85117  -46.103  -16.562  40.292 0.0000000000
63819  -24.353  -32.441  54.232 0.0000000000
63820  -24.419  -33.141  54.846 0.0000000000
62382  -25.009  -34.229  52.548 0.0000000000
59445  -24.687  -35.263  51.393 0.0000000000
72554  -6.130  -26.000  52.459 0.0000000000
72575  -6.863  -26.786  50.841 0.0000000000
72534  -12.305  -27.089  54.797 0.0000000000
73974  -12.929  -26.771  53.910 0.0000000000
69705  -10.032  -29.400  54.849 0.0000000000
68260  -6.517  -29.846  52.605 0.0000000000
68295  -5.141  -30.736  51.003 0.0000000000
68276  -3.329  -31.063  51.826 0.0000000000
66788  -3.311  -31.464  50.688 0.0000000000
66808  -4.018  -31.525  49.825 0.0000000000
65315  -1.862  -33.763  48.171 0.0000000000
169627  -11.944  -32.648  67.220 0.0000000000
65096  -12.455  -31.907  68.545 0.0000000000
65094  -10.379  -31.970  69.401 0.0000000000
65093  -9.290  -32.346  69.658 0.0000000000
60690  -10.837  -34.638  67.476 0.0000000000
63693  -8.566  -33.864  68.442 0.0000000000
63684  -7.074  -32.969  68.440 0.0000000000
63704  -6.645  -32.458  66.001 0.0000000000
62200  -5.149  -32.680  64.521 0.0000000000
60713  -4.059  -34.343  64.743 0.0000000000
170697  -39.823  -22.060  45.409 0.0000000000
170684  -41.234  -21.917  45.965 0.0000000000
170619  -40.222  -22.148  46.731 0.0000000000
74063  -38.761  -27.326  46.682 0.0000000000
170575  -34.647  -20.492  47.578 0.0000000000
82184  -38.136  -21.914  46.529 0.0000000000
65187  -26.406  -30.884  58.369 0.0000000000
66700  -24.949  -30.948  57.153 0.0000000000
66715  -32.805  -31.243  56.362 0.0000000000
65214  -31.169  -31.419  56.430 0.0000000000
63795  -30.278  -32.144  55.957 0.0000000000
62337  -30.117  -32.558  54.324 0.0000000000
62320  -29.336  -32.412  55.116 0.0000000000
63793  -28.703  -31.862  55.762 0.0000000000
65213  -27.687  -31.185  56.333 0.0000000000
66726  -26.123  -31.082  56.013 0.0000000000
66724  -24.681  -31.089  55.623 0.0000000000
66761  -23.494  -31.248  53.070 0.0000000000
110323  -56.500  -0.054  33.327 0.0000000000
110324  -57.173  0.064  32.785 0.0000000000
110349  -58.415  -0.425  31.333 0.0000000000
170287  -14.431  -21.482  57.274 0.0000000000
170290  -14.764  -23.518  56.677 0.0000000000
170291  -14.863  -24.195  59.512 0.0000000000
75320  -14.477  -24.340  57.883 0.0000000000
75328  -13.351  -25.877  55.527 0.0000000000
73939  -11.785  -26.889  55.958 0.0000000000
71131  -8.830  -28.661  56.189 0.0000000000
69671  -7.089  -28.869  55.837 0.0000000000
72499  -7.622  -27.410  57.542 0.0000000000
72509  -7.242  -28.091  56.931 0.0000000000
69686  -5.077  -29.160  55.424 0.0000000000
69698  -3.672  -29.470  54.962 0.0000000000
68233  -2.234  -31.019  54.741 0.0000000000
65225  -2.017  -32.634  55.436 0.0000000000
93639  -55.954  -11.436  39.806 0.0000000000
90675  -47.353  -14.220  37.847 0.0000000000
93645  -48.598  -12.855  37.855 0.0000000000
93658  -49.226  -12.420  36.912 0.0000000000
95194  -50.900  -10.805  38.713 0.0000000000
95185  -53.589  -11.172  39.808 0.0000000000
63697  -14.850  -33.492  67.717 0.0000000000
60697  -14.567  -34.662  66.932 0.0000000000
60708  -16.548  -35.377  66.301 0.0000000000
59192  -15.472  -34.929  66.130 0.0000000000
59190  -14.029  -34.856  66.204 0.0000000000
59243  -12.596  -35.430  62.816 0.0000000000
60846  -23.567  -33.897  55.906 0.0000000000
57830  -23.357  -34.842  56.123 0.0000000000
57828  -22.732  -35.185  56.804 0.0000000000
57878  -21.782  -35.214  55.269 0.0000000000
57827  -22.107  -34.952  56.756 0.0000000000
57810  -22.143  -34.911  58.236 0.0000000000
57796  -21.955  -34.232  59.653 0.0000000000
57785  -21.708  -34.475  60.637 0.0000000000
57772  -21.023  -34.193  61.831 0.0000000000
62260  -19.057  -34.507  61.719 0.0000000000
60787  -17.847  -34.584  61.459 0.0000000000
59263  -16.581  -34.622  61.247 0.0000000000
59309  -15.965  -33.956  58.679 0.0000000000
59294  -15.427  -33.303  59.752 0.0000000000
59277  -14.174  -34.311  61.120 0.0000000000
59276  -13.941  -35.600  60.637 0.0000000000
80688  -8.659  -21.422  56.998 0.0000000000
170232  -10.226  -21.920  56.503 0.0000000000
170229  -9.095  -22.021  56.120 0.0000000000
170222  -7.621  -22.374  55.251 0.0000000000
77977  -7.330  -23.826  53.707 0.0000000000
73984  -7.228  -26.282  52.422 0.0000000000
69759  -9.185  -29.180  49.197 0.0000000000
72560  -11.894  -27.157  53.191 0.0000000000
71172  -10.042  -28.848  53.034 0.0000000000
72558  -9.855  -27.635  52.630 0.0000000000
65298  -7.826  -32.214  49.575 0.0000000000
65282  -9.194  -32.340  50.149 0.0000000000
69747  -9.403  -29.684  51.749 0.0000000000
68312  -10.118  -30.482  49.887 0.0000000000
69773  -10.553  -29.836  48.742 0.0000000000
71217  -12.702  -28.072  47.327 0.0000000000
68364  -9.673  -29.994  45.527 0.0000000000
68106  -10.656  -31.873  67.015 0.0000000000
69560  -9.470  -31.342  66.363 0.0000000000
69559  -8.851  -30.658  66.573 0.0000000000
69539  -6.678  -30.349  66.927 0.0000000000
71002  -6.778  -28.709  66.914 0.0000000000
72397  -8.370  -27.990  66.385 0.0000000000
72426  -7.707  -27.959  65.115 0.0000000000
73812  -7.813  -28.833  63.825 0.0000000000
73823  -8.566  -28.696  62.668 0.0000000000
73835  -7.350  -28.101  62.179 0.0000000000
73848  -5.697  -27.592  61.490 0.0000000000
72470  -3.810  -27.648  60.128 0.0000000000
69636  -2.754  -29.228  61.555 0.0000000000
71103  -2.036  -29.219  59.835 0.0000000000
71109  -2.713  -28.701  58.501 0.0000000000
68216  -1.776  -30.650  57.061 0.0000000000
65210  -2.004  -32.515  56.436 0.0000000000
60853  -3.151  -34.987  54.939 0.0000000000
60725  -3.493  -34.692  64.419 0.0000000000
60763  -3.479  -35.834  62.731 0.0000000000
60762  -2.792  -35.482  62.288 0.0000000000
60761  -1.990  -34.812  61.715 0.0000000000
60780  -2.021  -35.167  60.911 0.0000000000
60807  -2.589  -35.274  59.251 0.0000000000
57803  -3.834  -37.263  59.036 0.0000000000
60817  -2.610  -35.643  58.439 0.0000000000
59315  -3.162  -36.636  57.200 0.0000000000
57870  -3.769  -36.980  55.251 0.0000000000
57896  -3.413  -37.174  53.840 0.0000000000
56496  -6.496  -37.860  53.324 0.0000000000
55137  -8.204  -39.423  51.565 0.0000000000
68218  -37.975  -29.891  57.219 0.0000000000
68215  -38.354  -29.684  57.779 0.0000000000
66717  -38.217  -30.512  57.414 0.0000000000
66727  -36.933  -30.475  55.975 0.0000000000
68238  -37.640  -30.317  55.493 0.0000000000
65230  -36.535  -31.458  55.681 0.0000000000
65242  -37.027  -31.798  54.574 0.0000000000
66707  -38.289  -30.945  57.693 0.0000000000
65218  -36.780  -31.330  56.925 0.0000000000
68209  -38.614  -29.834  58.542 0.0000000000
95201  -56.808  -10.983  39.629 0.0000000000
96504  -58.038  -10.606  39.643 0.0000000000
95189  -56.977  -11.028  40.037 0.0000000000
95211  -55.300  -10.522  38.344 0.0000000000
96511  -56.118  -10.884  38.498 0.0000000000
96512  -56.240  -10.702  38.826 0.0000000000
80831  -41.490  -21.505  44.278 0.0000000000
170687  -39.748  -21.803  44.328 0.0000000000
83633  -38.883  -20.900  45.312 0.0000000000
82232  -39.954  -21.100  43.772 0.0000000000
62351  -3.048  -34.084  54.242 0.0000000000
62366  -2.578  -34.420  53.495 0.0000000000
60880  -3.463  -34.757  53.363 0.0000000000
59427  -3.528  -36.553  52.729 0.0000000000
59405  -3.330  -36.495  53.375 0.0000000000
75368  -36.211  -25.494  52.739 0.0000000000
75240  -8.926  -28.347  61.835 0.0000000000
85135  -49.890  -17.805  39.867 0.0000000000
85137  -51.710  -18.045  40.257 0.0000000000
85136  -50.635  -18.144  39.885 0.0000000000
85133  -48.633  -16.294  40.903 0.0000000000
86559  -48.843  -16.470  40.859 0.0000000000
86560  -49.738  -16.774  39.978 0.0000000000
59213  -21.296  -34.910  63.850 0.0000000000
59212  -20.431  -35.090  63.673 0.0000000000
57749  -20.853  -34.827  63.005 0.0000000000
63774  -24.356  -32.148  57.198 0.0000000000
72585  -7.542  -27.638  49.506 0.0000000000
72593  -7.604  -27.622  48.479 0.0000000000
170298  -13.984  -23.854  54.782 0.0000000000
170327  -13.473  -25.783  53.858 0.0000000000
59563  -3.494  -35.340  44.590 0.0000000000
65111  -12.347  -33.144  65.792 0.0000000000
63710  -3.043  -33.583  65.046 0.0000000000
65121  -3.326  -32.710  65.181 0.0000000000
63720  -2.395  -33.534  64.148 0.0000000000
63719  -1.953  -33.225  63.713 0.0000000000
72527  -39.134  -27.557  54.886 0.0000000000
73963  -38.579  -26.793  54.476 0.0000000000
62387  -35.379  -33.835  52.460 0.0000000000
60900  -34.989  -32.974  52.984 0.0000000000
103296  -57.498  -6.009  38.651 0.0000000000
101848  -57.307  -6.475  38.489 0.0000000000
101855  -57.109  -6.273  38.028 0.0000000000
103295  -57.879  -5.597  38.159 0.0000000000
86502  -46.369  -17.315  43.067 0.0000000000
86500  -43.924  -17.200  42.866 0.0000000000
170214  -6.322  -22.710  54.674 0.0000000000
69701  -6.351  -29.268  54.721 0.0000000000
69711  -5.768  -29.374  54.050 0.0000000000
69721  -5.268  -29.604  53.569 0.0000000000
63860  -4.883  -34.814  49.632 0.0000000000
169640  -4.841  -34.701  49.214 0.0000000000
62452  -4.177  -34.567  48.314 0.0000000000
59518  -5.401  -35.197  48.541 0.0000000000
59519  -6.606  -35.854  47.614 0.0000000000
58072  -5.884  -36.917  48.075 0.0000000000
169624  -13.459  -34.424  67.880 0.0000000000
169622  -13.254  -34.534  67.970 0.0000000000
169621  -12.803  -34.650  67.898 0.0000000000
62204  -8.610  -33.856  65.807 0.0000000000
71220  -40.283  -28.542  47.579 0.0000000000
65191  -29.919  -32.262  58.388 0.0000000000
63765  -28.952  -31.692  57.422 0.0000000000
62340  -32.747  -33.114  54.633 0.0000000000
62323  -32.182  -32.458  55.049 0.0000000000
62339  -31.977  -32.836  54.469 0.0000000000
65258  -26.790  -31.935  52.012 0.0000000000
66763  -26.148  -30.975  52.691 0.0000000000
68269  -25.773  -30.364  52.612 0.0000000000
69740  -24.686  -29.761  51.627 0.0000000000
68285  -25.444  -29.944  51.497 0.0000000000
75296  -13.147  -25.766  59.852 0.0000000000
75308  -12.536  -25.844  58.896 0.0000000000
73916  -12.058  -26.201  58.309 0.0000000000
73915  -11.271  -26.424  58.001 0.0000000000
75307  -10.590  -25.987  58.716 0.0000000000
72497  -5.393  -28.179  57.540 0.0000000000
72496  -4.355  -28.199  57.670 0.0000000000
71117  -4.052  -28.489  57.220 0.0000000000
72495  -3.844  -28.297  57.612 0.0000000000
92052  -53.297  -13.383  41.006 0.0000000000
90655  -54.584  -14.442  40.844 0.0000000000
92060  -51.060  -13.390  40.042 0.0000000000
92061  -51.885  -13.408  40.517 0.0000000000
92051  -52.641  -13.084  40.818 0.0000000000
60755  -16.332  -33.804  64.026 0.0000000000
59226  -15.991  -34.438  63.308 0.0000000000
60770  -15.097  -34.695  63.073 0.0000000000
56528  -22.860  -35.875  51.847 0.0000000000
56505  -22.739  -35.483  52.953 0.0000000000
56504  -22.384  -35.920  52.758 0.0000000000
59352  -19.553  -34.598  56.837 0.0000000000
57851  -20.286  -34.473  56.727 0.0000000000
59326  -20.049  -34.147  57.414 0.0000000000
59310  -19.984  -33.583  58.187 0.0000000000
60835  -19.228  -33.882  57.906 0.0000000000
60825  -19.252  -33.763  58.704 0.0000000000
60824  -18.517  -33.892  58.481 0.0000000000
80662  -11.539  -20.814  58.349 0.0000000000
76613  -10.058  -24.098  52.763 0.0000000000
77969  -9.741  -22.862  53.696 0.0000000000
76630  -9.155  -25.453  52.569 0.0000000000
68296  -6.424  -30.619  51.186 0.0000000000
68297  -7.623  -31.031  51.479 0.0000000000
65362  -6.493  -32.602  46.378 0.0000000000
65340  -7.302  -32.540  47.224 0.0000000000
65363  -7.539  -32.409  46.352 0.0000000000
65386  -6.646  -32.202  45.614 0.0000000000
65387  -7.690  -32.128  45.491 0.0000000000
66886  -4.795  -32.056  45.098 0.0000000000
71015  -9.772  -28.683  65.853 0.0000000000
72398  -8.936  -28.009  66.281 0.0000000000
66586  -7.867  -30.939  69.366 0.0000000000
68080  -8.528  -30.672  68.674 0.0000000000
71011  -4.061  -28.928  65.293 0.0000000000
71012  -4.869  -28.609  65.850 0.0000000000
71029  -4.709  -28.938  64.760 0.0000000000
72423  -5.440  -28.659  64.839 0.0000000000
71048  -4.598  -29.185  63.897 0.0000000000
71066  -4.422  -29.215  63.355 0.0000000000
71047  -3.835  -29.095  63.772 0.0000000000
65173  -1.783  -32.394  59.541 0.0000000000
63762  -1.986  -33.374  58.241 0.0000000000
53407  -4.014  -39.830  61.160 0.0000000000
56403  -3.571  -38.641  61.581 0.0000000000
54959  -3.248  -39.350  61.229 0.0000000000
65273  -38.433  -32.350  51.057 0.0000000000
65274  -39.106  -32.016  51.319 0.0000000000
65262  -39.053  -31.858  52.139 0.0000000000
68226  -38.009  -29.663  55.532 0.0000000000
68251  -38.641  -30.026  54.184 0.0000000000
69693  -38.282  -29.183  55.331 0.0000000000
62375  -37.115  -34.015  52.442 0.0000000000
62389  -37.034  -33.426  52.012 0.0000000000
65261  -38.199  -32.416  52.498 0.0000000000
63852  -37.946  -32.705  51.600 0.0000000000
63811  -37.142  -33.446  55.405 0.0000000000
63824  -37.047  -33.578  54.384 0.0000000000
63837  -36.563  -34.141  53.585 0.0000000000
99103  -57.636  -8.273  39.320 0.0000000000
100462  -58.002  -7.381  39.494 0.0000000000
99097  -58.200  -8.223  39.539 0.0000000000
95207  -51.427  -10.844  37.637 0.0000000000
93649  -51.554  -11.057  36.593 0.0000000000
95208  -52.648  -10.580  37.506 0.0000000000
95217  -54.095  -9.664  37.643 0.0000000000
95216  -53.264  -9.955  37.030 0.0000000000
95226  -53.588  -9.619  36.885 0.0000000000
95225  -53.116  -9.773  36.060 0.0000000000
96536  -54.024  -9.380  36.694 0.0000000000
96537  -54.961  -9.207  36.863 0.0000000000
96523  -56.459  -9.423  39.064 0.0000000000
97780  -56.081  -9.018  38.373 0.0000000000
97769  -56.877  -8.540  39.265 0.0000000000
99102  -57.025  -7.986  38.890 0.0000000000
170711  -43.439  -21.088  44.855 0.0000000000
80804  -36.608  -20.654  46.158 0.0000000000
80818  -36.714  -20.594  45.658 0.0000000000
80819  -37.468  -20.611  44.909 0.0000000000
83650  -38.210  -19.540  43.288 0.0000000000
85071  -39.582  -18.877  43.062 0.0000000000
85053  -39.836  -19.045  43.691 0.0000000000
170782  -42.046  -18.354  44.349 0.0000000000
85073  -41.425  -18.132  43.962 0.0000000000
86497  -42.225  -17.740  44.358 0.0000000000
86498  -42.824  -17.197  43.763 0.0000000000
68245  -2.634  -30.782  53.608 0.0000000000
66744  -2.379  -31.289  53.051 0.0000000000
60907  -3.123  -34.544  52.406 0.0000000000
62395  -2.754  -34.438  51.882 0.0000000000
60909  -4.295  -35.064  51.239 0.0000000000
59459  -4.983  -35.676  51.476 0.0000000000
56590  -5.894  -36.325  50.089 0.0000000000
56571  -5.896  -36.397  50.855 0.0000000000
56545  -6.200  -36.943  51.636 0.0000000000
56573  -7.228  -36.717  50.931 0.0000000000
56574  -7.633  -37.654  50.950 0.0000000000
56595  -8.762  -38.704  50.169 0.0000000000
56576  -8.583  -38.901  50.723 0.0000000000
169619  -11.685  -35.315  66.044 0.0000000000
60751  -11.602  -35.282  64.504 0.0000000000
170628  -37.513  -21.034  52.095 0.0000000000
74017  -35.564  -27.310  50.087 0.0000000000
170664  -34.989  -25.476  51.014 0.0000000000
76666  -34.674  -24.608  50.495 0.0000000000
170645  -35.840  -22.790  51.721 0.0000000000
66703  -31.387  -31.002  57.191 0.0000000000
62400  -31.106  -33.390  52.096 0.0000000000
62399  -30.500  -33.425  52.224 0.0000000000
63866  -30.379  -33.183  51.701 0.0000000000
106079  -56.806  -3.319  36.197 0.0000000000
106078  -55.822  -3.325  36.378 0.0000000000
107495  -56.210  -2.788  36.964 0.0000000000
108910  -56.108  -1.644  37.620 0.0000000000
107481  -55.737  -2.180  37.342 0.0000000000
110251  -55.350  -1.002  37.082 0.0000000000
110278  -54.277  -0.882  36.109 0.0000000000
111664  -55.333  -0.053  36.646 0.0000000000
111651  -55.780  -0.176  37.352 0.0000000000
75278  -10.389  -26.521  60.307 0.0000000000
75292  -9.210  -26.843  59.718 0.0000000000
75277  -9.679  -27.179  60.200 0.0000000000
73865  -7.958  -27.480  61.066 0.0000000000
75275  -8.467  -27.515  60.671 0.0000000000
73877  -6.897  -27.411  59.978 0.0000000000
73863  -6.235  -27.575  60.808 0.0000000000
89346  -52.512  -14.901  41.127 0.0000000000
88023  -51.662  -15.668  40.981 0.0000000000
85146  -44.844  -18.029  38.377 0.0000000000
86569  -47.080  -17.209  38.816 0.0000000000
86587  -46.355  -16.859  38.189 0.0000000000
88042  -47.351  -15.992  38.148 0.0000000000
88026  -47.964  -16.366  38.672 0.0000000000
88020  -50.304  -15.946  40.281 0.0000000000
88010  -49.815  -15.747  40.593 0.0000000000
89343  -50.867  -15.452  40.225 0.0000000000
89344  -51.412  -15.229  40.224 0.0000000000
60720  -19.225  -35.695  65.376 0.0000000000
59230  -19.502  -34.719  63.497 0.0000000000
59229  -18.550  -34.654  63.721 0.0000000000
59228  -17.597  -34.385  63.781 0.0000000000
59392  -19.215  -35.500  55.119 0.0000000000
170261  -13.380  -20.967  57.110 0.0000000000
170251  -12.743  -21.338  56.465 0.0000000000
77972  -12.704  -22.816  54.128 0.0000000000
79343  -11.799  -22.561  53.826 0.0000000000
77981  -11.283  -22.881  53.278 0.0000000000
76633  -11.910  -24.198  52.901 0.0000000000
65318  -4.065  -32.106  48.075 0.0000000000
65335  -2.651  -32.926  47.334 0.0000000000
62515  -3.041  -34.020  45.099 0.0000000000
65382  -2.909  -32.998  46.096 0.0000000000
63959  -3.038  -33.028  45.796 0.0000000000
63960  -3.362  -33.025  46.066 0.0000000000
63976  -3.388  -33.362  44.808 0.0000000000
61068  -2.246  -34.742  43.216 0.0000000000
69585  -11.528  -30.093  65.165 0.0000000000
69574  -10.820  -30.008  65.956 0.0000000000
69561  -10.413  -31.099  66.067 0.0000000000
65101  -5.866  -31.830  66.010 0.0000000000
66593  -5.770  -31.424  66.042 0.0000000000
66613  -3.054  -31.938  65.260 0.0000000000
68133  -3.280  -31.024  65.839 0.0000000000
68132  -2.859  -30.879  65.534 0.0000000000
68145  -2.366  -30.563  64.364 0.0000000000
68160  -2.601  -30.225  63.527 0.0000000000
68144  -1.983  -31.320  64.027 0.0000000000
63745  -1.732  -33.169  61.380 0.0000000000
68345  -39.780  -30.254  47.502 0.0000000000
68331  -39.107  -29.972  48.441 0.0000000000
66782  -39.183  -31.170  51.661 0.0000000000
68304  -39.130  -30.283  51.024 0.0000000000
71181  -38.420  -29.021  51.660 0.0000000000
69753  -38.895  -29.507  51.369 0.0000000000
71188  -38.748  -28.807  50.781 0.0000000000
71189  -39.029  -28.979  50.050 0.0000000000
72570  -38.130  -28.494  51.332 0.0000000000
72578  -38.412  -28.082  50.673 0.0000000000
62443  -36.354  -32.382  49.653 0.0000000000
63768  -35.463  -31.786  56.415 0.0000000000
63798  -33.837  -32.401  55.622 0.0000000000
62311  -34.918  -32.666  55.703 0.0000000000
63783  -35.820  -33.726  57.228 0.0000000000
62327  -35.667  -33.822  55.581 0.0000000000
60872  -34.462  -33.625  53.314 0.0000000000
60871  -33.636  -33.572  53.515 0.0000000000
60858  -33.175  -33.543  54.214 0.0000000000
60897  -32.476  -34.232  52.644 0.0000000000
60915  -32.705  -34.115  52.023 0.0000000000
62418  -32.278  -32.734  51.214 0.0000000000
107460  -58.976  -2.905  39.410 0.0000000000
99113  -56.218  -8.743  36.161 0.0000000000
99123  -55.673  -9.005  35.409 0.0000000000
100475  -56.279  -7.743  36.482 0.0000000000
103316  -56.823  -5.699  36.517 0.0000000000
101869  -56.340  -6.125  36.473 0.0000000000
103334  -56.615  -5.641  35.796 0.0000000000
104757  -56.772  -4.774  35.213 0.0000000000
104758  -57.736  -4.930  35.896 0.0000000000
104733  -58.305  -4.229  37.843 0.0000000000
106067  -58.223  -4.203  37.342 0.0000000000
106056  -58.928  -3.796  38.143 0.0000000000
107470  -59.116  -2.869  38.559 0.0000000000
85119  -48.298  -16.656  41.570 0.0000000000
83713  -49.123  -18.200  41.431 0.0000000000
83712  -48.814  -17.586  41.896 0.0000000000
83674  -48.539  -19.044  42.534 0.0000000000
170737  -45.763  -18.960  44.367 0.0000000000
170749  -46.441  -18.761  44.135 0.0000000000
85094  -40.103  -18.472  41.921 0.0000000000
86541  -42.182  -16.865  40.820 0.0000000000
86556  -42.774  -17.151  39.937 0.0000000000
85115  -43.727  -17.394  40.079 0.0000000000
86544  -45.597  -16.540  40.959 0.0000000000
85099  -46.413  -16.516  41.050 0.0000000000
85118  -47.304  -16.319  40.835 0.0000000000
63833  -24.465  -33.225  53.701 0.0000000000
63846  -24.626  -33.602  52.631 0.0000000000
60911  -24.938  -34.961  51.554 0.0000000000
170205  -4.771  -23.280  54.593 0.0000000000
170202  -6.488  -23.947  53.902 0.0000000000
76610  -5.560  -24.365  53.546 0.0000000000
73971  -6.095  -25.892  52.758 0.0000000000
72566  -6.474  -26.471  51.677 0.0000000000
73983  -6.406  -26.217  52.592 0.0000000000
72522  -11.400  -27.618  55.329 0.0000000000
71149  -10.862  -28.403  54.967 0.0000000000
69691  -9.646  -29.371  55.279 0.0000000000
69723  -7.259  -29.522  53.228 0.0000000000
68275  -2.717  -31.324  52.120 0.0000000000
66772  -2.472  -31.684  51.537 0.0000000000
65279  -1.908  -33.452  49.984 0.0000000000
66787  -2.219  -32.370  50.349 0.0000000000
65280  -2.165  -32.857  49.781 0.0000000000
66807  -2.956  -31.851  49.628 0.0000000000
66806  -2.481  -32.557  49.513 0.0000000000
66828  -2.810  -32.408  48.931 0.0000000000
65296  -2.007  -33.683  48.948 0.0000000000
60986  -4.536  -35.284  47.188 0.0000000000
60983  -3.321  -35.169  47.257 0.0000000000
56627  -8.047  -37.866  47.385 0.0000000000
66595  -13.477  -32.582  67.226 0.0000000000
62182  -11.970  -33.739  69.034 0.0000000000
63688  -11.252  -32.778  69.061 0.0000000000
63687  -10.054  -32.993  69.133 0.0000000000
60694  -10.287  -35.373  66.747 0.0000000000
62193  -8.334  -34.319  66.911 0.0000000000
62186  -8.908  -34.303  67.976 0.0000000000
62185  -7.667  -33.970  67.590 0.0000000000
63692  -8.025  -33.751  68.335 0.0000000000
63691  -7.172  -33.086  67.784 0.0000000000
63690  -7.124  -32.625  67.407 0.0000000000
63696  -7.393  -32.854  67.203 0.0000000000
62212  -5.851  -32.942  64.524 0.0000000000
62201  -5.635  -32.657  64.865 0.0000000000
62211  -4.738  -33.261  64.506 0.0000000000
170634  -39.610  -22.115  46.494 0.0000000000
74051  -39.031  -27.374  47.281 0.0000000000
74050  -38.059  -27.347  47.461 0.0000000000
170581  -35.126  -20.576  48.295 0.0000000000
170610  -38.907  -21.982  46.969 0.0000000000
170656  -39.086  -22.038  46.350 0.0000000000
65188  -27.504  -30.975  58.217 0.0000000000
66702  -25.980  -30.893  57.754 0.0000000000
66712  -26.132  -30.898  56.884 0.0000000000
63796  -31.204  -31.694  55.734 0.0000000000
63780  -30.737  -31.697  56.631 0.0000000000
62369  -29.745  -33.425  53.199 0.0000000000
62354  -29.983  -32.896  53.622 0.0000000000
62368  -29.240  -33.342  53.493 0.0000000000
63822  -28.652  -32.818  54.363 0.0000000000
63809  -28.648  -32.295  55.017 0.0000000000
63792  -28.094  -32.008  55.735 0.0000000000
63776  -28.232  -31.383  56.448 0.0000000000
65228  -27.629  -31.600  55.491 0.0000000000
66736  -25.190  -30.586  54.687 0.0000000000
66725  -25.364  -30.987  55.803 0.0000000000
66735  -24.292  -30.845  54.611 0.0000000000
68236  -24.407  -30.349  54.182 0.0000000000
66796  -23.567  -30.374  51.087 0.0000000000
66778  -23.547  -30.548  51.615 0.0000000000
111698  -56.196  0.657  34.747 0.0000000000
110341  -57.564  -0.061  31.873 0.0000000000
111736  -58.165  0.414  32.377 0.0000000000
170295  -14.880  -21.357  57.852 0.0000000000
170274  -14.752  -21.983  56.950 0.0000000000
73928  -12.884  -26.098  56.470 0.0000000000
73940  -12.496  -26.376  55.901 0.0000000000
73925  -9.862  -26.975  57.021 0.0000000000
72511  -9.254  -27.612  56.648 0.0000000000
71130  -7.825  -28.605  56.335 0.0000000000
73894  -8.578  -26.568  59.346 0.0000000000
73913  -9.099  -26.594  57.819 0.0000000000
73912  -8.043  -26.690  58.213 0.0000000000
72507  -5.732  -28.446  56.889 0.0000000000
72508  -6.286  -28.214  56.912 0.0000000000
71128  -6.010  -28.660  56.421 0.0000000000
71144  -5.568  -28.972  55.996 0.0000000000
69685  -4.238  -29.159  55.505 0.0000000000
69683  -2.625  -29.389  56.074 0.0000000000
68224  -2.650  -29.803  55.465 0.0000000000
66734  -1.907  -31.913  54.639 0.0000000000
66723  -1.896  -31.680  55.617 0.0000000000
93629  -56.199  -12.070  40.114 0.0000000000
92065  -56.047  -13.081  40.124 0.0000000000
80791  -41.893  -21.476  45.784 0.0000000000
89363  -47.494  -15.018  38.195 0.0000000000
90676  -47.801  -14.161  38.377 0.0000000000
93637  -48.772  -12.802  38.320 0.0000000000
93638  -49.737  -12.344  38.388 0.0000000000
93657  -48.623  -12.744  37.369 0.0000000000
95205  -50.151  -11.278  38.182 0.0000000000
95193  -50.391  -11.404  38.689 0.0000000000
95177  -53.891  -11.805  40.445 0.0000000000
95184  -52.441  -11.411  39.886 0.0000000000
95186  -54.741  -11.221  40.162 0.0000000000
95187  -55.568  -11.174  39.961 0.0000000000
63698  -15.778  -33.547  67.312 0.0000000000
62197  -15.557  -34.240  67.234 0.0000000000
62196  -14.636  -34.217  67.351 0.0000000000
60698  -15.315  -34.769  66.983 0.0000000000
59194  -16.868  -35.757  65.739 0.0000000000
59207  -15.365  -34.315  65.668 0.0000000000
59198  -15.791  -35.055  65.655 0.0000000000
59197  -15.021  -34.508  65.965 0.0000000000
59191  -14.675  -34.645  66.221 0.0000000000
59196  -14.186  -34.788  65.853 0.0000000000
59205  -13.426  -34.982  65.146 0.0000000000
60732  -14.000  -34.681  64.648 0.0000000000
59244  -13.637  -35.291  62.723 0.0000000000
59259  -12.947  -36.051  61.831 0.0000000000
59258  -12.270  -35.665  61.694 0.0000000000
57770  -12.472  -36.375  61.187 0.0000000000
60869  -24.391  -34.335  54.218 0.0000000000
62335  -24.057  -33.623  55.419 0.0000000000
59375  -23.753  -34.328  54.700 0.0000000000
56466  -22.732  -34.793  54.818 0.0000000000
57857  -23.223  -34.441  55.295 0.0000000000
57856  -23.066  -34.690  55.684 0.0000000000
57829  -23.293  -35.110  56.666 0.0000000000
59417  -21.684  -35.594  53.862 0.0000000000
57909  -21.533  -35.371  54.690 0.0000000000
57826  -21.661  -34.691  57.332 0.0000000000
57853  -21.711  -34.852  56.150 0.0000000000
57797  -22.280  -34.597  59.374 0.0000000000
57795  -21.345  -33.986  60.022 0.0000000000
57784  -21.113  -34.506  60.956 0.0000000000
59267  -20.544  -34.432  61.398 0.0000000000
60776  -20.139  -34.339  61.923 0.0000000000
60790  -19.994  -34.591  61.031 0.0000000000
59265  -18.142  -34.315  60.907 0.0000000000
59264  -17.298  -34.170  61.091 0.0000000000
60786  -17.285  -34.652  61.381 0.0000000000
60844  -17.183  -34.605  57.040 0.0000000000
60833  -17.443  -34.195  57.779 0.0000000000
60832  -16.619  -34.292  57.860 0.0000000000
59307  -14.322  -34.323  58.617 0.0000000000
59278  -15.326  -33.652  61.011 0.0000000000
59292  -13.408  -34.539  59.769 0.0000000000
80680  -10.073  -21.475  57.988 0.0000000000
80679  -9.254  -21.411  57.918 0.0000000000
170243  -11.713  -21.618  56.221 0.0000000000
170241  -10.906  -21.589  56.804 0.0000000000
170242  -10.806  -21.927  56.275 0.0000000000
170226  -9.292  -22.508  54.244 0.0000000000
170225  -9.062  -22.327  54.996 0.0000000000
170221  -8.257  -22.690  54.220 0.0000000000
170220  -7.910  -23.175  53.923 0.0000000000
170224  -8.205  -23.094  53.815 0.0000000000
73995  -7.896  -26.678  51.799 0.0000000000
75347  -7.497  -25.482  52.917 0.0000000000
72576  -7.820  -27.654  50.725 0.0000000000
71193  -9.034  -28.825  49.963 0.0000000000
71165  -11.562  -28.081  53.530 0.0000000000
73973  -12.355  -26.982  53.332 0.0000000000
71164  -10.939  -28.792  53.532 0.0000000000
68280  -8.600  -30.571  52.320 0.0000000000
71171  -9.656  -29.614  53.039 0.0000000000
69736  -9.675  -30.272  52.754 0.0000000000
73987  -10.622  -26.658  52.715 0.0000000000
66811  -7.236  -31.674  49.631 0.0000000000
66832  -6.952  -32.069  48.732 0.0000000000
65300  -9.718  -32.384  49.456 0.0000000000
65299  -8.410  -32.463  49.226 0.0000000000
65283  -9.772  -32.194  50.064 0.0000000000
66776  -10.306  -31.194  51.551 0.0000000000
66795  -10.275  -31.376  50.004 0.0000000000
69748  -9.600  -30.205  51.072 0.0000000000
68313  -10.481  -30.894  49.570 0.0000000000
66854  -11.723  -31.362  47.200 0.0000000000
68324  -11.155  -30.688  48.437 0.0000000000
68325  -11.651  -30.646  47.601 0.0000000000
69774  -11.639  -29.614  47.623 0.0000000000
69798  -12.633  -29.445  46.639 0.0000000000
69808  -11.343  -29.101  46.253 0.0000000000
68351  -10.579  -30.377  46.227 0.0000000000
73814  -9.291  -28.653  63.452 0.0000000000
66589  -11.825  -31.619  68.053 0.0000000000
169629  -10.964  -32.203  67.440 0.0000000000
68083  -11.287  -31.331  68.088 0.0000000000
68088  -8.915  -31.435  67.552 0.0000000000
68089  -9.754  -31.614  67.513 0.0000000000
68104  -8.681  -31.608  66.762 0.0000000000
69558  -8.145  -30.034  66.899 0.0000000000
68101  -6.336  -30.519  66.611 0.0000000000
69556  -6.158  -29.650  66.862 0.0000000000
71003  -7.793  -28.868  66.761 0.0000000000
72396  -7.423  -27.944  66.503 0.0000000000
72409  -7.069  -27.713  65.792 0.0000000000
72437  -6.987  -28.884  64.132 0.0000000000
72425  -7.048  -28.176  64.897 0.0000000000
73822  -7.426  -28.845  62.933 0.0000000000
73821  -6.916  -28.525  62.558 0.0000000000
72455  -4.393  -28.231  62.094 0.0000000000
72466  -4.851  -27.752  61.405 0.0000000000
72471  -4.622  -27.600  60.549 0.0000000000
69628  -3.059  -30.358  62.264 0.0000000000
69629  -3.366  -29.693  61.973 0.0000000000
69635  -2.995  -29.961  61.561 0.0000000000
68204  -1.808  -30.664  59.089 0.0000000000
71108  -2.155  -29.214  58.971 0.0000000000
71104  -2.578  -28.663  59.382 0.0000000000
69663  -2.111  -29.379  57.771 0.0000000000
68210  -1.713  -30.670  58.095 0.0000000000
63773  -2.064  -33.380  57.212 0.0000000000
63789  -2.373  -33.332  56.266 0.0000000000
60842  -2.744  -34.970  55.784 0.0000000000
60742  -3.797  -35.527  63.182 0.0000000000
59236  -3.773  -36.916  61.816 0.0000000000
59271  -2.978  -36.629  60.423 0.0000000000
60795  -2.605  -35.710  60.172 0.0000000000
59287  -3.147  -36.291  59.404 0.0000000000
59301  -3.252  -36.495  58.301 0.0000000000
57822  -4.168  -37.160  58.048 0.0000000000
60828  -2.488  -35.883  57.458 0.0000000000
57845  -5.048  -37.147  56.355 0.0000000000
57871  -5.083  -37.121  55.361 0.0000000000
57898  -5.398  -37.422  54.547 0.0000000000
57929  -4.955  -37.600  53.562 0.0000000000
69677  -37.984  -29.157  56.295 0.0000000000
71113  -38.377  -28.163  57.509 0.0000000000
69668  -38.058  -29.049  57.241 0.0000000000
71107  -38.231  -28.482  58.254 0.0000000000
66738  -37.677  -30.825  54.927 0.0000000000
68225  -37.601  -29.934  55.929 0.0000000000
65241  -37.227  -32.795  54.546 0.0000000000
65251  -37.401  -33.010  53.547 0.0000000000
65208  -37.382  -32.159  57.439 0.0000000000
68202  -38.239  -30.002  59.443 0.0000000000
96514  -57.408  -9.301  40.107 0.0000000000
97766  -58.447  -9.053  40.142 0.0000000000
96505  -58.027  -9.746  39.946 0.0000000000
96510  -53.499  -10.597  38.501 0.0000000000
96520  -53.444  -10.451  38.200 0.0000000000
95210  -54.596  -10.321  38.361 0.0000000000
95218  -54.699  -9.917  38.247 0.0000000000
96528  -54.826  -9.329  38.081 0.0000000000
170763  -42.253  -19.422  44.075 0.0000000000
83652  -39.595  -19.885  44.541 0.0000000000
85054  -40.264  -19.123  44.157 0.0000000000
65247  -1.685  -33.335  53.379 0.0000000000
60893  -3.415  -34.823  52.787 0.0000000000
59443  -4.294  -36.100  52.719 0.0000000000
58011  -5.319  -36.297  51.719 0.0000000000
57985  -4.615  -36.944  51.895 0.0000000000
56515  -5.098  -37.268  51.985 0.0000000000
56516  -5.835  -37.463  52.262 0.0000000000
59242  -11.735  -35.582  62.900 0.0000000000
60750  -11.409  -35.287  64.179 0.0000000000
59241  -11.019  -35.538  63.007 0.0000000000
60768  -10.792  -34.990  62.710 0.0000000000
170644  -35.565  -24.274  52.877 0.0000000000
170663  -35.099  -24.438  52.113 0.0000000000
78003  -35.976  -22.834  53.198 0.0000000000
68212  -32.294  -30.196  56.767 0.0000000000
65288  -30.178  -32.409  50.584 0.0000000000
107497  -58.228  -2.610  36.960 0.0000000000
107496  -57.228  -2.584  36.911 0.0000000000
108921  -57.698  -2.130  37.067 0.0000000000
108911  -57.183  -1.835  37.674 0.0000000000
75262  -9.248  -27.703  60.887 0.0000000000
73851  -8.027  -27.743  61.664 0.0000000000
88030  -51.160  -16.187  39.281 0.0000000000
88022  -51.377  -16.269  40.067 0.0000000000
86562  -51.343  -17.263  39.697 0.0000000000
85138  -51.806  -17.614  40.880 0.0000000000
86557  -47.477  -16.841  39.312 0.0000000000
86570  -47.773  -16.854  39.041 0.0000000000
88017  -48.120  -16.293  39.439 0.0000000000
86545  -48.369  -16.154  40.458 0.0000000000
86571  -50.319  -16.548  39.680 0.0000000000
59202  -19.835  -35.836  64.582 0.0000000000
59203  -20.672  -35.374  64.466 0.0000000000
65186  -25.119  -31.352  58.847 0.0000000000
74004  -6.485  -26.359  50.267 0.0000000000
74014  -6.159  -26.322  49.651 0.0000000000
72583  -6.446  -26.657  49.496 0.0000000000
79328  -13.662  -21.843  56.454 0.0000000000
80693  -13.273  -21.795  56.231 0.0000000000
77964  -13.754  -22.851  55.537 0.0000000000
77973  -13.635  -23.421  54.631 0.0000000000
75366  -12.787  -24.768  53.186 0.0000000000
61019  -2.582  -35.088  46.038 0.0000000000
62502  -2.339  -34.384  45.800 0.0000000000
61040  -3.274  -34.675  44.970 0.0000000000
61057  -2.778  -35.502  43.766 0.0000000000
68135  -12.375  -31.040  65.359 0.0000000000
68120  -11.315  -31.578  65.953 0.0000000000
65107  -4.615  -32.222  65.059 0.0000000000
66597  -4.350  -31.682  65.725 0.0000000000
65122  -3.859  -32.230  65.413 0.0000000000
65147  -1.802  -32.621  63.541 0.0000000000
63730  -1.839  -33.436  63.065 0.0000000000
62256  -1.966  -34.151  62.330 0.0000000000
69716  -38.650  -29.439  53.599 0.0000000000
69730  -38.597  -29.585  52.739 0.0000000000
71166  -38.115  -29.040  53.076 0.0000000000
72550  -37.863  -28.069  53.371 0.0000000000
63900  -37.574  -33.044  49.301 0.0000000000
62358  -35.587  -34.361  53.478 0.0000000000
62343  -35.387  -33.863  54.409 0.0000000000
60873  -34.975  -34.257  53.260 0.0000000000
60887  -34.885  -33.946  52.850 0.0000000000
60899  -33.884  -33.431  52.569 0.0000000000
60916  -33.258  -33.273  51.989 0.0000000000
60931  -33.337  -32.183  51.938 0.0000000000
100472  -56.514  -7.459  37.450 0.0000000000
100471  -56.390  -7.829  36.947 0.0000000000
100473  -56.752  -6.537  37.769 0.0000000000
101861  -57.051  -5.902  37.565 0.0000000000
103317  -57.364  -5.513  36.835 0.0000000000
104732  -58.055  -4.980  37.772 0.0000000000
104718  -58.058  -5.172  38.101 0.0000000000
85101  -48.069  -17.070  42.123 0.0000000000
86504  -47.814  -17.329  42.513 0.0000000000
83672  -47.555  -18.136  43.156 0.0000000000
83655  -47.905  -19.119  43.283 0.0000000000
86522  -41.691  -17.750  41.670 0.0000000000
86523  -42.377  -17.636  42.188 0.0000000000
86524  -43.482  -17.288  41.527 0.0000000000
85098  -44.171  -16.962  41.050 0.0000000000
86526  -45.863  -16.896  41.676 0.0000000000
63878  -23.964  -33.854  51.078 0.0000000000
69690  -8.856  -29.429  55.520 0.0000000000
69703  -8.387  -29.589  54.725 0.0000000000
69722  -6.093  -29.585  53.360 0.0000000000
65268  -1.604  -33.683  51.030 0.0000000000
63877  -1.854  -34.302  50.464 0.0000000000
62434  -2.368  -34.334  49.828 0.0000000000
63893  -2.239  -34.180  49.390 0.0000000000
62450  -2.400  -34.625  48.596 0.0000000000
62451  -3.386  -34.261  48.634 0.0000000000
169637  -4.657  -34.944  47.732 0.0000000000
59542  -6.670  -35.569  46.566 0.0000000000
58087  -7.597  -36.781  46.364 0.0000000000
63694  -14.030  -33.692  67.782 0.0000000000
62183  -13.210  -33.956  68.429 0.0000000000
60702  -9.396  -35.271  66.290 0.0000000000
60693  -9.008  -35.131  67.211 0.0000000000
60701  -8.690  -34.902  66.439 0.0000000000
62191  -7.380  -32.612  66.466 0.0000000000
62213  -6.791  -33.199  64.794 0.0000000000
170591  -36.771  -20.546  48.048 0.0000000000
65202  -27.573  -30.979  57.324 0.0000000000
65216  -33.376  -31.860  56.056 0.0000000000
62322  -31.158  -32.201  55.023 0.0000000000
63863  -27.849  -32.996  52.210 0.0000000000
63835  -28.727  -33.265  53.535 0.0000000000
63847  -27.784  -32.864  52.923 0.0000000000
65250  -27.422  -32.430  53.613 0.0000000000
65240  -27.419  -32.166  54.682 0.0000000000
65239  -26.634  -31.840  54.329 0.0000000000
66748  -26.024  -31.133  53.922 0.0000000000
66747  -25.530  -30.446  53.510 0.0000000000
68249  -24.098  -30.316  53.601 0.0000000000
68268  -25.052  -30.069  52.691 0.0000000000
69739  -24.048  -29.626  51.685 0.0000000000
108929  -53.984  -1.494  35.598 0.0000000000
75297  -13.852  -25.454  59.749 0.0000000000
170300  -14.747  -24.723  59.143 0.0000000000
73927  -12.239  -26.407  57.118 0.0000000000
73924  -9.334  -26.997  57.084 0.0000000000
73910  -6.618  -27.359  58.421 0.0000000000
73911  -7.106  -27.103  58.360 0.0000000000
72488  -6.346  -27.495  58.483 0.0000000000
71126  -4.389  -28.765  56.694 0.0000000000
71142  -3.956  -28.909  56.132 0.0000000000
71125  -3.657  -28.721  56.749 0.0000000000
93619  -54.073  -12.518  40.710 0.0000000000
92064  -55.635  -12.766  40.643 0.0000000000
92054  -55.217  -13.322  41.145 0.0000000000
90659  -49.355  -14.213  40.265 0.0000000000
92058  -49.476  -13.689  39.459 0.0000000000
92059  -50.218  -13.409  39.713 0.0000000000
93625  -50.676  -12.293  40.011 0.0000000000
95183  -51.305  -11.238  39.826 0.0000000000
93618  -53.267  -12.509  40.638 0.0000000000
62198  -16.397  -34.404  67.035 0.0000000000
59209  -17.026  -35.289  64.389 0.0000000000
59199  -16.530  -35.618  65.228 0.0000000000
60734  -15.703  -33.921  65.434 0.0000000000
60733  -14.801  -34.090  64.893 0.0000000000
60753  -14.891  -34.314  63.772 0.0000000000
60769  -14.458  -34.883  63.159 0.0000000000
57945  -24.022  -35.109  53.060 0.0000000000
57913  -23.828  -34.875  53.823 0.0000000000
57944  -23.587  -35.173  52.911 0.0000000000
56487  -22.738  -35.091  53.850 0.0000000000
56465  -22.269  -35.210  54.930 0.0000000000
57877  -21.259  -35.036  55.396 0.0000000000
57824  -20.533  -34.145  57.242 0.0000000000
57825  -21.050  -34.145  57.605 0.0000000000
57808  -21.650  -33.604  58.861 0.0000000000
59311  -20.815  -33.277  58.419 0.0000000000
59282  -19.425  -34.394  60.225 0.0000000000
59297  -19.005  -34.165  59.634 0.0000000000
59296  -18.331  -33.990  59.865 0.0000000000
60801  -17.344  -33.342  59.900 0.0000000000
59324  -16.004  -34.446  57.845 0.0000000000
170234  -11.091  -22.549  54.401 0.0000000000
170233  -10.380  -22.302  55.494 0.0000000000
170231  -10.150  -22.604  54.434 0.0000000000
77978  -8.058  -23.665  53.644 0.0000000000
76612  -8.695  -24.683  53.040 0.0000000000
75348  -8.454  -25.518  52.685 0.0000000000
73996  -8.444  -26.903  51.869 0.0000000000
68262  -8.473  -30.126  52.767 0.0000000000
69725  -9.349  -29.910  53.352 0.0000000000
65321  -7.051  -32.410  48.020 0.0000000000
65323  -9.317  -32.368  48.305 0.0000000000
66835  -10.458  -31.798  48.482 0.0000000000
65342  -9.543  -32.363  47.210 0.0000000000
65343  -10.333  -32.374  46.940 0.0000000000
66869  -9.163  -31.864  45.891 0.0000000000
66870  -9.948  -31.370  46.023 0.0000000000
65388  -8.473  -31.849  45.573 0.0000000000
68077  -10.133  -30.789  69.083 0.0000000000
68082  -10.617  -31.089  68.420 0.0000000000
68087  -8.057  -31.295  67.796 0.0000000000
69573  -4.582  -29.319  66.204 0.0000000000
69555  -5.022  -29.249  66.792 0.0000000000
71013  -5.372  -28.283  66.323 0.0000000000
72408  -5.880  -27.801  65.859 0.0000000000
72436  -6.265  -29.187  64.196 0.0000000000
72446  -6.391  -29.247  62.988 0.0000000000
72445  -5.149  -29.354  62.848 0.0000000000
72444  -4.763  -28.736  62.387 0.0000000000
71081  -3.752  -28.603  62.009 0.0000000000
66669  -1.951  -31.404  60.709 0.0000000000
68185  -2.208  -30.585  60.856 0.0000000000
66677  -1.874  -31.492  59.777 0.0000000000
66689  -1.826  -31.531  58.790 0.0000000000
66699  -1.847  -31.548  57.763 0.0000000000
57766  -3.275  -37.761  61.421 0.0000000000
56408  -2.827  -38.384  60.097 0.0000000000
56442  -4.910  -38.008  56.900 0.0000000000
65310  -39.086  -32.731  49.235 0.0000000000
65291  -38.950  -32.053  50.208 0.0000000000
68270  -38.743  -30.221  53.270 0.0000000000
66750  -38.425  -30.723  53.973 0.0000000000
71150  -38.754  -28.466  54.716 0.0000000000
60901  -36.022  -31.958  52.988 0.0000000000
62403  -36.911  -31.649  52.457 0.0000000000
62404  -37.294  -32.190  51.607 0.0000000000
63868  -37.623  -32.595  51.503 0.0000000000
63784  -36.441  -33.599  57.009 0.0000000000
63785  -37.209  -32.928  57.224 0.0000000000
63799  -36.724  -33.905  56.149 0.0000000000
62344  -36.100  -34.128  54.936 0.0000000000
62359  -36.116  -34.260  53.949 0.0000000000
101843  -57.304  -6.730  39.089 0.0000000000
93650  -52.021  -10.818  36.178 0.0000000000
93662  -52.011  -11.024  35.193 0.0000000000
95224  -52.722  -10.726  35.065 0.0000000000
97789  -54.866  -9.362  35.955 0.0000000000
97790  -55.647  -9.359  36.192 0.0000000000
96529  -55.445  -9.016  38.218 0.0000000000
97784  -55.681  -8.731  37.961 0.0000000000
99109  -56.174  -8.485  37.692 0.0000000000
99106  -56.817  -7.677  38.430 0.0000000000
100465  -57.309  -7.418  38.866 0.0000000000
86481  -45.418  -17.784  43.721 0.0000000000
170764  -45.118  -18.447  44.367 0.0000000000
82242  -37.506  -19.896  43.007 0.0000000000
83670  -38.075  -19.305  42.423 0.0000000000
85096  -42.017  -17.634  43.421 0.0000000000
80687  -7.529  -21.274  56.952 0.0000000000
68247  -4.723  -29.728  53.561 0.0000000000
68257  -2.779  -31.010  52.611 0.0000000000
65256  -1.623  -33.553  52.119 0.0000000000
62413  -2.448  -34.409  50.888 0.0000000000
62397  -4.431  -34.175  50.466 0.0000000000
169633  -5.232  -35.594  49.721 0.0000000000
58071  -5.226  -36.818  48.806 0.0000000000
58054  -5.338  -37.286  49.240 0.0000000000
56610  -5.945  -37.368  49.495 0.0000000000
56612  -7.937  -37.704  48.775 0.0000000000
56572  -6.423  -36.571  50.860 0.0000000000
56593  -7.401  -37.469  49.969 0.0000000000
56613  -8.934  -38.425  49.071 0.0000000000
59189  -10.370  -35.317  66.005 0.0000000000
169623  -10.662  -34.570  65.519 0.0000000000
60715  -9.877  -34.720  65.703 0.0000000000
80740  -39.673  -21.153  50.895 0.0000000000
170618  -38.469  -20.795  51.664 0.0000000000
72596  -39.405  -27.796  48.744 0.0000000000
74019  -38.106  -27.535  49.372 0.0000000000
74031  -35.784  -27.485  49.039 0.0000000000
72595  -35.283  -27.230  49.652 0.0000000000
74048  -35.633  -26.519  48.392 0.0000000000
75402  -35.198  -25.241  49.012 0.0000000000
65192  -30.582  -31.923  58.287 0.0000000000
65204  -30.283  -32.235  57.667 0.0000000000
62371  -31.375  -33.965  53.552 0.0000000000
62356  -31.681  -33.353  53.996 0.0000000000
62383  -29.883  -33.525  52.724 0.0000000000
63849  -29.246  -33.425  52.682 0.0000000000
65287  -29.056  -32.305  50.805 0.0000000000
65272  -28.578  -32.798  51.224 0.0000000000
63864  -28.557  -33.188  51.816 0.0000000000
65270  -27.066  -31.874  51.406 0.0000000000
66780  -26.676  -31.230  51.332 0.0000000000
107507  -54.336  -2.391  36.194 0.0000000000
107494  -55.164  -2.308  36.768 0.0000000000
110298  -54.439  -0.720  35.246 0.0000000000
108941  -55.038  -0.638  33.905 0.0000000000
110299  -55.162  -0.140  34.575 0.0000000000
111697  -55.474  0.426  35.333 0.0000000000
111652  -56.490  0.341  37.672 0.0000000000
75293  -9.838  -26.019  59.472 0.0000000000
75276  -8.920  -27.554  60.255 0.0000000000
73879  -8.708  -27.210  59.930 0.0000000000
73892  -6.462  -27.260  59.010 0.0000000000
73891  -5.961  -27.713  59.196 0.0000000000
72479  -5.584  -27.763  59.299 0.0000000000
90663  -52.505  -14.336  41.013 0.0000000000
90654  -53.565  -14.250  41.228 0.0000000000
86564  -51.598  -15.923  41.369 0.0000000000
85159  -44.875  -17.964  37.471 0.0000000000
88041  -46.356  -15.972  37.820 0.0000000000
88043  -47.729  -15.455  38.335 0.0000000000
89348  -48.602  -15.027  39.019 0.0000000000
88018  -48.442  -15.857  39.154 0.0000000000
89341  -48.589  -15.308  39.761 0.0000000000
89349  -48.760  -14.692  39.770 0.0000000000
90660  -50.353  -14.357  40.539 0.0000000000
60710  -18.567  -35.193  65.873 0.0000000000
60719  -18.357  -35.576  65.373 0.0000000000
59247  -16.763  -34.697  62.512 0.0000000000
56526  -21.669  -37.000  51.744 0.0000000000
57968  -21.199  -36.527  52.441 0.0000000000
59431  -20.988  -36.132  53.120 0.0000000000
59415  -20.867  -35.773  53.628 0.0000000000
59374  -19.461  -34.928  56.103 0.0000000000
59351  -18.806  -34.721  56.590 0.0000000000
60856  -17.901  -34.682  56.416 0.0000000000
80663  -12.344  -20.450  57.964 0.0000000000
170245  -12.453  -21.965  55.531 0.0000000000
77971  -11.021  -22.728  53.869 0.0000000000
76614  -11.130  -23.740  52.822 0.0000000000
66830  -4.844  -31.784  49.129 0.0000000000
66810  -5.991  -31.292  49.729 0.0000000000
65319  -5.107  -32.232  48.135 0.0000000000
65337  -4.354  -32.461  47.238 0.0000000000
65357  -2.337  -33.233  46.561 0.0000000000
65338  -5.303  -32.508  47.249 0.0000000000
65360  -4.572  -32.637  46.425 0.0000000000
65383  -3.961  -32.555  45.711 0.0000000000
65384  -4.759  -32.574  45.664 0.0000000000
66885  -4.191  -32.231  45.235 0.0000000000
71050  -11.066  -29.445  64.440 0.0000000000
71031  -10.810  -29.212  64.964 0.0000000000
71030  -10.747  -29.593  65.513 0.0000000000
71016  -10.418  -29.343  65.550 0.0000000000
71005  -9.583  -29.859  66.173 0.0000000000
66584  -6.743  -31.898  68.264 0.0000000000
66591  -6.948  -31.640  67.608 0.0000000000
66590  -6.713  -31.697  66.948 0.0000000000
66594  -6.273  -31.192  66.470 0.0000000000
68119  -4.570  -30.025  66.263 0.0000000000
69583  -3.377  -29.370  65.042 0.0000000000
69596  -3.514  -29.243  64.380 0.0000000000
71046  -3.605  -29.434  63.231 0.0000000000
69611  -2.666  -30.412  62.927 0.0000000000
68173  -2.527  -30.751  62.530 0.0000000000
66644  -1.809  -31.738  63.373 0.0000000000
66657  -2.038  -31.358  62.390 0.0000000000
66661  -2.189  -31.253  61.441 0.0000000000
71207  -39.951  -28.604  48.663 0.0000000000
66820  -39.208  -31.669  49.258 0.0000000000
66801  -39.230  -30.506  49.736 0.0000000000
68317  -39.244  -30.028  49.385 0.0000000000
69780  -39.759  -29.458  49.039 0.0000000000
71196  -39.413  -28.841  49.442 0.0000000000
71206  -39.378  -28.261  49.323 0.0000000000
73990  -37.321  -27.449  52.775 0.0000000000
73989  -36.867  -26.425  53.132 0.0000000000
62324  -33.186  -32.799  55.208 0.0000000000
62326  -35.144  -33.190  55.193 0.0000000000
62341  -33.618  -33.182  54.664 0.0000000000
62372  -32.142  -34.121  53.754 0.0000000000
60883  -32.007  -34.350  53.109 0.0000000000
62386  -32.154  -34.047  52.406 0.0000000000
63867  -31.042  -33.058  51.415 0.0000000000
62417  -31.608  -33.012  51.579 0.0000000000
101868  -56.038  -6.816  35.919 0.0000000000
101876  -55.254  -7.048  35.163 0.0000000000
106096  -57.335  -4.038  35.649 0.0000000000
106081  -58.166  -3.903  36.671 0.0000000000
107484  -58.970  -2.672  37.602 0.0000000000
83726  -49.356  -17.729  40.875 0.0000000000
83715  -49.987  -18.627  40.435 0.0000000000
83714  -49.432  -18.447  40.956 0.0000000000
83697  -49.909  -18.550  41.432 0.0000000000
83695  -48.734  -18.460  42.088 0.0000000000
83654  -47.106  -18.631  43.738 0.0000000000
85116  -44.769  -16.921  40.449 0.0000000000
63806  -24.366  -32.385  55.208 0.0000000000
62367  -24.906  -34.022  53.570 0.0000000000
60882  -24.651  -34.557  53.348 0.0000000000
62398  -24.952  -34.478  51.575 0.0000000000
60895  -24.734  -34.637  52.426 0.0000000000
59433  -24.443  -34.815  52.272 0.0000000000
57972  -24.009  -34.834  52.062 0.0000000000
56556  -23.154  -36.056  50.694 0.0000000000
56555  -22.584  -36.638  50.774 0.0000000000
56554  -22.204  -37.387  50.995 0.0000000000
73994  -6.384  -26.124  50.993 0.0000000000
72535  -12.829  -26.654  54.689 0.0000000000
72549  -12.737  -26.991  54.311 0.0000000000
71158  -11.264  -28.312  54.298 0.0000000000
71156  -10.076  -29.606  54.339 0.0000000000
69714  -8.882  -29.870  54.012 0.0000000000
69724  -8.403  -29.831  53.246 0.0000000000
68277  -4.510  -30.634  51.936 0.0000000000
66773  -3.127  -31.330  51.317 0.0000000000
68293  -3.474  -31.286  51.276 0.0000000000
68294  -4.047  -31.081  51.215 0.0000000000
66789  -4.399  -31.068  50.522 0.0000000000
66790  -4.954  -30.937  50.511 0.0000000000
66809  -5.041  -31.193  50.101 0.0000000000
66829  -3.643  -32.027  48.956 0.0000000000
65316  -2.261  -32.990  48.388 0.0000000000
63919  -1.747  -34.272  47.559 0.0000000000
63907  -1.906  -34.381  48.442 0.0000000000
62467  -1.791  -35.050  47.817 0.0000000000
62484  -1.796  -34.834  46.794 0.0000000000
61000  -3.109  -35.379  46.398 0.0000000000
65095  -11.561  -31.942  69.072 0.0000000000
66587  -10.731  -31.308  69.087 0.0000000000
66583  -9.952  -31.113  69.553 0.0000000000
65088  -8.816  -31.657  69.846 0.0000000000
65092  -8.003  -32.081  69.529 0.0000000000
60691  -11.554  -34.604  67.759 0.0000000000
62188  -11.306  -34.118  68.141 0.0000000000
62187  -10.214  -34.063  67.918 0.0000000000
60688  -9.238  -34.680  67.496 0.0000000000
62180  -9.660  -33.764  68.583 0.0000000000
63686  -8.777  -33.451  68.925 0.0000000000
63685  -7.500  -33.129  68.774 0.0000000000
65091  -6.901  -32.467  68.500 0.0000000000
65098  -6.900  -32.246  67.487 0.0000000000
65103  -6.709  -32.299  66.441 0.0000000000
65109  -6.343  -32.285  65.997 0.0000000000
63703  -6.011  -32.469  65.531 0.0000000000
63702  -5.055  -32.428  64.713 0.0000000000
63701  -4.634  -32.520  64.796 0.0000000000
62210  -3.628  -34.160  65.030 0.0000000000
170701  -40.319  -22.053  44.449 0.0000000000
80820  -41.162  -21.897  44.869 0.0000000000
170695  -40.549  -22.112  45.598 0.0000000000
170677  -41.034  -22.032  46.587 0.0000000000
72612  -39.809  -27.862  47.594 0.0000000000
72630  -39.457  -27.804  46.668 0.0000000000
74073  -38.665  -27.065  46.221 0.0000000000
82207  -35.139  -20.323  46.953 0.0000000000
83609  -36.121  -20.421  46.571 0.0000000000
170671  -36.538  -20.706  46.636 0.0000000000
82183  -37.048  -21.360  47.320 0.0000000000
170655  -37.261  -21.352  46.189 0.0000000000
170636  -38.975  -21.953  45.841 0.0000000000
65176  -27.583  -31.041  58.766 0.0000000000
65175  -26.527  -31.243  59.356 0.0000000000
65174  -25.831  -31.380  59.190 0.0000000000
66690  -24.928  -31.037  57.685 0.0000000000
65211  -24.466  -31.613  56.430 0.0000000000
66704  -32.104  -30.666  56.509 0.0000000000
66714  -31.682  -31.064  56.405 0.0000000000
66713  -31.221  -31.321  56.845 0.0000000000
63779  -30.283  -32.101  56.980 0.0000000000
63778  -29.520  -32.120  56.782 0.0000000000
62355  -30.875  -33.031  53.726 0.0000000000
62336  -29.297  -32.677  54.366 0.0000000000
63794  -29.425  -32.167  55.924 0.0000000000
63777  -28.831  -31.741  56.624 0.0000000000
65227  -26.799  -31.521  55.313 0.0000000000
65212  -26.924  -31.083  56.175 0.0000000000
66711  -25.443  -30.945  56.658 0.0000000000
66710  -24.851  -31.133  56.535 0.0000000000
65226  -24.361  -31.642  55.452 0.0000000000
65238  -24.290  -31.681  54.495 0.0000000000
65248  -24.139  -31.755  53.622 0.0000000000
65257  -23.993  -31.920  52.768 0.0000000000
66745  -23.526  -30.586  53.159 0.0000000000
66779  -23.599  -31.285  52.087 0.0000000000
110322  -55.593  -0.332  33.619 0.0000000000
110339  -55.865  -0.530  32.741 0.0000000000
108977  -56.958  -0.613  31.915 0.0000000000
110350  -58.997  -0.500  31.448 0.0000000000
170272  -14.227  -20.772  57.881 0.0000000000
170273  -13.936  -21.338  56.937 0.0000000000
79329  -14.208  -21.808  56.774 0.0000000000
170283  -14.655  -22.991  55.978 0.0000000000
73953  -12.246  -26.803  55.431 0.0000000000
72521  -10.752  -28.183  55.465 0.0000000000
72512  -10.458  -27.828  56.172 0.0000000000
71147  -9.493  -29.038  55.754 0.0000000000
69673  -8.180  -29.072  55.916 0.0000000000
69688  -6.891  -29.022  55.521 0.0000000000
72500  -8.546  -27.140  57.279 0.0000000000
71129  -6.880  -28.709  56.183 0.0000000000
69687  -5.941  -29.095  55.372 0.0000000000
69700  -5.407  -29.270  54.740 0.0000000000
69709  -4.086  -29.585  54.410 0.0000000000
68235  -3.600  -29.718  54.435 0.0000000000
68234  -2.834  -29.924  54.671 0.0000000000
69697  -3.009  -29.501  55.334 0.0000000000
68244  -2.169  -31.406  54.122 0.0000000000
65237  -1.955  -32.853  54.438 0.0000000000
63818  -2.276  -33.691  54.365 0.0000000000
93641  -56.417  -11.592  39.104 0.0000000000
93631  -57.078  -11.613  39.581 0.0000000000
93630  -56.756  -12.132  39.550 0.0000000000
85120  -50.861  -18.513  40.721 0.0000000000
80821  -41.899  -21.484  44.880 0.0000000000
170698  -42.580  -21.345  45.263 0.0000000000
90674  -46.596  -14.246  37.618 0.0000000000
92070  -48.243  -13.372  38.522 0.0000000000
92079  -48.092  -13.382  37.743 0.0000000000
92078  -47.209  -13.445  37.341 0.0000000000
92092  -48.227  -13.019  36.603 0.0000000000
93647  -49.982  -11.827  37.465 0.0000000000
95206  -50.519  -10.886  37.776 0.0000000000
95195  -52.034  -11.269  38.595 0.0000000000
95197  -54.055  -10.640  38.860 0.0000000000
62195  -14.081  -34.609  67.219 0.0000000000
60696  -13.951  -34.809  66.852 0.0000000000
62205  -17.900  -34.605  66.247 0.0000000000
60700  -16.788  -35.050  66.677 0.0000000000
59193  -16.103  -35.585  65.920 0.0000000000
60707  -15.774  -35.211  66.507 0.0000000000
60706  -15.084  -34.669  66.517 0.0000000000
60705  -14.314  -34.760  66.507 0.0000000000
60704  -13.643  -35.093  66.422 0.0000000000
59195  -13.619  -35.231  65.916 0.0000000000
59225  -13.285  -35.070  63.887 0.0000000000
63807  -24.307  -33.053  55.860 0.0000000000
62319  -23.951  -33.524  56.417 0.0000000000
60836  -23.751  -33.903  56.966 0.0000000000
57882  -23.579  -34.567  54.433 0.0000000000
59353  -23.498  -34.229  55.426 0.0000000000
59329  -23.441  -34.419  56.406 0.0000000000
57812  -23.207  -34.641  57.870 0.0000000000
57942  -22.051  -35.741  53.378 0.0000000000
57854  -22.008  -35.085  55.710 0.0000000000
56447  -22.098  -35.012  55.961 0.0000000000
57811  -22.650  -34.837  57.994 0.0000000000
57799  -23.263  -34.635  59.082 0.0000000000
57798  -22.689  -34.713  59.182 0.0000000000
57787  -22.711  -34.654  60.205 0.0000000000
57773  -21.563  -34.255  61.497 0.0000000000
57760  -20.894  -34.328  62.570 0.0000000000
59250  -19.549  -34.413  63.036 0.0000000000
59266  -18.838  -34.526  60.729 0.0000000000
60788  -18.659  -34.537  61.442 0.0000000000
60773  -18.244  -34.523  62.198 0.0000000000
60772  -17.436  -34.713  61.911 0.0000000000
60834  -18.365  -34.071  57.781 0.0000000000
62304  -17.268  -33.640  58.821 0.0000000000
60800  -16.495  -33.076  59.641 0.0000000000
59295  -15.983  -33.471  59.444 0.0000000000
59279  -16.352  -33.457  60.538 0.0000000000
59262  -15.585  -34.878  61.523 0.0000000000
59261  -14.607  -35.177  61.636 0.0000000000
57794  -13.326  -35.678  59.814 0.0000000000
57783  -13.345  -36.406  60.523 0.0000000000
57771  -13.024  -36.552  61.132 0.0000000000
170228  -7.951  -21.830  56.303 0.0000000000
170235  -10.396  -21.586  56.989 0.0000000000
76611  -7.133  -24.434  53.522 0.0000000000
73972  -6.673  -25.917  52.813 0.0000000000
72556  -6.970  -26.704  52.012 0.0000000000
71199  -8.081  -28.310  49.254 0.0000000000
71200  -8.507  -28.867  48.922 0.0000000000
73988  -12.252  -26.454  52.904 0.0000000000
69726  -9.889  -29.658  53.408 0.0000000000
72559  -11.216  -27.320  52.879 0.0000000000
75365  -11.177  -25.629  52.574 0.0000000000
75364  -9.868  -25.981  52.555 0.0000000000
66792  -7.939  -31.608  50.754 0.0000000000
66812  -7.595  -32.123  49.161 0.0000000000
65281  -8.183  -32.313  50.176 0.0000000000
66793  -8.979  -31.769  50.790 0.0000000000
68263  -10.142  -31.219  52.158 0.0000000000
69737  -9.940  -30.465  52.062 0.0000000000
72569  -9.308  -27.802  52.354 0.0000000000
72557  -9.033  -27.211  52.562 0.0000000000
71187  -9.165  -29.391  50.873 0.0000000000
71194  -9.353  -29.585  50.440 0.0000000000
69761  -10.220  -30.278  49.524 0.0000000000
69760  -9.694  -29.893  49.785 0.0000000000
69772  -9.649  -29.251  48.693 0.0000000000
71201  -9.536  -28.997  48.097 0.0000000000
71233  -11.743  -28.200  46.452 0.0000000000
69807  -10.249  -29.317  46.006 0.0000000000
66891  -9.305  -30.709  45.556 0.0000000000
68363  -8.149  -30.287  45.135 0.0000000000
75235  -9.464  -28.544  62.463 0.0000000000
69562  -10.794  -32.032  66.409 0.0000000000
68090  -10.642  -31.715  67.624 0.0000000000
68105  -10.214  -31.959  66.751 0.0000000000
68086  -7.355  -31.177  67.475 0.0000000000
68102  -7.783  -30.770  67.202 0.0000000000
69557  -7.194  -29.993  67.046 0.0000000000
72410  -8.079  -27.669  65.618 0.0000000000
73804  -7.958  -28.473  64.499 0.0000000000
73813  -8.561  -28.713  63.672 0.0000000000
75234  -9.122  -28.466  62.112 0.0000000000
73836  -8.169  -28.282  62.099 0.0000000000
73850  -7.250  -27.439  61.738 0.0000000000
73834  -6.431  -28.060  62.220 0.0000000000
73833  -5.961  -27.661  61.922 0.0000000000
73862  -5.373  -27.627  60.738 0.0000000000
73875  -5.151  -27.624  60.175 0.0000000000
72477  -3.774  -27.700  59.075 0.0000000000
71064  -3.669  -29.324  62.419 0.0000000000
71080  -3.215  -28.907  61.866 0.0000000000
71090  -2.907  -28.496  61.290 0.0000000000
69652  -1.889  -29.860  60.317 0.0000000000
71098  -2.446  -28.706  60.457 0.0000000000
72464  -3.080  -27.992  60.610 0.0000000000
72469  -3.014  -27.981  59.727 0.0000000000
72476  -3.069  -28.135  58.828 0.0000000000
72485  -3.601  -28.032  58.117 0.0000000000
71115  -2.644  -28.873  57.684 0.0000000000
69670  -2.304  -29.339  57.061 0.0000000000
69682  -2.035  -29.898  56.666 0.0000000000
66709  -1.861  -31.556  56.685 0.0000000000
62334  -3.327  -33.961  55.163 0.0000000000
60868  -3.162  -35.510  54.481 0.0000000000
60724  -3.057  -34.777  64.332 0.0000000000
59237  -3.957  -36.381  62.604 0.0000000000
60741  -2.906  -35.058  63.791 0.0000000000
62242  -2.315  -34.277  63.276 0.0000000000
60781  -2.533  -36.031  61.034 0.0000000000
62267  -2.043  -34.114  61.155 0.0000000000
62275  -2.247  -34.143  60.124 0.0000000000
60794  -2.436  -34.893  59.833 0.0000000000
62286  -2.411  -34.832  59.028 0.0000000000
56414  -3.121  -38.222  59.181 0.0000000000
62298  -2.313  -34.893  58.547 0.0000000000
60816  -2.158  -35.030  57.665 0.0000000000
60827  -2.289  -35.070  56.698 0.0000000000
57844  -4.088  -37.267  56.818 0.0000000000
59340  -2.969  -36.629  56.009 0.0000000000
59314  -2.465  -35.932  56.414 0.0000000000
59339  -2.552  -35.765  55.480 0.0000000000
60854  -2.858  -35.562  54.741 0.0000000000
59382  -3.112  -36.397  54.280 0.0000000000
57928  -4.049  -37.524  53.176 0.0000000000
56494  -4.838  -37.601  52.649 0.0000000000
55138  -8.701  -39.884  51.086 0.0000000000
53572  -8.889  -40.336  50.722 0.0000000000
55146  -8.470  -39.052  51.013 0.0000000000
55147  -8.745  -39.486  50.602 0.0000000000
55172  -9.331  -39.360  48.311 0.0000000000
56428  -22.030  -34.866  56.284 0.0000000000
56429  -22.218  -35.021  56.312 0.0000000000
56449  -22.838  -34.762  55.525 0.0000000000
56467  -22.906  -34.548  55.142 0.0000000000
56495  -5.699  -37.716  52.998 0.0000000000
56529  -23.234  -35.639  51.294 0.0000000000
56575  -8.139  -38.579  50.982 0.0000000000
56591  -6.238  -36.621  50.023 0.0000000000
56608  -5.612  -36.500  49.635 0.0000000000
56609  -5.725  -36.843  49.532 0.0000000000
56611  -6.624  -37.759  49.273 0.0000000000
57741  -20.805  -34.926  63.295 0.0000000000
57742  -21.091  -34.852  63.230 0.0000000000
57855  -22.986  -35.075  56.092 0.0000000000
57879  -21.969  -35.307  55.095 0.0000000000
57880  -22.962  -34.780  54.000 0.0000000000
57897  -4.348  -37.386  54.298 0.0000000000
57900  -6.595  -37.921  54.539 0.0000000000
57910  -22.003  -35.402  54.462 0.0000000000
57911  -23.199  -35.031  53.501 0.0000000000
57912  -23.493  -34.935  53.671 0.0000000000
57927  -3.343  -37.197  52.767 0.0000000000
57943  -23.114  -35.257  52.932 0.0000000000
57958  -3.754  -36.881  52.112 0.0000000000
57970  -23.028  -35.462  52.427 0.0000000000
57984  -4.540  -36.502  52.116 0.0000000000
57990  -24.192  -35.313  51.077 0.0000000000
58010  -4.992  -36.126  52.056 0.0000000000
58033  -5.519  -36.021  50.732 0.0000000000
58052  -5.494  -36.120  49.856 0.0000000000
58053  -5.252  -36.624  49.329 0.0000000000
58055  -5.693  -37.687  48.825 0.0000000000
59187  -10.538  -35.383  66.294 0.0000000000
59188  -10.963  -35.135  66.120 0.0000000000
59222  -11.005  -35.432  63.372 0.0000000000
59223  -11.332  -35.434  63.521 0.0000000000
59251  -20.322  -34.358  62.377 0.0000000000
59328  -23.503  -34.872  56.622 0.0000000000
59363  -2.697  -35.631  54.995 0.0000000000
59364  -2.700  -36.248  54.972 0.0000000000
59395  -21.675  -35.474  54.320 0.0000000000
59396  -24.172  -34.744  54.017 0.0000000000
59430  -20.635  -36.113  53.192 0.0000000000
59458  -4.761  -35.986  52.280 0.0000000000
59520  -7.514  -35.966  46.836 0.0000000000
59564  -3.662  -35.486  44.570 0.0000000000
60689  -9.753  -34.727  67.465 0.0000000000
60692  -8.628  -34.908  66.894 0.0000000000
60712  -3.680  -34.457  64.752 0.0000000000
60716  -15.014  -33.874  65.071 0.0000000000
60717  -15.319  -33.727  65.127 0.0000000000
60718  -15.849  -33.477  65.287 0.0000000000
60735  -16.153  -33.999  65.216 0.0000000000
60754  -15.699  -34.332  63.487 0.0000000000
60756  -19.240  -34.380  62.553 0.0000000000
60757  -19.635  -34.424  62.214 0.0000000000
60758  -19.927  -34.462  62.022 0.0000000000
60771  -15.460  -34.645  63.083 0.0000000000
60774  -18.923  -34.406  62.439 0.0000000000
60775  -19.510  -34.341  62.696 0.0000000000
60789  -19.383  -34.575  60.889 0.0000000000
60802  -19.793  -34.475  60.572 0.0000000000
60803  -19.931  -34.516  60.769 0.0000000000
60806  -2.421  -34.832  59.291 0.0000000000
60813  -17.885  -33.740  59.742 0.0000000000
60814  -18.521  -33.967  59.236 0.0000000000
60815  -19.191  -33.882  59.216 0.0000000000
60822  -16.609  -33.831  58.658 0.0000000000
60823  -17.700  -33.928  58.398 0.0000000000
60843  -16.547  -34.577  57.383 0.0000000000
60855  -17.355  -34.726  56.436 0.0000000000
60857  -23.916  -33.977  55.002 0.0000000000
60859  -33.999  -33.329  53.965 0.0000000000
60861  -35.143  -34.144  53.744 0.0000000000
60881  -3.536  -35.563  53.845 0.0000000000
60884  -32.657  -34.018  53.111 0.0000000000
60886  -34.193  -33.663  53.004 0.0000000000
60896  -32.018  -34.258  52.707 0.0000000000
60898  -33.125  -33.953  52.497 0.0000000000
60908  -3.672  -35.077  52.194 0.0000000000
60910  -4.705  -34.985  50.468 0.0000000000
60925  -4.784  -35.325  50.851 0.0000000000
60966  -2.507  -34.923  48.183 0.0000000000
60982  -2.444  -35.145  47.878 0.0000000000
60987  -4.926  -35.077  47.836 0.0000000000
61041  -3.058  -35.198  44.393 0.0000000000
62179  -9.123  -33.922  68.578 0.0000000000
62184  -7.449  -33.429  67.475 0.0000000000
62209  -3.132  -34.142  64.971 0.0000000000
62216  -15.026  -33.678  64.892 0.0000000000
62217  -15.584  -33.544  64.724 0.0000000000
62218  -16.138  -33.340  64.996 0.0000000000
62219  -16.054  -33.490  64.429 0.0000000000
62226  -3.311  -34.477  64.696 0.0000000000
62232  -15.002  -33.956  64.439 0.0000000000
62233  -15.445  -33.770  64.114 0.0000000000
62234  -15.963  -33.799  64.562 0.0000000000
62247  -15.831  -33.891  63.890 0.0000000000
62248  -16.173  -33.726  64.192 0.0000000000
62249  -19.267  -34.445  62.209 0.0000000000
62250  -19.501  -34.443  62.038 0.0000000000
62251  -19.993  -34.569  61.952 0.0000000000
62257  -2.282  -34.679  62.668 0.0000000000
62261  -19.607  -34.484  61.700 0.0000000000
62262  -20.009  -34.460  61.781 0.0000000000
62268  -18.976  -34.559  61.204 0.0000000000
62269  -19.410  -34.572  61.229 0.0000000000
62270  -19.840  -34.497  61.540 0.0000000000
62280  -16.897  -33.138  59.414 0.0000000000
62281  -17.061  -33.178  59.701 0.0000000000
62285  -2.234  -34.317  59.037 0.0000000000
62292  -16.595  -33.302  58.829 0.0000000000
62293  -17.007  -33.346  58.994 0.0000000000
62294  -17.438  -33.509  59.408 0.0000000000
62295  -17.943  -33.844  59.370 0.0000000000
62302  -16.364  -33.463  58.915 0.0000000000
62303  -16.753  -33.532  58.750 0.0000000000
62307  -35.520  -33.208  56.865 0.0000000000
62313  -35.675  -33.972  56.680 0.0000000000
62314  -36.273  -34.015  56.510 0.0000000000
62318  -2.875  -34.105  56.182 0.0000000000
62352  -24.427  -33.797  54.478 0.0000000000
62353  -29.261  -33.107  53.793 0.0000000000
62374  -36.451  -34.228  52.874 0.0000000000
62381  -2.564  -34.512  52.667 0.0000000000
62384  -30.478  -33.671  52.658 0.0000000000
62396  -3.530  -34.125  51.345 0.0000000000
62415  -4.348  -34.264  49.284 0.0000000000
62468  -4.943  -34.953  48.050 0.0000000000
63695  -7.259  -32.452  66.842 0.0000000000
63712  -4.636  -32.830  64.641 0.0000000000
63721  -15.862  -33.684  64.156 0.0000000000
63731  -2.106  -33.621  63.554 0.0000000000
63732  -15.969  -33.762  64.040 0.0000000000
63733  -16.127  -33.794  63.711 0.0000000000
63753  -16.553  -32.981  59.363 0.0000000000
63758  -16.342  -33.090  59.100 0.0000000000
63759  -16.737  -33.126  59.091 0.0000000000
63767  -30.027  -32.404  57.701 0.0000000000
63781  -34.607  -32.168  56.158 0.0000000000
63805  -2.606  -33.346  55.259 0.0000000000
63823  -36.600  -34.023  54.238 0.0000000000
63834  -27.971  -33.090  53.435 0.0000000000
63836  -29.240  -33.418  53.258 0.0000000000
63850  -30.012  -33.430  52.316 0.0000000000
63880  -29.047  -33.051  51.231 0.0000000000
63881  -29.787  -32.882  51.139 0.0000000000
63883  -31.461  -32.949  50.792 0.0000000000
63894  -4.672  -34.815  48.039 0.0000000000
63937  -2.991  -32.967  46.089 0.0000000000
63938  -3.184  -32.896  46.110 0.0000000000
63977  -3.404  -32.866  45.113 0.0000000000
63978  -3.565  -32.591  45.298 0.0000000000
63997  -3.612  -32.411  44.992 0.0000000000
65087  -8.437  -31.657  69.713 0.0000000000
65089  -9.557  -31.592  69.779 0.0000000000
65090  -6.762  -32.203  68.154 0.0000000000
65099  -6.884  -32.654  67.984 0.0000000000
65102  -6.314  -31.920  66.413 0.0000000000
65110  -6.457  -32.349  66.166 0.0000000000
65134  -2.003  -32.846  64.122 0.0000000000
65185  -24.793  -31.317  58.110 0.0000000000
65200  -24.619  -31.441  57.373 0.0000000000
65217  -37.298  -32.302  56.538 0.0000000000
65260  -37.444  -33.090  52.899 0.0000000000
65309  -38.427  -32.790  49.562 0.0000000000
65324  -10.013  -32.320  48.826 0.0000000000
65334  -1.950  -33.447  47.416 0.0000000000
65358  -2.983  -32.962  46.408 0.0000000000
65361  -5.494  -32.660  46.409 0.0000000000
65365  -9.782  -32.294  46.328 0.0000000000
65366  -10.692  -32.233  46.390 0.0000000000
65381  -2.695  -33.096  46.094 0.0000000000
65403  -3.622  -32.885  44.570 0.0000000000
65422  -3.604  -32.114  44.948 0.0000000000
65423  -3.604  -32.422  45.065 0.0000000000
66581  -8.468  -31.304  69.711 0.0000000000
66582  -9.156  -31.073  69.786 0.0000000000
66630  -1.990  -32.115  64.126 0.0000000000
66691  -25.279  -30.986  58.115 0.0000000000
66692  -25.698  -30.957  58.363 0.0000000000
66697  -38.199  -30.983  58.694 0.0000000000
66698  -38.502  -30.445  58.520 0.0000000000
66701  -25.444  -30.890  57.413 0.0000000000
66708  -38.493  -30.397  57.953 0.0000000000
66746  -23.773  -31.068  53.846 0.0000000000
66756  -2.353  -31.606  52.537 0.0000000000
66757  -10.210  -31.323  51.890 0.0000000000
66758  -10.653  -31.257  51.899 0.0000000000
66759  -11.026  -31.131  51.989 0.0000000000
66760  -23.486  -30.657  52.398 0.0000000000
66775  -9.717  -31.403  51.474 0.0000000000
66777  -10.801  -31.000  51.826 0.0000000000
66781  -27.208  -31.779  51.128 0.0000000000
66794  -9.928  -31.630  50.472 0.0000000000
66813  -10.047  -32.092  49.962 0.0000000000
66814  -10.252  -31.798  49.632 0.0000000000
66821  -39.128  -30.715  49.172 0.0000000000
66827  -2.457  -32.779  49.034 0.0000000000
66833  -7.609  -32.235  48.646 0.0000000000
66834  -9.890  -32.150  47.896 0.0000000000
66852  -10.283  -32.201  47.573 0.0000000000
66853  -11.037  -32.014  47.277 0.0000000000
66871  -11.266  -31.468  46.476 0.0000000000
66872  -11.808  -31.154  46.797 0.0000000000
66890  -8.834  -31.271  45.492 0.0000000000
68075  -8.650  -30.763  69.483 0.0000000000
68078  -7.119  -31.493  68.269 0.0000000000
68084  -11.518  -31.478  67.846 0.0000000000
68091  -11.108  -31.640  67.660 0.0000000000
68118  -3.664  -30.706  66.035 0.0000000000
68121  -11.829  -31.580  65.773 0.0000000000
68134  -11.757  -30.905  65.830 0.0000000000
68208  -38.459  -30.363  58.832 0.0000000000
68239  -38.239  -30.006  55.107 0.0000000000
68248  -23.788  -30.254  53.028 0.0000000000
68250  -24.820  -30.212  53.890 0.0000000000
68261  -7.778  -29.946  52.628 0.0000000000
68264  -10.411  -31.266  51.884 0.0000000000
68265  -10.853  -31.203  51.967 0.0000000000
68266  -23.613  -30.164  52.538 0.0000000000
68267  -24.105  -30.018  52.737 0.0000000000
68281  -9.823  -31.085  52.227 0.0000000000
68282  -10.340  -30.883  51.815 0.0000000000
68283  -10.639  -31.179  51.869 0.0000000000
68284  -23.484  -30.131  51.950 0.0000000000
68298  -10.121  -30.801  50.587 0.0000000000
68299  -10.276  -31.176  50.206 0.0000000000
68300  -23.557  -29.928  51.304 0.0000000000
68310  -5.235  -30.885  50.493 0.0000000000
68338  -11.917  -30.785  47.084 0.0000000000
68350  -9.856  -30.603  45.858 0.0000000000
68365  -10.328  -29.798  45.897 0.0000000000
69540  -6.956  -30.623  67.167 0.0000000000
69541  -9.155  -31.531  66.766 0.0000000000
69542  -9.343  -31.374  67.066 0.0000000000
69571  -3.183  -30.108  65.674 0.0000000000
69595  -3.001  -29.587  64.054 0.0000000000
69597  -11.868  -29.890  63.886 0.0000000000
69613  -11.947  -30.083  63.574 0.0000000000
69643  -2.262  -29.616  61.092 0.0000000000
69644  -2.408  -28.923  61.182 0.0000000000
69657  -1.830  -29.880  59.445 0.0000000000
69661  -38.137  -29.103  58.026 0.0000000000
69669  -1.821  -29.904  57.487 0.0000000000
69672  -7.465  -28.938  55.864 0.0000000000
69676  -37.714  -29.581  56.141 0.0000000000
69684  -3.443  -29.168  55.671 0.0000000000
69689  -7.858  -29.291  55.395 0.0000000000
69692  -37.886  -29.496  55.830 0.0000000000
69699  -4.544  -29.355  54.850 0.0000000000
69704  -9.422  -29.714  54.698 0.0000000000
69712  -6.774  -29.410  53.984 0.0000000000
69728  -23.844  -29.784  52.210 0.0000000000
69729  -24.328  -29.818  52.194 0.0000000000
69738  -23.665  -29.784  51.771 0.0000000000
69749  -23.831  -29.728  51.412 0.0000000000
69765  -39.247  -29.480  49.729 0.0000000000
69771  -8.969  -29.028  48.519 0.0000000000
69775  -12.881  -29.052  47.809 0.0000000000
69776  -13.289  -28.677  47.557 0.0000000000
69785  -9.259  -28.950  48.190 0.0000000000
69786  -11.665  -29.853  47.142 0.0000000000
69787  -12.816  -29.595  47.359 0.0000000000
69788  -13.500  -29.026  47.312 0.0000000000
69796  -10.739  -29.594  46.240 0.0000000000
69797  -11.495  -29.603  46.606 0.0000000000
69799  -13.412  -29.319  46.771 0.0000000000
69809  -12.396  -29.067  46.054 0.0000000000
69810  -13.377  -29.053  46.080 0.0000000000
71000  -5.218  -28.565  66.485 0.0000000000
71014  -9.330  -28.117  66.036 0.0000000000
71049  -10.991  -29.395  63.960 0.0000000000
71067  -11.423  -29.317  63.357 0.0000000000
71068  -11.985  -29.327  63.093 0.0000000000
71069  -12.306  -29.008  63.160 0.0000000000
71082  -11.342  -29.145  63.046 0.0000000000
71084  -11.929  -29.072  62.940 0.0000000000
71091  -3.375  -28.439  61.631 0.0000000000
71097  -1.995  -29.288  60.463 0.0000000000
71110  -3.085  -28.474  58.016 0.0000000000
71114  -2.246  -29.163  58.263 0.0000000000
71116  -3.392  -28.516  57.454 0.0000000000
71127  -5.237  -28.754  56.733 0.0000000000
71132  -9.703  -28.485  56.111 0.0000000000
71145  -6.339  -28.886  55.881 0.0000000000
71146  -6.710  -28.859  55.848 0.0000000000
71157  -10.539  -28.993  54.424 0.0000000000
71163  -10.320  -29.440  53.743 0.0000000000
71173  -10.998  -28.204  52.821 0.0000000000
71174  -11.566  -27.638  53.172 0.0000000000
71175  -38.300  -29.167  52.331 0.0000000000
71179  -9.263  -29.009  52.374 0.0000000000
71180  -9.498  -28.176  52.380 0.0000000000
71185  -8.281  -28.058  50.633 0.0000000000
71186  -8.755  -28.445  51.047 0.0000000000
71192  -8.232  -28.160  50.183 0.0000000000
71202  -10.050  -29.094  47.994 0.0000000000
71203  -11.098  -29.086  47.691 0.0000000000
71204  -12.248  -28.701  47.683 0.0000000000
71205  -13.047  -28.443  47.833 0.0000000000
71215  -10.296  -28.672  47.243 0.0000000000
71216  -11.623  -28.355  47.132 0.0000000000
71218  -13.480  -28.349  47.161 0.0000000000
71234  -13.853  -28.778  46.533 0.0000000000
71245  -9.943  -28.837  46.272 0.0000000000
71246  -11.057  -28.862  46.477 0.0000000000
71247  -12.061  -28.519  46.033 0.0000000000
72438  -10.901  -29.097  63.824 0.0000000000
72448  -11.028  -29.147  63.512 0.0000000000
72449  -10.941  -28.730  63.822 0.0000000000
72457  -5.871  -28.771  62.491 0.0000000000
72458  -11.154  -29.147  63.181 0.0000000000
72459  -11.101  -29.001  62.991 0.0000000000
72460  -11.735  -29.132  63.181 0.0000000000
72478  -4.874  -27.674  59.515 0.0000000000
72484  -3.111  -28.316  58.359 0.0000000000
72501  -9.071  -27.018  57.124 0.0000000000
72513  -11.028  -27.374  56.057 0.0000000000
72523  -11.947  -27.088  55.360 0.0000000000
72533  -11.935  -27.689  54.242 0.0000000000
72545  -6.154  -26.158  52.662 0.0000000000
72546  -6.210  -26.315  52.585 0.0000000000
72547  -12.135  -27.396  53.585 0.0000000000
72548  -12.492  -27.250  54.110 0.0000000000
72555  -6.363  -26.349  52.387 0.0000000000
72565  -6.076  -26.065  52.059 0.0000000000
72567  -7.431  -26.920  51.431 0.0000000000
72594  -35.116  -26.966  49.656 0.0000000000
72609  -12.381  -27.886  46.721 0.0000000000
72610  -13.135  -27.949  46.593 0.0000000000
72611  -13.773  -28.153  46.347 0.0000000000
72628  -12.663  -27.982  46.153 0.0000000000
72629  -13.428  -27.985  45.974 0.0000000000
72641  -13.054  -28.459  45.948 0.0000000000
73849  -6.431  -27.453  61.587 0.0000000000
73896  -9.799  -26.025  58.718 0.0000000000
73898  -11.999  -25.945  58.873 0.0000000000
73938  -11.283  -27.180  56.013 0.0000000000
73954  -12.670  -26.573  55.240 0.0000000000
73970  -5.959  -25.667  52.550 0.0000000000
73985  -8.515  -26.629  52.230 0.0000000000
73986  -9.420  -26.746  52.683 0.0000000000
74005  -35.246  -27.274  50.012 0.0000000000
74015  -6.497  -26.497  49.881 0.0000000000
74016  -35.062  -26.903  49.949 0.0000000000
74030  -35.271  -26.657  49.375 0.0000000000
75282  -14.247  -25.138  60.098 0.0000000000
75306  -10.078  -25.983  58.689 0.0000000000
75363  -8.914  -26.057  52.527 0.0000000000
76599  -7.009  -23.882  53.744 0.0000000000
76615  -11.991  -23.612  52.951 0.0000000000
76616  -12.740  -23.820  53.236 0.0000000000
77980  -10.316  -23.248  53.169 0.0000000000
77982  -12.356  -23.022  53.308 0.0000000000
77983  -13.037  -23.395  53.762 0.0000000000
79336  -13.290  -22.142  55.859 0.0000000000
79342  -11.234  -22.645  53.843 0.0000000000
79422  -37.749  -21.395  45.483 0.0000000000
79433  -37.536  -21.111  45.411 0.0000000000
80779  -43.420  -21.149  45.365 0.0000000000
80805  -37.126  -20.939  45.748 0.0000000000
80806  -41.520  -21.709  45.369 0.0000000000
80830  -40.871  -21.969  44.353 0.0000000000
82206  -34.941  -20.281  46.830 0.0000000000
82217  -34.870  -20.405  46.748 0.0000000000
82218  -35.569  -20.399  46.531 0.0000000000
82224  -36.149  -20.510  46.050 0.0000000000
83634  -46.640  -18.958  44.131 0.0000000000
83653  -46.628  -18.523  44.017 0.0000000000
83694  -48.445  -17.899  42.346 0.0000000000
83727  -49.548  -18.216  40.306 0.0000000000
83728  -49.911  -18.453  39.901 0.0000000000
85076  -47.873  -17.626  42.656 0.0000000000
85077  -48.033  -17.369  42.432 0.0000000000
85097  -43.867  -17.180  40.726 0.0000000000
85102  -48.031  -17.226  42.295 0.0000000000
85121  -51.685  -18.192  41.134 0.0000000000
86503  -47.392  -17.302  42.768 0.0000000000
86528  -47.741  -17.198  42.349 0.0000000000
86529  -47.957  -17.129  42.419 0.0000000000
86546  -48.988  -16.234  40.835 0.0000000000
86547  -49.417  -16.328  40.443 0.0000000000
86563  -51.586  -16.847  40.749 0.0000000000
86572  -50.550  -16.658  39.349 0.0000000000
86573  -51.123  -16.929  39.001 0.0000000000
87992  -45.266  -16.671  41.371 0.0000000000
87993  -45.481  -16.666  41.369 0.0000000000
88005  -45.385  -16.589  41.144 0.0000000000
88006  -45.640  -16.596  41.199 0.0000000000
88007  -48.170  -16.153  40.012 0.0000000000
88008  -48.509  -15.900  40.116 0.0000000000
88019  -49.788  -16.223  40.310 0.0000000000
88021  -51.358  -16.694  39.434 0.0000000000
88028  -50.193  -16.389  39.952 0.0000000000
88029  -50.649  -16.183  39.701 0.0000000000
89334  -48.859  -15.429  40.341 0.0000000000
89335  -49.484  -15.120  40.589 0.0000000000
89336  -50.164  -15.262  40.664 0.0000000000
89342  -48.929  -14.923  40.208 0.0000000000
89350  -50.949  -15.878  39.635 0.0000000000
89351  -51.147  -15.837  39.886 0.0000000000
89352  -51.340  -15.782  40.128 0.0000000000
89364  -47.938  -14.956  38.600 0.0000000000
90652  -49.758  -14.631  40.599 0.0000000000
90662  -51.946  -14.446  40.433 0.0000000000
90666  -48.275  -14.146  38.932 0.0000000000
92063  -55.278  -12.526  40.795 0.0000000000
92071  -48.976  -13.330  38.928 0.0000000000
93617  -52.474  -12.376  40.554 0.0000000000
93628  -55.586  -11.845  40.451 0.0000000000
93636  -48.412  -13.074  38.125 0.0000000000
93640  -56.169  -11.511  39.357 0.0000000000
93646  -49.142  -12.454  37.718 0.0000000000
95178  -54.421  -11.918  40.538 0.0000000000
95182  -50.615  -11.545  39.385 0.0000000000
95188  -56.910  -11.411  39.542 0.0000000000
95199  -56.066  -11.127  38.726 0.0000000000
96507  -50.387  -11.063  38.670 0.0000000000
96508  -50.538  -10.880  38.602 0.0000000000
96509  -53.294  -10.717  38.477 0.0000000000
96517  -50.306  -11.007  38.500 0.0000000000
96518  -50.475  -10.864  38.334 0.0000000000
96519  -53.223  -10.628  38.254 0.0000000000
97768  -56.601  -8.745  38.961 0.0000000000
97770  -57.059  -8.274  39.191 0.0000000000
97771  -57.957  -8.853  40.121 0.0000000000
97774  -56.608  -8.574  38.792 0.0000000000
97775  -56.504  -8.783  38.817 0.0000000000
97776  -57.015  -8.911  39.669 0.0000000000
97781  -56.492  -9.048  38.980 0.0000000000
99094  -56.592  -8.556  39.222 0.0000000000
99095  -56.815  -8.414  39.073 0.0000000000
99096  -56.915  -8.226  39.021 0.0000000000
99100  -56.669  -8.593  39.007 0.0000000000
99101  -56.729  -8.364  38.846 0.0000000000
100468  -56.726  -7.587  38.130 0.0000000000
101860  -56.486  -6.096  37.205 0.0000000000
106068  -58.608  -3.650  37.554 0.0000000000
106082  -58.380  -3.735  37.207 0.0000000000
107480  -55.391  -2.036  37.141 0.0000000000
107493  -54.604  -2.122  36.520 0.0000000000
108909  -55.378  -1.573  37.160 0.0000000000
108919  -54.410  -1.596  36.513 0.0000000000
108922  -57.937  -1.913  37.152 0.0000000000
110263  -54.416  -1.085  36.485 0.0000000000
110264  -54.843  -0.889  36.711 0.0000000000
111682  -55.495  0.416  36.025 0.0000000000
169625  -10.926  -34.123  65.157 0.0000000000
169626  -11.548  -31.881  67.695 0.0000000000
169628  -11.344  -31.718  67.685 0.0000000000
169634  -5.179  -35.865  49.422 0.0000000000
169635  -4.069  -34.764  47.596 0.0000000000
169638  -5.174  -35.388  49.501 0.0000000000
169639  -3.953  -35.008  47.266 0.0000000000
169641  -4.727  -34.527  49.403 0.0000000000
169669  -16.406  -33.696  58.952 0.0000000000
169765  -16.054  -33.704  64.146 0.0000000000
170252  -12.929  -21.685  56.068 0.0000000000
170289  -14.246  -23.665  55.306 0.0000000000
170292  -14.038  -23.421  55.329 0.0000000000
170299  -14.039  -23.760  54.970 0.0000000000
170307  -14.423  -25.099  60.481 0.0000000000
170313  -13.463  -23.992  53.805 0.0000000000
170555  -35.056  -20.406  46.648 0.0000000000
170565  -34.820  -20.373  47.157 0.0000000000
170567  -34.873  -20.379  46.979 0.0000000000
170576  -35.099  -20.260  47.885 0.0000000000
170635  -39.202  -22.050  46.619 0.0000000000
170652  -40.480  -22.118  46.138 0.0000000000
170653  -39.305  -22.032  45.876 0.0000000000
170654  -39.475  -22.065  46.055 0.0000000000
170668  -40.930  -22.078  46.319 0.0000000000
170669  -36.861  -20.952  46.181 0.0000000000
170678  -40.889  -22.088  46.076 0.0000000000
170679  -41.629  -21.577  46.245 0.0000000000
170683  -40.839  -22.088  45.836 0.0000000000
170685  -42.520  -21.113  46.635 0.0000000000
170696  -41.012  -22.044  45.465 0.0000000000
170700  -40.559  -22.058  44.815 0.0000000000
170710  -40.619  -22.079  45.206 0.0000000000
170712  -41.962  -21.477  45.299 0.0000000000
170781  -42.208  -18.761  44.237 0.0000000000
171116  -13.854  -28.442  45.821 0.0000000000
