#!ascii label  , from subject 4103 vox2ras=TkReg
463
27374  59.112  -61.369  -5.476 0.0000000000
27467  50.306  -61.800  -10.253 0.0000000000
16059  54.423  -68.568  -3.479 0.0000000000
23156  52.557  -64.549  -6.209 0.0000000000
16174  51.908  -69.654  -9.514 0.0000000000
14680  50.890  -70.775  -5.583 0.0000000000
10912  50.729  -72.452  -9.762 0.0000000000
23172  48.714  -64.911  -7.295 0.0000000000
27404  51.898  -61.170  -6.272 0.0000000000
20280  57.349  -65.244  -4.091 0.0000000000
18960  53.824  -67.278  -6.216 0.0000000000
18965  49.959  -67.637  -6.595 0.0000000000
21708  50.952  -65.567  -9.658 0.0000000000
21726  54.108  -65.366  -11.516 0.0000000000
28644  55.566  -60.120  -4.424 0.0000000000
24551  57.073  -63.652  -2.551 0.0000000000
16009  56.539  -67.348  -1.340 0.0000000000
27435  55.354  -61.554  -8.772 0.0000000000
9671  50.039  -73.062  -6.694 0.0000000000
24643  48.871  -63.529  -8.736 0.0000000000
26055  48.088  -62.790  -7.531 0.0000000000
18921  56.109  -66.368  -4.010 0.0000000000
17547  54.198  -67.373  -5.419 0.0000000000
14738  50.398  -70.718  -8.190 0.0000000000
16120  49.882  -69.426  -6.401 0.0000000000
17590  49.809  -68.514  -8.616 0.0000000000
20351  49.839  -66.702  -8.937 0.0000000000
19018  51.227  -67.425  -9.485 0.0000000000
24674  54.175  -63.896  -11.417 0.0000000000
23072  56.559  -64.754  -1.000 0.0000000000
21590  58.643  -65.645  -1.237 0.0000000000
18863  56.306  -67.106  0.096 0.0000000000
23169  55.274  -64.363  -7.163 0.0000000000
24627  54.090  -63.208  -7.516 0.0000000000
29994  50.873  -59.584  -6.483 0.0000000000
28673  53.362  -60.159  -7.698 0.0000000000
13319  52.967  -70.276  -3.643 0.0000000000
13346  52.559  -70.067  -4.736 0.0000000000
10826  50.852  -72.235  -5.056 0.0000000000
12094  50.376  -72.132  -7.445 0.0000000000
13398  51.515  -71.139  -9.276 0.0000000000
23158  49.895  -64.364  -5.858 0.0000000000
24613  52.148  -63.313  -5.939 0.0000000000
26022  49.111  -62.898  -5.861 0.0000000000
27407  49.163  -61.545  -6.283 0.0000000000
30048  51.537  -59.957  -11.343 0.0000000000
23141  58.193  -63.499  -4.873 0.0000000000
20336  55.372  -65.168  -6.641 0.0000000000
20339  53.603  -66.288  -7.014 0.0000000000
16117  52.577  -69.250  -5.893 0.0000000000
18963  51.849  -67.509  -6.404 0.0000000000
20319  51.293  -66.562  -6.492 0.0000000000
21686  49.213  -65.778  -7.043 0.0000000000
21710  49.251  -65.095  -8.561 0.0000000000
24659  50.725  -63.572  -9.857 0.0000000000
19032  53.111  -67.193  -10.827 0.0000000000
21728  52.484  -65.157  -10.772 0.0000000000
24676  52.747  -63.543  -10.718 0.0000000000
27465  51.772  -61.731  -11.243 0.0000000000
29972  57.185  -59.464  -5.062 0.0000000000
28642  57.381  -60.592  -4.524 0.0000000000
25988  56.696  -62.352  -3.296 0.0000000000
25986  57.937  -62.697  -4.392 0.0000000000
23097  57.885  -64.921  -2.860 0.0000000000
18882  58.386  -66.815  -2.555 0.0000000000
17476  55.390  -67.910  -2.399 0.0000000000
14617  54.559  -69.984  -1.101 0.0000000000
14635  53.920  -69.887  -2.602 0.0000000000
26053  53.485  -62.113  -7.291 0.0000000000
28656  59.264  -60.884  -5.233 0.0000000000
29984  59.366  -59.995  -5.980 0.0000000000
27389  59.367  -61.074  -5.970 0.0000000000
26088  50.066  -62.850  -9.680 0.0000000000
26073  48.607  -62.624  -8.682 0.0000000000
18923  55.270  -67.303  -4.053 0.0000000000
18942  55.340  -66.634  -4.717 0.0000000000
17529  54.561  -67.445  -4.668 0.0000000000
16154  50.918  -70.037  -9.099 0.0000000000
16155  50.017  -69.635  -8.281 0.0000000000
16175  51.282  -69.121  -9.224 0.0000000000
17604  50.761  -68.291  -9.134 0.0000000000
17603  51.988  -68.355  -9.531 0.0000000000
27473  55.414  -62.748  -12.593 0.0000000000
21574  56.387  -65.998  -0.143 0.0000000000
23154  54.111  -64.768  -6.467 0.0000000000
23170  54.388  -64.327  -6.833 0.0000000000
23171  53.739  -63.780  -6.723 0.0000000000
31426  52.308  -58.677  -7.499 0.0000000000
12048  52.092  -71.253  -4.182 0.0000000000
10814  51.014  -72.580  -4.456 0.0000000000
9696  50.231  -73.047  -8.277 0.0000000000
10864  50.341  -72.720  -7.577 0.0000000000
12113  50.623  -72.170  -8.669 0.0000000000
13399  50.903  -71.507  -8.816 0.0000000000
12132  51.032  -71.990  -9.507 0.0000000000
23159  49.050  -64.784  -6.382 0.0000000000
23144  48.676  -64.121  -6.140 0.0000000000
27408  48.423  -61.603  -6.650 0.0000000000
28669  48.683  -60.623  -6.638 0.0000000000
28668  49.465  -60.547  -6.370 0.0000000000
21652  57.862  -64.284  -4.514 0.0000000000
21664  57.842  -63.968  -5.491 0.0000000000
20316  57.492  -64.500  -5.503 0.0000000000
20337  54.739  -65.644  -6.379 0.0000000000
18988  53.637  -66.829  -6.804 0.0000000000
13348  51.725  -70.690  -4.833 0.0000000000
14697  52.669  -69.720  -5.240 0.0000000000
14698  51.922  -70.190  -5.371 0.0000000000
17553  49.671  -68.560  -6.807 0.0000000000
17551  51.243  -68.522  -6.228 0.0000000000
18964  50.758  -67.585  -6.355 0.0000000000
20320  50.282  -66.643  -6.407 0.0000000000
20321  49.643  -66.709  -6.834 0.0000000000
20370  50.584  -66.552  -9.408 0.0000000000
21694  49.571  -66.217  -8.572 0.0000000000
21709  49.831  -65.623  -9.005 0.0000000000
23190  50.402  -64.548  -9.405 0.0000000000
23189  51.470  -64.510  -9.992 0.0000000000
21776  54.686  -65.384  -13.662 0.0000000000
21745  54.728  -64.908  -11.886 0.0000000000
20399  54.522  -65.574  -12.147 0.0000000000
20384  53.960  -66.248  -11.667 0.0000000000
20385  53.521  -66.295  -11.197 0.0000000000
20386  52.759  -66.261  -10.679 0.0000000000
21727  53.274  -65.357  -11.140 0.0000000000
26107  53.499  -62.506  -11.330 0.0000000000
24675  53.514  -63.593  -11.106 0.0000000000
26096  53.142  -63.023  -10.819 0.0000000000
26097  52.488  -62.652  -10.871 0.0000000000
26108  52.675  -61.911  -11.308 0.0000000000
31391  55.513  -58.492  -5.031 0.0000000000
29973  55.989  -59.414  -4.898 0.0000000000
28643  56.457  -60.278  -4.474 0.0000000000
25945  56.810  -63.754  -2.217 0.0000000000
25969  56.057  -62.708  -2.625 0.0000000000
25968  56.846  -62.951  -2.874 0.0000000000
27346  57.247  -62.739  -3.513 0.0000000000
25967  57.344  -63.166  -3.322 0.0000000000
24567  57.730  -63.579  -3.827 0.0000000000
24533  58.126  -64.743  -1.972 0.0000000000
18874  57.605  -67.270  -1.485 0.0000000000
20249  59.092  -66.764  -2.049 0.0000000000
17473  57.460  -67.485  -2.053 0.0000000000
18892  56.784  -67.148  -2.422 0.0000000000
16044  55.886  -67.665  -1.932 0.0000000000
11978  53.479  -71.398  -0.793 0.0000000000
11975  54.423  -71.338  -1.040 0.0000000000
14618  54.309  -69.927  -1.780 0.0000000000
26037  51.818  -62.161  -6.211 0.0000000000
26054  52.780  -62.534  -6.445 0.0000000000
27419  52.676  -61.409  -6.556 0.0000000000
28687  54.226  -60.321  -8.291 0.0000000000
24644  48.464  -63.731  -8.181 0.0000000000
24616  48.273  -63.504  -7.066 0.0000000000
18920  56.587  -65.745  -4.252 0.0000000000
18940  56.410  -65.168  -5.173 0.0000000000
18941  55.758  -65.813  -4.735 0.0000000000
17574  54.177  -67.081  -5.949 0.0000000000
13350  50.256  -71.448  -6.561 0.0000000000
14700  50.325  -70.459  -6.271 0.0000000000
14722  49.842  -70.235  -6.970 0.0000000000
16137  49.586  -69.485  -7.260 0.0000000000
17575  49.449  -68.503  -7.558 0.0000000000
19003  49.380  -67.768  -8.040 0.0000000000
17605  50.072  -67.973  -9.023 0.0000000000
19019  50.316  -67.428  -9.201 0.0000000000
20369  51.478  -66.549  -9.861 0.0000000000
23227  54.467  -64.428  -11.636 0.0000000000
24690  54.752  -63.580  -11.825 0.0000000000
26106  54.502  -62.694  -11.815 0.0000000000
24515  57.053  -64.361  -1.272 0.0000000000
23086  57.782  -64.622  -1.529 0.0000000000
21591  57.748  -65.671  -0.993 0.0000000000
20240  57.233  -66.394  -0.771 0.0000000000
17447  56.099  -67.487  -0.757 0.0000000000
24641  55.338  -63.141  -8.098 0.0000000000
26071  54.689  -62.438  -8.217 0.0000000000
28666  51.490  -60.325  -6.431 0.0000000000
28665  52.223  -60.648  -6.413 0.0000000000
28675  52.086  -60.146  -6.543 0.0000000000
31425  53.129  -58.815  -7.719 0.0000000000
16080  53.502  -69.389  -3.647 0.0000000000
16099  53.616  -68.923  -4.291 0.0000000000
13329  52.781  -69.846  -4.276 0.0000000000
12066  52.147  -70.672  -4.564 0.0000000000
12050  50.973  -71.684  -5.187 0.0000000000
10843  50.236  -72.578  -6.283 0.0000000000
13349  50.375  -71.815  -6.188 0.0000000000
13378  50.576  -71.750  -8.126 0.0000000000
14737  51.074  -70.926  -8.939 0.0000000000
23157  51.340  -64.449  -6.036 0.0000000000
24614  50.831  -63.256  -5.914 0.0000000000
26038  50.943  -62.323  -6.086 0.0000000000
26023  48.728  -63.078  -5.989 0.0000000000
26040  48.846  -62.404  -6.149 0.0000000000
27406  50.141  -61.490  -6.294 0.0000000000
28667  50.469  -60.484  -6.404 0.0000000000
29995  49.769  -59.555  -6.336 0.0000000000
28725  51.032  -60.836  -11.103 0.0000000000
26003  58.750  -61.905  -5.354 0.0000000000
26019  59.043  -61.642  -5.895 0.0000000000
23152  58.269  -63.075  -5.654 0.0000000000
21683  54.586  -65.190  -6.658 0.0000000000
21668  53.138  -65.553  -6.668 0.0000000000
17549  53.089  -68.225  -6.198 0.0000000000
16118  51.701  -69.476  -6.129 0.0000000000
17550  52.259  -68.450  -6.337 0.0000000000
18962  52.900  -67.441  -6.743 0.0000000000
18989  53.183  -66.698  -7.110 0.0000000000
20318  52.456  -66.509  -6.928 0.0000000000
21669  51.893  -65.523  -6.503 0.0000000000
21670  50.697  -65.553  -6.233 0.0000000000
21671  49.710  -65.682  -6.343 0.0000000000
20352  49.517  -66.792  -8.305 0.0000000000
21695  49.158  -65.739  -8.080 0.0000000000
23181  48.724  -64.492  -8.197 0.0000000000
23191  49.429  -64.492  -8.924 0.0000000000
24660  49.788  -63.601  -9.326 0.0000000000
26099  50.573  -62.562  -10.279 0.0000000000
14754  52.199  -70.366  -9.907 0.0000000000
20410  54.466  -65.837  -12.780 0.0000000000
17620  52.658  -68.150  -10.362 0.0000000000
19033  52.533  -67.276  -10.359 0.0000000000
20368  52.150  -66.649  -10.250 0.0000000000
21707  51.891  -65.668  -10.278 0.0000000000
23206  53.805  -64.519  -11.266 0.0000000000
23207  52.993  -64.394  -10.977 0.0000000000
24658  51.442  -63.739  -10.142 0.0000000000
26098  51.414  -62.599  -10.765 0.0000000000
27466  50.760  -61.775  -10.773 0.0000000000
31402  57.215  -58.255  -5.790 0.0000000000
31403  56.798  -58.214  -5.597 0.0000000000
29987  57.538  -58.840  -5.572 0.0000000000
29986  58.158  -59.339  -5.493 0.0000000000
29971  58.147  -60.200  -4.995 0.0000000000
28640  58.892  -60.984  -4.812 0.0000000000
27349  55.098  -62.109  -2.847 0.0000000000
28628  55.805  -60.856  -3.887 0.0000000000
28626  57.374  -61.434  -4.268 0.0000000000
27376  58.417  -61.630  -4.673 0.0000000000
26004  58.291  -62.468  -4.774 0.0000000000
24582  57.963  -62.986  -4.405 0.0000000000
23127  57.884  -64.084  -3.966 0.0000000000
20265  57.790  -65.251  -3.181 0.0000000000
21603  59.217  -65.197  -1.732 0.0000000000
20258  58.521  -65.976  -2.781 0.0000000000
20266  57.628  -65.524  -3.301 0.0000000000
18903  56.943  -66.365  -3.392 0.0000000000
18905  55.522  -67.337  -3.374 0.0000000000
17489  55.075  -67.909  -3.104 0.0000000000
16027  54.980  -68.791  -1.467 0.0000000000
16046  54.790  -68.699  -2.545 0.0000000000
16060  53.968  -69.310  -3.208 0.0000000000
24629  52.884  -63.164  -6.301 0.0000000000
26052  54.010  -62.459  -7.843 0.0000000000
26072  54.022  -61.923  -8.012 0.0000000000
27418  53.254  -61.022  -7.200 0.0000000000
27437  53.802  -61.152  -7.823 0.0000000000
9686  50.184  -73.096  -7.801 0.0000000000
9687  49.680  -73.192  -7.491 0.0000000000
9697  49.961  -73.145  -8.262 0.0000000000
9715  50.034  -73.039  -8.710 0.0000000000
9716  49.794  -72.963  -8.733 0.0000000000
10825  51.476  -71.983  -4.310 0.0000000000
10874  50.413  -72.810  -8.453 0.0000000000
10875  50.223  -73.003  -8.558 0.0000000000
10894  50.681  -72.528  -9.106 0.0000000000
10895  50.259  -72.826  -9.115 0.0000000000
10913  50.309  -72.716  -10.066 0.0000000000
11976  54.166  -71.601  -0.787 0.0000000000
11977  53.731  -71.595  -0.649 0.0000000000
11996  54.421  -71.191  -1.198 0.0000000000
11999  53.110  -71.436  -1.396 0.0000000000
12036  52.903  -71.048  -3.394 0.0000000000
12037  52.355  -71.417  -3.609 0.0000000000
12047  52.588  -70.763  -3.836 0.0000000000
12049  51.592  -71.314  -4.651 0.0000000000
12065  52.416  -70.474  -4.267 0.0000000000
12067  51.906  -70.730  -4.698 0.0000000000
12068  50.386  -72.073  -5.974 0.0000000000
12069  50.323  -71.975  -6.635 0.0000000000
12095  50.290  -71.859  -7.068 0.0000000000
12112  51.237  -71.396  -9.350 0.0000000000
13280  54.539  -70.880  -1.017 0.0000000000
13281  54.339  -70.753  -1.429 0.0000000000
13298  54.040  -70.749  -2.226 0.0000000000
13330  51.322  -70.970  -5.087 0.0000000000
13331  50.625  -71.415  -5.730 0.0000000000
13332  50.421  -71.112  -6.066 0.0000000000
13347  52.195  -70.342  -4.911 0.0000000000
13379  50.333  -71.533  -7.600 0.0000000000
13400  50.669  -71.371  -8.389 0.0000000000
13412  52.131  -70.590  -9.895 0.0000000000
13413  51.936  -70.815  -9.725 0.0000000000
13433  52.119  -70.467  -10.095 0.0000000000
14646  53.436  -69.808  -3.404 0.0000000000
14647  53.409  -69.597  -3.574 0.0000000000
14661  53.208  -69.459  -3.937 0.0000000000
14662  53.298  -69.547  -3.726 0.0000000000
14678  53.350  -69.191  -4.580 0.0000000000
14679  51.357  -70.540  -5.338 0.0000000000
14681  50.557  -70.971  -5.866 0.0000000000
14696  53.194  -69.304  -5.010 0.0000000000
14699  51.120  -70.124  -5.653 0.0000000000
14701  49.882  -69.914  -6.707 0.0000000000
14721  50.026  -70.854  -7.192 0.0000000000
14736  51.699  -70.935  -9.250 0.0000000000
16007  57.268  -68.005  -1.178 0.0000000000
16008  56.934  -67.361  -1.451 0.0000000000
16024  57.111  -67.804  -1.345 0.0000000000
16025  56.789  -67.417  -1.616 0.0000000000
16026  55.792  -67.681  -1.426 0.0000000000
16028  54.468  -69.352  -2.200 0.0000000000
16045  55.469  -68.010  -1.907 0.0000000000
16047  54.302  -69.343  -2.645 0.0000000000
16061  53.565  -69.536  -3.456 0.0000000000
16078  54.149  -68.403  -4.188 0.0000000000
16079  53.745  -69.000  -3.791 0.0000000000
16119  50.690  -69.435  -6.038 0.0000000000
16136  49.921  -70.223  -7.587 0.0000000000
16156  49.474  -68.982  -8.012 0.0000000000
16197  52.743  -68.482  -10.902 0.0000000000
17445  57.095  -67.546  -1.555 0.0000000000
17446  57.180  -67.199  -0.971 0.0000000000
17460  57.351  -67.506  -1.711 0.0000000000
17461  57.180  -67.445  -1.990 0.0000000000
17474  56.829  -67.432  -2.063 0.0000000000
17475  55.955  -67.482  -2.079 0.0000000000
17487  56.388  -67.312  -2.397 0.0000000000
17488  55.772  -67.461  -2.667 0.0000000000
17506  54.778  -67.793  -3.939 0.0000000000
17548  53.730  -67.688  -5.940 0.0000000000
17552  50.229  -68.534  -6.220 0.0000000000
17589  50.539  -69.146  -8.902 0.0000000000
17591  49.448  -68.457  -8.076 0.0000000000
17621  52.380  -67.806  -10.002 0.0000000000
18875  56.983  -66.928  -1.143 0.0000000000
18876  56.630  -66.894  -0.596 0.0000000000
18883  58.155  -67.431  -2.051 0.0000000000
18890  57.714  -66.225  -2.919 0.0000000000
18891  57.402  -66.996  -2.481 0.0000000000
18902  57.249  -65.753  -3.743 0.0000000000
18904  56.350  -66.983  -3.048 0.0000000000
18906  55.145  -67.601  -3.607 0.0000000000
18919  57.026  -65.300  -4.550 0.0000000000
18922  55.654  -66.880  -3.999 0.0000000000
18939  56.972  -65.060  -4.992 0.0000000000
18943  55.003  -67.199  -4.475 0.0000000000
18961  53.578  -67.388  -6.392 0.0000000000
18987  54.118  -66.705  -6.306 0.0000000000
18990  49.602  -67.672  -7.241 0.0000000000
19002  49.759  -67.541  -8.720 0.0000000000
19017  52.034  -67.349  -9.861 0.0000000000
20238  59.031  -66.412  -1.381 0.0000000000
20239  58.141  -66.601  -1.240 0.0000000000
20241  56.640  -66.441  -0.307 0.0000000000
20250  58.406  -67.178  -1.634 0.0000000000
20257  58.108  -65.810  -2.918 0.0000000000
20279  57.550  -64.921  -4.059 0.0000000000
20281  55.545  -66.592  -4.457 0.0000000000
20282  55.379  -66.912  -4.358 0.0000000000
20297  57.691  -64.572  -4.612 0.0000000000
20298  57.390  -64.831  -4.982 0.0000000000
20299  57.036  -64.995  -5.194 0.0000000000
20300  55.081  -66.750  -4.781 0.0000000000
20301  55.196  -67.039  -4.472 0.0000000000
20338  54.113  -66.127  -6.663 0.0000000000
20340  53.176  -66.194  -7.109 0.0000000000
20341  49.354  -66.758  -7.573 0.0000000000
20398  54.803  -65.206  -12.368 0.0000000000
21589  59.398  -65.953  -1.706 0.0000000000
21592  56.907  -65.624  -0.651 0.0000000000
21601  58.596  -65.207  -2.625 0.0000000000
21602  59.262  -65.542  -2.429 0.0000000000
21611  57.978  -65.117  -2.827 0.0000000000
21612  58.658  -65.518  -2.756 0.0000000000
21619  57.673  -64.692  -3.363 0.0000000000
21635  57.659  -64.714  -3.967 0.0000000000
21636  55.395  -66.462  -4.683 0.0000000000
21637  55.361  -66.651  -4.580 0.0000000000
21653  57.959  -64.382  -4.958 0.0000000000
21654  55.201  -66.589  -4.762 0.0000000000
21655  55.216  -66.822  -4.608 0.0000000000
21663  58.176  -63.877  -5.114 0.0000000000
21666  54.347  -64.906  -6.469 0.0000000000
21667  53.965  -65.206  -6.432 0.0000000000
21684  53.849  -65.764  -6.771 0.0000000000
21685  53.468  -65.940  -7.032 0.0000000000
21759  54.646  -65.526  -13.252 0.0000000000
23070  58.012  -65.057  -1.233 0.0000000000
23071  57.370  -64.780  -1.155 0.0000000000
23083  58.910  -64.834  -2.334 0.0000000000
23084  58.802  -64.800  -2.026 0.0000000000
23085  58.387  -64.855  -1.571 0.0000000000
23098  58.154  -64.894  -2.559 0.0000000000
23109  57.677  -64.361  -3.339 0.0000000000
23142  49.388  -64.043  -5.689 0.0000000000
23143  49.059  -64.171  -5.714 0.0000000000
23155  53.615  -64.568  -6.373 0.0000000000
23160  48.519  -64.203  -6.754 0.0000000000
23173  48.415  -64.128  -7.492 0.0000000000
23182  48.410  -63.989  -7.921 0.0000000000
23188  51.990  -64.890  -10.428 0.0000000000
23208  52.207  -64.256  -10.494 0.0000000000
23209  51.792  -63.969  -10.203 0.0000000000
24514  57.324  -64.376  -1.338 0.0000000000
24534  57.676  -64.581  -1.966 0.0000000000
24535  57.234  -64.243  -1.779 0.0000000000
24548  57.779  -64.724  -2.793 0.0000000000
24549  57.704  -64.505  -2.724 0.0000000000
24550  57.362  -63.998  -2.647 0.0000000000
24566  57.486  -64.191  -3.103 0.0000000000
24581  57.986  -63.261  -4.403 0.0000000000
24594  59.045  -61.893  -6.177 0.0000000000
24595  58.590  -62.413  -5.557 0.0000000000
24596  51.437  -62.743  -6.045 0.0000000000
24597  51.114  -62.730  -6.024 0.0000000000
24598  49.291  -63.541  -5.737 0.0000000000
24599  48.708  -63.639  -5.923 0.0000000000
24600  48.495  -63.584  -6.424 0.0000000000
24612  53.084  -63.742  -6.314 0.0000000000
24615  49.937  -63.453  -5.823 0.0000000000
24626  54.932  -63.712  -7.609 0.0000000000
24628  53.331  -63.107  -6.789 0.0000000000
24630  48.253  -63.542  -7.741 0.0000000000
24642  54.717  -63.197  -7.985 0.0000000000
24677  51.920  -63.421  -10.468 0.0000000000
24678  51.180  -63.226  -10.378 0.0000000000
24691  54.113  -63.257  -11.473 0.0000000000
25946  56.292  -63.578  -2.301 0.0000000000
25966  57.577  -63.516  -3.513 0.0000000000
25970  55.247  -62.760  -2.556 0.0000000000
25987  57.622  -62.935  -3.906 0.0000000000
25989  56.423  -62.479  -3.020 0.0000000000
26020  51.391  -62.430  -6.125 0.0000000000
26021  51.233  -62.555  -6.081 0.0000000000
26024  48.569  -63.269  -6.223 0.0000000000
26039  49.761  -62.620  -6.005 0.0000000000
26041  48.330  -62.749  -6.623 0.0000000000
26089  49.292  -62.589  -9.219 0.0000000000
26105  55.227  -63.005  -12.192 0.0000000000
27347  57.077  -62.481  -3.569 0.0000000000
27348  55.641  -62.339  -2.791 0.0000000000
27360  58.238  -62.078  -4.642 0.0000000000
27361  57.613  -62.258  -4.177 0.0000000000
27362  56.945  -61.944  -3.782 0.0000000000
27375  58.753  -61.659  -5.040 0.0000000000
27390  59.293  -61.097  -5.485 0.0000000000
27405  51.126  -61.338  -6.313 0.0000000000
27434  56.208  -61.792  -8.825 0.0000000000
27436  54.503  -61.326  -8.375 0.0000000000
28627  56.683  -61.180  -4.055 0.0000000000
28641  58.153  -61.089  -4.559 0.0000000000
28655  59.444  -60.516  -5.814 0.0000000000
28674  52.638  -60.320  -6.909 0.0000000000
29970  58.650  -60.579  -4.891 0.0000000000
29993  51.414  -59.777  -6.543 0.0000000000
30002  53.286  -59.427  -7.725 0.0000000000
30003  52.777  -59.472  -7.366 0.0000000000
30004  51.791  -59.474  -6.852 0.0000000000
31389  57.047  -58.669  -5.479 0.0000000000
31390  56.431  -58.526  -5.362 0.0000000000
171819  54.609  -65.279  -14.125 0.0000000000
