#!ascii label  , from subject 4103 vox2ras=TkReg
680
98631  25.154  -13.536  -21.078 0.1428571492
97315  24.430  -14.362  -20.708 0.1428571492
99978  24.745  -12.439  -21.771 0.1428571492
99959  26.090  -12.957  -20.945 0.1428571492
99977  25.528  -12.402  -21.144 0.2857142985
98643  24.187  -13.495  -21.606 0.1428571492
99976  26.646  -12.246  -21.090 0.1428571492
101431  25.385  -11.034  -22.288 0.5714285970
101429  26.899  -11.217  -22.007 0.1428571492
104084  27.840  -9.462  -22.696 0.2857142985
102765  28.341  -10.225  -22.440 0.2857142985
105417  29.556  -8.643  -22.521 0.1428571492
104083  28.868  -9.452  -22.545 0.2857142985
108103  29.617  -6.363  -23.483 0.2857142985
108104  28.577  -6.623  -23.624 0.1428571492
108092  29.181  -6.992  -23.081 0.2857142985
110951  30.257  -4.104  -24.293 0.2857142985
110936  30.119  -4.856  -24.182 0.2857142985
113816  30.492  -2.422  -24.152 0.2857142985
112375  29.984  -3.303  -24.768 0.2857142985
116630  30.530  -0.486  -24.739 0.2857142985
119281  29.451  1.430  -24.626 0.8571428657
117937  30.127  0.501  -24.782 0.4285714328
115237  30.663  -1.360  -24.393 0.2857142985
121995  29.547  3.541  -23.757 0.7142857313
120658  29.725  2.386  -23.470 0.7142857313
120670  29.509  1.881  -24.092 0.7142857313
117938  29.541  0.947  -25.095 0.7142857313
123293  29.945  4.401  -23.551 0.8571428657
122004  29.060  3.454  -24.275 0.8571428657
120671  29.052  2.434  -24.323 0.7142857313
119282  28.844  1.745  -24.840 0.7142857313
127283  30.770  6.713  -22.753 0.4285714328
124624  30.429  5.307  -23.064 0.7142857313
128528  31.797  8.830  -23.096 0.2857142985
128529  30.812  8.618  -23.396 0.5714285970
125943  29.761  6.347  -23.186 0.8571428657
127290  30.507  7.314  -23.275 0.7142857313
124625  29.366  5.302  -23.460 0.8571428657
129641  32.129  9.661  -23.472 0.1428571492
129640  33.000  9.643  -23.571 0.1428571492
131957  31.970  11.324  -23.831 0.1428571492
130797  32.363  10.381  -23.813 0.1428571492
130798  31.524  10.492  -23.701 0.1428571492
129642  31.167  9.603  -23.662 0.4285714328
127291  29.329  7.410  -23.614 0.8571428657
133184  31.754  12.431  -25.382 0.1428571492
133183  32.182  11.948  -24.836 0.1428571492
133168  31.424  11.867  -23.596 0.1428571492
130799  30.478  10.551  -23.573 0.4285714328
129643  30.161  9.567  -23.543 0.5714285970
128530  29.798  8.498  -23.489 0.7142857313
125945  27.817  6.376  -23.475 0.8571428657
133169  30.780  12.129  -23.621 0.1428571492
133175  30.656  12.636  -24.199 0.1428571492
131959  30.110  11.400  -23.608 0.1428571492
130800  29.620  10.529  -23.415 0.5714285970
128531  28.800  8.455  -23.145 0.8571428657
127292  28.276  7.392  -23.521 0.8571428657
134489  31.251  13.177  -25.589 0.1428571492
133176  30.218  12.955  -24.307 0.2857142985
131960  29.399  11.365  -23.329 0.8571428657
129644  29.298  9.533  -23.271 0.8571428657
129630  28.784  9.552  -22.504 0.8571428657
134467  29.968  13.589  -24.488 0.1428571492
134478  29.832  13.778  -25.576 0.1428571492
133171  28.934  12.379  -23.244 0.4285714328
131942  28.528  11.728  -21.860 0.8571428657
130772  28.830  10.581  -21.849 0.8571428657
129645  27.482  8.553  -22.362 0.8571428657
134456  28.831  12.984  -22.846 0.4285714328
129617  28.650  9.935  -21.983 0.8571428657
130773  28.231  9.956  -21.119 0.8571428657
135597  29.611  14.483  -23.962 0.1428571492
134455  29.300  13.569  -23.277 0.5714285970
134447  28.801  13.519  -22.205 0.8571428657
130764  28.501  11.294  -21.406 0.8571428657
131934  28.147  11.896  -21.211 0.8571428657
130765  28.251  11.071  -20.945 0.8571428657
136626  29.122  15.044  -23.413 0.2857142985
135581  29.115  14.545  -22.858 0.7142857313
134446  29.161  14.004  -22.610 0.5714285970
133138  27.841  12.846  -20.681 0.8571428657
133139  26.796  12.571  -20.322 0.8571428657
130766  27.289  11.001  -20.679 0.8571428657
135571  28.689  14.465  -21.603 0.8571428657
135558  28.267  14.712  -20.749 0.8571428657
134414  27.095  13.597  -20.333 0.7142857313
136622  28.808  15.236  -22.247 0.8571428657
136603  28.172  15.371  -20.935 0.8571428657
134413  28.004  13.863  -20.271 0.8571428657
136604  27.622  15.516  -20.730 0.8571428657
137613  27.671  16.205  -20.929 0.8571428657
135560  26.370  14.341  -20.441 0.7142857313
137637  28.266  17.249  -22.012 0.7142857313
137628  27.888  16.811  -21.413 0.8571428657
137629  27.152  17.151  -21.043 0.8571428657
139484  26.631  18.251  -21.509 0.7142857313
135559  27.361  14.572  -20.465 0.8571428657
137614  26.929  16.462  -20.706 0.8571428657
139529  28.991  18.544  -25.564 0.1428571492
138604  27.808  17.747  -21.857 0.8571428657
139483  27.272  18.270  -21.759 0.7142857313
139494  26.810  18.822  -22.012 0.7142857313
138595  27.236  17.673  -21.359 0.8571428657
140449  28.277  19.604  -25.811 0.1428571492
140405  27.754  19.181  -22.861 0.5714285970
140420  26.980  20.159  -23.420 0.5714285970
141340  26.149  20.416  -22.924 0.5714285970
140436  27.771  19.988  -24.468 0.1428571492
140454  27.709  20.669  -26.795 0.1428571492
142422  25.813  21.046  -23.320 0.5714285970
141391  27.220  21.226  -26.040 0.1428571492
142462  27.257  22.125  -26.947 0.1428571492
141375  27.173  20.555  -24.941 0.1428571492
142453  26.926  22.134  -25.884 0.1428571492
141355  26.232  20.713  -24.052 0.5714285970
141392  26.655  21.774  -25.546 0.1428571492
142454  26.115  22.234  -25.169 0.1428571492
97314  25.488  -14.325  -20.483 0.1428571492
101412  26.344  -11.568  -21.437 0.2857142985
101411  27.308  -11.600  -21.713 0.1428571492
102749  27.957  -11.050  -22.205 0.2857142985
102766  27.212  -10.560  -22.414 0.2857142985
106737  29.317  -7.700  -22.718 0.1428571492
115247  30.238  -1.131  -24.976 0.2857142985
113829  30.125  -2.090  -25.001 0.2857142985
117925  30.541  1.029  -24.215 0.4285714328
117950  29.807  0.056  -25.429 0.5714285970
119294  29.151  1.264  -25.184 0.7142857313
127282  31.177  6.975  -22.434 0.1428571492
124626  28.340  5.197  -23.750 0.8571428657
134476  31.236  13.000  -24.864 0.1428571492
131964  29.697  11.098  -23.407 0.8571428657
128515  28.286  8.714  -22.635 0.8571428657
129631  28.122  8.952  -22.063 0.8571428657
136621  28.935  15.079  -22.870 0.8571428657
137636  28.908  16.626  -22.458 0.8571428657
138603  28.278  17.698  -22.456 0.8571428657
139503  28.100  18.870  -22.998 0.7142857313
140419  27.906  19.530  -23.589 0.2857142985
144463  27.559  23.161  -27.524 0.1428571492
97297  23.918  -14.797  -20.027 0.1428571492
101430  26.232  -10.994  -21.968 0.4285714328
102767  26.129  -10.324  -22.486 0.2857142985
105418  28.550  -8.510  -22.780 0.1428571492
109516  30.426  -5.574  -23.606 0.2857142985
110935  30.823  -4.468  -23.769 0.2857142985
109517  29.187  -5.512  -24.097 0.2857142985
117951  29.233  0.534  -25.580 0.7142857313
131962  32.534  11.219  -24.615 0.1428571492
134477  30.635  13.461  -25.202 0.1428571492
131954  28.796  11.501  -22.688 0.8571428657
127293  27.314  7.273  -23.407 1.0000000000
135606  29.382  14.597  -25.169 0.1428571492
136634  29.351  15.342  -24.312 0.2857142985
137635  29.076  15.579  -22.876 0.5714285970
137641  29.015  16.781  -23.714 0.5714285970
138609  28.550  17.557  -23.233 0.5714285970
139492  28.196  18.241  -22.932 0.7142857313
140418  28.577  19.081  -24.022 0.4285714328
139514  28.809  18.474  -24.508 0.2857142985
140435  28.522  19.474  -24.677 0.1428571492
141374  27.937  20.052  -25.093 0.1428571492
142442  25.086  21.849  -24.822 0.2857142985
140450  27.768  20.303  -26.244 0.1428571492
142441  25.682  21.949  -25.072 0.1428571492
142455  25.157  22.366  -25.538 0.1428571492
141396  27.422  21.376  -27.350 0.1428571492
143456  26.268  22.497  -25.043 0.1428571492
143457  25.330  23.019  -25.969 0.1428571492
143455  27.354  22.293  -25.581 0.1428571492
137649  29.232  16.128  -24.226 0.4285714328
137650  28.882  16.595  -24.778 0.4285714328
138614  28.746  17.569  -24.166 0.4285714328
139502  28.425  18.484  -23.614 0.5714285970
98642  24.923  -13.010  -21.485 0.1428571492
101413  25.446  -11.599  -21.648 0.4285714328
102750  27.355  -11.132  -22.136 0.1428571492
120672  28.456  2.391  -24.991 0.7142857313
125942  30.457  6.293  -22.805 0.8571428657
127289  31.449  7.855  -22.802 0.5714285970
131958  31.053  11.320  -23.517 0.2857142985
131956  32.465  10.802  -24.118 0.1428571492
133170  29.793  12.443  -23.938 0.5714285970
130787  28.921  10.503  -23.003 0.8571428657
133149  28.380  12.694  -21.572 0.8571428657
131935  27.449  11.828  -20.763 0.8571428657
134432  28.498  13.661  -21.050 0.8571428657
137627  28.562  16.002  -21.639 0.8571428657
136616  28.102  15.886  -21.123 0.8571428657
141399  27.982  21.114  -28.225 0.1428571492
141356  25.695  21.433  -24.499 0.4285714328
141376  26.294  21.432  -25.057 0.1428571492
141400  27.394  21.663  -27.966 0.1428571492
108102  30.312  -6.382  -23.296 0.1428571492
137640  29.298  15.938  -23.470 0.5714285970
104085  26.847  -9.707  -22.786 0.4285714328
110952  29.552  -4.379  -24.598 0.5714285970
109539  28.190  -4.810  -25.240 0.5714285970
109528  26.886  -5.924  -25.019 0.5714285970
108117  25.647  -6.898  -25.163 0.2857142985
110966  28.365  -4.058  -25.244 0.5714285970
110968  26.959  -4.685  -25.820 0.5714285970
106760  25.791  -7.441  -24.710 0.4285714328
106773  24.657  -7.058  -25.611 0.2857142985
109542  25.323  -5.907  -26.139 0.4285714328
113830  29.240  -2.137  -25.178 0.4285714328
113842  28.127  -2.827  -26.341 0.5714285970
110980  27.192  -4.070  -25.965 0.5714285970
110982  25.518  -4.398  -26.603 0.4285714328
115249  28.898  -1.297  -25.491 0.5714285970
113832  27.875  -1.802  -25.652 0.5714285970
112410  27.346  -3.314  -26.270 0.4285714328
115250  28.228  -1.316  -25.791 0.7142857313
115262  26.911  -1.368  -26.038 0.4285714328
116647  28.596  -0.412  -25.933 0.4285714328
109551  25.773  -4.914  -26.339 0.4285714328
108141  24.921  -6.219  -26.321 0.2857142985
108130  24.471  -6.751  -26.021 0.2857142985
112411  26.019  -3.460  -26.180 0.4285714328
117952  28.118  0.604  -26.202 0.7142857313
117969  26.097  0.481  -26.754 0.4285714328
119297  26.861  1.791  -26.018 0.7142857313
119298  26.185  1.817  -25.872 0.5714285970
120688  26.436  2.525  -25.886 0.7142857313
120689  25.632  2.399  -25.778 0.2857142985
119295  28.464  1.482  -25.455 0.5714285970
117953  27.543  0.963  -26.295 0.7142857313
122018  27.548  3.289  -25.566 0.7142857313
122020  25.893  3.335  -25.797 0.7142857313
123319  26.544  4.054  -25.704 0.7142857313
122021  24.949  3.608  -25.606 0.7142857313
122034  25.197  3.016  -26.101 0.4285714328
123320  25.609  4.253  -25.376 0.4285714328
120686  27.916  2.379  -25.533 0.5714285970
123303  28.866  3.879  -24.582 0.5714285970
123305  27.300  4.179  -25.045 0.5714285970
123306  26.290  4.719  -25.031 0.7142857313
124628  26.483  5.912  -23.988 0.7142857313
123307  25.402  5.018  -24.755 0.7142857313
123308  24.829  5.275  -24.556 0.5714285970
124643  25.118  5.903  -24.288 0.5714285970
124640  27.699  4.734  -24.198 0.5714285970
124627  27.318  5.604  -23.821 0.7142857313
124641  26.776  5.009  -24.315 0.7142857313
125946  26.926  6.513  -23.640 0.8571428657
123321  24.439  4.523  -24.811 0.4285714328
125947  26.177  6.614  -23.723 0.7142857313
125948  25.553  6.707  -23.758 0.7142857313
127295  25.865  7.080  -23.503 0.7142857313
125967  24.421  6.489  -24.345 0.5714285970
128535  25.252  7.165  -23.395 0.7142857313
127294  26.474  7.161  -23.413 0.8571428657
128534  25.820  7.538  -23.013 0.7142857313
128505  24.390  7.432  -23.316 0.5714285970
129619  23.918  8.499  -22.664 0.2857142985
128533  26.730  7.796  -23.064 0.7142857313
130775  25.334  8.909  -20.859 0.7142857313
128532  27.693  8.194  -22.993 0.7142857313
129647  26.220  7.948  -22.524 0.8571428657
129633  25.230  7.973  -22.272 0.8571428657
130790  26.133  8.192  -21.901 0.8571428657
130776  25.092  10.175  -20.640 0.8571428657
130802  26.912  8.400  -22.032 0.8571428657
130774  27.000  9.709  -20.944 0.8571428657
131937  25.243  11.147  -20.515 0.8571428657
130767  26.064  10.423  -20.662 0.8571428657
131936  26.445  11.536  -20.418 0.8571428657
136605  26.648  15.312  -20.550 0.7142857313
136606  25.780  14.980  -20.473 0.7142857313
136607  24.901  15.090  -20.544 0.7142857313
137615  25.711  15.920  -20.639 0.7142857313
138596  26.448  17.508  -21.014 0.8571428657
138597  25.380  17.517  -20.951 0.7142857313
137616  24.623  15.981  -20.675 0.7142857313
139486  24.780  18.247  -21.299 0.7142857313
139487  23.802  18.311  -21.637 0.7142857313
139485  25.767  18.292  -21.411 0.7142857313
140393  25.190  18.848  -21.762 0.7142857313
140394  24.368  18.946  -21.631 0.4285714328
140409  23.531  19.355  -22.158 0.5714285970
139496  22.935  18.401  -22.462 0.5714285970
140392  25.733  18.735  -21.876 0.5714285970
138599  23.127  17.555  -21.486 0.5714285970
139504  22.637  18.825  -22.886 0.5714285970
138605  22.709  18.012  -22.138 0.4285714328
139488  22.204  18.233  -21.624 0.5714285970
138600  22.664  17.546  -21.171 0.4285714328
139506  21.530  18.709  -23.050 0.5714285970
139497  22.220  18.354  -22.428 0.5714285970
141343  23.219  20.140  -22.644 0.5714285970
139470  22.018  18.273  -21.127 0.4285714328
137619  22.040  16.219  -20.328 0.4285714328
139498  21.553  18.569  -22.336 0.5714285970
140381  20.989  19.454  -20.575 0.4285714328
119280  30.028  1.469  -24.181 0.2857142985
123295  28.504  4.541  -24.115 0.5714285970
140395  20.833  19.600  -21.524 0.2857142985
139490  21.250  18.890  -21.065 0.4285714328
139472  21.415  18.376  -19.980 0.2857142985
108115  27.279  -6.632  -24.393 0.5714285970
106759  26.620  -7.439  -24.424 0.5714285970
112393  28.917  -3.209  -25.045 0.2857142985
110965  28.922  -4.139  -24.909 0.4285714328
108116  26.323  -6.650  -24.823 0.5714285970
112392  29.582  -2.694  -24.977 0.2857142985
106761  24.902  -7.477  -25.150 0.2857142985
113844  26.509  -2.412  -25.928 0.4285714328
109553  24.022  -5.412  -26.842 0.2857142985
117968  27.179  0.464  -26.536 0.5714285970
121993  31.230  3.509  -23.100 0.2857142985
117970  25.058  0.530  -26.885 0.2857142985
129646  26.927  8.203  -22.560 0.8571428657
134415  26.034  13.377  -20.431 0.7142857313
134416  25.017  13.257  -20.723 0.7142857313
138598  24.267  17.237  -21.006 0.7142857313
138583  22.264  17.662  -20.744 0.2857142985
139495  26.152  18.643  -21.868 0.5714285970
140408  24.678  19.531  -22.117 0.5714285970
140407  25.827  19.238  -22.411 0.5714285970
140422  22.516  19.314  -23.079 0.5714285970
140423  21.875  19.429  -23.280 0.2857142985
113845  25.467  -2.485  -26.286 0.4285714328
112376  29.366  -3.771  -24.848 0.2857142985
123294  29.053  4.344  -24.108 0.7142857313
125944  28.799  6.338  -23.415 0.7142857313
130789  27.034  9.067  -21.541 0.7142857313
116646  29.427  -0.468  -25.553 0.5714285970
133140  25.677  12.328  -20.456 0.7142857313
122017  28.154  3.025  -25.265 0.5714285970
109538  28.579  -4.496  -25.072 0.5714285970
109540  27.361  -5.197  -25.457 0.5714285970
109527  28.002  -5.623  -24.621 0.4285714328
108128  25.917  -6.326  -25.331 0.5714285970
109541  26.070  -5.465  -25.721 0.4285714328
108129  25.206  -6.477  -25.659 0.4285714328
112394  28.166  -3.439  -25.961 0.5714285970
112395  27.597  -3.789  -25.970 0.5714285970
110981  26.433  -4.354  -26.197 0.4285714328
105445  26.077  -8.137  -24.356 0.5714285970
109552  25.123  -5.442  -26.629 0.4285714328
113831  28.313  -2.299  -25.575 0.5714285970
113843  27.553  -2.310  -25.945 0.5714285970
112412  25.031  -3.534  -26.595 0.4285714328
116666  27.437  -0.497  -26.307 0.5714285970
116667  26.530  -0.458  -26.510 0.4285714328
117967  27.703  0.105  -26.386 0.5714285970
119310  26.508  1.183  -26.270 0.5714285970
119296  27.633  1.564  -25.984 0.7142857313
120687  27.232  2.494  -25.902 0.7142857313
119311  25.527  1.426  -26.218 0.2857142985
122006  28.024  3.626  -25.101 0.7142857313
123318  27.096  3.761  -25.657 0.7142857313
123304  28.320  4.157  -24.542 0.5714285970
124642  25.982  5.484  -24.447 0.7142857313
124629  25.762  6.162  -24.000 0.7142857313
124653  24.346  5.702  -24.529 0.2857142985
129618  24.293  7.872  -22.902 0.5714285970
173946  23.523  8.115  -24.482 0.2857142985
138580  25.919  16.842  -20.779 0.7142857313
141344  22.770  19.933  -23.045 0.7142857313
139507  21.066  18.958  -22.723 0.5714285970
139471  21.800  18.306  -20.703 0.4285714328
99995  24.350  -12.026  -22.163 0.4285714328
113803  30.845  -2.583  -23.215 0.1428571492
112357  30.585  -3.424  -23.880 0.1428571492
117936  30.745  0.005  -24.456 0.1428571492
117924  31.133  0.500  -23.920 0.1428571492
115219  30.832  -1.750  -23.652 0.1428571492
116629  31.085  -0.498  -24.223 0.1428571492
115236  31.209  -1.115  -23.814 0.1428571492
124623  31.051  4.837  -23.033 0.1428571492
144451  26.083  23.283  -23.700 0.1428571492
133141  24.636  12.094  -21.048 0.4285714328
144452  25.473  23.678  -24.141 0.1428571492
134396  24.491  13.618  -20.822 0.4285714328
135561  25.183  14.145  -20.128 0.5714285970
135563  23.598  14.820  -21.009 0.4285714328
145419  20.918  23.560  -25.785 0.2857142985
142445  22.237  21.339  -24.541 0.2857142985
141358  23.078  20.447  -23.370 0.2857142985
142444  22.995  21.146  -24.463 0.2857142985
135585  22.242  14.078  -22.240 0.1428571492
136608  24.037  15.209  -20.638 0.5714285970
138581  25.080  16.698  -20.767 0.5714285970
142426  21.563  21.686  -23.559 0.2857142985
141342  24.054  20.379  -22.403 0.4285714328
135574  22.712  14.715  -21.894 0.4285714328
137631  23.440  16.313  -20.902 0.5714285970
141380  21.968  21.056  -24.158 0.2857142985
136618  22.900  15.183  -21.220 0.4285714328
136619  22.442  14.972  -20.888 0.2857142985
141346  21.026  20.478  -22.827 0.1428571492
141360  21.678  20.571  -23.488 0.1428571492
141345  21.400  21.047  -23.156 0.1428571492
137618  22.460  16.980  -20.766 0.4285714328
141326  20.561  20.380  -21.909 0.1428571492
142410  20.718  21.177  -22.133 0.1428571492
142409  21.368  21.614  -22.657 0.1428571492
136609  22.238  14.988  -20.123 0.2857142985
141315  20.774  20.339  -20.962 0.2857142985
140373  21.343  19.070  -18.964 0.1428571492
142391  20.799  21.079  -21.304 0.1428571492
142390  21.331  21.780  -21.643 0.1428571492
141314  20.988  20.705  -20.458 0.1428571492
141311  21.355  20.449  -19.996 0.1428571492
142378  20.907  20.944  -20.781 0.1428571492
141310  21.981  20.513  -19.747 0.1428571492
101432  24.491  -11.302  -22.530 0.4285714328
102769  24.117  -10.586  -22.956 0.2857142985
116612  31.836  -0.472  -23.523 0.1428571492
119267  30.626  1.535  -23.643 0.1428571492
140406  27.102  19.540  -22.669 0.4285714328
142443  24.056  21.614  -24.592 0.2857142985
143436  21.540  22.705  -23.192 0.2857142985
142458  22.451  21.785  -25.122 0.2857142985
143421  21.691  22.672  -22.160 0.2857142985
102770  23.319  -10.589  -22.760 0.2857142985
106736  30.236  -7.749  -22.645 0.1428571492
109515  31.078  -5.074  -23.452 0.1428571492
123292  30.754  4.322  -23.164 0.1428571492
120657  30.837  2.500  -23.141 0.1428571492
142406  25.408  21.015  -22.895 0.4285714328
144453  21.632  23.683  -24.589 0.2857142985
143471  22.017  23.048  -25.963 0.2857142985
142457  23.267  21.923  -25.392 0.2857142985
144468  22.370  23.487  -26.401 0.2857142985
145422  23.024  24.376  -26.970 0.1428571492
146372  23.257  24.948  -25.324 0.1428571492
143467  24.825  23.545  -26.370 0.1428571492
144465  24.326  23.971  -26.532 0.1428571492
144458  24.859  24.203  -25.826 0.1428571492
143458  24.447  22.674  -26.481 0.1428571492
143468  24.401  23.389  -26.702 0.1428571492
124615  31.451  5.342  -22.718 0.2857142985
142423  25.084  21.221  -23.822 0.4285714328
146364  22.050  24.847  -24.809 0.2857142985
142456  24.234  22.176  -25.575 0.2857142985
143459  23.422  22.472  -26.432 0.1428571492
102768  25.182  -10.302  -23.031 0.4285714328
101414  24.886  -11.697  -22.095 0.4285714328
121994  30.323  3.465  -23.308 0.4285714328
141341  25.120  20.271  -22.584 0.4285714328
142407  24.565  20.959  -22.895 0.2857142985
135562  24.078  14.201  -20.847 0.4285714328
137617  23.902  15.867  -20.667 0.5714285970
142424  23.799  20.966  -23.602 0.2857142985
139499  21.167  19.030  -22.013 0.4285714328
141361  21.218  20.160  -23.193 0.2857142985
137630  24.148  16.416  -20.755 0.5714285970
137632  22.680  16.353  -20.945 0.5714285970
141359  22.385  20.140  -23.487 0.2857142985
141379  22.310  20.793  -24.047 0.2857142985
115218  31.551  -1.387  -23.185 0.1428571492
119266  31.562  1.503  -23.016 0.1428571492
135572  23.640  13.746  -22.092 0.2857142985
143449  21.522  22.720  -24.374 0.2857142985
142459  22.046  21.764  -24.852 0.2857142985
141378  22.765  20.631  -23.889 0.2857142985
142425  23.171  20.720  -23.899 0.2857142985
135573  23.221  14.616  -21.824 0.2857142985
136617  23.414  15.316  -20.941 0.4285714328
136623  22.526  14.660  -21.712 0.2857142985
137633  22.386  15.868  -20.729 0.4285714328
101433  23.643  -11.241  -22.513 0.2857142985
119246  32.085  1.970  -22.356 0.1428571492
133142  24.021  12.420  -21.649 0.2857142985
143470  22.577  22.965  -27.006 0.2857142985
143478  22.851  23.581  -27.693 0.2857142985
145415  23.980  24.568  -25.624 0.1428571492
127310  23.696  7.613  -24.393 0.2857142985
144411  22.892  23.530  -21.404 0.1428571492
145396  21.918  24.509  -23.429 0.1428571492
144410  23.568  23.807  -21.155 0.1428571492
143387  23.021  22.053  -20.165 0.1428571492
144399  23.516  23.429  -20.727 0.1428571492
144429  22.394  24.085  -22.104 0.1428571492
143391  22.824  22.503  -20.574 0.1428571492
143404  22.716  22.876  -21.037 0.1428571492
143390  23.518  23.011  -20.388 0.1428571492
145369  24.154  24.134  -20.399 0.1428571492
143405  22.088  22.610  -21.154 0.1428571492
144400  23.040  22.984  -21.002 0.1428571492
144395  24.610  23.607  -19.799 0.1428571492
144396  24.001  23.578  -20.212 0.1428571492
127300  24.274  7.036  -24.098 0.2857142985
143386  23.729  22.597  -20.026 0.1428571492
145372  24.095  24.196  -20.924 0.1428571492
116645  30.059  -0.461  -25.244 0.2857142985
144430  21.870  23.775  -22.714 0.1428571492
145404  22.034  25.240  -23.662 0.1428571492
145382  22.891  24.516  -21.964 0.1428571492
145394  23.372  24.993  -22.498 0.1428571492
143385  24.772  22.555  -19.595 0.1428571492
115248  29.710  -1.267  -25.304 0.4285714328
105444  26.831  -8.158  -24.253 0.4285714328
106747  27.922  -7.529  -23.566 0.2857142985
106738  28.549  -7.537  -23.053 0.1428571492
108105  27.876  -6.976  -24.016 0.1428571492
108114  28.031  -6.366  -24.128 0.2857142985
104100  26.606  -9.213  -23.357 0.2857142985
109526  28.791  -4.863  -24.834 0.2857142985
105431  26.367  -8.736  -23.945 0.4285714328
109518  28.431  -5.999  -24.071 0.1428571492
105429  27.936  -8.080  -23.062 0.1428571492
106748  27.354  -7.567  -24.108 0.2857142985
105430  27.302  -8.426  -23.598 0.2857142985
102783  25.027  -9.736  -23.520 0.2857142985
104101  25.665  -9.419  -23.588 0.2857142985
104102  24.814  -9.267  -23.935 0.2857142985
105432  25.512  -8.750  -24.132 0.2857142985
115263  25.945  -1.405  -26.232 0.2857142985
116668  25.542  -0.471  -26.762 0.2857142985
120702  24.788  2.301  -25.870 0.1428571492
122035  24.479  3.161  -26.188 0.1428571492
128557  23.337  7.890  -24.944 0.1428571492
173935  23.492  8.488  -24.209 0.1428571492
129620  24.007  10.457  -21.177 0.1428571492
173944  23.348  9.301  -23.837 0.1428571492
129609  23.286  10.362  -23.039 0.1428571492
135583  23.165  13.228  -22.617 0.1428571492
135584  22.812  13.696  -22.669 0.1428571492
138584  21.784  17.446  -20.122 0.1428571492
137620  21.835  15.818  -19.767 0.1428571492
138585  21.599  17.582  -19.692 0.1428571492
133151  23.461  11.564  -22.066 0.1428571492
99996  23.744  -11.910  -22.262 0.2857142985
115264  24.992  -1.486  -26.590 0.2857142985
122036  23.529  3.397  -25.978 0.1428571492
124654  23.522  5.501  -24.746 0.1428571492
125969  23.273  6.369  -25.110 0.1428571492
125968  23.841  6.534  -24.722 0.1428571492
127326  22.656  7.933  -25.573 0.1428571492
173956  23.315  8.205  -24.710 0.1428571492
173948  23.980  11.719  -21.496 0.1428571492
137605  21.776  16.753  -19.882 0.1428571492
104086  26.064  -9.753  -23.002 0.2857142985
122022  24.091  3.774  -25.620 0.1428571492
134417  24.371  13.306  -21.403 0.1428571492
102784  24.432  -9.898  -23.476 0.2857142985
116669  24.525  -0.506  -26.814 0.1428571492
127327  21.943  8.335  -25.485 0.1428571492
99980  22.866  -12.336  -21.812 0.1428571492
99997  23.284  -11.690  -22.201 0.1428571492
101415  22.361  -11.604  -21.423 0.1428571492
101434  22.923  -11.198  -22.119 0.1428571492
104117  24.388  -8.960  -24.394 0.1428571492
125936  31.015  6.218  -22.464 0.1428571492
125935  31.802  6.254  -22.109 0.1428571492
136645  28.736  15.717  -25.508 0.1428571492
98644  23.081  -13.438  -21.742 0.1428571492
102786  23.061  -10.143  -23.028 0.1428571492
104103  23.844  -9.340  -24.024 0.1428571492
105446  25.223  -8.122  -24.520 0.1428571492
102785  23.598  -10.033  -23.272 0.1428571492
106762  24.355  -7.943  -25.270 0.1428571492
136635  29.141  15.839  -24.817 0.1428571492
106774  24.132  -7.503  -25.597 0.1428571492
136644  29.190  15.342  -25.107 0.1428571492
99979  23.831  -12.684  -22.048 0.1428571492
127281  31.988  7.234  -21.831 0.1428571492
110983  24.616  -4.505  -26.962 0.1428571492
105447  24.432  -8.438  -24.879 0.1428571492
97296  24.783  -14.882  -19.925 0.1428571492
104118  24.043  -8.932  -24.616 0.1428571492
105433  24.855  -8.707  -24.362 0.1428571492
109529  26.293  -6.078  -25.201 0.5714285970
110967  27.668  -4.281  -25.628 0.5714285970
112409  27.964  -3.166  -26.492 0.5714285970
112427  27.974  -3.007  -26.732 0.5714285970
112428  27.751  -3.126  -26.510 0.4285714328
113857  28.135  -3.011  -26.560 0.5714285970
113858  27.857  -2.857  -26.536 0.4285714328
115261  27.662  -1.338  -25.987 0.7142857313
116648  28.016  -0.762  -26.151 0.7142857313
116665  27.993  -0.182  -26.247 0.5714285970
119309  27.156  1.188  -26.235 0.5714285970
120659  29.222  2.976  -23.838 0.7142857313
122005  28.598  3.314  -24.774 0.5714285970
122019  26.824  3.290  -25.908 0.7142857313
124616  30.763  5.735  -22.636 0.1428571492
124630  25.333  6.400  -23.990 0.7142857313
124639  28.230  4.622  -24.121 0.5714285970
125934  32.848  6.487  -22.136 0.1428571492
125955  24.909  6.750  -23.917 0.5714285970
127309  24.054  6.922  -24.407 0.2857142985
127325  23.303  7.629  -25.332 0.1428571492
128516  27.895  8.619  -22.527 0.8571428657
128517  24.519  7.656  -22.947 0.5714285970
128518  24.972  7.521  -22.908 0.5714285970
128558  23.069  8.120  -25.142 0.1428571492
129616  28.857  9.984  -22.096 0.8571428657
129632  24.544  7.887  -22.685 0.5714285970
130788  27.649  8.970  -21.519 0.7142857313
130801  27.406  8.734  -21.869 0.8571428657
130803  26.528  8.167  -22.279 0.8571428657
130807  29.919  10.890  -23.442 0.5714285970
130808  29.672  10.845  -23.399 0.8571428657
131943  23.791  12.011  -21.789 0.1428571492
131963  32.167  11.743  -24.159 0.1428571492
131965  29.495  10.970  -23.327 0.8571428657
133150  23.662  12.272  -22.019 0.2857142985
133163  28.636  12.470  -22.447 0.8571428657
133173  32.182  11.856  -24.406 0.1428571492
133174  31.632  12.311  -24.224 0.1428571492
134397  24.310  13.760  -20.920 0.4285714328
134465  31.042  12.799  -24.452 0.1428571492
134466  30.625  13.103  -24.599 0.2857142985
135542  24.514  13.764  -20.466 0.4285714328
135543  24.274  13.823  -20.682 0.4285714328
135582  28.914  14.355  -22.300 0.7142857313
135589  29.337  14.424  -23.346 0.2857142985
135607  28.977  15.108  -25.526 0.1428571492
136615  28.474  15.286  -21.354 0.8571428657
138582  24.536  16.593  -20.773 0.5714285970
138606  22.613  17.953  -21.845 0.4285714328
139464  21.596  18.397  -18.461 0.1428571492
139489  21.629  18.558  -21.511 0.5714285970
139493  27.698  18.585  -22.394 0.7142857313
139505  22.255  18.740  -22.988 0.5714285970
140410  22.972  19.538  -22.748 0.7142857313
140411  20.784  19.603  -22.448 0.2857142985
140421  22.944  19.024  -22.770 0.5714285970
140424  21.175  19.606  -23.120 0.5714285970
141312  20.980  20.095  -20.303 0.1428571492
141354  27.224  20.206  -24.089 0.1428571492
141357  23.591  20.610  -22.929 0.5714285970
141377  25.700  21.695  -24.845 0.1428571492
141390  27.669  20.360  -25.629 0.1428571492
141395  27.977  20.589  -27.436 0.1428571492
142374  21.807  20.947  -20.170 0.1428571492
142408  23.970  20.825  -22.878 0.2857142985
142446  21.759  21.600  -24.385 0.2857142985
142466  27.073  22.229  -27.912 0.1428571492
143450  21.514  23.158  -24.845 0.2857142985
143460  22.580  22.446  -25.892 0.2857142985
143461  21.835  22.438  -25.214 0.2857142985
143462  21.380  23.066  -25.308 0.2857142985
143463  20.859  23.227  -25.490 0.2857142985
143469  23.476  23.347  -27.269 0.2857142985
143472  21.054  23.037  -25.756 0.2857142985
143473  20.686  23.144  -25.649 0.2857142985
143476  27.124  22.955  -27.577 0.1428571492
143477  23.079  23.769  -27.984 0.2857142985
144412  22.077  23.422  -21.809 0.1428571492
144444  21.622  23.706  -23.743 0.2857142985
144454  21.388  23.341  -24.791 0.2857142985
144457  25.437  23.693  -25.218 0.1428571492
144459  21.659  23.863  -24.994 0.2857142985
144460  21.275  23.389  -25.490 0.2857142985
144461  20.570  23.425  -25.707 0.2857142985
144464  25.017  23.725  -26.049 0.1428571492
144466  23.779  23.793  -27.112 0.1428571492
144467  22.579  23.655  -27.366 0.2857142985
144469  21.239  23.343  -26.056 0.2857142985
144470  20.345  23.221  -26.069 0.2857142985
144473  27.365  23.612  -27.950 0.1428571492
144474  23.610  24.046  -27.169 0.1428571492
144475  23.319  24.047  -27.801 0.2857142985
144476  22.670  24.070  -28.072 0.2857142985
145395  22.475  24.912  -22.877 0.1428571492
145405  21.758  24.647  -24.226 0.2857142985
145412  21.884  24.263  -24.903 0.2857142985
145414  24.791  24.430  -25.192 0.1428571492
145416  23.249  24.328  -26.007 0.1428571492
145417  22.940  24.151  -26.239 0.1428571492
145418  21.895  23.805  -25.285 0.2857142985
145420  20.161  23.707  -25.839 0.2857142985
145421  23.539  24.184  -26.680 0.1428571492
145423  22.614  24.012  -26.953 0.2857142985
145424  21.968  23.400  -26.162 0.2857142985
145425  20.617  23.596  -26.147 0.2857142985
145426  20.100  23.569  -26.181 0.2857142985
145427  23.251  24.262  -27.397 0.1428571492
145428  22.878  24.397  -27.718 0.1428571492
145429  22.581  24.264  -27.766 0.2857142985
146356  22.464  25.784  -23.621 0.1428571492
146368  23.496  25.420  -24.760 0.1428571492
146377  22.293  23.650  -25.626 0.2857142985
