#!ascii label  , from subject 3461 vox2ras=TkReg
1423
71576  -47.056  -37.346  57.764 0.0000000000
82574  -63.692  -27.887  54.102 0.0000000000
77958  -53.699  -32.273  55.149 0.0000000000
49941  -16.555  -54.937  76.220 0.0000000000
64490  -47.927  -41.992  61.304 0.0000000000
50025  -34.941  -54.306  73.075 0.0000000000
52401  -44.050  -52.948  71.743 0.0000000000
56171  -49.975  -50.150  65.884 0.0000000000
59782  -52.739  -46.381  64.119 0.0000000000
48892  -27.212  -56.160  69.316 0.0000000000
47552  -30.451  -57.075  74.599 0.0000000000
52453  -32.066  -53.317  68.009 0.0000000000
53664  -39.943  -52.010  67.654 0.0000000000
52507  -45.042  -52.492  66.638 0.0000000000
70319  -49.265  -38.548  63.636 0.0000000000
72836  -51.004  -35.997  60.767 0.0000000000
79103  -58.858  -30.798  54.278 0.0000000000
74147  -49.244  -34.074  56.131 0.0000000000
82639  -62.388  -26.818  49.683 0.0000000000
46280  -12.598  -57.595  77.431 0.0000000000
65684  -50.558  -41.853  64.804 0.0000000000
69189  -46.006  -39.564  59.786 0.0000000000
57248  -35.160  -48.577  68.254 0.0000000000
54797  -38.787  -51.788  72.225 0.0000000000
75365  -53.923  -33.367  59.652 0.0000000000
90856  -70.421  -21.271  44.913 0.0000000000
54977  -48.071  -50.075  63.632 0.0000000000
57354  -49.368  -48.986  62.818 0.0000000000
48894  -29.855  -55.515  69.398 0.0000000000
53730  -43.011  -51.578  64.708 0.0000000000
54953  -45.267  -51.040  64.335 0.0000000000
53687  -47.610  -51.924  66.347 0.0000000000
70345  -48.345  -38.665  60.251 0.0000000000
70331  -50.831  -38.015  62.268 0.0000000000
71564  -48.850  -36.963  59.107 0.0000000000
80208  -61.255  -29.165  53.712 0.0000000000
79075  -62.088  -30.478  56.466 0.0000000000
83689  -66.029  -26.426  53.061 0.0000000000
50015  -14.730  -54.707  73.279 0.0000000000
48754  -14.313  -56.137  77.169 0.0000000000
62084  -51.014  -44.408  63.033 0.0000000000
62055  -51.940  -44.218  64.508 0.0000000000
65696  -49.132  -41.418  62.978 0.0000000000
66900  -47.957  -40.242  63.164 0.0000000000
66926  -46.225  -40.230  60.831 0.0000000000
47554  -32.885  -56.728  74.871 0.0000000000
47487  -31.941  -57.799  77.961 0.0000000000
48762  -33.999  -56.956  76.128 0.0000000000
49954  -36.074  -55.338  75.190 0.0000000000
59739  -33.581  -46.998  65.920 0.0000000000
58462  -35.617  -47.706  65.655 0.0000000000
52440  -41.542  -53.124  69.427 0.0000000000
54855  -39.073  -51.316  70.297 0.0000000000
53574  -41.469  -52.146  71.993 0.0000000000
52327  -40.201  -52.650  74.138 0.0000000000
47589  -21.315  -56.526  72.389 0.0000000000
46317  -22.628  -57.909  75.806 0.0000000000
45060  -22.937  -58.323  78.969 0.0000000000
76765  -51.489  -32.802  55.626 0.0000000000
75391  -51.558  -33.503  57.411 0.0000000000
76719  -53.818  -32.911  57.457 0.0000000000
88584  -69.296  -22.331  42.379 0.0000000000
49886  -15.832  -55.104  80.066 0.0000000000
56132  -51.450  -49.496  67.734 0.0000000000
57281  -53.656  -48.523  67.228 0.0000000000
57340  -50.950  -48.868  64.439 0.0000000000
59813  -50.397  -46.511  62.305 0.0000000000
46370  -26.156  -57.416  72.655 0.0000000000
46305  -27.686  -57.880  75.754 0.0000000000
46373  -28.927  -57.185  72.741 0.0000000000
48863  -31.652  -56.164  71.707 0.0000000000
50049  -33.620  -54.608  70.978 0.0000000000
56149  -38.028  -49.681  65.654 0.0000000000
54931  -40.056  -51.079  65.080 0.0000000000
52504  -42.155  -52.628  66.572 0.0000000000
51237  -44.300  -53.663  68.839 0.0000000000
52486  -46.958  -52.683  67.756 0.0000000000
53652  -49.851  -51.068  68.127 0.0000000000
47641  -24.711  -56.018  69.459 0.0000000000
68007  -51.734  -39.718  67.074 0.0000000000
69081  -55.289  -38.813  68.133 0.0000000000
70303  -51.353  -38.452  65.563 0.0000000000
70323  -52.536  -37.425  63.074 0.0000000000
77976  -56.344  -31.642  54.529 0.0000000000
76742  -57.034  -32.634  56.709 0.0000000000
77940  -60.147  -32.246  56.596 0.0000000000
41223  -7.924  -61.303  79.191 0.0000000000
72904  -48.351  -35.529  57.055 0.0000000000
76786  -49.026  -32.957  53.963 0.0000000000
78007  -53.504  -31.079  52.734 0.0000000000
79130  -55.498  -30.260  52.429 0.0000000000
80244  -58.543  -29.008  52.017 0.0000000000
81436  -61.279  -28.223  52.006 0.0000000000
82600  -63.469  -27.601  51.588 0.0000000000
82637  -60.578  -27.149  49.770 0.0000000000
48707  -13.851  -56.042  80.676 0.0000000000
46236  -10.460  -57.610  81.507 0.0000000000
44997  -8.641  -59.105  81.525 0.0000000000
63205  -55.426  -43.954  67.935 0.0000000000
59747  -54.598  -46.382  66.463 0.0000000000
62030  -53.885  -44.291  66.609 0.0000000000
65664  -52.415  -41.883  66.891 0.0000000000
66874  -50.024  -40.154  65.547 0.0000000000
69178  -47.511  -38.846  61.496 0.0000000000
70369  -46.168  -38.258  58.134 0.0000000000
46255  -29.987  -57.941  78.893 0.0000000000
54852  -34.196  -50.987  68.339 0.0000000000
54810  -35.752  -51.378  70.167 0.0000000000
56098  -37.878  -49.666  68.229 0.0000000000
56028  -36.876  -50.524  70.501 0.0000000000
53550  -36.758  -52.852  72.981 0.0000000000
51131  -37.956  -54.167  74.177 0.0000000000
50017  -16.655  -54.392  73.442 0.0000000000
50038  -19.003  -55.262  72.950 0.0000000000
48792  -18.796  -55.294  75.484 0.0000000000
72886  -50.013  -35.094  58.316 0.0000000000
74110  -52.532  -34.248  60.496 0.0000000000
75298  -54.286  -34.180  62.545 0.0000000000
76681  -57.016  -32.957  59.645 0.0000000000
83736  -65.292  -26.346  50.528 0.0000000000
86061  -66.995  -24.858  49.849 0.0000000000
87378  -69.297  -23.683  48.447 0.0000000000
88550  -68.349  -22.449  46.087 0.0000000000
86103  -70.084  -24.038  45.824 0.0000000000
54993  -47.352  -49.926  62.837 0.0000000000
56220  -48.165  -49.358  62.342 0.0000000000
56219  -46.927  -49.672  62.042 0.0000000000
54974  -44.401  -50.838  63.723 0.0000000000
54975  -45.656  -50.623  63.527 0.0000000000
54954  -46.251  -50.928  64.355 0.0000000000
70371  -47.902  -37.824  58.796 0.0000000000
70358  -48.726  -37.811  59.609 0.0000000000
71577  -47.967  -37.016  58.240 0.0000000000
81393  -62.576  -28.562  54.248 0.0000000000
81382  -62.719  -28.801  55.096 0.0000000000
81395  -63.730  -27.987  55.272 0.0000000000
82561  -65.311  -27.074  54.491 0.0000000000
82576  -65.336  -26.950  53.410 0.0000000000
49961  -15.759  -55.026  75.331 0.0000000000
48790  -14.797  -55.463  75.458 0.0000000000
49940  -15.836  -55.183  76.459 0.0000000000
63294  -49.569  -43.233  61.976 0.0000000000
64474  -49.844  -42.447  62.753 0.0000000000
64473  -49.168  -42.036  62.347 0.0000000000
65714  -47.938  -41.204  61.889 0.0000000000
65731  -46.708  -41.002  60.933 0.0000000000
45079  -24.827  -58.417  77.703 0.0000000000
48817  -34.144  -55.701  74.314 0.0000000000
47537  -33.323  -56.700  75.619 0.0000000000
48796  -34.590  -55.932  74.972 0.0000000000
48781  -35.006  -56.061  75.307 0.0000000000
49973  -35.165  -54.890  74.645 0.0000000000
52424  -42.423  -53.381  70.358 0.0000000000
52423  -41.208  -52.759  70.482 0.0000000000
52375  -42.580  -52.501  72.439 0.0000000000
52348  -42.127  -52.175  73.079 0.0000000000
46334  -24.759  -58.102  74.444 0.0000000000
45112  -24.183  -58.410  76.109 0.0000000000
45078  -23.979  -58.395  77.932 0.0000000000
64394  -57.465  -42.513  67.919 0.0000000000
76791  -52.636  -32.442  55.253 0.0000000000
76737  -52.586  -32.801  56.608 0.0000000000
76768  -54.056  -32.471  55.886 0.0000000000
56154  -50.613  -49.908  66.919 0.0000000000
56173  -51.487  -49.068  66.136 0.0000000000
56189  -50.711  -49.260  64.971 0.0000000000
58549  -50.329  -47.955  62.719 0.0000000000
59812  -49.587  -46.443  61.811 0.0000000000
60946  -49.391  -45.253  61.638 0.0000000000
47626  -26.603  -56.796  70.748 0.0000000000
46353  -27.575  -57.570  73.358 0.0000000000
47612  -27.839  -56.969  71.441 0.0000000000
50092  -31.085  -54.447  68.576 0.0000000000
48877  -30.585  -56.010  70.691 0.0000000000
48896  -31.692  -55.121  69.679 0.0000000000
48879  -32.636  -55.082  70.555 0.0000000000
51214  -32.807  -53.831  69.154 0.0000000000
54949  -39.169  -50.400  64.271 0.0000000000
53708  -43.429  -51.913  65.469 0.0000000000
52526  -42.247  -52.320  65.899 0.0000000000
52505  -43.180  -52.678  66.713 0.0000000000
51257  -43.178  -53.483  68.020 0.0000000000
52484  -44.541  -53.079  67.484 0.0000000000
51260  -45.355  -53.373  68.555 0.0000000000
52508  -46.242  -52.484  66.903 0.0000000000
54912  -48.923  -51.121  66.146 0.0000000000
53667  -48.724  -51.808  67.257 0.0000000000
54913  -49.619  -50.807  66.592 0.0000000000
54899  -50.381  -50.358  67.623 0.0000000000
47642  -25.398  -56.275  69.701 0.0000000000
68032  -50.420  -39.046  65.635 0.0000000000
69107  -51.637  -38.654  66.427 0.0000000000
70311  -50.491  -38.511  64.690 0.0000000000
71538  -51.128  -37.148  61.619 0.0000000000
70322  -51.776  -37.983  63.070 0.0000000000
71539  -51.668  -36.471  61.939 0.0000000000
71531  -52.679  -36.407  62.922 0.0000000000
72822  -52.010  -35.725  61.972 0.0000000000
79101  -57.126  -31.120  53.992 0.0000000000
77962  -58.102  -31.925  55.551 0.0000000000
77963  -59.246  -31.625  55.536 0.0000000000
79060  -63.441  -30.558  57.716 0.0000000000
79129  -54.677  -30.527  52.467 0.0000000000
80240  -54.066  -29.775  51.180 0.0000000000
80243  -57.559  -29.260  51.766 0.0000000000
81432  -58.027  -28.667  51.233 0.0000000000
80245  -59.259  -28.700  52.049 0.0000000000
81453  -59.341  -28.143  50.998 0.0000000000
82597  -60.530  -28.065  51.181 0.0000000000
47531  -12.836  -57.044  75.863 0.0000000000
46260  -11.680  -58.182  77.839 0.0000000000
48700  -15.613  -55.435  82.393 0.0000000000
48708  -14.596  -55.648  81.021 0.0000000000
48699  -14.631  -55.529  82.103 0.0000000000
47449  -11.258  -57.315  83.395 0.0000000000
44988  -10.237  -58.449  82.937 0.0000000000
46235  -9.524  -58.026  81.378 0.0000000000
43752  -10.231  -59.369  82.579 0.0000000000
42510  -9.385  -60.457  81.205 0.0000000000
58496  -53.150  -47.748  64.759 0.0000000000
58469  -54.295  -47.360  66.165 0.0000000000
59767  -53.393  -46.268  64.769 0.0000000000
63241  -51.763  -43.624  64.815 0.0000000000
62043  -52.736  -44.241  65.497 0.0000000000
63221  -52.065  -43.306  65.645 0.0000000000
63202  -53.289  -43.080  66.878 0.0000000000
65674  -51.371  -42.028  65.825 0.0000000000
65662  -51.065  -41.094  66.087 0.0000000000
65672  -50.206  -41.105  65.114 0.0000000000
68074  -46.709  -39.617  61.495 0.0000000000
68056  -47.646  -39.276  62.763 0.0000000000
69177  -46.759  -38.984  61.232 0.0000000000
69206  -47.037  -39.042  59.932 0.0000000000
70355  -45.733  -38.919  58.636 0.0000000000
46322  -29.203  -57.497  75.439 0.0000000000
46286  -28.705  -57.644  77.012 0.0000000000
46287  -29.617  -57.516  77.330 0.0000000000
58414  -34.563  -48.238  67.688 0.0000000000
57267  -33.418  -48.883  67.370 0.0000000000
56096  -34.401  -49.710  68.184 0.0000000000
53633  -34.839  -51.359  69.388 0.0000000000
56044  -35.595  -50.227  69.476 0.0000000000
54910  -38.606  -50.357  66.152 0.0000000000
56125  -37.975  -49.733  66.853 0.0000000000
54896  -38.562  -50.448  67.403 0.0000000000
54834  -39.008  -51.463  71.084 0.0000000000
56048  -37.991  -50.676  70.497 0.0000000000
54813  -37.719  -51.587  71.114 0.0000000000
54794  -36.926  -51.992  71.121 0.0000000000
54779  -37.816  -52.355  72.554 0.0000000000
53534  -37.131  -52.772  73.715 0.0000000000
53536  -38.417  -52.552  73.638 0.0000000000
52430  -48.305  -52.550  70.398 0.0000000000
48838  -20.141  -56.179  72.995 0.0000000000
48794  -20.175  -56.067  74.800 0.0000000000
49993  -18.622  -55.174  74.513 0.0000000000
45023  -22.153  -58.688  80.678 0.0000000000
74137  -48.815  -34.729  56.604 0.0000000000
72905  -49.098  -34.982  57.283 0.0000000000
74138  -49.482  -34.446  56.898 0.0000000000
75380  -53.379  -33.328  59.040 0.0000000000
75363  -52.237  -33.832  59.080 0.0000000000
75344  -53.296  -33.788  60.580 0.0000000000
74098  -53.040  -34.485  61.583 0.0000000000
75345  -54.070  -33.605  60.737 0.0000000000
76724  -58.347  -32.840  57.822 0.0000000000
76722  -56.419  -32.851  57.699 0.0000000000
76682  -58.026  -32.889  59.612 0.0000000000
82618  -62.576  -27.419  50.503 0.0000000000
82601  -64.413  -27.178  51.361 0.0000000000
83734  -63.984  -26.776  50.126 0.0000000000
84885  -66.317  -25.392  49.205 0.0000000000
86070  -66.949  -24.767  48.882 0.0000000000
87376  -68.033  -23.831  49.105 0.0000000000
87383  -67.987  -23.652  48.064 0.0000000000
90854  -69.789  -20.632  45.094 0.0000000000
88557  -67.974  -21.881  45.233 0.0000000000
89678  -69.773  -21.582  46.142 0.0000000000
88545  -70.171  -22.699  46.753 0.0000000000
88559  -70.357  -22.486  45.488 0.0000000000
87405  -69.728  -23.479  43.802 0.0000000000
86124  -69.596  -24.130  40.841 0.0000000000
54956  -48.828  -50.358  64.625 0.0000000000
56188  -49.955  -49.673  64.575 0.0000000000
56205  -49.107  -49.533  63.373 0.0000000000
57366  -48.357  -48.792  61.836 0.0000000000
48893  -28.406  -56.174  69.774 0.0000000000
53748  -43.460  -51.182  64.079 0.0000000000
53731  -44.043  -51.410  64.744 0.0000000000
53710  -45.391  -51.724  65.584 0.0000000000
53685  -45.794  -52.078  66.149 0.0000000000
53734  -46.572  -51.284  65.018 0.0000000000
54955  -47.473  -50.905  64.681 0.0000000000
69180  -48.960  -38.608  61.631 0.0000000000
70330  -49.777  -38.464  62.780 0.0000000000
70337  -49.827  -38.300  61.592 0.0000000000
71545  -49.936  -37.592  60.696 0.0000000000
71554  -49.963  -36.774  60.237 0.0000000000
79118  -59.877  -30.344  54.162 0.0000000000
79091  -60.548  -30.821  55.293 0.0000000000
80189  -61.545  -30.056  55.272 0.0000000000
80176  -63.013  -29.294  56.561 0.0000000000
84837  -67.160  -25.688  52.122 0.0000000000
48789  -13.891  -55.985  75.559 0.0000000000
47500  -13.910  -56.542  77.408 0.0000000000
60933  -51.781  -45.467  63.417 0.0000000000
60915  -52.282  -45.283  64.104 0.0000000000
62068  -51.294  -44.134  63.528 0.0000000000
64475  -50.451  -42.815  63.390 0.0000000000
65697  -49.750  -41.671  63.466 0.0000000000
65682  -49.315  -40.994  63.870 0.0000000000
65695  -48.314  -40.937  62.764 0.0000000000
66913  -47.262  -40.268  62.073 0.0000000000
68073  -46.182  -39.703  60.830 0.0000000000
47553  -31.786  -56.865  74.831 0.0000000000
47521  -31.197  -57.354  77.063 0.0000000000
47536  -32.383  -56.789  75.793 0.0000000000
47489  -33.020  -57.649  77.191 0.0000000000
47510  -35.502  -57.102  75.518 0.0000000000
58461  -34.811  -47.331  65.973 0.0000000000
58416  -35.707  -48.079  67.477 0.0000000000
53665  -40.426  -52.533  68.083 0.0000000000
54877  -39.121  -51.306  69.249 0.0000000000
53635  -40.274  -52.342  69.665 0.0000000000
53614  -39.578  -51.712  70.878 0.0000000000
54816  -39.749  -51.586  72.332 0.0000000000
53554  -39.519  -51.841  73.386 0.0000000000
53539  -40.995  -51.843  73.725 0.0000000000
47622  -22.428  -56.103  70.730 0.0000000000
47590  -22.709  -57.015  72.776 0.0000000000
46301  -21.837  -57.518  76.409 0.0000000000
46282  -21.797  -57.467  77.502 0.0000000000
46302  -22.715  -58.038  77.075 0.0000000000
75418  -50.252  -33.325  55.653 0.0000000000
75390  -50.849  -33.799  57.248 0.0000000000
75403  -51.894  -33.032  56.919 0.0000000000
76718  -53.079  -32.979  57.439 0.0000000000
76698  -53.899  -33.061  58.461 0.0000000000
83760  -62.149  -26.045  48.910 0.0000000000
84882  -63.148  -26.007  48.913 0.0000000000
84892  -63.442  -25.655  48.441 0.0000000000
90868  -69.911  -20.115  44.274 0.0000000000
88572  -69.818  -22.382  43.507 0.0000000000
90889  -69.155  -20.586  42.450 0.0000000000
90896  -68.634  -21.174  41.872 0.0000000000
48756  -17.388  -54.926  77.643 0.0000000000
49913  -16.259  -54.952  78.149 0.0000000000
57258  -53.294  -48.827  68.142 0.0000000000
57280  -52.634  -48.878  67.377 0.0000000000
57301  -52.843  -48.653  66.332 0.0000000000
58522  -52.311  -47.730  64.065 0.0000000000
57339  -50.277  -49.180  63.959 0.0000000000
57356  -51.440  -48.124  63.729 0.0000000000
59798  -51.774  -46.552  63.326 0.0000000000
60947  -50.440  -45.475  62.318 0.0000000000
62097  -49.270  -44.281  61.548 0.0000000000
45128  -25.453  -58.310  74.827 0.0000000000
45100  -26.295  -58.320  75.975 0.0000000000
46337  -27.104  -57.785  74.094 0.0000000000
46338  -28.031  -57.675  74.193 0.0000000000
47551  -29.846  -57.120  73.742 0.0000000000
48876  -29.391  -56.187  70.357 0.0000000000
47615  -30.175  -56.580  71.632 0.0000000000
47574  -30.524  -56.929  73.385 0.0000000000
47599  -31.959  -56.577  73.122 0.0000000000
48853  -33.667  -55.359  72.236 0.0000000000
50039  -34.194  -54.678  71.813 0.0000000000
54929  -38.641  -50.171  65.045 0.0000000000
53704  -39.635  -51.310  66.086 0.0000000000
53728  -40.994  -51.322  64.603 0.0000000000
53706  -41.518  -52.102  65.731 0.0000000000
53682  -40.722  -52.262  66.875 0.0000000000
52457  -41.698  -53.153  68.418 0.0000000000
51216  -43.031  -53.704  69.395 0.0000000000
51203  -44.130  -53.583  70.220 0.0000000000
52402  -45.056  -52.917  71.783 0.0000000000
51219  -45.256  -53.425  69.711 0.0000000000
52443  -46.658  -53.037  69.858 0.0000000000
52445  -48.437  -52.431  69.440 0.0000000000
52509  -47.227  -52.354  66.905 0.0000000000
52462  -48.582  -52.232  68.481 0.0000000000
53636  -49.194  -51.893  69.289 0.0000000000
53638  -50.554  -50.854  69.500 0.0000000000
47608  -23.491  -56.650  71.502 0.0000000000
66847  -53.258  -40.204  68.087 0.0000000000
69078  -52.748  -39.203  67.790 0.0000000000
70277  -52.826  -38.403  66.903 0.0000000000
70293  -52.972  -38.507  66.201 0.0000000000
70321  -50.703  -38.425  63.511 0.0000000000
70304  -52.200  -38.396  65.293 0.0000000000
77975  -55.163  -31.776  54.498 0.0000000000
76769  -54.980  -32.569  55.986 0.0000000000
77961  -56.893  -32.262  55.729 0.0000000000
76743  -58.042  -32.643  56.961 0.0000000000
76726  -60.276  -32.794  57.686 0.0000000000
77941  -61.130  -31.608  56.640 0.0000000000
77926  -61.255  -32.242  57.578 0.0000000000
71616  -46.400  -36.481  56.336 0.0000000000
71617  -47.076  -36.115  56.485 0.0000000000
72922  -46.708  -35.931  55.962 0.0000000000
72943  -47.149  -34.916  55.270 0.0000000000
74163  -48.258  -34.168  55.214 0.0000000000
75417  -49.472  -33.497  55.269 0.0000000000
76788  -50.496  -32.759  54.530 0.0000000000
77971  -51.444  -32.339  54.140 0.0000000000
77990  -52.339  -31.869  53.528 0.0000000000
77991  -53.522  -31.592  53.510 0.0000000000
77992  -54.619  -31.387  53.727 0.0000000000
79113  -55.972  -30.709  53.210 0.0000000000
79115  -57.618  -30.614  53.518 0.0000000000
80241  -55.235  -29.761  51.627 0.0000000000
80221  -56.995  -29.779  52.312 0.0000000000
80205  -58.564  -30.034  53.204 0.0000000000
80223  -59.368  -29.250  52.761 0.0000000000
80225  -61.125  -28.664  53.041 0.0000000000
81419  -62.249  -28.152  52.774 0.0000000000
82587  -63.209  -27.867  52.883 0.0000000000
82599  -62.180  -27.962  51.804 0.0000000000
82617  -61.369  -27.670  50.578 0.0000000000
82638  -61.625  -27.018  49.736 0.0000000000
83750  -60.904  -26.254  49.053 0.0000000000
48745  -14.971  -55.644  78.273 0.0000000000
48733  -14.308  -56.120  78.969 0.0000000000
47470  -13.410  -56.742  79.430 0.0000000000
47445  -12.831  -55.956  82.881 0.0000000000
47462  -12.460  -56.924  80.802 0.0000000000
46249  -12.152  -57.557  79.624 0.0000000000
46247  -10.333  -58.257  79.284 0.0000000000
45018  -9.326  -58.381  79.611 0.0000000000
45016  -7.918  -59.139  79.943 0.0000000000
43762  -7.967  -60.016  80.558 0.0000000000
64392  -55.764  -42.444  68.382 0.0000000000
59724  -55.168  -46.509  67.253 0.0000000000
60888  -53.657  -45.565  65.489 0.0000000000
60889  -54.151  -45.435  66.262 0.0000000000
63204  -54.838  -43.796  67.584 0.0000000000
64409  -54.492  -42.932  67.817 0.0000000000
65654  -53.536  -41.715  67.771 0.0000000000
65652  -52.202  -40.950  67.089 0.0000000000
66865  -50.295  -39.864  65.902 0.0000000000
69139  -49.001  -38.935  64.222 0.0000000000
66887  -48.880  -40.173  64.215 0.0000000000
69138  -48.402  -39.063  63.716 0.0000000000
69167  -48.769  -38.552  62.615 0.0000000000
69192  -48.039  -38.791  60.724 0.0000000000
70357  -47.970  -38.540  59.572 0.0000000000
71575  -46.559  -37.719  57.856 0.0000000000
65730  -46.155  -40.883  60.431 0.0000000000
66942  -45.781  -40.508  60.172 0.0000000000
68095  -44.423  -39.634  58.785 0.0000000000
69203  -44.615  -39.364  58.584 0.0000000000
70354  -44.841  -38.995  58.385 0.0000000000
70368  -45.152  -38.445  57.998 0.0000000000
71592  -45.105  -37.472  56.888 0.0000000000
71615  -45.415  -36.850  56.307 0.0000000000
46268  -30.646  -57.746  78.344 0.0000000000
53663  -32.563  -51.720  67.048 0.0000000000
56122  -33.087  -50.141  67.208 0.0000000000
52454  -32.931  -52.730  68.343 0.0000000000
52438  -33.760  -52.777  69.371 0.0000000000
51201  -34.614  -53.427  70.685 0.0000000000
52397  -35.728  -53.255  71.544 0.0000000000
57291  -36.815  -48.601  65.751 0.0000000000
57270  -36.834  -48.586  66.828 0.0000000000
57250  -36.719  -48.637  67.924 0.0000000000
54876  -38.545  -50.569  68.705 0.0000000000
56070  -37.158  -49.223  69.257 0.0000000000
56069  -36.239  -49.254  69.480 0.0000000000
54811  -36.411  -51.139  70.544 0.0000000000
53569  -36.314  -53.068  71.893 0.0000000000
52345  -35.951  -53.234  73.013 0.0000000000
51130  -36.270  -53.479  74.057 0.0000000000
49976  -37.044  -54.840  75.121 0.0000000000
50016  -15.715  -54.329  73.122 0.0000000000
49962  -16.766  -54.859  75.214 0.0000000000
50046  -19.240  -55.038  71.773 0.0000000000
51172  -17.871  -54.229  72.054 0.0000000000
50018  -17.486  -54.518  73.240 0.0000000000
49992  -17.878  -54.841  74.316 0.0000000000
49928  -17.833  -54.944  76.594 0.0000000000
48758  -19.141  -55.640  77.720 0.0000000000
46262  -21.616  -57.426  78.537 0.0000000000
72884  -48.475  -36.184  57.822 0.0000000000
72869  -49.881  -35.699  58.946 0.0000000000
72852  -50.458  -35.853  59.985 0.0000000000
74129  -51.153  -34.300  58.485 0.0000000000
74119  -51.575  -34.433  59.235 0.0000000000
72853  -51.230  -35.494  60.384 0.0000000000
72838  -52.302  -35.208  61.644 0.0000000000
76740  -55.247  -32.765  56.820 0.0000000000
76700  -55.757  -32.933  58.602 0.0000000000
76679  -55.005  -33.099  59.577 0.0000000000
82588  -64.567  -27.356  52.477 0.0000000000
83705  -65.846  -26.274  52.256 0.0000000000
84855  -66.588  -25.683  51.488 0.0000000000
84884  -65.293  -25.993  49.600 0.0000000000
84871  -66.437  -25.519  50.292 0.0000000000
86053  -67.957  -24.955  50.728 0.0000000000
87363  -68.408  -24.530  50.024 0.0000000000
86072  -69.250  -24.662  49.036 0.0000000000
87392  -67.737  -23.490  46.629 0.0000000000
88543  -69.110  -22.579  47.514 0.0000000000
87386  -70.122  -23.277  47.037 0.0000000000
86109  -69.423  -24.274  42.000 0.0000000000
54992  -46.211  -50.139  62.528 0.0000000000
54991  -45.041  -50.375  62.657 0.0000000000
81404  -62.987  -28.143  53.785 0.0000000000
81394  -63.391  -28.152  54.697 0.0000000000
82559  -63.770  -27.867  54.589 0.0000000000
82560  -64.253  -27.634  54.965 0.0000000000
82575  -64.439  -27.527  53.722 0.0000000000
48791  -15.400  -55.280  75.945 0.0000000000
64491  -48.676  -42.378  61.641 0.0000000000
65732  -47.404  -41.501  61.140 0.0000000000
45063  -25.726  -58.395  78.448 0.0000000000
45080  -25.743  -58.332  77.391 0.0000000000
50000  -34.586  -54.932  73.842 0.0000000000
49972  -34.652  -55.337  74.496 0.0000000000
48797  -34.966  -55.610  74.981 0.0000000000
50001  -35.181  -54.195  73.832 0.0000000000
52425  -43.576  -53.403  70.877 0.0000000000
52400  -42.996  -52.937  71.606 0.0000000000
52376  -43.548  -52.710  72.573 0.0000000000
45098  -24.864  -58.407  76.763 0.0000000000
77957  -53.273  -32.304  55.139 0.0000000000
76767  -53.131  -32.437  55.637 0.0000000000
56172  -50.861  -49.391  65.736 0.0000000000
59811  -49.034  -46.872  61.466 0.0000000000
58571  -49.238  -47.443  61.735 0.0000000000
47611  -26.992  -57.077  71.434 0.0000000000
47644  -27.330  -56.507  70.128 0.0000000000
51233  -31.680  -53.978  68.400 0.0000000000
50069  -31.619  -54.712  69.108 0.0000000000
51213  -32.181  -54.167  68.861 0.0000000000
50070  -32.300  -54.497  69.312 0.0000000000
51234  -32.368  -53.641  68.511 0.0000000000
52529  -44.322  -52.332  66.337 0.0000000000
52528  -43.716  -52.290  66.182 0.0000000000
52506  -44.061  -52.656  66.785 0.0000000000
52485  -45.713  -53.070  67.897 0.0000000000
54934  -49.224  -50.676  65.623 0.0000000000
56153  -50.083  -50.333  66.605 0.0000000000
47643  -26.380  -56.443  69.914 0.0000000000
69140  -49.734  -38.732  64.563 0.0000000000
69141  -50.205  -38.643  64.990 0.0000000000
70310  -49.961  -38.576  64.387 0.0000000000
71546  -50.611  -36.773  60.850 0.0000000000
71547  -51.211  -36.395  61.281 0.0000000000
72837  -51.666  -35.607  61.178 0.0000000000
79102  -58.022  -30.985  54.137 0.0000000000
77978  -58.501  -31.344  54.838 0.0000000000
77979  -59.192  -31.034  54.870 0.0000000000
79061  -63.909  -30.545  57.951 0.0000000000
79147  -53.542  -30.352  51.611 0.0000000000
81433  -58.870  -28.486  51.455 0.0000000000
81452  -58.479  -28.174  50.759 0.0000000000
46300  -12.912  -57.312  76.796 0.0000000000
46299  -12.497  -57.527  76.353 0.0000000000
46279  -11.834  -58.011  76.755 0.0000000000
48693  -14.783  -55.651  83.192 0.0000000000
42511  -10.002  -60.236  81.852 0.0000000000
58524  -53.326  -46.950  64.545 0.0000000000
58497  -53.645  -47.328  65.015 0.0000000000
59783  -53.110  -46.753  64.394 0.0000000000
64440  -51.087  -42.551  65.033 0.0000000000
64441  -51.663  -42.815  65.514 0.0000000000
64424  -52.050  -42.562  66.218 0.0000000000
65673  -50.803  -41.566  65.428 0.0000000000
69176  -46.346  -39.469  60.675 0.0000000000
69190  -46.562  -39.236  60.399 0.0000000000
69205  -46.245  -39.303  59.467 0.0000000000
46340  -29.716  -57.318  75.023 0.0000000000
46307  -29.406  -57.508  76.381 0.0000000000
46323  -30.052  -57.318  75.689 0.0000000000
57247  -34.556  -49.011  68.218 0.0000000000
57230  -35.143  -49.101  68.801 0.0000000000
56067  -34.996  -49.933  68.846 0.0000000000
54911  -39.190  -51.011  66.605 0.0000000000
54897  -39.233  -51.322  67.873 0.0000000000
54814  -38.377  -51.533  71.220 0.0000000000
54796  -38.155  -52.030  71.899 0.0000000000
54780  -38.441  -52.040  72.722 0.0000000000
53552  -38.015  -52.339  73.209 0.0000000000
53594  -48.787  -52.330  70.841 0.0000000000
47519  -20.439  -56.396  76.381 0.0000000000
74148  -49.823  -33.975  56.547 0.0000000000
75364  -52.869  -33.634  59.604 0.0000000000
76704  -59.601  -32.999  58.645 0.0000000000
76703  -58.652  -32.932  58.686 0.0000000000
83733  -63.147  -26.833  49.929 0.0000000000
86078  -66.977  -24.715  47.938 0.0000000000
86079  -67.506  -24.233  48.514 0.0000000000
86088  -67.451  -24.185  47.503 0.0000000000
89685  -69.282  -21.185  45.474 0.0000000000
89686  -70.049  -21.158  45.674 0.0000000000
89679  -70.250  -21.788  46.048 0.0000000000
88564  -70.403  -22.285  44.860 0.0000000000
88563  -70.143  -22.811  44.363 0.0000000000
88573  -70.258  -22.127  44.252 0.0000000000
54978  -48.774  -49.947  63.946 0.0000000000
56236  -47.980  -48.891  61.672 0.0000000000
54973  -43.273  -50.871  63.283 0.0000000000
54952  -44.651  -51.166  64.445 0.0000000000
53732  -44.927  -51.409  64.982 0.0000000000
53711  -46.228  -51.662  65.579 0.0000000000
53733  -45.765  -51.327  64.979 0.0000000000
54976  -46.828  -50.448  63.583 0.0000000000
69193  -48.560  -38.722  61.149 0.0000000000
70346  -48.954  -38.406  60.507 0.0000000000
71553  -49.372  -37.350  59.928 0.0000000000
72851  -49.655  -36.485  59.496 0.0000000000
80207  -60.179  -29.869  53.790 0.0000000000
80199  -61.149  -29.951  54.690 0.0000000000
81368  -63.561  -28.527  56.352 0.0000000000
81350  -63.803  -28.961  57.232 0.0000000000
81351  -64.830  -28.826  57.619 0.0000000000
83690  -66.797  -26.403  53.395 0.0000000000
83707  -67.342  -26.181  52.736 0.0000000000
83706  -66.611  -25.946  52.447 0.0000000000
48771  -14.386  -55.901  76.435 0.0000000000
48770  -13.772  -56.308  76.221 0.0000000000
62085  -51.481  -44.889  63.287 0.0000000000
64455  -50.671  -42.517  64.157 0.0000000000
66927  -46.778  -40.359  61.413 0.0000000000
47576  -32.387  -56.649  73.887 0.0000000000
47524  -33.714  -56.917  76.197 0.0000000000
47523  -33.073  -56.856  76.396 0.0000000000
47507  -33.509  -57.143  76.691 0.0000000000
48782  -35.646  -56.009  75.322 0.0000000000
48764  -35.208  -56.650  75.470 0.0000000000
48765  -35.800  -56.533  75.449 0.0000000000
58439  -35.507  -47.859  66.778 0.0000000000
57290  -36.239  -48.130  66.273 0.0000000000
52456  -40.988  -52.857  68.685 0.0000000000
53650  -40.410  -52.570  68.946 0.0000000000
52439  -40.819  -52.744  69.553 0.0000000000
53592  -41.057  -52.204  71.487 0.0000000000
53615  -40.425  -52.206  70.664 0.0000000000
53591  -40.088  -51.736  71.703 0.0000000000
53573  -40.916  -51.809  72.248 0.0000000000
53572  -40.283  -51.640  72.581 0.0000000000
53556  -40.939  -51.664  73.011 0.0000000000
52329  -41.998  -52.401  73.974 0.0000000000
47607  -22.200  -56.419  71.398 0.0000000000
46332  -22.531  -57.598  74.756 0.0000000000
45061  -23.789  -58.559  78.774 0.0000000000
76764  -50.739  -32.908  55.234 0.0000000000
75419  -50.827  -33.138  55.924 0.0000000000
76736  -51.902  -32.855  56.303 0.0000000000
76738  -53.510  -32.720  56.620 0.0000000000
76697  -53.421  -33.093  57.938 0.0000000000
84891  -62.419  -25.623  48.493 0.0000000000
90867  -69.131  -20.198  44.589 0.0000000000
90881  -70.108  -20.760  43.750 0.0000000000
90880  -69.686  -20.139  43.204 0.0000000000
48746  -17.464  -54.956  78.230 0.0000000000
48701  -16.603  -55.506  82.609 0.0000000000
56107  -52.163  -49.417  68.715 0.0000000000
57257  -52.628  -49.034  68.190 0.0000000000
57279  -51.895  -49.104  67.265 0.0000000000
57321  -51.804  -48.783  65.505 0.0000000000
57341  -52.198  -48.168  64.445 0.0000000000
56206  -49.899  -49.307  63.749 0.0000000000
57355  -50.184  -48.659  63.202 0.0000000000
58573  -50.668  -46.922  62.542 0.0000000000
58550  -50.974  -47.428  63.001 0.0000000000
58551  -52.060  -47.371  63.693 0.0000000000
59797  -51.096  -46.242  62.754 0.0000000000
46319  -26.640  -58.014  74.708 0.0000000000
46352  -26.668  -57.616  73.383 0.0000000000
46372  -28.057  -57.304  72.482 0.0000000000
46354  -28.516  -57.449  73.400 0.0000000000
46339  -29.182  -57.423  74.352 0.0000000000
46355  -29.290  -57.258  73.344 0.0000000000
48875  -28.775  -56.389  70.429 0.0000000000
48862  -30.827  -56.346  71.489 0.0000000000
47616  -30.858  -56.521  71.998 0.0000000000
47597  -30.368  -56.803  72.503 0.0000000000
47598  -31.249  -56.649  72.706 0.0000000000
47575  -31.400  -56.828  73.754 0.0000000000
48851  -31.917  -56.407  72.561 0.0000000000
50048  -33.007  -54.812  70.630 0.0000000000
48864  -32.900  -55.394  71.312 0.0000000000
48865  -33.597  -55.021  71.581 0.0000000000
54950  -40.102  -50.846  64.312 0.0000000000
54930  -39.441  -50.865  65.392 0.0000000000
53705  -40.287  -51.513  65.661 0.0000000000
53729  -42.049  -51.641  64.673 0.0000000000
53746  -41.741  -51.160  63.895 0.0000000000
53683  -41.445  -52.450  66.529 0.0000000000
52503  -41.461  -52.665  67.027 0.0000000000
52480  -41.165  -52.811  67.743 0.0000000000
52481  -41.922  -52.985  67.527 0.0000000000
51258  -43.998  -53.509  68.076 0.0000000000
51235  -42.869  -53.630  68.653 0.0000000000
51236  -43.526  -53.686  68.728 0.0000000000
51202  -43.385  -53.648  70.081 0.0000000000
51217  -43.822  -53.711  69.472 0.0000000000
51204  -44.887  -53.421  70.265 0.0000000000
51218  -44.573  -53.604  69.580 0.0000000000
52460  -46.756  -52.957  68.798 0.0000000000
52459  -45.812  -53.270  69.120 0.0000000000
52444  -47.584  -52.805  69.626 0.0000000000
52461  -47.746  -52.642  68.595 0.0000000000
53686  -46.709  -52.012  66.231 0.0000000000
52488  -48.658  -52.052  67.863 0.0000000000
53651  -49.254  -51.700  68.210 0.0000000000
53637  -49.995  -51.152  69.149 0.0000000000
56131  -50.809  -49.947  67.960 0.0000000000
56105  -50.846  -50.039  68.439 0.0000000000
56106  -51.262  -49.826  68.618 0.0000000000
47624  -24.299  -56.292  70.341 0.0000000000
46369  -25.353  -57.407  72.945 0.0000000000
68008  -52.349  -39.536  67.471 0.0000000000
67996  -52.944  -39.671  67.993 0.0000000000
70291  -51.698  -38.431  66.129 0.0000000000
69108  -52.172  -38.483  66.739 0.0000000000
70292  -52.141  -38.392  66.308 0.0000000000
70278  -53.519  -38.428  66.952 0.0000000000
70313  -52.443  -38.214  63.926 0.0000000000
77960  -55.658  -32.206  55.328 0.0000000000
77939  -58.728  -32.311  56.282 0.0000000000
76744  -59.049  -32.680  57.087 0.0000000000
76745  -59.702  -32.725  57.263 0.0000000000
79092  -61.307  -30.458  55.493 0.0000000000
79073  -60.802  -31.253  55.974 0.0000000000
79074  -61.493  -30.904  56.241 0.0000000000
77927  -62.169  -31.513  57.644 0.0000000000
43775  -7.438  -60.523  79.351 0.0000000000
43789  -7.174  -60.262  78.902 0.0000000000
42545  -7.416  -60.719  78.647 0.0000000000
74162  -47.523  -34.330  54.783 0.0000000000
74145  -47.850  -34.718  55.591 0.0000000000
75440  -48.428  -33.389  54.101 0.0000000000
75441  -49.072  -33.303  54.515 0.0000000000
76763  -50.103  -32.998  55.053 0.0000000000
76787  -49.703  -32.940  54.367 0.0000000000
76803  -50.299  -32.577  53.838 0.0000000000
77989  -51.159  -32.206  53.611 0.0000000000
77972  -51.883  -32.259  54.252 0.0000000000
79111  -54.199  -30.942  53.021 0.0000000000
79112  -55.093  -30.830  53.118 0.0000000000
79114  -56.816  -30.668  53.364 0.0000000000
79131  -56.440  -30.242  52.741 0.0000000000
80222  -58.202  -29.801  52.774 0.0000000000
80206  -59.030  -29.960  53.306 0.0000000000
81416  -59.956  -28.593  52.286 0.0000000000
81417  -60.777  -28.487  52.441 0.0000000000
81418  -61.492  -28.364  52.643 0.0000000000
81437  -61.801  -28.175  52.305 0.0000000000
82616  -60.183  -27.867  50.708 0.0000000000
45072  -10.200  -58.796  77.202 0.0000000000
49900  -16.235  -54.937  79.045 0.0000000000
49912  -15.651  -55.236  78.637 0.0000000000
49899  -15.728  -55.165  79.530 0.0000000000
48720  -14.500  -55.804  80.004 0.0000000000
48719  -13.861  -56.263  79.782 0.0000000000
47471  -13.789  -56.570  78.918 0.0000000000
47463  -13.268  -56.582  80.322 0.0000000000
48685  -13.113  -55.816  83.738 0.0000000000
46229  -11.310  -56.995  82.417 0.0000000000
47456  -11.758  -56.780  82.168 0.0000000000
47461  -11.858  -56.981  81.428 0.0000000000
46243  -12.248  -57.336  80.273 0.0000000000
46242  -11.466  -57.521  80.620 0.0000000000
46248  -11.157  -58.074  79.130 0.0000000000
45008  -8.826  -58.524  81.169 0.0000000000
46240  -9.217  -58.231  80.730 0.0000000000
45017  -8.742  -58.549  80.110 0.0000000000
45007  -8.124  -59.131  80.795 0.0000000000
45006  -7.780  -59.586  80.199 0.0000000000
43763  -8.466  -59.639  81.160 0.0000000000
41207  -9.508  -60.724  80.928 0.0000000000
62020  -56.655  -44.485  68.115 0.0000000000
63184  -57.002  -43.501  68.065 0.0000000000
63183  -56.084  -43.541  68.191 0.0000000000
57259  -54.209  -48.558  68.203 0.0000000000
58445  -54.783  -47.486  67.186 0.0000000000
58470  -54.771  -46.942  66.760 0.0000000000
59703  -55.272  -47.322  67.732 0.0000000000
62070  -52.110  -44.773  64.272 0.0000000000
60899  -53.008  -45.230  65.062 0.0000000000
62056  -52.354  -44.545  64.740 0.0000000000
62044  -53.396  -44.611  65.923 0.0000000000
62045  -53.974  -44.763  66.469 0.0000000000
60876  -54.820  -45.670  66.844 0.0000000000
62031  -54.548  -44.674  66.980 0.0000000000
62032  -55.224  -44.499  67.566 0.0000000000
63203  -54.068  -43.578  67.096 0.0000000000
64407  -53.092  -42.214  67.202 0.0000000000
64408  -53.796  -42.582  67.458 0.0000000000
64390  -54.212  -42.055  68.088 0.0000000000
65653  -52.886  -41.328  67.425 0.0000000000
66866  -50.676  -40.175  66.127 0.0000000000
68017  -50.191  -39.709  65.751 0.0000000000
68031  -50.083  -39.449  65.503 0.0000000000
68047  -49.375  -39.499  64.880 0.0000000000
66901  -48.621  -40.589  63.480 0.0000000000
66886  -48.238  -39.889  63.761 0.0000000000
69152  -47.621  -39.065  62.686 0.0000000000
69153  -48.144  -38.815  63.093 0.0000000000
69166  -47.876  -38.830  62.315 0.0000000000
69179  -48.251  -38.718  61.692 0.0000000000
70356  -46.767  -38.810  58.960 0.0000000000
70370  -47.225  -37.961  58.449 0.0000000000
66941  -45.094  -40.526  59.688 0.0000000000
69188  -45.227  -39.680  59.114 0.0000000000
69202  -43.784  -39.303  58.390 0.0000000000
70353  -44.092  -39.073  58.233 0.0000000000
70367  -44.230  -38.626  57.883 0.0000000000
70382  -43.465  -38.251  57.333 0.0000000000
46284  -27.089  -58.119  76.315 0.0000000000
46264  -27.271  -58.034  77.128 0.0000000000
46285  -27.867  -57.856  76.661 0.0000000000
46266  -28.908  -57.663  77.911 0.0000000000
47505  -31.765  -57.555  77.566 0.0000000000
47504  -31.173  -57.530  77.573 0.0000000000
46269  -31.454  -57.869  78.245 0.0000000000
56095  -33.902  -50.146  67.785 0.0000000000
57266  -32.957  -49.252  67.172 0.0000000000
56094  -33.586  -50.500  67.450 0.0000000000
53648  -33.664  -51.719  68.334 0.0000000000
52455  -33.625  -52.219  68.824 0.0000000000
53613  -34.969  -51.892  70.030 0.0000000000
53612  -34.364  -52.297  69.666 0.0000000000
52421  -35.156  -52.858  70.769 0.0000000000
51192  -34.982  -53.574  71.366 0.0000000000
56169  -37.392  -49.064  65.013 0.0000000000
56124  -37.399  -49.067  67.412 0.0000000000
56148  -37.425  -49.115  66.257 0.0000000000
56097  -37.270  -48.983  68.315 0.0000000000
54854  -38.543  -50.775  69.851 0.0000000000
56047  -37.376  -49.993  70.252 0.0000000000
56071  -38.032  -49.964  69.549 0.0000000000
56046  -36.663  -49.776  70.085 0.0000000000
56045  -36.104  -50.105  69.902 0.0000000000
56027  -36.487  -50.348  70.282 0.0000000000
53571  -37.241  -52.648  72.358 0.0000000000
53589  -36.611  -52.103  71.039 0.0000000000
53570  -36.799  -52.762  72.068 0.0000000000
52373  -36.272  -53.062  72.605 0.0000000000
52346  -36.315  -53.066  73.173 0.0000000000
51129  -35.967  -53.517  73.832 0.0000000000
52322  -36.380  -53.166  73.703 0.0000000000
52308  -37.251  -53.737  74.390 0.0000000000
52307  -37.039  -53.496  74.335 0.0000000000
51109  -37.398  -54.152  74.484 0.0000000000
53537  -39.362  -52.272  73.739 0.0000000000
51133  -40.051  -53.587  73.905 0.0000000000
52403  -46.076  -52.827  71.753 0.0000000000
49990  -16.244  -54.726  74.252 0.0000000000
49991  -17.096  -54.677  74.278 0.0000000000
48850  -20.979  -56.106  71.724 0.0000000000
48849  -20.433  -56.023  72.220 0.0000000000
48837  -19.537  -55.785  73.426 0.0000000000
48848  -19.669  -55.695  72.521 0.0000000000
50045  -18.391  -54.372  71.521 0.0000000000
50037  -18.286  -54.660  72.527 0.0000000000
50036  -17.692  -54.351  72.526 0.0000000000
50019  -18.362  -54.970  73.579 0.0000000000
49964  -18.193  -54.971  75.066 0.0000000000
49963  -17.552  -54.860  75.131 0.0000000000
49943  -18.062  -54.948  75.825 0.0000000000
48773  -18.537  -55.269  76.574 0.0000000000
46283  -22.406  -57.871  78.228 0.0000000000
46263  -22.126  -57.928  79.242 0.0000000000
68000  -55.903  -39.306  68.396 0.0000000000
72903  -47.588  -35.993  56.869 0.0000000000
71595  -47.928  -36.277  57.437 0.0000000000
72885  -49.233  -35.633  58.017 0.0000000000
74118  -50.668  -34.971  58.974 0.0000000000
75377  -51.154  -33.906  57.916 0.0000000000
74120  -52.148  -34.130  59.768 0.0000000000
74109  -51.764  -34.810  60.289 0.0000000000
74108  -51.103  -35.070  59.805 0.0000000000
74097  -52.227  -34.837  61.061 0.0000000000
74099  -53.620  -34.456  62.204 0.0000000000
76770  -55.901  -32.580  56.156 0.0000000000
76741  -56.101  -32.766  56.884 0.0000000000
76701  -56.720  -32.918  58.650 0.0000000000
76680  -56.048  -33.003  59.568 0.0000000000
83718  -64.979  -26.718  51.023 0.0000000000
83704  -65.218  -26.800  51.850 0.0000000000
83719  -65.751  -26.160  51.411 0.0000000000
83720  -66.164  -25.910  51.946 0.0000000000
84854  -66.062  -25.855  51.262 0.0000000000
84883  -64.048  -26.021  49.113 0.0000000000
86052  -67.235  -25.104  50.732 0.0000000000
86062  -67.694  -24.637  50.206 0.0000000000
87356  -68.185  -24.861  50.358 0.0000000000
87369  -67.888  -24.068  49.837 0.0000000000
87377  -68.668  -23.440  48.732 0.0000000000
87371  -69.013  -24.038  49.355 0.0000000000
86080  -69.594  -24.490  48.077 0.0000000000
88558  -68.690  -21.741  45.729 0.0000000000
87391  -67.129  -23.706  46.124 0.0000000000
87393  -68.592  -22.681  46.925 0.0000000000
87394  -70.212  -23.203  46.456 0.0000000000
86098  -70.135  -23.835  46.308 0.0000000000
86089  -70.011  -24.270  47.035 0.0000000000
86097  -69.984  -24.577  46.091 0.0000000000
87414  -69.420  -23.314  42.740 0.0000000000
87432  -69.305  -23.230  41.564 0.0000000000
54994  -47.968  -49.775  62.961 0.0000000000
54990  -43.960  -50.472  62.570 0.0000000000
71563  -48.320  -37.656  59.039 0.0000000000
80209  -61.977  -28.741  53.867 0.0000000000
81383  -63.371  -28.361  55.534 0.0000000000
82545  -65.474  -27.287  55.690 0.0000000000
83656  -66.268  -26.966  54.938 0.0000000000
49989  -15.319  -54.931  74.150 0.0000000000
48812  -14.691  -55.293  74.434 0.0000000000
49960  -15.151  -55.172  74.845 0.0000000000
48772  -15.168  -55.489  76.518 0.0000000000
63295  -50.030  -43.496  62.345 0.0000000000
63282  -50.402  -43.420  62.803 0.0000000000
63281  -49.994  -43.136  62.450 0.0000000000
64492  -49.357  -42.499  62.148 0.0000000000
65715  -48.680  -41.556  62.300 0.0000000000
65713  -47.195  -40.852  61.517 0.0000000000
45062  -24.711  -58.550  78.633 0.0000000000
48839  -33.345  -56.244  74.019 0.0000000000
48816  -33.791  -56.392  74.895 0.0000000000
48795  -33.993  -56.599  75.425 0.0000000000
48780  -34.235  -56.663  75.627 0.0000000000
48763  -34.489  -56.854  75.644 0.0000000000
49952  -35.175  -55.482  75.025 0.0000000000
49953  -35.510  -55.406  75.078 0.0000000000
52399  -41.803  -52.606  71.531 0.0000000000
52374  -41.923  -52.237  72.359 0.0000000000
53557  -41.518  -51.926  72.694 0.0000000000
52349  -42.957  -52.578  73.348 0.0000000000
46333  -23.737  -58.124  75.088 0.0000000000
46318  -23.400  -58.265  76.326 0.0000000000
46303  -23.357  -58.287  76.946 0.0000000000
45097  -23.989  -58.382  77.021 0.0000000000
76790  -52.104  -32.493  55.006 0.0000000000
76766  -52.307  -32.612  55.743 0.0000000000
76739  -54.374  -32.739  56.716 0.0000000000
56155  -51.365  -49.291  66.731 0.0000000000
57320  -51.032  -49.013  65.182 0.0000000000
57367  -49.140  -48.455  62.190 0.0000000000
57368  -49.955  -48.159  62.560 0.0000000000
58572  -50.061  -47.434  62.313 0.0000000000
46380  -26.708  -57.288  72.071 0.0000000000
46382  -27.888  -57.159  71.931 0.0000000000
47594  -28.222  -57.054  71.861 0.0000000000
50067  -30.133  -54.912  68.797 0.0000000000
50068  -30.704  -54.906  68.997 0.0000000000
48895  -31.087  -55.338  69.666 0.0000000000
48878  -31.952  -55.420  70.354 0.0000000000
50057  -32.673  -54.646  69.956 0.0000000000
50058  -33.284  -54.381  70.308 0.0000000000
53707  -42.510  -52.035  65.384 0.0000000000
52527  -42.863  -52.321  66.025 0.0000000000
52482  -42.735  -53.048  67.385 0.0000000000
52483  -43.608  -53.094  67.393 0.0000000000
51259  -44.832  -53.446  68.276 0.0000000000
51238  -45.038  -53.554  68.998 0.0000000000
53713  -47.870  -51.567  65.771 0.0000000000
53688  -48.407  -51.622  66.333 0.0000000000
53689  -49.022  -51.340  66.736 0.0000000000
53668  -49.437  -51.296  67.382 0.0000000000
54878  -50.202  -50.673  68.020 0.0000000000
54898  -49.938  -50.780  67.462 0.0000000000
47625  -25.543  -56.645  70.638 0.0000000000
47610  -25.906  -57.094  71.708 0.0000000000
68019  -51.167  -39.441  66.582 0.0000000000
69089  -51.795  -39.129  67.085 0.0000000000
69106  -50.859  -38.880  66.051 0.0000000000
70302  -50.854  -38.510  65.218 0.0000000000
70338  -50.522  -37.624  61.365 0.0000000000
70332  -51.590  -37.386  62.237 0.0000000000
71530  -52.137  -36.995  62.574 0.0000000000
71540  -52.175  -36.177  62.423 0.0000000000
77977  -57.519  -31.607  54.750 0.0000000000
80161  -62.822  -30.141  57.105 0.0000000000
79058  -61.803  -31.225  56.968 0.0000000000
79059  -62.644  -30.626  57.239 0.0000000000
84886  -69.158  -25.663  49.558 0.0000000000
76802  -49.468  -32.597  53.341 0.0000000000
79127  -53.129  -30.861  52.119 0.0000000000
79128  -53.905  -30.656  52.306 0.0000000000
79148  -54.394  -30.208  51.880 0.0000000000
79149  -54.945  -30.172  52.111 0.0000000000
81431  -57.106  -28.783  50.950 0.0000000000
81434  -59.618  -28.377  51.601 0.0000000000
81435  -60.404  -28.230  51.588 0.0000000000
81454  -59.889  -28.176  51.210 0.0000000000
45073  -11.054  -58.475  77.015 0.0000000000
45056  -10.805  -58.558  78.035 0.0000000000
48722  -16.031  -55.050  80.595 0.0000000000
48709  -15.421  -55.318  81.334 0.0000000000
48698  -13.790  -55.826  81.683 0.0000000000
47443  -11.700  -57.013  84.032 0.0000000000
46219  -10.900  -57.885  83.504 0.0000000000
46228  -10.825  -57.377  82.646 0.0000000000
46227  -9.962  -57.861  82.347 0.0000000000
44998  -9.347  -58.665  82.110 0.0000000000
43751  -9.139  -59.715  81.760 0.0000000000
57302  -53.723  -48.192  66.194 0.0000000000
57323  -53.752  -47.826  65.611 0.0000000000
59746  -54.014  -46.392  65.661 0.0000000000
63242  -52.312  -43.864  65.382 0.0000000000
63222  -52.734  -43.531  66.116 0.0000000000
63223  -53.473  -43.817  66.528 0.0000000000
64425  -52.708  -42.657  66.671 0.0000000000
65663  -51.761  -41.487  66.476 0.0000000000
66875  -50.536  -40.813  65.683 0.0000000000
66888  -49.582  -40.585  64.700 0.0000000000
68065  -47.415  -39.471  62.436 0.0000000000
69165  -47.182  -39.009  62.041 0.0000000000
69191  -47.186  -38.899  60.726 0.0000000000
46306  -28.534  -57.692  76.063 0.0000000000
46267  -29.799  -57.635  78.186 0.0000000000
46270  -32.058  -58.053  78.102 0.0000000000
46257  -31.562  -58.369  78.453 0.0000000000
58437  -33.956  -47.849  67.097 0.0000000000
58436  -33.351  -48.235  67.022 0.0000000000
57268  -33.947  -48.551  67.563 0.0000000000
57246  -33.925  -49.265  67.795 0.0000000000
56066  -34.512  -50.324  68.358 0.0000000000
54853  -34.784  -50.909  68.856 0.0000000000
54831  -35.314  -50.923  69.489 0.0000000000
54833  -38.552  -51.122  70.623 0.0000000000
56030  -37.842  -51.119  70.891 0.0000000000
56029  -37.438  -50.852  70.691 0.0000000000
54812  -37.124  -51.386  70.875 0.0000000000
54795  -37.466  -52.290  71.708 0.0000000000
53551  -37.202  -52.650  73.091 0.0000000000
53535  -37.571  -52.684  73.665 0.0000000000
52325  -37.803  -53.345  74.042 0.0000000000
47570  -20.763  -56.506  73.305 0.0000000000
47588  -20.637  -56.357  72.715 0.0000000000
48815  -20.163  -56.148  73.873 0.0000000000
50020  -19.009  -55.380  73.874 0.0000000000
48814  -19.508  -55.706  74.349 0.0000000000
48793  -19.539  -55.690  75.235 0.0000000000
48774  -19.497  -55.757  76.312 0.0000000000
45040  -22.630  -58.532  79.873 0.0000000000
72924  -48.188  -34.963  56.265 0.0000000000
74127  -49.754  -34.785  57.615 0.0000000000
75379  -52.875  -33.365  58.423 0.0000000000
75378  -51.823  -33.767  58.311 0.0000000000
75322  -53.611  -33.917  61.216 0.0000000000
75323  -54.126  -33.918  61.914 0.0000000000
76723  -57.378  -32.818  57.746 0.0000000000
76702  -57.688  -32.889  58.686 0.0000000000
82619  -63.680  -27.204  50.662 0.0000000000
82620  -64.356  -26.937  50.692 0.0000000000
83735  -64.679  -26.641  50.347 0.0000000000
86071  -67.542  -24.350  49.455 0.0000000000
89695  -68.686  -20.754  44.881 0.0000000000
89684  -68.562  -21.319  45.186 0.0000000000
88551  -69.177  -21.965  46.586 0.0000000000
88552  -70.006  -22.088  46.613 0.0000000000
88553  -70.273  -22.524  46.140 0.0000000000
87400  -70.195  -23.419  45.621 0.0000000000
87402  -70.024  -23.610  44.783 0.0000000000
88599  -69.044  -22.431  41.272 0.0000000000
87446  -69.396  -23.142  40.426 0.0000000000
54957  -49.515  -50.255  65.155 0.0000000000
56187  -49.158  -49.882  64.125 0.0000000000
56204  -48.326  -49.712  63.061 0.0000000000
56221  -48.968  -49.135  62.636 0.0000000000
48912  -27.943  -55.717  68.711 0.0000000000
50090  -29.543  -54.744  68.327 0.0000000000
51232  -30.917  -53.951  68.100 0.0000000000
51256  -31.447  -53.482  67.769 0.0000000000
54972  -42.297  -50.901  63.097 0.0000000000
53747  -42.629  -51.244  63.942 0.0000000000
53709  -44.496  -51.917  65.761 0.0000000000
53684  -45.175  -52.037  66.036 0.0000000000
53712  -47.169  -51.553  65.545 0.0000000000
54932  -47.727  -51.331  65.335 0.0000000000
54933  -48.375  -51.144  65.461 0.0000000000
70329  -49.250  -38.497  63.346 0.0000000000
69168  -49.336  -38.510  62.165 0.0000000000
79117  -59.345  -30.357  53.895 0.0000000000
79104  -59.585  -30.665  54.464 0.0000000000
79105  -60.346  -30.420  54.575 0.0000000000
79106  -60.838  -30.402  55.013 0.0000000000
79093  -61.756  -30.389  55.966 0.0000000000
80190  -62.126  -29.752  55.665 0.0000000000
80175  -62.640  -30.002  56.738 0.0000000000
80162  -63.210  -29.888  57.255 0.0000000000
80163  -64.213  -29.895  57.814 0.0000000000
83671  -66.846  -26.922  54.199 0.0000000000
84838  -67.763  -25.890  52.024 0.0000000000
48811  -13.895  -55.757  74.584 0.0000000000
47547  -13.389  -56.243  74.968 0.0000000000
47532  -13.324  -56.547  75.647 0.0000000000
47516  -13.375  -56.877  76.652 0.0000000000
46281  -13.087  -57.241  77.141 0.0000000000
60934  -52.217  -46.068  63.688 0.0000000000
60914  -51.918  -45.081  63.831 0.0000000000
62069  -51.717  -44.470  63.944 0.0000000000
63260  -51.037  -43.577  63.678 0.0000000000
63261  -51.448  -43.705  64.199 0.0000000000
63240  -51.193  -43.200  64.387 0.0000000000
65683  -50.036  -41.550  64.252 0.0000000000
66914  -47.808  -40.486  62.535 0.0000000000
68066  -47.566  -39.964  62.747 0.0000000000
47535  -31.182  -57.083  75.950 0.0000000000
47522  -32.048  -57.007  76.749 0.0000000000
47506  -32.661  -57.294  77.114 0.0000000000
47488  -32.357  -57.755  77.658 0.0000000000
46271  -32.542  -57.964  77.753 0.0000000000
47509  -34.702  -57.289  75.756 0.0000000000
58460  -34.086  -47.360  66.386 0.0000000000
58438  -34.688  -47.764  66.955 0.0000000000
58415  -35.243  -48.064  67.610 0.0000000000
57249  -35.879  -48.362  68.093 0.0000000000
53649  -39.802  -52.045  68.769 0.0000000000
53634  -39.700  -51.807  69.931 0.0000000000
52422  -40.658  -52.544  70.099 0.0000000000
53590  -39.446  -51.618  71.413 0.0000000000
54815  -39.236  -51.626  71.839 0.0000000000
54798  -39.371  -51.645  72.550 0.0000000000
54781  -39.076  -51.793  72.899 0.0000000000
54782  -39.589  -51.672  72.995 0.0000000000
53555  -40.190  -51.692  73.232 0.0000000000
52328  -40.963  -52.355  74.176 0.0000000000
53540  -41.544  -51.923  73.356 0.0000000000
52310  -41.487  -52.836  74.474 0.0000000000
47572  -22.298  -57.270  73.992 0.0000000000
47571  -21.598  -56.880  73.541 0.0000000000
47520  -21.203  -56.940  75.907 0.0000000000
47503  -21.176  -56.932  76.915 0.0000000000
45096  -23.427  -58.289  77.400 0.0000000000
45077  -23.195  -58.247  78.059 0.0000000000
75400  -49.852  -33.701  56.013 0.0000000000
75401  -50.450  -33.645  56.432 0.0000000000
75402  -51.287  -33.255  56.553 0.0000000000
75392  -52.295  -33.213  57.530 0.0000000000
76678  -54.405  -33.036  59.055 0.0000000000
83752  -62.683  -26.293  49.156 0.0000000000
84881  -62.746  -25.982  48.844 0.0000000000
90869  -70.326  -20.993  44.446 0.0000000000
89708  -70.214  -21.518  43.914 0.0000000000
89707  -69.681  -21.289  43.018 0.0000000000
89717  -69.018  -21.604  42.071 0.0000000000
49927  -17.203  -54.906  77.009 0.0000000000
49926  -16.411  -55.024  77.207 0.0000000000
49914  -16.923  -54.868  77.822 0.0000000000
49901  -16.844  -54.875  78.647 0.0000000000
48710  -16.362  -55.227  81.543 0.0000000000
57300  -51.986  -48.915  66.564 0.0000000000
57322  -53.074  -48.195  65.247 0.0000000000
57342  -52.848  -47.914  64.649 0.0000000000
58523  -52.841  -47.366  64.302 0.0000000000
57357  -52.022  -47.877  63.957 0.0000000000
59799  -52.288  -46.677  63.714 0.0000000000
60932  -51.206  -45.286  62.915 0.0000000000
62098  -50.042  -44.219  62.219 0.0000000000
64506  -48.035  -42.494  61.184 0.0000000000
46304  -26.884  -58.113  75.466 0.0000000000
46320  -27.440  -57.851  74.889 0.0000000000
46321  -28.339  -57.661  75.116 0.0000000000
47614  -29.287  -56.704  71.561 0.0000000000
47630  -29.690  -56.409  71.022 0.0000000000
47596  -29.536  -56.929  72.333 0.0000000000
47573  -29.835  -57.065  73.017 0.0000000000
48852  -32.772  -56.160  72.737 0.0000000000
48840  -33.848  -55.576  73.335 0.0000000000
50024  -34.361  -54.896  72.785 0.0000000000
50040  -34.738  -54.394  72.347 0.0000000000
54948  -38.576  -49.984  64.221 0.0000000000
53681  -39.795  -51.620  66.774 0.0000000000
52458  -42.422  -53.374  68.147 0.0000000000
52441  -42.289  -53.501  69.060 0.0000000000
52426  -44.529  -53.273  70.977 0.0000000000
52427  -45.459  -53.133  70.859 0.0000000000
52442  -45.836  -53.200  70.100 0.0000000000
52429  -47.445  -52.821  70.662 0.0000000000
53617  -48.988  -52.128  70.241 0.0000000000
53666  -48.122  -52.029  66.849 0.0000000000
52487  -48.009  -52.346  67.544 0.0000000000
53618  -49.809  -51.688  70.157 0.0000000000
54856  -50.250  -50.769  68.541 0.0000000000
54857  -50.619  -50.591  69.042 0.0000000000
47623  -23.052  -56.163  70.668 0.0000000000
47591  -24.018  -57.091  72.386 0.0000000000
47609  -24.713  -56.787  71.498 0.0000000000
66848  -53.840  -40.374  68.344 0.0000000000
69090  -52.489  -38.721  67.295 0.0000000000
69091  -53.492  -38.563  67.542 0.0000000000
70312  -51.503  -38.366  64.367 0.0000000000
70305  -52.876  -38.624  65.089 0.0000000000
71524  -52.970  -37.183  63.340 0.0000000000
77974  -54.106  -31.918  54.446 0.0000000000
77959  -54.618  -32.232  55.197 0.0000000000
77937  -57.209  -32.435  56.209 0.0000000000
77938  -57.677  -32.382  56.226 0.0000000000
76725  -59.274  -32.910  57.838 0.0000000000
79090  -59.835  -30.971  55.083 0.0000000000
77964  -60.144  -31.434  55.646 0.0000000000
77925  -60.582  -32.470  57.257 0.0000000000
43790  -7.382  -59.787  79.015 0.0000000000
71594  -47.189  -36.651  57.187 0.0000000000
72923  -47.414  -35.468  56.081 0.0000000000
74146  -48.544  -34.448  55.884 0.0000000000
74164  -48.833  -33.955  55.495 0.0000000000
75415  -48.103  -33.879  54.589 0.0000000000
75416  -48.700  -33.705  54.867 0.0000000000
76789  -51.272  -32.542  54.565 0.0000000000
77973  -52.971  -32.175  54.654 0.0000000000
77993  -55.597  -31.228  53.813 0.0000000000
77994  -56.375  -31.068  53.782 0.0000000000
80220  -56.023  -29.868  52.118 0.0000000000
79132  -57.330  -30.212  52.993 0.0000000000
79133  -57.908  -30.256  53.192 0.0000000000
79116  -58.455  -30.370  53.517 0.0000000000
80224  -60.428  -28.960  53.035 0.0000000000
81402  -61.723  -28.521  53.285 0.0000000000
81403  -62.367  -28.359  53.534 0.0000000000
81420  -62.695  -28.100  53.248 0.0000000000
82586  -62.549  -28.001  52.481 0.0000000000
82598  -60.995  -28.026  51.298 0.0000000000
83751  -61.893  -26.401  49.199 0.0000000000
83759  -61.619  -25.894  48.764 0.0000000000
49925  -15.618  -55.337  77.513 0.0000000000
48755  -14.826  -55.761  77.304 0.0000000000
48734  -15.089  -55.548  79.285 0.0000000000
48744  -14.394  -56.137  77.901 0.0000000000
47483  -13.881  -56.574  78.256 0.0000000000
47482  -13.368  -56.920  78.616 0.0000000000
47498  -12.892  -57.318  78.286 0.0000000000
48686  -13.937  -55.794  84.020 0.0000000000
48692  -13.620  -55.722  82.897 0.0000000000
47452  -12.993  -56.057  82.162 0.0000000000
47451  -12.311  -56.362  82.582 0.0000000000
47457  -12.421  -56.573  81.740 0.0000000000
47458  -13.136  -56.325  81.237 0.0000000000
47469  -12.748  -57.085  79.933 0.0000000000
47481  -12.822  -57.240  79.087 0.0000000000
46261  -12.247  -57.706  78.579 0.0000000000
46241  -9.952  -58.004  80.149 0.0000000000
45015  -7.651  -59.616  79.698 0.0000000000
43776  -7.412  -60.044  79.772 0.0000000000
42534  -7.825  -60.569  79.857 0.0000000000
42520  -8.718  -60.247  80.957 0.0000000000
42519  -8.423  -60.659  80.278 0.0000000000
64393  -56.646  -42.467  68.322 0.0000000000
57239  -54.497  -48.906  68.933 0.0000000000
57282  -54.417  -48.162  67.493 0.0000000000
59766  -52.861  -45.654  64.490 0.0000000000
62057  -52.872  -44.660  65.311 0.0000000000
59725  -55.628  -46.116  67.603 0.0000000000
63182  -55.238  -43.176  68.100 0.0000000000
64391  -54.966  -42.286  68.270 0.0000000000
65639  -53.335  -40.873  67.988 0.0000000000
66859  -52.721  -40.376  67.621 0.0000000000
66858  -52.078  -40.188  67.226 0.0000000000
66867  -51.489  -40.430  66.712 0.0000000000
68018  -50.492  -39.475  65.971 0.0000000000
69124  -50.045  -38.944  65.195 0.0000000000
69155  -49.320  -38.701  64.080 0.0000000000
68046  -48.665  -39.465  64.098 0.0000000000
68057  -47.885  -39.426  63.155 0.0000000000
68045  -48.272  -39.436  63.706 0.0000000000
69154  -48.936  -38.639  63.614 0.0000000000
69207  -47.565  -38.924  60.256 0.0000000000
71593  -46.190  -37.279  57.192 0.0000000000
65749  -46.966  -41.737  60.677 0.0000000000
68081  -44.739  -39.986  59.205 0.0000000000
68082  -45.764  -39.890  60.015 0.0000000000
69204  -45.455  -39.393  58.932 0.0000000000
70352  -43.774  -39.126  58.169 0.0000000000
70383  -44.506  -37.939  57.279 0.0000000000
70384  -45.545  -37.876  57.539 0.0000000000
70385  -46.124  -37.793  57.681 0.0000000000
45081  -26.494  -58.234  76.890 0.0000000000
45064  -26.946  -58.089  78.066 0.0000000000
46265  -27.970  -57.831  77.660 0.0000000000
46308  -30.342  -57.381  76.697 0.0000000000
46288  -30.564  -57.519  77.626 0.0000000000
52478  -31.806  -52.644  67.156 0.0000000000
51215  -33.389  -53.530  69.515 0.0000000000
51200  -33.853  -53.714  70.226 0.0000000000
53632  -34.246  -51.740  69.138 0.0000000000
52420  -34.478  -52.830  70.107 0.0000000000
51191  -34.370  -54.053  71.114 0.0000000000
51179  -34.743  -54.129  71.772 0.0000000000
51180  -35.285  -53.862  72.249 0.0000000000
57312  -36.267  -48.090  65.232 0.0000000000
57269  -36.177  -48.211  67.264 0.0000000000
57233  -36.903  -48.829  68.600 0.0000000000
57232  -36.431  -48.787  68.758 0.0000000000
57231  -35.703  -48.836  68.880 0.0000000000
56068  -35.603  -49.541  69.272 0.0000000000
54832  -35.864  -50.730  69.911 0.0000000000
53588  -36.046  -52.307  70.927 0.0000000000
52372  -35.922  -53.379  72.455 0.0000000000
51157  -35.588  -53.756  73.144 0.0000000000
51105  -35.550  -54.045  74.110 0.0000000000
51106  -35.854  -54.012  74.368 0.0000000000
49974  -35.912  -54.658  74.834 0.0000000000
52323  -36.724  -53.047  73.879 0.0000000000
51107  -36.476  -53.812  74.435 0.0000000000
49955  -36.477  -55.329  75.313 0.0000000000
53553  -38.778  -52.040  73.324 0.0000000000
51132  -38.741  -53.868  73.819 0.0000000000
48858  -19.910  -55.572  71.857 0.0000000000
49942  -17.332  -54.881  76.013 0.0000000000
48757  -17.994  -55.019  77.488 0.0000000000
46252  -21.885  -58.138  80.161 0.0000000000
71578  -48.799  -36.430  58.378 0.0000000000
72868  -49.302  -36.247  58.787 0.0000000000
74139  -50.134  -34.146  57.145 0.0000000000
74128  -50.540  -34.433  57.960 0.0000000000
72823  -52.622  -35.450  62.360 0.0000000000
74084  -53.275  -34.845  62.577 0.0000000000
76721  -55.499  -32.867  57.671 0.0000000000
76720  -54.616  -32.876  57.595 0.0000000000
76699  -54.859  -32.935  58.490 0.0000000000
76659  -55.581  -33.162  60.182 0.0000000000
75366  -54.511  -33.398  60.188 0.0000000000
75346  -55.050  -33.416  60.831 0.0000000000
82589  -65.434  -26.773  52.620 0.0000000000
84836  -66.809  -25.711  52.067 0.0000000000
84856  -67.533  -25.419  51.453 0.0000000000
83753  -63.578  -26.431  49.471 0.0000000000
83754  -64.429  -26.413  49.762 0.0000000000
83755  -64.938  -26.385  50.047 0.0000000000
84870  -65.910  -25.911  50.782 0.0000000000
84857  -68.105  -25.522  51.255 0.0000000000
86054  -68.459  -25.088  50.472 0.0000000000
86064  -69.093  -25.025  49.934 0.0000000000
87370  -68.538  -23.961  49.563 0.0000000000
87364  -68.750  -24.377  49.777 0.0000000000
84896  -69.414  -25.617  48.555 0.0000000000
86096  -67.272  -24.160  46.839 0.0000000000
87384  -68.539  -23.091  47.702 0.0000000000
88537  -69.062  -23.017  48.157 0.0000000000
88544  -69.748  -22.676  47.201 0.0000000000
88538  -69.434  -23.058  47.826 0.0000000000
87385  -69.842  -23.498  47.702 0.0000000000
41208  -9.896  -60.854  81.116 0.0000000000
42533  -7.742  -60.933  79.253 0.0000000000
45129  -26.009  -58.109  74.579 0.0000000000
46218  -10.350  -57.812  82.963 0.0000000000
46237  -11.251  -57.183  81.807 0.0000000000
46289  -31.131  -57.627  77.912 0.0000000000
46291  -35.231  -57.675  75.634 0.0000000000
46336  -26.291  -57.846  74.072 0.0000000000
46371  -27.093  -57.429  72.647 0.0000000000
46374  -29.399  -57.125  72.852 0.0000000000
46381  -27.428  -57.232  71.988 0.0000000000
47450  -11.573  -56.776  82.993 0.0000000000
47499  -13.326  -57.031  77.687 0.0000000000
47515  -12.905  -57.191  76.416 0.0000000000
47517  -13.952  -56.341  76.782 0.0000000000
47595  -28.758  -56.971  72.072 0.0000000000
47613  -28.565  -56.807  71.423 0.0000000000
47627  -27.490  -56.778  70.784 0.0000000000
47628  -28.285  -56.623  70.713 0.0000000000
47629  -28.993  -56.491  70.924 0.0000000000
47645  -27.882  -56.547  70.332 0.0000000000
48691  -12.967  -55.838  83.267 0.0000000000
48732  -13.857  -56.424  79.282 0.0000000000
48779  -33.687  -56.763  75.916 0.0000000000
48810  -13.237  -56.143  74.442 0.0000000000
48813  -19.121  -55.413  74.804 0.0000000000
48836  -14.731  -55.057  73.891 0.0000000000
49887  -16.270  -54.964  79.852 0.0000000000
49975  -36.463  -54.648  75.001 0.0000000000
49994  -19.067  -55.400  74.394 0.0000000000
50056  -32.070  -54.920  69.654 0.0000000000
51108  -36.919  -54.085  74.666 0.0000000000
51110  -40.899  -53.148  74.457 0.0000000000
51128  -35.666  -53.804  73.699 0.0000000000
51158  -35.902  -53.441  73.413 0.0000000000
51199  -33.206  -54.029  69.823 0.0000000000
51205  -45.361  -53.310  70.232 0.0000000000
52306  -36.818  -53.287  74.197 0.0000000000
52309  -40.902  -52.729  74.336 0.0000000000
52324  -37.141  -53.001  74.041 0.0000000000
52347  -36.666  -52.925  73.402 0.0000000000
52398  -41.249  -52.536  71.128 0.0000000000
52437  -33.214  -53.212  69.102 0.0000000000
52510  -47.757  -52.215  66.884 0.0000000000
53538  -40.191  -51.974  73.866 0.0000000000
53593  -41.444  -52.330  71.679 0.0000000000
53616  -40.974  -52.442  70.950 0.0000000000
53727  -40.362  -51.174  64.921 0.0000000000
54778  -37.467  -52.550  72.458 0.0000000000
54799  -39.826  -51.597  72.772 0.0000000000
54875  -33.725  -50.989  67.759 0.0000000000
54879  -50.572  -50.365  68.344 0.0000000000
54880  -50.863  -50.166  68.773 0.0000000000
54914  -50.129  -50.444  67.037 0.0000000000
56123  -33.483  -49.509  67.436 0.0000000000
56133  -52.139  -49.148  67.870 0.0000000000
56147  -32.634  -49.573  66.799 0.0000000000
58444  -54.263  -48.021  66.829 0.0000000000
58552  -52.525  -46.966  63.905 0.0000000000
60898  -52.652  -45.168  64.582 0.0000000000
64454  -50.169  -42.186  63.601 0.0000000000
66940  -44.392  -40.324  59.260 0.0000000000
67997  -53.545  -39.790  68.259 0.0000000000
68001  -56.612  -39.520  68.253 0.0000000000
69079  -53.363  -39.103  68.119 0.0000000000
69080  -54.340  -38.830  68.220 0.0000000000
69125  -50.674  -38.661  65.404 0.0000000000
69126  -51.111  -38.579  65.896 0.0000000000
70276  -52.400  -38.446  66.830 0.0000000000
70320  -49.683  -38.551  63.875 0.0000000000
76771  -56.487  -32.585  56.355 0.0000000000
76804  -50.814  -32.532  54.132 0.0000000000
80198  -60.571  -30.091  54.335 0.0000000000
80219  -55.579  -29.941  52.072 0.0000000000
86063  -68.655  -24.713  49.993 0.0000000000
86090  -70.147  -23.615  46.732 0.0000000000
87355  -67.918  -24.896  50.415 0.0000000000
87362  -68.036  -24.659  50.260 0.0000000000
87399  -70.057  -23.793  45.221 0.0000000000
87403  -70.320  -22.942  45.025 0.0000000000
89680  -70.332  -22.103  45.788 0.0000000000
89687  -70.369  -21.682  45.348 0.0000000000
89696  -70.408  -21.637  44.639 0.0000000000
89726  -68.667  -21.992  41.228 0.0000000000
90855  -70.297  -20.872  45.053 0.0000000000
