#!ascii label  , from subject 3461 vox2ras=TkReg
1097
95672  -24.114  -16.565  -3.692 0.5555555820
95682  -25.318  -16.513  -4.529 0.6666666865
98011  -25.332  -14.603  -4.738 0.7777777910
96817  -25.949  -15.562  -5.058 0.7777777910
100234  -25.269  -12.977  -5.197 0.8888888955
99160  -27.731  -13.444  -6.600 0.8888888955
95671  -23.426  -16.581  -3.364 0.5555555820
96797  -23.534  -15.601  -3.361 0.5555555820
97998  -24.244  -14.639  -3.858 0.6666666865
99109  -24.255  -13.925  -4.052 0.8888888955
98021  -25.951  -14.598  -5.211 0.8888888955
99145  -25.856  -13.681  -5.470 0.8888888955
100275  -26.855  -12.432  -6.483 1.0000000000
99161  -28.693  -13.407  -6.910 0.8888888955
100294  -28.298  -11.824  -7.221 1.0000000000
97996  -22.944  -14.608  -3.005 0.7777777910
100211  -23.472  -12.561  -3.771 1.0000000000
101340  -23.428  -11.683  -3.921 1.0000000000
101357  -23.948  -11.694  -4.410 1.0000000000
101378  -25.553  -11.509  -5.814 1.0000000000
101396  -26.170  -11.456  -6.309 1.0000000000
102503  -24.882  -10.647  -5.563 1.0000000000
102504  -25.504  -10.586  -6.061 1.0000000000
102515  -26.175  -10.527  -6.565 1.0000000000
101416  -28.258  -11.109  -7.350 1.0000000000
103608  -25.548  -9.827  -6.314 1.0000000000
102516  -26.951  -10.379  -7.069 1.0000000000
102536  -28.826  -10.071  -7.327 1.0000000000
103635  -27.571  -9.261  -7.450 1.0000000000
103637  -28.869  -9.280  -7.404 0.7777777910
102468  -22.243  -10.367  -3.181 0.8888888955
102470  -23.473  -10.835  -4.078 1.0000000000
103593  -24.378  -9.924  -5.201 1.0000000000
103570  -23.117  -9.855  -3.938 1.0000000000
103607  -24.796  -9.495  -5.804 1.0000000000
103620  -25.343  -9.062  -6.285 1.0000000000
103622  -26.880  -9.304  -7.181 1.0000000000
104717  -27.011  -8.393  -7.344 1.0000000000
104731  -28.387  -8.442  -7.521 1.0000000000
104732  -28.963  -8.508  -7.314 0.8888888955
105724  -29.022  -7.706  -7.060 1.0000000000
105711  -29.569  -7.682  -6.584 0.7777777910
105712  -30.291  -7.743  -6.133 0.7777777910
104661  -21.937  -8.718  -3.099 0.5555555820
106798  -22.621  -6.589  -4.355 0.7777777910
104685  -23.075  -8.521  -4.380 0.8888888955
104701  -24.152  -8.365  -5.524 1.0000000000
105697  -23.641  -7.430  -5.201 0.8888888955
104702  -24.809  -8.286  -6.071 1.0000000000
105709  -25.773  -7.409  -6.872 1.0000000000
105721  -27.171  -7.480  -7.466 1.0000000000
106843  -28.677  -7.133  -7.163 0.8888888955
106842  -28.234  -6.529  -7.322 1.0000000000
106829  -28.991  -6.604  -6.833 0.8888888955
107845  -30.180  -5.658  -5.893 0.7777777910
106816  -31.477  -6.511  -5.271 0.6666666865
107830  -31.639  -5.442  -5.106 0.6666666865
106751  -20.927  -6.776  -2.207 0.4444444478
106773  -21.598  -6.693  -3.002 0.7777777910
107784  -21.708  -5.671  -3.411 0.6666666865
106813  -23.778  -6.415  -5.397 0.7777777910
106826  -25.440  -6.333  -6.893 0.8888888955
105710  -26.469  -7.500  -7.211 1.0000000000
106839  -25.949  -6.162  -7.271 1.0000000000
107855  -26.823  -5.622  -7.469 1.0000000000
107856  -27.557  -5.553  -7.381 1.0000000000
107857  -28.190  -5.331  -7.145 0.8888888955
107844  -29.427  -5.609  -6.395 0.7777777910
107831  -32.221  -5.376  -4.617 0.5555555820
108789  -30.511  -4.618  -5.664 0.7777777910
108791  -31.885  -4.455  -4.953 0.6666666865
108745  -22.004  -4.710  -3.655 0.6666666865
107811  -23.349  -5.536  -5.071 0.7777777910
108770  -23.055  -4.701  -4.669 0.7777777910
107828  -24.498  -5.315  -6.152 0.8888888955
107841  -25.030  -5.309  -6.753 0.8888888955
108812  -26.224  -4.753  -7.435 1.0000000000
108813  -27.048  -4.688  -7.422 1.0000000000
109793  -28.642  -3.774  -6.625 0.8888888955
109795  -30.042  -3.687  -5.738 0.8888888955
108805  -29.739  -4.648  -6.028 0.7777777910
109794  -29.354  -3.716  -6.241 0.7777777910
109778  -31.541  -3.565  -5.233 0.7777777910
109779  -32.127  -3.480  -4.789 0.6666666865
108744  -21.403  -4.685  -3.077 0.5555555820
108787  -23.558  -4.565  -5.231 0.8888888955
108801  -24.704  -4.377  -6.420 0.8888888955
109790  -24.976  -3.414  -6.587 1.0000000000
108802  -25.392  -4.330  -7.047 1.0000000000
110829  -27.091  -3.311  -7.292 1.0000000000
109805  -27.989  -3.917  -7.027 0.8888888955
110820  -30.395  -2.747  -5.594 0.7777777910
111842  -31.406  -1.833  -5.114 0.7777777910
110796  -31.757  -2.638  -5.004 0.6666666865
110776  -32.934  -2.391  -4.168 0.5555555820
109756  -32.702  -3.360  -4.276 0.5555555820
109733  -22.371  -3.836  -3.859 0.7777777910
110759  -22.149  -2.869  -3.650 0.6666666865
109755  -23.294  -3.750  -4.733 0.8888888955
109792  -26.194  -3.186  -7.187 1.0000000000
111881  -27.784  -2.480  -6.812 0.8888888955
110831  -28.213  -2.984  -6.811 0.8888888955
111866  -28.318  -1.996  -6.518 0.8888888955
110818  -28.933  -2.844  -6.469 0.8888888955
111841  -30.716  -1.801  -5.387 0.7777777910
112989  -31.188  -0.845  -5.091 0.7777777910
112990  -31.619  -1.295  -4.950 0.7777777910
111828  -32.554  -1.568  -4.467 0.5555555820
112988  -30.135  -0.822  -5.454 0.7777777910
112979  -31.928  -0.754  -4.742 0.5555555820
111829  -33.207  -1.496  -3.983 0.5555555820
112978  -31.528  -0.505  -4.914 0.6666666865
111800  -21.176  -1.874  -2.165 0.4444444478
110775  -23.476  -2.679  -4.883 0.7777777910
110794  -24.748  -2.583  -6.156 1.0000000000
110793  -24.175  -2.570  -5.549 0.8888888955
111862  -25.047  -2.031  -6.271 1.0000000000
111864  -26.499  -1.671  -6.708 0.8888888955
113008  -27.947  -0.948  -6.466 0.8888888955
111865  -27.402  -1.944  -6.762 0.8888888955
113009  -28.759  -0.923  -6.130 0.8888888955
113010  -29.430  -1.206  -5.729 0.8888888955
112980  -32.811  -0.507  -4.079 0.5555555820
114113  -24.255  -0.046  -4.790 0.6666666865
111827  -23.004  -1.634  -4.275 0.6666666865
112986  -24.993  -0.445  -5.653 0.7777777910
113006  -26.207  -0.690  -6.339 0.8888888955
113005  -25.540  -0.551  -6.014 0.7777777910
114132  -26.700  0.159  -6.215 0.7777777910
113007  -27.082  -0.795  -6.523 0.8888888955
114133  -27.731  0.173  -6.240 0.7777777910
114117  -28.743  0.300  -5.973 0.7777777910
114118  -29.723  0.278  -5.521 0.6666666865
116163  -29.640  1.813  -5.143 0.6666666865
115142  -30.145  1.194  -5.104 0.6666666865
115143  -30.928  0.859  -4.880 0.6666666865
114119  -30.624  0.136  -5.215 0.5555555820
116143  -31.168  2.440  -4.587 0.6666666865
115122  -30.782  1.632  -4.753 0.5555555820
115124  -32.708  1.388  -4.401 0.5555555820
114105  -32.974  0.560  -4.045 0.4444444478
116144  -32.224  2.405  -4.503 0.5555555820
115102  -23.885  1.172  -4.161 0.3333333433
114102  -24.325  0.540  -4.751 0.5555555820
114114  -24.691  0.284  -5.270 0.6666666865
115120  -24.687  1.227  -4.788 0.5555555820
115146  -25.243  0.597  -5.686 0.7777777910
115148  -26.194  1.012  -6.039 0.7777777910
115138  -26.610  1.785  -5.631 0.6666666865
115150  -27.745  0.995  -5.841 0.6666666865
115149  -27.072  0.996  -5.973 0.6666666865
115140  -28.349  1.423  -5.617 0.6666666865
116162  -29.046  2.377  -5.078 0.6666666865
116141  -29.472  2.909  -4.760 0.6666666865
116142  -30.065  2.420  -4.815 0.6666666865
117143  -32.752  3.449  -4.359 0.5555555820
117142  -31.667  3.445  -4.500 0.6666666865
115103  -24.882  2.043  -4.189 0.4444444478
116128  -23.823  1.758  -3.095 0.4444444478
115104  -25.182  2.269  -3.937 0.5555555820
115121  -25.338  1.985  -4.400 0.5555555820
115137  -25.624  1.678  -5.347 0.6666666865
116160  -27.089  2.532  -5.171 0.6666666865
115139  -27.469  1.725  -5.616 0.6666666865
117154  -29.136  3.305  -4.760 0.6666666865
118127  -31.078  4.427  -4.694 0.6666666865
118128  -32.131  4.470  -4.464 0.5555555820
116130  -24.888  2.619  -3.487 0.4444444478
117150  -26.284  2.776  -4.532 0.6666666865
116159  -26.340  2.421  -5.028 0.6666666865
117151  -26.719  3.034  -4.571 0.6666666865
116161  -27.985  2.510  -5.191 0.6666666865
117140  -29.718  3.587  -4.740 0.6666666865
99128  -25.266  -13.680  -4.962 0.8888888955
99108  -23.632  -13.582  -3.663 1.0000000000
100232  -23.993  -12.566  -4.229 1.0000000000
100255  -24.995  -12.282  -5.145 1.0000000000
100276  -27.846  -12.359  -6.960 1.0000000000
107767  -21.197  -5.694  -2.666 0.5555555820
108815  -28.078  -4.615  -7.092 0.8888888955
109732  -21.767  -3.744  -3.350 0.5555555820
111811  -22.193  -1.707  -3.294 0.5555555820
110815  -25.980  -2.470  -6.862 1.0000000000
111868  -29.927  -1.890  -5.678 0.8888888955
111796  -21.445  -1.378  -1.849 0.2222222239
114104  -32.248  0.347  -4.476 0.6666666865
116158  -25.884  2.459  -4.558 0.6666666865
117137  -26.096  3.317  -4.129 0.6666666865
109721  -21.181  -3.706  -2.766 0.4444444478
118129  -33.248  4.506  -4.305 0.5555555820
117144  -33.878  3.457  -4.291 0.5555555820
116129  -24.269  2.076  -3.361 0.3333333433
93574  -25.085  -18.435  -4.416 0.5555555820
94618  -25.308  -17.536  -4.534 0.5555555820
95681  -24.758  -16.565  -4.102 0.6666666865
95692  -25.844  -16.503  -4.978 0.5555555820
95693  -26.519  -16.527  -5.406 0.5555555820
96830  -27.910  -15.007  -6.153 0.7777777910
98034  -28.646  -14.342  -6.641 0.8888888955
93573  -24.403  -18.375  -4.021 0.5555555820
96818  -26.645  -15.533  -5.503 0.6666666865
98022  -26.640  -14.550  -5.651 0.8888888955
98035  -29.461  -14.284  -6.800 0.7777777910
99162  -29.550  -13.368  -6.985 0.7777777910
100278  -29.534  -12.407  -7.055 0.8888888955
94609  -22.721  -17.529  -3.095 0.4444444478
96796  -22.874  -15.664  -2.975 0.5555555820
100295  -28.890  -11.736  -7.246 1.0000000000
99080  -22.298  -13.615  -2.717 0.2222222239
100187  -22.283  -12.652  -2.919 0.6666666865
102518  -29.686  -10.246  -6.869 0.8888888955
103623  -29.891  -9.465  -6.753 0.6666666865
104718  -30.083  -8.638  -6.491 0.7777777910
104703  -31.265  -8.370  -5.673 0.6666666865
101323  -21.713  -11.713  -2.612 0.5555555820
105700  -31.389  -7.599  -5.460 0.6666666865
103544  -21.204  -9.797  -2.318 0.4444444478
107812  -32.821  -5.305  -4.135 0.5555555820
105635  -20.236  -7.984  -1.325 0.2222222239
107760  -20.696  -5.720  -1.909 0.4444444478
108753  -33.545  -3.659  -3.514 0.5555555820
108726  -19.321  -4.279  -0.812 0.3333333433
109741  -33.877  -3.003  -3.279 0.5555555820
110758  -21.538  -2.771  -3.087 0.4444444478
111820  -34.498  -1.466  -3.126 0.4444444478
111795  -20.845  -1.668  -1.516 0.3333333433
112971  -34.176  -0.649  -3.386 0.5555555820
115105  -34.212  0.897  -3.522 0.4444444478
114085  -23.580  0.412  -3.535 0.3333333433
112964  -23.238  -0.309  -3.229 0.4444444478
118130  -34.387  4.525  -4.360 0.2222222239
116122  -23.787  2.335  -2.811 0.3333333433
116140  -25.498  2.667  -3.993 0.6666666865
117153  -28.483  3.382  -4.789 0.6666666865
118136  -29.055  4.258  -4.836 0.6666666865
118137  -29.541  4.683  -4.910 0.6666666865
119037  -30.414  5.307  -4.846 0.6666666865
118126  -30.105  4.422  -4.812 0.6666666865
119039  -32.556  5.522  -4.466 0.4444444478
119041  -34.774  5.503  -4.600 0.3333333433
96798  -24.224  -15.590  -3.711 0.6666666865
94617  -24.609  -17.506  -4.097 0.5555555820
96807  -24.796  -15.591  -4.178 0.6666666865
96808  -25.363  -15.573  -4.601 0.7777777910
98010  -24.767  -14.649  -4.313 0.7777777910
100233  -24.640  -12.630  -4.738 1.0000000000
99127  -24.602  -13.603  -4.436 1.0000000000
99147  -27.280  -13.834  -6.257 0.8888888955
98033  -27.917  -14.378  -6.340 0.8888888955
94611  -23.925  -17.473  -3.732 0.5555555820
94610  -23.268  -17.455  -3.416 0.4444444478
95670  -22.819  -16.678  -3.015 0.4444444478
97997  -23.585  -14.594  -3.469 0.8888888955
100257  -26.385  -12.830  -6.148 1.0000000000
100256  -25.676  -12.593  -5.668 1.0000000000
100274  -26.111  -12.175  -6.089 1.0000000000
100277  -28.821  -12.537  -7.144 1.0000000000
101398  -27.646  -11.305  -7.186 1.0000000000
99107  -23.016  -13.582  -3.066 0.8888888955
99126  -24.005  -13.228  -4.009 1.0000000000
100210  -22.970  -12.617  -3.270 0.8888888955
101339  -22.918  -11.722  -3.449 0.8888888955
102450  -22.425  -11.051  -3.207 0.8888888955
102469  -22.887  -10.728  -3.542 1.0000000000
101358  -24.457  -11.618  -4.851 1.0000000000
102489  -23.920  -10.792  -4.504 1.0000000000
101377  -24.959  -11.571  -5.350 1.0000000000
101397  -26.924  -11.426  -6.792 1.0000000000
103571  -23.538  -10.279  -4.269 1.0000000000
101417  -28.859  -10.911  -7.278 0.8888888955
102535  -28.137  -10.183  -7.451 1.0000000000
103621  -26.107  -9.398  -6.686 1.0000000000
102534  -27.436  -9.958  -7.340 1.0000000000
103636  -28.263  -9.282  -7.525 1.0000000000
102537  -29.242  -9.955  -7.143 0.8888888955
103638  -29.365  -9.354  -7.117 0.7777777910
103569  -22.402  -9.678  -3.420 1.0000000000
103545  -21.780  -9.678  -2.909 0.5555555820
102449  -21.825  -10.728  -2.789 0.6666666865
103592  -23.683  -9.646  -4.605 1.0000000000
103591  -23.079  -9.192  -4.196 0.8888888955
103606  -24.081  -9.181  -5.229 1.0000000000
104715  -25.547  -8.280  -6.526 1.0000000000
104716  -26.324  -8.374  -6.920 1.0000000000
105722  -27.912  -7.502  -7.564 1.0000000000
106815  -30.692  -6.812  -5.710 0.7777777910
104635  -21.347  -8.792  -2.420 0.5555555820
105662  -21.520  -7.750  -2.621 0.6666666865
105663  -22.090  -7.682  -3.361 0.6666666865
104662  -22.551  -8.755  -3.825 0.7777777910
105685  -22.570  -7.612  -4.063 0.7777777910
106774  -22.163  -6.635  -3.693 0.6666666865
106799  -23.195  -6.512  -4.867 0.8888888955
105686  -23.106  -7.511  -4.626 0.8888888955
104686  -23.574  -8.446  -4.952 1.0000000000
105698  -24.292  -7.319  -5.725 0.8888888955
106841  -27.373  -6.535  -7.481 1.0000000000
106828  -28.542  -5.976  -7.051 0.8888888955
106830  -29.816  -6.694  -6.209 0.7777777910
107829  -30.977  -5.589  -5.521 0.6666666865
106817  -31.975  -6.244  -4.801 0.5555555820
106739  -20.463  -6.462  -1.508 0.3333333433
106750  -20.477  -7.211  -1.570 0.3333333433
107785  -22.240  -5.652  -4.037 0.6666666865
107810  -22.763  -5.615  -4.592 0.7777777910
106825  -24.843  -6.076  -6.435 0.8888888955
106827  -26.005  -6.798  -7.187 1.0000000000
107854  -26.223  -5.699  -7.412 1.0000000000
108804  -29.041  -4.630  -6.469 0.7777777910
109777  -30.842  -3.633  -5.532 0.7777777910
108771  -32.501  -4.370  -4.470 0.5555555820
109803  -26.663  -3.746  -7.368 1.0000000000
110795  -31.133  -2.695  -5.339 0.7777777910
108734  -20.890  -4.694  -2.339 0.4444444478
109776  -24.443  -3.490  -5.962 0.8888888955
109802  -25.973  -3.835  -7.319 1.0000000000
110830  -27.519  -3.009  -7.109 0.8888888955
111843  -31.935  -1.765  -4.826 0.6666666865
111819  -33.842  -1.463  -3.564 0.5555555820
110777  -33.525  -2.266  -3.696 0.5555555820
110774  -22.765  -2.994  -4.256 0.6666666865
109775  -23.807  -3.573  -5.387 0.8888888955
110816  -26.824  -2.704  -7.113 1.0000000000
111867  -29.195  -1.925  -6.126 0.8888888955
112987  -29.353  -0.461  -5.754 0.8888888955
112970  -33.520  -0.790  -3.709 0.5555555820
111810  -21.467  -2.067  -2.704 0.5555555820
111826  -22.443  -2.272  -3.936 0.5555555820
111839  -24.733  -1.544  -5.799 0.7777777910
111838  -23.879  -1.605  -5.095 0.7777777910
111863  -25.535  -1.538  -6.376 0.7777777910
114089  -33.632  0.171  -3.580 0.5555555820
112977  -23.362  -0.473  -3.944 0.5555555820
112984  -23.775  -0.677  -4.615 0.5555555820
114101  -23.868  0.285  -4.346 0.4444444478
112985  -24.408  -0.670  -5.180 0.6666666865
114115  -25.008  0.133  -5.590 0.6666666865
114131  -25.920  0.164  -6.024 0.7777777910
111840  -25.211  -1.017  -5.951 0.7777777910
114134  -28.315  -0.325  -6.277 0.7777777910
114116  -28.145  0.721  -5.915 0.6666666865
115141  -29.302  1.260  -5.499 0.6666666865
115123  -31.661  1.310  -4.686 0.5555555820
116145  -33.314  2.391  -4.323 0.4444444478
115125  -33.655  1.339  -3.889 0.4444444478
115136  -25.074  0.887  -5.503 0.6666666865
117141  -30.632  3.463  -4.661 0.6666666865
118125  -29.600  4.258  -4.810 0.6666666865
109720  -20.728  -3.759  -2.275 0.4444444478
111801  -21.766  -1.449  -2.394 0.3333333433
107759  -20.157  -5.680  -1.063 0.4444444478
108733  -20.571  -4.396  -1.921 0.4444444478
117145  -34.983  3.514  -4.262 0.3333333433
119040  -33.705  5.538  -4.414 0.3333333433
96832  -29.424  -15.278  -6.566 0.6666666865
93566  -23.696  -18.293  -3.671 0.4444444478
100296  -29.440  -11.549  -7.052 0.7777777910
93565  -23.101  -18.141  -3.401 0.3333333433
104719  -30.807  -8.703  -6.051 0.6666666865
101324  -22.317  -11.745  -3.080 0.7777777910
105636  -20.861  -7.906  -1.964 0.3333333433
104621  -20.048  -8.990  -1.135 0.1111111119
106738  -20.110  -6.890  -0.872 0.1111111119
107758  -19.726  -5.013  -0.855 0.4444444478
109714  -19.876  -3.971  -1.281 0.3333333433
110747  -20.555  -3.266  -2.093 0.3333333433
112963  -22.741  -0.845  -3.050 0.3333333433
119038  -31.430  5.430  -4.612 0.6666666865
93576  -29.401  -18.841  -5.275 0.4444444478
92532  -31.509  -19.610  -2.545 0.2222222239
92557  -26.301  -19.331  -4.961 0.4444444478
92566  -26.932  -19.190  -5.255 0.4444444478
94619  -25.913  -17.869  -4.861 0.4444444478
93583  -27.030  -18.366  -5.392 0.4444444478
93585  -28.963  -18.361  -5.733 0.4444444478
93586  -29.450  -17.820  -5.590 0.4444444478
94612  -31.620  -17.628  -3.856 0.2222222239
94628  -27.185  -17.463  -5.598 0.4444444478
94629  -28.095  -17.422  -5.947 0.4444444478
94630  -29.012  -17.289  -5.976 0.4444444478
94613  -32.208  -17.168  -3.689 0.1111111119
94601  -33.383  -17.249  -2.883 0.1111111119
95683  -30.675  -16.742  -4.949 0.3333333433
95694  -27.345  -16.478  -5.815 0.4444444478
95695  -28.294  -16.368  -6.181 0.4444444478
95697  -30.288  -16.397  -5.665 0.3333333433
95684  -31.037  -16.238  -4.998 0.3333333433
94614  -32.871  -16.746  -3.454 0.2222222239
95696  -29.332  -16.301  -6.242 0.4444444478
98012  -31.645  -14.884  -4.993 0.2222222239
98013  -32.157  -14.644  -4.512 0.1111111119
98000  -33.235  -14.629  -3.599 0.1111111119
98024  -30.697  -14.945  -6.130 0.3333333433
98025  -31.079  -14.555  -5.740 0.3333333433
98036  -30.303  -14.299  -6.543 0.4444444478
99163  -30.195  -13.111  -6.750 0.5555555820
99164  -30.645  -12.772  -6.305 0.6666666865
100235  -32.261  -12.565  -4.708 0.4444444478
100279  -30.058  -12.032  -6.780 0.6666666865
101359  -32.459  -11.430  -4.807 0.3333333433
100280  -30.640  -11.813  -6.389 0.6666666865
102505  -31.570  -10.537  -5.806 0.5555555820
101400  -30.008  -11.053  -6.761 0.6666666865
102520  -30.956  -10.429  -6.294 0.5555555820
103609  -31.793  -9.666  -5.595 0.5555555820
102506  -32.146  -10.545  -5.252 0.4444444478
103610  -32.376  -9.611  -5.084 0.3333333433
102519  -30.284  -10.311  -6.602 0.5555555820
105687  -32.757  -7.782  -4.343 0.4444444478
105701  -32.117  -7.409  -4.933 0.5555555820
104704  -31.876  -8.613  -5.373 0.4444444478
106800  -32.626  -6.500  -4.249 0.4444444478
117152  -27.524  3.520  -4.615 0.5555555820
117139  -27.239  4.127  -4.351 0.5555555820
118135  -28.199  4.356  -4.652 0.5555555820
119047  -29.203  5.241  -4.979 0.5555555820
119036  -29.749  5.146  -4.989 0.5555555820
119977  -30.602  6.325  -4.695 0.5555555820
91492  -28.414  -19.890  -5.236 0.4444444478
93567  -30.482  -18.802  -4.109 0.2222222239
94626  -25.729  -17.212  -4.849 0.4444444478
94622  -31.545  -16.700  -4.335 0.2222222239
96810  -32.046  -15.504  -4.468 0.2222222239
96799  -32.670  -15.496  -3.930 0.1111111119
99148  -31.172  -13.442  -5.656 0.4444444478
99130  -31.832  -13.600  -4.901 0.3333333433
98037  -30.692  -13.650  -6.249 0.4444444478
100259  -31.616  -12.149  -5.479 0.4444444478
104705  -32.562  -8.636  -4.776 0.3333333433
106777  -33.012  -7.345  -3.888 0.4444444478
108773  -33.596  -4.744  -3.530 0.4444444478
119045  -27.934  5.260  -4.539 0.5555555820
119044  -27.392  5.095  -4.293 0.5555555820
90317  -26.648  -21.153  -4.791 0.4444444478
91479  -28.065  -20.463  -4.994 0.4444444478
91464  -29.168  -20.770  -4.017 0.4444444478
92531  -30.883  -19.923  -2.800 0.2222222239
92523  -31.924  -20.108  -1.889 0.1111111119
92555  -24.873  -19.273  -4.272 0.4444444478
91477  -26.094  -20.221  -4.848 0.4444444478
93556  -32.343  -18.145  -2.969 0.1111111119
93557  -32.982  -17.785  -2.765 0.1111111119
92524  -32.527  -19.573  -1.839 0.1111111119
95674  -33.302  -16.262  -3.353 0.1111111119
96801  -33.811  -15.342  -3.274 0.1111111119
98001  -33.873  -14.497  -3.255 0.1111111119
99111  -33.190  -13.721  -3.612 0.1111111119
100217  -33.141  -12.559  -3.849 0.2222222239
102494  -33.320  -10.603  -4.163 0.1111111119
100236  -32.726  -12.004  -4.435 0.2222222239
103596  -32.945  -9.652  -4.497 0.2222222239
104668  -33.407  -8.467  -3.689 0.2222222239
105667  -33.124  -8.034  -3.925 0.3333333433
106801  -32.989  -5.955  -3.843 0.4444444478
107813  -33.382  -5.391  -3.653 0.3333333433
107814  -33.834  -5.092  -3.343 0.3333333433
108772  -33.206  -4.273  -3.829 0.4444444478
108754  -33.919  -4.212  -3.204 0.3333333433
111812  -22.914  -1.002  -3.555 0.4444444478
116146  -34.478  2.333  -3.921 0.3333333433
117134  -25.437  3.347  -3.533 0.4444444478
119978  -31.746  6.489  -4.591 0.5555555820
118122  -25.860  3.835  -3.667 0.5555555820
118124  -27.021  4.592  -4.231 0.5555555820
119985  -28.889  5.703  -4.914 0.5555555820
119976  -29.454  6.038  -4.940 0.5555555820
119034  -26.948  5.396  -3.938 0.5555555820
92556  -25.584  -19.326  -4.621 0.4444444478
93575  -25.767  -18.511  -4.738 0.4444444478
96819  -27.471  -15.436  -5.947 0.5555555820
95704  -28.686  -15.843  -6.369 0.5555555820
103624  -30.547  -9.547  -6.413 0.5555555820
104720  -31.399  -9.011  -5.760 0.5555555820
94627  -26.346  -17.513  -5.197 0.4444444478
96833  -29.937  -14.868  -6.684 0.3333333433
96821  -29.897  -15.907  -6.300 0.3333333433
92568  -28.372  -19.224  -5.548 0.4444444478
92560  -30.116  -19.153  -4.295 0.4444444478
92545  -30.007  -19.751  -4.169 0.3333333433
92559  -29.493  -19.423  -4.838 0.4444444478
92546  -30.661  -19.463  -3.499 0.3333333433
93555  -31.683  -18.786  -2.969 0.1111111119
91478  -27.078  -20.195  -5.159 0.4444444478
93582  -26.389  -18.475  -5.040 0.4444444478
91490  -27.337  -19.580  -5.328 0.4444444478
92567  -27.544  -19.105  -5.485 0.4444444478
93584  -27.852  -18.354  -5.700 0.4444444478
93577  -29.966  -18.294  -4.852 0.4444444478
93578  -30.654  -17.754  -4.463 0.4444444478
94631  -29.753  -17.241  -5.576 0.4444444478
93568  -31.189  -18.301  -3.797 0.2222222239
94620  -30.383  -17.255  -4.948 0.4444444478
93569  -31.857  -17.814  -3.577 0.1111111119
94621  -31.144  -17.204  -4.341 0.2222222239
94586  -33.802  -17.625  -2.249 0.1111111119
96809  -31.426  -15.471  -5.060 0.3333333433
95698  -30.635  -15.867  -5.666 0.3333333433
95685  -31.804  -16.226  -4.404 0.2222222239
95673  -32.495  -16.245  -3.873 0.2222222239
99129  -31.531  -14.228  -5.146 0.2222222239
97999  -32.756  -14.826  -3.915 0.1111111119
99110  -32.546  -13.887  -4.138 0.1111111119
100258  -31.128  -12.420  -5.863 0.4444444478
99149  -31.568  -12.834  -5.323 0.4444444478
100216  -32.715  -13.176  -4.014 0.3333333433
101360  -33.034  -11.459  -4.321 0.1111111119
101380  -31.884  -11.447  -5.362 0.4444444478
101401  -30.654  -11.024  -6.460 0.5555555820
101379  -31.233  -11.419  -5.995 0.5555555820
106778  -33.365  -6.602  -3.482 0.4444444478
119046  -28.603  5.110  -4.819 0.5555555820
118134  -27.562  4.504  -4.418 0.5555555820
91480  -28.897  -20.234  -4.802 0.4444444478
96800  -33.253  -15.416  -3.551 0.1111111119
119035  -27.516  5.661  -4.245 0.5555555820
90318  -27.630  -21.394  -4.430 0.4444444478
91465  -29.995  -20.393  -3.639 0.4444444478
91466  -30.538  -20.240  -3.010 0.2222222239
91481  -29.556  -20.161  -4.353 0.4444444478
91476  -25.342  -20.139  -4.478 0.4444444478
93542  -32.738  -18.768  -2.247 0.1111111119
94602  -33.954  -16.892  -2.714 0.1111111119
84259  -28.775  -27.339  0.295 0.1111111119
85518  -25.327  -25.523  -2.790 0.3333333433
84293  -27.275  -26.209  -1.344 0.2222222239
84274  -27.663  -26.868  -0.767 0.2222222239
84275  -28.542  -26.528  -0.219 0.1111111119
84260  -29.532  -26.711  0.475 0.1111111119
87965  -23.943  -23.053  -3.444 0.3333333433
86758  -24.006  -24.156  -3.238 0.3333333433
86761  -26.834  -24.378  -2.675 0.3333333433
86762  -27.763  -24.422  -2.115 0.3333333433
85501  -27.739  -25.248  -1.599 0.2222222239
85502  -28.285  -25.325  -1.194 0.2222222239
84276  -29.167  -25.885  -0.115 0.1111111119
86720  -28.918  -24.954  -0.925 0.2222222239
90284  -22.941  -21.557  -3.027 0.2222222239
89144  -23.408  -22.239  -3.252 0.2222222239
86780  -24.361  -23.490  -3.443 0.3333333433
86781  -24.853  -23.740  -3.444 0.3333333433
86782  -25.649  -23.954  -3.318 0.3333333433
86740  -28.512  -24.664  -1.410 0.1111111119
91461  -23.105  -20.074  -3.168 0.2222222239
90299  -23.518  -21.165  -3.453 0.3333333433
90300  -24.487  -21.146  -4.002 0.3333333433
89145  -24.163  -22.142  -3.679 0.3333333433
90301  -25.209  -21.421  -4.289 0.3333333433
89146  -25.056  -22.213  -4.075 0.3333333433
89147  -26.025  -22.529  -4.030 0.3333333433
87969  -26.954  -23.294  -3.360 0.3333333433
89131  -27.678  -22.964  -3.192 0.3333333433
89149  -27.978  -22.253  -3.473 0.3333333433
89115  -28.695  -23.023  -2.242 0.3333333433
87949  -29.433  -23.410  -1.424 0.1111111119
89116  -29.131  -22.749  -2.023 0.2222222239
92542  -22.653  -19.197  -2.889 0.2222222239
91462  -23.882  -20.130  -3.670 0.2222222239
92543  -23.324  -19.057  -3.401 0.3333333433
91463  -24.650  -20.115  -4.101 0.3333333433
90316  -25.750  -21.088  -4.601 0.3333333433
89162  -25.680  -21.841  -4.329 0.3333333433
89164  -26.981  -21.762  -4.381 0.3333333433
90302  -27.839  -21.970  -3.792 0.3333333433
89133  -28.905  -22.353  -2.492 0.3333333433
90271  -29.749  -22.328  -1.755 0.1111111119
90303  -28.549  -21.671  -3.485 0.3333333433
90319  -28.468  -20.930  -4.385 0.3333333433
90304  -29.496  -21.137  -3.302 0.3333333433
107791  -33.802  -5.777  -3.244 0.2222222239
106779  -34.095  -6.479  -2.816 0.2222222239
110768  -34.547  -2.352  -2.898 0.3333333433
109742  -34.534  -3.319  -2.752 0.2222222239
85519  -25.968  -25.557  -2.561 0.3333333433
85500  -26.893  -25.679  -1.901 0.3333333433
85484  -28.051  -25.933  -0.975 0.2222222239
85486  -29.292  -25.384  -0.344 0.1111111119
87968  -26.344  -23.346  -3.528 0.3333333433
87948  -28.688  -23.548  -1.921 0.3333333433
83236  -28.081  -27.740  -0.127 0.1111111119
83222  -28.640  -27.894  0.340 0.1111111119
85517  -24.436  -25.404  -2.955 0.3333333433
84308  -24.842  -26.351  -2.607 0.3333333433
84309  -25.702  -26.296  -2.338 0.3333333433
84292  -26.432  -26.552  -1.732 0.3333333433
83223  -29.243  -27.955  0.670 0.1111111119
85468  -30.524  -25.336  0.562 0.1111111119
90298  -22.830  -20.826  -2.999 0.2222222239
87935  -29.708  -23.843  -0.890 0.1111111119
89117  -29.923  -22.832  -1.286 0.1111111119
89100  -30.527  -22.679  -0.871 0.1111111119
90286  -29.499  -21.812  -2.435 0.1111111119
91449  -30.158  -20.899  -2.805 0.1111111119
93554  -22.280  -18.470  -2.573 0.1111111119
107792  -34.283  -5.320  -2.846 0.2222222239
111821  -35.362  -1.636  -2.594 0.2222222239
111806  -35.567  -2.224  -2.488 0.2222222239
95658  -22.400  -16.908  -2.747 0.2222222239
92544  -24.170  -19.210  -3.830 0.4444444478
93564  -22.673  -18.341  -3.064 0.2222222239
108738  -34.617  -4.289  -2.625 0.2222222239
83214  -29.746  -28.107  1.077 0.1111111119
86760  -25.950  -24.775  -2.894 0.3333333433
86759  -25.043  -24.635  -3.205 0.3333333433
84310  -26.300  -25.867  -2.197 0.3333333433
87957  -23.230  -23.192  -3.007 0.2222222239
85520  -26.525  -25.228  -2.427 0.3333333433
85521  -27.166  -25.011  -2.175 0.3333333433
86783  -26.295  -24.026  -3.090 0.3333333433
87958  -26.767  -23.708  -3.122 0.3333333433
86763  -28.268  -24.083  -1.958 0.2222222239
87966  -24.635  -22.973  -3.641 0.3333333433
86721  -29.419  -24.758  -0.597 0.1111111119
86741  -29.188  -24.067  -1.286 0.1111111119
91448  -22.369  -20.069  -2.678 0.2222222239
90315  -25.089  -20.785  -4.313 0.3333333433
87967  -25.427  -23.138  -3.691 0.3333333433
89148  -27.241  -22.540  -3.712 0.3333333433
87959  -27.442  -23.471  -2.920 0.3333333433
89163  -26.389  -21.852  -4.374 0.3333333433
87950  -29.840  -23.359  -1.042 0.1111111119
90285  -28.769  -22.122  -2.772 0.3333333433
90287  -30.425  -21.280  -2.122 0.1111111119
82070  -27.401  -28.453  -0.270 0.1111111119
83255  -26.950  -27.038  -1.201 0.2222222239
84307  -23.932  -26.320  -2.714 0.2222222239
83270  -25.205  -27.003  -2.287 0.3333333433
84291  -25.763  -27.075  -1.935 0.3333333433
86757  -22.903  -24.192  -2.766 0.2222222239
106757  -34.806  -6.241  -2.342 0.1111111119
106759  -36.914  -6.169  -1.762 0.1111111119
106758  -35.588  -6.049  -1.807 0.1111111119
107774  -36.099  -5.099  -1.860 0.1111111119
107775  -36.910  -5.125  -2.094 0.1111111119
108741  -37.238  -4.223  -2.411 0.1111111119
109727  -35.656  -3.226  -2.334 0.1111111119
114091  -35.422  0.368  -3.064 0.2222222239
110769  -35.181  -2.637  -2.578 0.1111111119
109728  -36.804  -3.296  -2.350 0.1111111119
115107  -35.803  1.241  -3.398 0.1111111119
115126  -34.401  1.505  -3.659 0.2222222239
116147  -35.557  2.689  -3.900 0.1111111119
116133  -36.013  2.002  -3.691 0.1111111119
117138  -26.812  3.853  -4.289 0.4444444478
118113  -25.086  4.155  -2.263 0.4444444478
118123  -26.303  4.441  -3.802 0.4444444478
118132  -36.167  3.992  -4.776 0.1111111119
119984  -28.384  5.745  -4.717 0.4444444478
119979  -32.985  6.643  -4.586 0.3333333433
119981  -34.934  6.247  -4.987 0.1111111119
118131  -35.576  4.523  -4.679 0.1111111119
119049  -36.089  5.139  -5.527 0.1111111119
119974  -27.942  6.240  -4.405 0.4444444478
120845  -28.220  7.210  -4.355 0.4444444478
119975  -28.597  6.362  -4.719 0.4444444478
120846  -28.814  7.218  -4.731 0.4444444478
120847  -29.731  7.254  -4.658 0.4444444478
120848  -30.847  7.411  -4.612 0.4444444478
121719  -31.075  8.472  -4.642 0.4444444478
120849  -31.984  7.565  -4.659 0.2222222239
120850  -32.955  7.715  -4.874 0.2222222239
120854  -34.256  7.819  -5.987 0.2222222239
119988  -34.460  7.028  -5.353 0.2222222239
125105  -30.642  11.978  -8.774 0.1111111119
123454  -32.272  10.176  -7.961 0.1111111119
120859  -34.509  7.575  -7.690 0.1111111119
119030  -25.704  5.103  -2.740 0.4444444478
119972  -26.857  6.209  -3.362 0.4444444478
119033  -26.297  5.377  -3.352 0.4444444478
119973  -27.388  6.275  -3.920 0.4444444478
121716  -28.202  8.206  -4.549 0.4444444478
121717  -28.914  8.240  -4.812 0.4444444478
121718  -29.930  8.334  -4.615 0.4444444478
122570  -28.240  9.793  -5.168 0.3333333433
122558  -31.252  9.528  -4.854 0.3333333433
122572  -31.745  10.061  -5.240 0.1111111119
122559  -32.170  9.450  -5.132 0.1111111119
122574  -33.220  9.318  -6.432 0.1111111119
121725  -33.464  8.689  -5.885 0.2222222239
121732  -33.689  8.764  -6.793 0.1111111119
122591  -33.271  9.253  -7.173 0.1111111119
119024  -25.576  5.579  -1.823 0.2222222239
120843  -27.331  7.033  -3.439 0.3333333433
121715  -27.793  8.116  -3.982 0.3333333433
122557  -30.142  9.287  -4.797 0.4444444478
122571  -28.710  10.028  -5.164 0.2222222239
123399  -30.180  10.148  -5.013 0.2222222239
123400  -30.992  10.370  -5.139 0.2222222239
123421  -32.222  10.452  -6.358 0.1111111119
123418  -29.063  10.661  -5.318 0.1111111119
123419  -30.195  11.009  -5.275 0.1111111119
124250  -31.119  11.669  -6.280 0.1111111119
123439  -32.288  10.392  -7.118 0.1111111119
124249  -30.283  11.919  -5.752 0.1111111119
124259  -31.291  12.002  -7.058 0.1111111119
123438  -31.714  11.074  -6.664 0.1111111119
121709  -27.203  7.948  -3.052 0.3333333433
122555  -28.028  9.197  -4.966 0.3333333433
123397  -27.679  9.984  -5.185 0.2222222239
124248  -29.101  11.604  -5.671 0.1111111119
125085  -29.915  12.647  -6.232 0.1111111119
125092  -30.954  12.447  -7.734 0.1111111119
125934  -29.656  13.079  -9.328 0.1111111119
120822  -27.437  6.921  0.100 0.1111111119
121691  -26.977  7.572  -1.321 0.1111111119
122543  -26.902  8.659  -2.504 0.2222222239
123369  -26.762  9.445  -2.674 0.2222222239
122546  -27.025  8.906  -3.305 0.3333333433
123385  -26.783  9.726  -3.401 0.2222222239
122554  -27.509  9.124  -4.318 0.3333333433
123395  -26.890  9.925  -4.095 0.3333333433
124232  -26.455  10.668  -4.468 0.2222222239
124245  -26.439  11.113  -5.023 0.1111111119
125081  -26.417  11.687  -5.105 0.1111111119
124246  -26.985  11.113  -5.505 0.1111111119
125083  -28.035  12.203  -5.921 0.1111111119
125084  -29.073  12.371  -6.077 0.1111111119
125920  -29.056  13.596  -7.116 0.1111111119
125091  -30.271  12.988  -7.017 0.1111111119
124273  -30.451  11.704  -9.257 0.1111111119
124290  -30.631  11.090  -9.381 0.1111111119
120829  -27.492  7.517  -0.676 0.1111111119
121693  -28.454  8.389  -1.004 0.1111111119
121692  -27.513  8.100  -1.317 0.1111111119
123355  -27.657  9.466  -1.642 0.1111111119
123371  -27.648  10.624  -1.913 0.1111111119
124209  -26.935  10.820  -2.534 0.1111111119
124226  -26.463  10.514  -3.476 0.2222222239
124227  -26.496  11.268  -3.141 0.1111111119
125061  -26.237  11.198  -3.807 0.1111111119
125906  -26.708  13.083  -4.515 0.1111111119
125082  -26.873  12.249  -5.521 0.1111111119
125915  -26.833  13.250  -5.358 0.1111111119
125089  -28.076  12.900  -6.161 0.1111111119
122532  -28.426  9.145  -1.402 0.1111111119
121694  -29.328  8.737  -1.042 0.1111111119
122533  -29.231  9.455  -1.392 0.1111111119
124210  -27.727  11.289  -2.053 0.1111111119
125044  -27.992  12.097  -2.110 0.1111111119
125896  -26.993  12.866  -3.474 0.1111111119
123357  -29.280  10.249  -1.469 0.1111111119
122534  -30.102  9.651  -1.259 0.1111111119
124192  -29.325  11.074  -1.468 0.1111111119
105645  -35.324  -7.015  -1.954 0.1111111119
107773  -35.008  -5.160  -2.315 0.1111111119
106760  -37.635  -6.239  -2.159 0.1111111119
111808  -36.680  -2.070  -2.547 0.1111111119
110754  -36.367  -2.619  -2.381 0.1111111119
111822  -36.420  -1.389  -2.578 0.1111111119
116148  -36.531  2.535  -4.241 0.1111111119
118120  -25.954  4.793  -3.302 0.4444444478
119987  -33.684  7.159  -4.882 0.2222222239
119980  -34.136  6.398  -4.695 0.1111111119
119989  -35.249  6.353  -5.705 0.1111111119
118138  -35.989  4.943  -5.114 0.1111111119
121726  -34.062  8.270  -6.524 0.2222222239
122573  -32.586  9.808  -5.768 0.1111111119
122590  -32.806  9.884  -6.710 0.1111111119
122626  -33.031  8.765  -8.357 0.1111111119
124265  -31.390  11.700  -8.092 0.1111111119
124208  -26.712  10.117  -2.829 0.2222222239
123356  -28.224  10.001  -1.549 0.1111111119
125881  -27.184  12.381  -2.752 0.1111111119
125026  -29.174  11.972  -1.577 0.1111111119
105670  -38.605  -7.516  -3.066 0.1111111119
112972  -34.967  -0.587  -2.943 0.2222222239
115106  -34.913  1.141  -3.421 0.2222222239
117146  -35.941  3.495  -4.378 0.1111111119
118119  -25.669  4.154  -3.028 0.4444444478
120844  -27.744  7.097  -3.939 0.4444444478
121675  -29.388  8.197  -0.294 0.1111111119
121695  -29.988  9.019  -1.150 0.1111111119
124191  -28.430  10.817  -1.649 0.1111111119
125025  -28.506  11.483  -1.717 0.1111111119
105648  -38.079  -7.405  -2.279 0.1111111119
105669  -34.139  -7.767  -2.981 0.1111111119
105644  -34.598  -7.333  -2.350 0.1111111119
105647  -37.233  -7.255  -1.773 0.1111111119
106781  -38.531  -6.386  -3.359 0.1111111119
107776  -37.755  -5.198  -2.518 0.1111111119
107794  -38.545  -5.419  -3.856 0.1111111119
109729  -37.629  -3.434  -2.726 0.1111111119
111823  -37.340  -1.670  -2.908 0.1111111119
110770  -37.894  -2.618  -3.106 0.1111111119
110755  -37.179  -2.600  -2.608 0.1111111119
112974  -36.992  -0.505  -3.032 0.1111111119
114106  -37.710  0.410  -4.131 0.1111111119
115127  -36.939  1.896  -4.298 0.1111111119
116164  -36.955  2.766  -4.900 0.1111111119
117147  -36.580  3.449  -4.832 0.1111111119
119052  -35.837  5.654  -6.016 0.1111111119
118143  -36.803  4.253  -6.246 0.1111111119
119029  -25.409  4.571  -2.563 0.4444444478
120001  -35.246  6.172  -8.060 0.1111111119
120865  -34.132  7.612  -8.284 0.1111111119
119969  -26.256  6.129  -2.515 0.3333333433
119965  -26.034  6.378  -1.361 0.2222222239
120840  -26.972  6.994  -2.720 0.2222222239
122639  -32.242  8.782  -9.050 0.1111111119
120821  -26.759  6.550  0.058 0.1111111119
121705  -26.969  7.849  -2.106 0.2222222239
123487  -30.932  10.484  -9.410 0.1111111119
123486  -30.439  10.140  -10.075 0.1111111119
120806  -27.580  6.484  0.771 0.1111111119
120824  -28.990  7.830  0.155 0.1111111119
125109  -29.540  12.048  -10.250 0.1111111119
121657  -29.593  7.819  0.423 0.1111111119
121658  -30.289  8.036  0.347 0.1111111119
126739  -27.012  13.954  -5.433 0.1111111119
126744  -27.363  14.042  -7.093 0.1111111119
126750  -28.403  14.419  -8.605 0.1111111119
126759  -28.442  14.338  -9.468 0.1111111119
121676  -30.339  8.533  -0.442 0.1111111119
122512  -30.695  9.120  -0.784 0.1111111119
125882  -27.834  12.997  -2.420 0.1111111119
126727  -27.608  14.516  -4.121 0.1111111119
116132  -35.259  1.883  -3.614 0.2222222239
108739  -35.337  -4.195  -2.299 0.1111111119
106780  -38.195  -5.955  -2.673 0.1111111119
108755  -38.021  -4.363  -2.847 0.1111111119
114092  -36.386  0.471  -3.129 0.1111111119
115108  -36.747  1.417  -3.782 0.1111111119
114093  -37.181  0.460  -3.544 0.1111111119
119053  -36.380  4.996  -6.117 0.1111111119
121720  -32.210  8.614  -4.886 0.2222222239
121724  -32.745  9.021  -5.329 0.1111111119
120857  -34.571  7.720  -6.813 0.2222222239
119991  -34.911  7.086  -6.264 0.1111111119
123470  -31.713  10.538  -8.560 0.1111111119
125097  -30.798  12.159  -8.438 0.1111111119
122625  -32.516  9.258  -8.467 0.1111111119
123453  -31.853  11.021  -7.567 0.1111111119
122624  -32.034  9.791  -8.649 0.1111111119
120000  -34.682  6.539  -8.433 0.1111111119
119995  -35.027  6.973  -7.261 0.1111111119
121733  -34.162  8.230  -7.234 0.2222222239
122556  -29.026  9.257  -4.946 0.3333333433
121741  -33.688  8.628  -7.610 0.2222222239
121714  -27.534  7.722  -3.600 0.3333333433
123420  -31.421  10.859  -5.738 0.1111111119
124258  -30.648  12.315  -6.402 0.1111111119
120837  -26.655  6.993  -1.819 0.1111111119
122547  -27.342  8.786  -3.839 0.3333333433
123396  -27.160  9.994  -4.846 0.2222222239
123417  -27.949  10.468  -5.431 0.1111111119
124247  -27.968  11.356  -5.745 0.1111111119
125926  -29.790  13.335  -8.510 0.1111111119
125921  -29.747  13.426  -7.712 0.1111111119
125110  -29.734  12.504  -9.681 0.1111111119
125933  -29.208  13.919  -9.013 0.1111111119
119955  -27.096  6.378  0.556 0.1111111119
120828  -26.642  7.050  -0.709 0.1111111119
121706  -27.107  8.548  -1.835 0.1111111119
122544  -27.050  9.195  -1.948 0.1111111119
122553  -27.067  9.311  -3.837 0.3333333433
124233  -26.769  10.647  -5.116 0.2222222239
123416  -27.243  10.426  -5.306 0.1111111119
125071  -26.254  11.511  -4.433 0.1111111119
125925  -28.967  14.071  -7.942 0.1111111119
125919  -27.930  13.578  -6.628 0.1111111119
122531  -27.675  8.821  -1.534 0.1111111119
120830  -28.106  7.867  -0.727 0.1111111119
120823  -28.292  7.479  -0.007 0.1111111119
123370  -27.188  9.993  -2.092 0.1111111119
125043  -27.058  11.682  -2.622 0.1111111119
125062  -26.494  11.960  -3.483 0.1111111119
125072  -26.410  12.307  -4.454 0.1111111119
126726  -27.136  13.873  -4.463 0.1111111119
125088  -27.354  12.810  -5.801 0.1111111119
125918  -27.241  13.411  -5.978 0.1111111119
125897  -27.541  13.509  -3.043 0.1111111119
126715  -27.219  13.525  -3.754 0.1111111119
105646  -36.218  -7.169  -1.580 0.1111111119
106761  -38.270  -6.695  -2.649 0.1111111119
112973  -35.939  -0.476  -2.629 0.1111111119
119992  -35.421  6.287  -6.642 0.1111111119
121753  -33.491  8.156  -8.452 0.1111111119
121769  -33.101  7.806  -8.975 0.1111111119
125865  -29.374  12.652  -1.680 0.1111111119
105688  -38.677  -7.490  -4.092 0.1111111119
112981  -37.578  -0.215  -3.633 0.1111111119
115128  -37.414  1.418  -4.502 0.1111111119
119996  -35.360  6.194  -7.595 0.1111111119
120874  -33.388  7.390  -8.983 0.1111111119
119954  -26.565  5.937  0.541 0.1111111119
122638  -31.725  9.398  -9.169 0.1111111119
120807  -28.187  6.865  0.698 0.1111111119
126743  -26.859  14.064  -6.367 0.1111111119
125924  -28.171  13.976  -7.284 0.1111111119
126716  -27.778  14.227  -3.236 0.1111111119
83253  -25.225  -27.737  -1.956 0.2222222239
102448  -21.198  -10.784  -2.193 0.2222222239
103529  -20.662  -9.897  -1.662 0.2222222239
97975  -22.367  -14.642  -2.505 0.3333333433
117128  -24.713  3.342  -2.667 0.3333333433
118107  -24.604  4.286  -0.594 0.1111111119
119016  -25.104  5.000  -1.187 0.1111111119
119023  -25.191  4.844  -2.075 0.2222222239
112951  -22.393  -0.906  -2.519 0.1111111119
100186  -21.632  -12.664  -2.507 0.2222222239
112937  -22.709  -0.348  -1.968 0.1111111119
115089  -23.742  1.178  -2.935 0.1111111119
115076  -23.740  1.362  -2.017 0.1111111119
117117  -23.802  2.821  -1.225 0.1111111119
118106  -24.100  3.921  -0.299 0.1111111119
119012  -25.292  4.936  -0.250 0.1111111119
116123  -24.282  2.665  -2.950 0.2222222239
116121  -23.563  1.954  -2.379 0.1111111119
107748  -19.853  -6.168  -0.488 0.2222222239
117127  -23.892  2.813  -2.459 0.1111111119
107747  -19.495  -5.382  -0.328 0.3333333433
117123  -24.531  3.750  -1.714 0.3333333433
117119  -24.524  3.963  -1.158 0.1111111119
101322  -21.149  -11.733  -2.115 0.2222222239
117121  -23.558  2.593  -1.959 0.1111111119
117122  -23.990  3.189  -1.826 0.1111111119
117118  -24.118  3.548  -0.872 0.1111111119
116115  -23.613  2.149  -1.550 0.1111111119
116108  -23.996  2.562  -0.805 0.1111111119
117114  -23.844  2.977  -0.459 0.1111111119
99112  -33.876  -13.532  -3.198 0.1111111119
83252  -24.761  -27.878  -2.140 0.1111111119
82087  -26.040  -28.474  -1.130 0.1111111119
82098  -23.075  -27.548  -2.376 0.1111111119
83268  -23.428  -27.093  -2.523 0.1111111119
85516  -23.460  -25.262  -2.818 0.1111111119
96781  -21.927  -15.810  -1.942 0.1111111119
103520  -20.388  -10.013  -0.907 0.1111111119
102428  -20.800  -10.853  -1.584 0.1111111119
110726  -19.833  -2.964  -1.046 0.2222222239
110742  -20.772  -2.213  -1.957 0.2222222239
110727  -20.128  -2.397  -1.124 0.2222222239
112917  -20.824  -1.263  -0.402 0.2222222239
82083  -22.721  -28.127  -2.169 0.1111111119
82085  -24.601  -28.398  -1.974 0.1111111119
82086  -25.501  -28.498  -1.465 0.1111111119
83254  -26.241  -27.746  -1.313 0.1111111119
83267  -22.591  -27.068  -2.355 0.1111111119
85515  -22.512  -25.182  -2.457 0.1111111119
87956  -22.367  -23.193  -2.638 0.1111111119
89130  -22.673  -22.290  -2.851 0.1111111119
90283  -22.231  -21.258  -2.688 0.1111111119
97974  -21.868  -14.588  -1.918 0.1111111119
100185  -21.086  -12.647  -2.006 0.1111111119
102414  -20.752  -10.951  -1.101 0.1111111119
111764  -20.474  -3.148  -0.641 0.2222222239
112906  -21.571  -1.800  -0.078 0.2222222239
111782  -22.327  -0.535  -0.762 0.1111111119
83235  -27.075  -27.771  -0.757 0.1111111119
112918  -21.076  -1.058  -0.917 0.2222222239
112936  -21.952  -0.851  -1.787 0.1111111119
99079  -21.670  -13.613  -2.282 0.1111111119
109688  -19.737  -4.083  -0.971 0.2222222239
104634  -20.650  -8.904  -1.827 0.1111111119
96782  -22.300  -15.871  -2.498 0.1111111119
91447  -21.794  -20.414  -2.243 0.1111111119
95657  -22.055  -16.795  -2.350 0.1111111119
83269  -24.420  -27.440  -2.385 0.1111111119
101303  -20.829  -11.733  -1.541 0.1111111119
100166  -20.884  -12.544  -1.375 0.1111111119
82100  -24.079  -28.081  -2.278 0.1111111119
82084  -23.682  -28.532  -2.145 0.1111111119
84306  -23.008  -26.190  -2.552 0.1111111119
111753  -20.773  -3.477  0.091 0.1111111119
84305  -22.167  -26.100  -2.234 0.1111111119
86756  -21.889  -24.084  -2.307 0.1111111119
95639  -21.971  -16.801  -1.842 0.1111111119
96759  -22.144  -15.930  -1.571 0.1111111119
154941  -23.139  -1.347  -1.148 0.1111111119
107734  -19.817  -5.294  -0.395 0.1111111119
112952  -23.037  -0.341  -2.615 0.1111111119
114068  -23.713  0.488  -2.635 0.1111111119
82046  -29.605  -28.800  1.175 0.1111111119
82071  -27.911  -28.446  0.073 0.1111111119
82099  -23.570  -27.825  -2.347 0.1111111119
85485  -28.778  -25.426  -0.723 0.2222222239
86701  -29.791  -24.981  -0.157 0.1111111119
86722  -30.088  -24.148  -0.455 0.1111111119
86739  -28.004  -24.776  -1.709 0.2222222239
87936  -30.353  -23.398  -0.664 0.1111111119
87960  -28.090  -23.666  -2.350 0.3333333433
89132  -28.283  -22.767  -2.790 0.3333333433
91491  -27.802  -19.771  -5.351 0.4444444478
92533  -32.178  -18.978  -2.516 0.1111111119
92547  -31.256  -19.026  -3.186 0.2222222239
92558  -28.882  -19.639  -5.263 0.4444444478
92569  -29.074  -19.159  -5.448 0.4444444478
94600  -32.753  -17.594  -3.081 0.1111111119
95659  -33.734  -16.690  -2.968 0.1111111119
95675  -33.662  -15.842  -3.274 0.1111111119
95705  -29.017  -15.677  -6.476 0.5555555820
96820  -28.185  -15.579  -6.244 0.5555555820
96822  -30.327  -15.417  -6.261 0.3333333433
96823  -30.888  -15.421  -5.677 0.3333333433
96831  -28.556  -15.171  -6.418 0.7777777910
98023  -27.295  -14.472  -6.041 0.8888888955
99146  -26.552  -13.614  -5.963 0.8888888955
99159  -26.939  -13.244  -6.318 1.0000000000
100297  -29.738  -11.323  -6.877 0.7777777910
101399  -29.706  -10.707  -6.857 0.6666666865
101418  -29.465  -10.777  -6.992 0.8888888955
101419  -29.730  -11.068  -6.858 0.6666666865
102490  -24.381  -10.699  -4.987 1.0000000000
102493  -32.722  -10.552  -4.708 0.1111111119
102517  -27.677  -10.603  -7.339 1.0000000000
103625  -31.218  -9.653  -6.053 0.5555555820
104688  -33.124  -8.768  -4.144 0.2222222239
104730  -27.719  -8.399  -7.555 1.0000000000
104733  -29.467  -8.578  -6.912 0.8888888955
105699  -30.869  -7.860  -5.774 0.7777777910
105708  -24.947  -7.152  -6.416 1.0000000000
105723  -28.532  -7.645  -7.367 1.0000000000
106706  -20.389  -4.923  -0.002 0.1111111119
106814  -24.394  -6.279  -5.922 0.8888888955
106840  -26.560  -6.543  -7.405 1.0000000000
107733  -20.221  -4.854  -0.747 0.1111111119
107827  -23.932  -5.424  -5.599 0.8888888955
107842  -25.662  -5.429  -7.210 1.0000000000
107843  -28.744  -5.461  -6.771 0.8888888955
108704  -20.042  -4.684  -0.573 0.1111111119
108716  -19.478  -4.665  -0.606 0.1111111119
108717  -19.143  -4.461  -0.431 0.3333333433
108727  -20.112  -4.637  -1.335 0.4444444478
108728  -20.544  -5.025  -1.682 0.4444444478
108740  -35.842  -3.941  -1.920 0.1111111119
108769  -22.503  -4.741  -4.219 0.6666666865
108788  -24.156  -4.452  -5.783 0.8888888955
108790  -31.273  -4.541  -5.399 0.7777777910
108803  -28.423  -4.615  -6.835 0.8888888955
108814  -27.700  -4.650  -7.257 0.8888888955
109689  -19.757  -3.552  -1.080 0.2222222239
109703  -19.319  -4.157  -0.707 0.2222222239
109704  -19.494  -4.078  -1.216 0.2222222239
109715  -20.465  -3.934  -1.956 0.3333333433
109726  -34.987  -3.624  -2.513 0.1111111119
109743  -35.047  -3.190  -2.566 0.1111111119
109754  -22.824  -4.002  -4.309 0.7777777910
109757  -33.244  -3.151  -3.757 0.5555555820
109791  -25.610  -3.279  -6.974 1.0000000000
109804  -27.341  -3.871  -7.301 1.0000000000
110711  -19.973  -3.212  -0.888 0.2222222239
110740  -19.835  -3.422  -1.248 0.2222222239
110741  -20.286  -2.808  -1.613 0.2222222239
110748  -20.914  -2.758  -2.375 0.3333333433
110753  -35.737  -2.547  -2.409 0.2222222239
110767  -34.078  -2.113  -3.351 0.5555555820
110797  -32.346  -2.528  -4.627 0.6666666865
110814  -25.302  -2.541  -6.562 1.0000000000
110817  -27.267  -2.542  -6.983 1.0000000000
110819  -29.680  -2.789  -6.032 0.8888888955
111765  -20.621  -2.639  -0.364 0.2222222239
111779  -20.160  -2.716  -0.851 0.2222222239
111780  -20.330  -2.061  -0.631 0.2222222239
111781  -20.632  -1.534  -0.899 0.3333333433
111794  -20.352  -2.007  -1.159 0.3333333433
111807  -36.022  -2.070  -2.393 0.1111111119
111880  -27.489  -2.494  -6.894 0.8888888955
112907  -21.424  -0.842  -0.459 0.2222222239
112919  -21.688  -0.633  -1.069 0.1111111119
112935  -21.392  -1.069  -1.417 0.2222222239
112975  -37.662  -0.929  -3.444 0.1111111119
114090  -34.548  0.233  -3.294 0.2222222239
114103  -31.454  0.079  -4.877 0.6666666865
114107  -38.013  0.072  -4.504 0.1111111119
114129  -25.056  0.438  -5.591 0.7777777910
114130  -25.337  0.178  -5.756 0.7777777910
115109  -37.333  0.972  -3.935 0.1111111119
115119  -24.222  0.825  -4.480 0.5555555820
115147  -25.519  0.795  -5.824 0.7777777910
116131  -34.763  1.735  -3.628 0.2222222239
116149  -37.050  2.187  -4.637 0.1111111119
117115  -23.873  3.568  0.124 0.1111111119
117126  -23.591  2.450  -2.409 0.1111111119
118103  -24.234  4.131  0.088 0.1111111119
118109  -24.819  4.345  -1.509 0.1111111119
118139  -36.423  4.376  -5.321 0.1111111119
119048  -35.579  5.546  -5.158 0.1111111119
119947  -26.636  5.652  1.060 0.1111111119
119986  -29.173  5.666  -4.987 0.5555555820
120853  -33.667  7.815  -5.342 0.2222222239
120864  -33.917  7.163  -8.722 0.1111111119
121674  -28.656  7.961  -0.393 0.1111111119
121710  -27.371  8.322  -3.588 0.3333333433
121721  -33.041  8.390  -5.227 0.2222222239
121742  -34.066  8.102  -7.969 0.1111111119
121752  -32.937  8.624  -8.550 0.1111111119
121754  -33.910  7.971  -8.249 0.1111111119
121768  -32.728  8.309  -8.950 0.1111111119
122607  -32.746  9.680  -7.562 0.1111111119
122608  -33.170  9.000  -7.960 0.1111111119
123398  -29.411  9.890  -5.022 0.2222222239
123471  -32.147  9.947  -8.408 0.1111111119
124274  -30.797  11.479  -8.959 0.1111111119
124288  -29.691  11.527  -10.213 0.1111111119
125090  -29.054  13.032  -6.515 0.1111111119
125096  -30.448  12.903  -8.085 0.1111111119
125104  -30.343  12.308  -9.005 0.1111111119
126765  -28.417  14.144  -10.014 0.1111111119
