#!ascii label  , from subject 3461 vox2ras=TkReg
415
106841  -27.373  -6.535  -7.481 0.0000000000
102470  -23.473  -10.835  -4.078 0.0000000000
100280  -30.640  -11.813  -6.389 0.0000000000
96818  -26.645  -15.533  -5.503 0.0000000000
119974  -27.942  6.240  -4.405 0.0000000000
116142  -30.065  2.420  -4.815 0.0000000000
111862  -25.047  -2.031  -6.271 0.0000000000
91477  -26.094  -20.221  -4.848 0.0000000000
100234  -25.269  -12.977  -5.197 0.0000000000
96807  -24.796  -15.591  -4.178 0.0000000000
118137  -29.541  4.683  -4.910 0.0000000000
116160  -27.089  2.532  -5.171 0.0000000000
106799  -23.195  -6.512  -4.867 0.0000000000
108745  -22.004  -4.710  -3.655 0.0000000000
108802  -25.392  -4.330  -7.047 0.0000000000
111866  -28.318  -1.996  -6.518 0.0000000000
109795  -30.042  -3.687  -5.738 0.0000000000
106815  -30.692  -6.812  -5.710 0.0000000000
104661  -21.937  -8.718  -3.099 0.0000000000
103620  -25.343  -9.062  -6.285 0.0000000000
103637  -28.869  -9.280  -7.404 0.0000000000
101397  -26.924  -11.426  -6.792 0.0000000000
98035  -29.461  -14.284  -6.800 0.0000000000
95684  -31.037  -16.238  -4.998 0.0000000000
114113  -24.255  -0.046  -4.790 0.0000000000
114133  -27.731  0.173  -6.240 0.0000000000
115123  -31.661  1.310  -4.686 0.0000000000
94611  -23.925  -17.473  -3.732 0.0000000000
93583  -27.030  -18.366  -5.392 0.0000000000
97997  -23.585  -14.594  -3.469 0.0000000000
96797  -23.534  -15.601  -3.361 0.0000000000
117150  -26.284  2.776  -4.532 0.0000000000
115121  -25.338  1.985  -4.400 0.0000000000
106826  -25.440  -6.333  -6.893 0.0000000000
107828  -24.498  -5.315  -6.152 0.0000000000
107854  -26.223  -5.699  -7.412 0.0000000000
109805  -27.989  -3.917  -7.027 0.0000000000
107857  -28.190  -5.331  -7.145 0.0000000000
107845  -30.180  -5.658  -5.893 0.0000000000
106829  -28.991  -6.604  -6.833 0.0000000000
103569  -22.402  -9.678  -3.420 0.0000000000
104685  -23.075  -8.521  -4.380 0.0000000000
103593  -24.378  -9.924  -5.201 0.0000000000
103608  -25.548  -9.827  -6.314 0.0000000000
101378  -25.553  -11.509  -5.814 0.0000000000
98021  -25.951  -14.598  -5.211 0.0000000000
99147  -27.280  -13.834  -6.257 0.0000000000
96830  -27.910  -15.007  -6.153 0.0000000000
96833  -29.937  -14.868  -6.684 0.0000000000
95696  -29.332  -16.301  -6.242 0.0000000000
119034  -26.948  5.396  -3.938 0.0000000000
119972  -26.857  6.209  -3.362 0.0000000000
119973  -27.388  6.275  -3.920 0.0000000000
121716  -28.202  8.206  -4.549 0.0000000000
120847  -29.731  7.254  -4.658 0.0000000000
117140  -29.718  3.587  -4.740 0.0000000000
109755  -23.294  -3.750  -4.733 0.0000000000
111826  -22.443  -2.272  -3.936 0.0000000000
111838  -23.879  -1.605  -5.095 0.0000000000
114131  -25.920  0.164  -6.024 0.0000000000
113006  -26.207  -0.690  -6.339 0.0000000000
111841  -30.716  -1.801  -5.387 0.0000000000
112988  -30.135  -0.822  -5.454 0.0000000000
112978  -31.528  -0.505  -4.914 0.0000000000
102518  -29.686  -10.246  -6.869 0.0000000000
104719  -30.807  -8.703  -6.051 0.0000000000
91476  -25.342  -20.139  -4.478 0.0000000000
92556  -25.584  -19.326  -4.621 0.0000000000
94618  -25.308  -17.536  -4.534 0.0000000000
92566  -26.932  -19.190  -5.255 0.0000000000
101339  -22.918  -11.722  -3.449 0.0000000000
101357  -23.948  -11.694  -4.410 0.0000000000
99126  -24.005  -13.228  -4.009 0.0000000000
98010  -24.767  -14.649  -4.313 0.0000000000
96817  -25.949  -15.562  -5.058 0.0000000000
118124  -27.021  4.592  -4.231 0.0000000000
119985  -28.889  5.703  -4.914 0.0000000000
117139  -27.239  4.127  -4.351 0.0000000000
117153  -28.483  3.382  -4.789 0.0000000000
116162  -29.046  2.377  -5.078 0.0000000000
106773  -21.598  -6.693  -3.002 0.0000000000
107785  -22.240  -5.652  -4.037 0.0000000000
108787  -23.558  -4.565  -5.231 0.0000000000
109790  -24.976  -3.414  -6.587 0.0000000000
111864  -26.499  -1.671  -6.708 0.0000000000
110830  -27.519  -3.009  -7.109 0.0000000000
110818  -28.933  -2.844  -6.469 0.0000000000
110795  -31.133  -2.695  -5.339 0.0000000000
109778  -31.541  -3.565  -5.233 0.0000000000
90318  -27.630  -21.394  -4.430 0.0000000000
91479  -28.065  -20.463  -4.994 0.0000000000
105685  -22.570  -7.612  -4.063 0.0000000000
105697  -23.641  -7.430  -5.201 0.0000000000
105709  -25.773  -7.409  -6.872 0.0000000000
105722  -27.912  -7.502  -7.564 0.0000000000
103622  -26.880  -9.304  -7.181 0.0000000000
102535  -28.137  -10.183  -7.451 0.0000000000
100295  -28.890  -11.736  -7.246 0.0000000000
100256  -25.676  -12.593  -5.668 0.0000000000
100276  -27.846  -12.359  -6.960 0.0000000000
99163  -30.195  -13.111  -6.750 0.0000000000
98037  -30.692  -13.650  -6.249 0.0000000000
98012  -31.645  -14.884  -4.993 0.0000000000
119977  -30.602  6.325  -4.695 0.0000000000
115136  -25.074  0.887  -5.503 0.0000000000
115149  -27.072  0.996  -5.973 0.0000000000
116163  -29.640  1.813  -5.143 0.0000000000
113008  -27.947  -0.948  -6.466 0.0000000000
114118  -29.723  0.278  -5.521 0.0000000000
115122  -30.782  1.632  -4.753 0.0000000000
105711  -29.569  -7.682  -6.584 0.0000000000
105700  -31.389  -7.599  -5.460 0.0000000000
95671  -23.426  -16.581  -3.364 0.0000000000
95672  -24.114  -16.565  -3.692 0.0000000000
95682  -25.318  -16.513  -4.529 0.0000000000
94628  -27.185  -17.463  -5.598 0.0000000000
91492  -28.414  -19.890  -5.236 0.0000000000
93585  -28.963  -18.361  -5.733 0.0000000000
94630  -29.012  -17.289  -5.976 0.0000000000
115102  -23.885  1.172  -4.161 0.0000000000
106827  -26.005  -6.798  -7.187 0.0000000000
106839  -25.949  -6.162  -7.271 0.0000000000
107855  -26.823  -5.622  -7.469 0.0000000000
107856  -27.557  -5.553  -7.381 0.0000000000
106828  -28.542  -5.976  -7.051 0.0000000000
106842  -28.234  -6.529  -7.322 0.0000000000
102469  -22.887  -10.728  -3.542 0.0000000000
102468  -22.243  -10.367  -3.181 0.0000000000
103571  -23.538  -10.279  -4.269 0.0000000000
103570  -23.117  -9.855  -3.938 0.0000000000
102503  -24.882  -10.647  -5.563 0.0000000000
102489  -23.920  -10.792  -4.504 0.0000000000
98022  -26.640  -14.550  -5.651 0.0000000000
96819  -27.471  -15.436  -5.947 0.0000000000
95704  -28.686  -15.843  -6.369 0.0000000000
95695  -28.294  -16.368  -6.181 0.0000000000
119035  -27.516  5.661  -4.245 0.0000000000
120845  -28.220  7.210  -4.355 0.0000000000
120846  -28.814  7.218  -4.731 0.0000000000
119975  -28.597  6.362  -4.719 0.0000000000
117141  -30.632  3.463  -4.661 0.0000000000
118127  -31.078  4.427  -4.694 0.0000000000
117142  -31.667  3.445  -4.500 0.0000000000
110793  -24.175  -2.570  -5.549 0.0000000000
110774  -22.765  -2.994  -4.256 0.0000000000
110775  -23.476  -2.679  -4.883 0.0000000000
111839  -24.733  -1.544  -5.799 0.0000000000
111840  -25.211  -1.017  -5.951 0.0000000000
111863  -25.535  -1.538  -6.376 0.0000000000
112990  -31.619  -1.295  -4.950 0.0000000000
112989  -31.188  -0.845  -5.091 0.0000000000
101400  -30.008  -11.053  -6.761 0.0000000000
102519  -30.284  -10.311  -6.602 0.0000000000
101401  -30.654  -11.024  -6.460 0.0000000000
90317  -26.648  -21.153  -4.791 0.0000000000
90316  -25.750  -21.088  -4.601 0.0000000000
92555  -24.873  -19.273  -4.272 0.0000000000
92557  -26.301  -19.331  -4.961 0.0000000000
91478  -27.078  -20.195  -5.159 0.0000000000
100210  -22.970  -12.617  -3.270 0.0000000000
100211  -23.472  -12.561  -3.771 0.0000000000
97998  -24.244  -14.639  -3.858 0.0000000000
99109  -24.255  -13.925  -4.052 0.0000000000
98011  -25.332  -14.603  -4.738 0.0000000000
96808  -25.363  -15.573  -4.601 0.0000000000
118122  -25.860  3.835  -3.667 0.0000000000
118134  -27.562  4.504  -4.418 0.0000000000
117138  -26.812  3.853  -4.289 0.0000000000
116159  -26.340  2.421  -5.028 0.0000000000
117151  -26.719  3.034  -4.571 0.0000000000
116161  -27.985  2.510  -5.191 0.0000000000
106774  -22.163  -6.635  -3.693 0.0000000000
107810  -22.763  -5.615  -4.592 0.0000000000
107841  -25.030  -5.309  -6.753 0.0000000000
108801  -24.704  -4.377  -6.420 0.0000000000
109776  -24.443  -3.490  -5.962 0.0000000000
109792  -26.194  -3.186  -7.187 0.0000000000
109802  -25.973  -3.835  -7.319 0.0000000000
109793  -28.642  -3.774  -6.625 0.0000000000
109794  -29.354  -3.716  -6.241 0.0000000000
110820  -30.395  -2.747  -5.594 0.0000000000
109777  -30.842  -3.633  -5.532 0.0000000000
107829  -30.977  -5.589  -5.521 0.0000000000
106816  -31.477  -6.511  -5.271 0.0000000000
90302  -27.839  -21.970  -3.792 0.0000000000
105662  -21.520  -7.750  -2.621 0.0000000000
105663  -22.090  -7.682  -3.361 0.0000000000
103606  -24.081  -9.181  -5.229 0.0000000000
104686  -23.574  -8.446  -4.952 0.0000000000
104701  -24.152  -8.365  -5.524 0.0000000000
104702  -24.809  -8.286  -6.071 0.0000000000
104715  -25.547  -8.280  -6.526 0.0000000000
104716  -26.324  -8.374  -6.920 0.0000000000
102515  -26.175  -10.527  -6.565 0.0000000000
102516  -26.951  -10.379  -7.069 0.0000000000
101398  -27.646  -11.305  -7.186 0.0000000000
101416  -28.258  -11.109  -7.350 0.0000000000
100233  -24.640  -12.630  -4.738 0.0000000000
100255  -24.995  -12.282  -5.145 0.0000000000
99160  -27.731  -13.444  -6.600 0.0000000000
99161  -28.693  -13.407  -6.910 0.0000000000
100277  -28.821  -12.537  -7.144 0.0000000000
99162  -29.550  -13.368  -6.985 0.0000000000
98036  -30.303  -14.299  -6.543 0.0000000000
95698  -30.635  -15.867  -5.666 0.0000000000
98024  -30.697  -14.945  -6.130 0.0000000000
96809  -31.426  -15.471  -5.060 0.0000000000
96810  -32.046  -15.504  -4.468 0.0000000000
119047  -29.203  5.241  -4.979 0.0000000000
119976  -29.454  6.038  -4.940 0.0000000000
119036  -29.749  5.146  -4.989 0.0000000000
108744  -21.403  -4.685  -3.077 0.0000000000
112977  -23.362  -0.473  -3.944 0.0000000000
114101  -23.868  0.285  -4.346 0.0000000000
114102  -24.325  0.540  -4.751 0.0000000000
114114  -24.691  0.284  -5.270 0.0000000000
114132  -26.700  0.159  -6.215 0.0000000000
115148  -26.194  1.012  -6.039 0.0000000000
115150  -27.745  0.995  -5.841 0.0000000000
115140  -28.349  1.423  -5.617 0.0000000000
114116  -28.145  0.721  -5.915 0.0000000000
111865  -27.402  -1.944  -6.762 0.0000000000
113009  -28.759  -0.923  -6.130 0.0000000000
114119  -30.624  0.136  -5.215 0.0000000000
115143  -30.928  0.859  -4.880 0.0000000000
115142  -30.145  1.194  -5.104 0.0000000000
115124  -32.708  1.388  -4.401 0.0000000000
104731  -28.387  -8.442  -7.521 0.0000000000
105724  -29.022  -7.706  -7.060 0.0000000000
104732  -28.963  -8.508  -7.314 0.0000000000
104703  -31.265  -8.370  -5.673 0.0000000000
93573  -24.403  -18.375  -4.021 0.0000000000
94610  -23.268  -17.455  -3.416 0.0000000000
94617  -24.609  -17.506  -4.097 0.0000000000
94619  -25.913  -17.869  -4.861 0.0000000000
94626  -25.729  -17.212  -4.849 0.0000000000
94627  -26.346  -17.513  -5.197 0.0000000000
95692  -25.844  -16.503  -4.978 0.0000000000
99107  -23.016  -13.582  -3.066 0.0000000000
97996  -22.944  -14.608  -3.005 0.0000000000
96798  -24.224  -15.590  -3.711 0.0000000000
117137  -26.096  3.317  -4.129 0.0000000000
116140  -25.498  2.667  -3.993 0.0000000000
116158  -25.884  2.459  -4.558 0.0000000000
115137  -25.624  1.678  -5.347 0.0000000000
106813  -23.778  -6.415  -5.397 0.0000000000
106825  -24.843  -6.076  -6.435 0.0000000000
108812  -26.224  -4.753  -7.435 0.0000000000
109803  -26.663  -3.746  -7.368 0.0000000000
108813  -27.048  -4.688  -7.422 0.0000000000
108815  -28.078  -4.615  -7.092 0.0000000000
108804  -29.041  -4.630  -6.469 0.0000000000
108805  -29.739  -4.648  -6.028 0.0000000000
107844  -29.427  -5.609  -6.395 0.0000000000
106830  -29.816  -6.694  -6.209 0.0000000000
103545  -21.780  -9.678  -2.909 0.0000000000
104662  -22.551  -8.755  -3.825 0.0000000000
103591  -23.079  -9.192  -4.196 0.0000000000
103592  -23.683  -9.646  -4.605 0.0000000000
103607  -24.796  -9.495  -5.804 0.0000000000
102504  -25.504  -10.586  -6.061 0.0000000000
101396  -26.170  -11.456  -6.309 0.0000000000
99145  -25.856  -13.681  -5.470 0.0000000000
98033  -27.917  -14.378  -6.340 0.0000000000
98034  -28.646  -14.342  -6.641 0.0000000000
96832  -29.424  -15.278  -6.566 0.0000000000
96821  -29.897  -15.907  -6.300 0.0000000000
95697  -30.288  -16.397  -5.665 0.0000000000
118120  -25.954  4.793  -3.302 0.0000000000
120844  -27.744  7.097  -3.939 0.0000000000
121718  -29.930  8.334  -4.615 0.0000000000
118125  -29.600  4.258  -4.810 0.0000000000
119037  -30.414  5.307  -4.846 0.0000000000
118126  -30.105  4.422  -4.812 0.0000000000
111810  -21.467  -2.067  -2.704 0.0000000000
111827  -23.004  -1.634  -4.275 0.0000000000
112985  -24.408  -0.670  -5.180 0.0000000000
114115  -25.008  0.133  -5.590 0.0000000000
112986  -24.993  -0.445  -5.653 0.0000000000
113005  -25.540  -0.551  -6.014 0.0000000000
111868  -29.927  -1.890  -5.678 0.0000000000
113010  -29.430  -1.206  -5.729 0.0000000000
114104  -32.248  0.347  -4.476 0.0000000000
102537  -29.242  -9.955  -7.143 0.0000000000
103638  -29.365  -9.354  -7.117 0.0000000000
103623  -29.891  -9.465  -6.753 0.0000000000
103624  -30.547  -9.547  -6.413 0.0000000000
92544  -24.170  -19.210  -3.830 0.0000000000
93574  -25.085  -18.435  -4.416 0.0000000000
93575  -25.767  -18.511  -4.738 0.0000000000
93582  -26.389  -18.475  -5.040 0.0000000000
102450  -22.425  -11.051  -3.207 0.0000000000
101340  -23.428  -11.683  -3.921 0.0000000000
100232  -23.993  -12.566  -4.229 0.0000000000
99127  -24.602  -13.603  -4.436 0.0000000000
99108  -23.632  -13.582  -3.663 0.0000000000
99128  -25.266  -13.680  -4.962 0.0000000000
118113  -25.086  4.155  -2.263 0.0000000000
119044  -27.392  5.095  -4.293 0.0000000000
119984  -28.384  5.745  -4.717 0.0000000000
119045  -27.934  5.260  -4.539 0.0000000000
119046  -28.603  5.110  -4.819 0.0000000000
118135  -28.199  4.356  -4.652 0.0000000000
117152  -27.524  3.520  -4.615 0.0000000000
118136  -29.055  4.258  -4.836 0.0000000000
117154  -29.136  3.305  -4.760 0.0000000000
116141  -29.472  2.909  -4.760 0.0000000000
107811  -23.349  -5.536  -5.071 0.0000000000
108770  -23.055  -4.701  -4.669 0.0000000000
109775  -23.807  -3.573  -5.387 0.0000000000
110794  -24.748  -2.583  -6.156 0.0000000000
110815  -25.980  -2.470  -6.862 0.0000000000
110816  -26.824  -2.704  -7.113 0.0000000000
111881  -27.784  -2.480  -6.812 0.0000000000
110829  -27.091  -3.311  -7.292 0.0000000000
110831  -28.213  -2.984  -6.811 0.0000000000
111867  -29.195  -1.925  -6.126 0.0000000000
111842  -31.406  -1.833  -5.114 0.0000000000
111843  -31.935  -1.765  -4.826 0.0000000000
110796  -31.757  -2.638  -5.004 0.0000000000
109779  -32.127  -3.480  -4.789 0.0000000000
108789  -30.511  -4.618  -5.664 0.0000000000
89164  -26.981  -21.762  -4.381 0.0000000000
106798  -22.621  -6.589  -4.355 0.0000000000
105686  -23.106  -7.511  -4.626 0.0000000000
105698  -24.292  -7.319  -5.725 0.0000000000
105710  -26.469  -7.500  -7.211 0.0000000000
105721  -27.171  -7.480  -7.466 0.0000000000
104717  -27.011  -8.393  -7.344 0.0000000000
103635  -27.571  -9.261  -7.450 0.0000000000
103621  -26.107  -9.398  -6.686 0.0000000000
102534  -27.436  -9.958  -7.340 0.0000000000
103636  -28.263  -9.282  -7.525 0.0000000000
102536  -28.826  -10.071  -7.327 0.0000000000
101417  -28.859  -10.911  -7.278 0.0000000000
100296  -29.440  -11.549  -7.052 0.0000000000
101358  -24.457  -11.618  -4.851 0.0000000000
101377  -24.959  -11.571  -5.350 0.0000000000
100274  -26.111  -12.175  -6.089 0.0000000000
100257  -26.385  -12.830  -6.148 0.0000000000
100275  -26.855  -12.432  -6.483 0.0000000000
100294  -28.298  -11.824  -7.221 0.0000000000
100278  -29.534  -12.407  -7.055 0.0000000000
100279  -30.058  -12.032  -6.780 0.0000000000
99164  -30.645  -12.772  -6.305 0.0000000000
99148  -31.172  -13.442  -5.656 0.0000000000
98025  -31.079  -14.555  -5.740 0.0000000000
115120  -24.687  1.227  -4.788 0.0000000000
115146  -25.243  0.597  -5.686 0.0000000000
115138  -26.610  1.785  -5.631 0.0000000000
115139  -27.469  1.725  -5.616 0.0000000000
113007  -27.082  -0.795  -6.523 0.0000000000
114134  -28.315  -0.325  -6.277 0.0000000000
112987  -29.353  -0.461  -5.754 0.0000000000
114117  -28.743  0.300  -5.973 0.0000000000
115141  -29.302  1.260  -5.499 0.0000000000
116143  -31.168  2.440  -4.587 0.0000000000
116144  -32.224  2.405  -4.503 0.0000000000
106843  -28.677  -7.133  -7.163 0.0000000000
104718  -30.083  -8.638  -6.491 0.0000000000
105712  -30.291  -7.743  -6.133 0.0000000000
96796  -22.874  -15.664  -2.975 0.0000000000
95681  -24.758  -16.565  -4.102 0.0000000000
95693  -26.519  -16.527  -5.406 0.0000000000
95694  -27.345  -16.478  -5.815 0.0000000000
91490  -27.337  -19.580  -5.328 0.0000000000
92567  -27.544  -19.105  -5.485 0.0000000000
92568  -28.372  -19.224  -5.548 0.0000000000
93584  -27.852  -18.354  -5.700 0.0000000000
94629  -28.095  -17.422  -5.947 0.0000000000
91491  -27.802  -19.771  -5.351 0.0000000000
95705  -29.017  -15.677  -6.476 0.0000000000
96820  -28.185  -15.579  -6.244 0.0000000000
96822  -30.327  -15.417  -6.261 0.0000000000
96823  -30.888  -15.421  -5.677 0.0000000000
96831  -28.556  -15.171  -6.418 0.0000000000
98023  -27.295  -14.472  -6.041 0.0000000000
99146  -26.552  -13.614  -5.963 0.0000000000
99159  -26.939  -13.244  -6.318 0.0000000000
100297  -29.738  -11.323  -6.877 0.0000000000
101399  -29.706  -10.707  -6.857 0.0000000000
101418  -29.465  -10.777  -6.992 0.0000000000
101419  -29.730  -11.068  -6.858 0.0000000000
102490  -24.381  -10.699  -4.987 0.0000000000
102517  -27.677  -10.603  -7.339 0.0000000000
102520  -30.956  -10.429  -6.294 0.0000000000
103625  -31.218  -9.653  -6.053 0.0000000000
104730  -27.719  -8.399  -7.555 0.0000000000
104733  -29.467  -8.578  -6.912 0.0000000000
105699  -30.869  -7.860  -5.774 0.0000000000
105708  -24.947  -7.152  -6.416 0.0000000000
105723  -28.532  -7.645  -7.367 0.0000000000
106814  -24.394  -6.279  -5.922 0.0000000000
106840  -26.560  -6.543  -7.405 0.0000000000
107827  -23.932  -5.424  -5.599 0.0000000000
107842  -25.662  -5.429  -7.210 0.0000000000
107843  -28.744  -5.461  -6.771 0.0000000000
108769  -22.503  -4.741  -4.219 0.0000000000
108788  -24.156  -4.452  -5.783 0.0000000000
108790  -31.273  -4.541  -5.399 0.0000000000
108803  -28.423  -4.615  -6.835 0.0000000000
108814  -27.700  -4.650  -7.257 0.0000000000
109791  -25.610  -3.279  -6.974 0.0000000000
109804  -27.341  -3.871  -7.301 0.0000000000
110797  -32.346  -2.528  -4.627 0.0000000000
110814  -25.302  -2.541  -6.562 0.0000000000
110817  -27.267  -2.542  -6.983 0.0000000000
110819  -29.680  -2.789  -6.032 0.0000000000
111880  -27.489  -2.494  -6.894 0.0000000000
114103  -31.454  0.079  -4.877 0.0000000000
114129  -25.056  0.438  -5.591 0.0000000000
114130  -25.337  0.178  -5.756 0.0000000000
115119  -24.222  0.825  -4.480 0.0000000000
115147  -25.519  0.795  -5.824 0.0000000000
119986  -29.173  5.666  -4.987 0.0000000000
