#!ascii label  , from subject 3461 vox2ras=TkReg
407
95660  -34.149  -16.253  -2.834 0.0000000000
100280  -30.640  -11.813  -6.389 0.0000000000
116142  -30.065  2.420  -4.815 0.0000000000
111828  -32.554  -1.568  -4.467 0.0000000000
107791  -33.802  -5.777  -3.244 0.0000000000
101307  -36.529  -11.676  -1.506 0.0000000000
118137  -29.541  4.683  -4.910 0.0000000000
108753  -33.545  -3.659  -3.514 0.0000000000
106815  -30.692  -6.812  -5.710 0.0000000000
99130  -31.832  -13.600  -4.901 0.0000000000
101360  -33.034  -11.459  -4.321 0.0000000000
99087  -34.604  -13.447  -2.712 0.0000000000
91465  -29.995  -20.393  -3.639 0.0000000000
95684  -31.037  -16.238  -4.998 0.0000000000
124233  -26.769  10.647  -5.116 0.0000000000
122556  -29.026  9.257  -4.946 0.0000000000
121719  -31.075  8.472  -4.642 0.0000000000
119979  -32.985  6.643  -4.586 0.0000000000
117145  -34.983  3.514  -4.262 0.0000000000
115123  -31.661  1.310  -4.686 0.0000000000
115107  -35.803  1.241  -3.398 0.0000000000
111822  -36.420  -1.389  -2.578 0.0000000000
108741  -37.238  -4.223  -2.411 0.0000000000
106760  -37.635  -6.239  -2.159 0.0000000000
104704  -31.876  -8.613  -5.373 0.0000000000
104670  -34.558  -8.410  -2.501 0.0000000000
107845  -30.180  -5.658  -5.893 0.0000000000
106829  -28.991  -6.604  -6.833 0.0000000000
97999  -32.756  -14.826  -3.915 0.0000000000
99111  -33.190  -13.721  -3.612 0.0000000000
96786  -34.389  -15.281  -2.831 0.0000000000
86721  -29.419  -24.758  -0.597 0.0000000000
87950  -29.840  -23.359  -1.042 0.0000000000
89100  -30.527  -22.679  -0.871 0.0000000000
96833  -29.937  -14.868  -6.684 0.0000000000
95696  -29.332  -16.301  -6.242 0.0000000000
121718  -29.930  8.334  -4.615 0.0000000000
117140  -29.718  3.587  -4.740 0.0000000000
119038  -31.430  5.430  -4.612 0.0000000000
118128  -32.131  4.470  -4.464 0.0000000000
119041  -34.774  5.503  -4.600 0.0000000000
117143  -32.752  3.449  -4.359 0.0000000000
112978  -31.528  -0.505  -4.914 0.0000000000
115125  -33.655  1.339  -3.889 0.0000000000
114089  -33.632  0.171  -3.580 0.0000000000
114092  -36.386  0.471  -3.129 0.0000000000
111819  -33.842  -1.463  -3.564 0.0000000000
108773  -33.596  -4.744  -3.530 0.0000000000
109742  -34.534  -3.319  -2.752 0.0000000000
107773  -35.008  -5.160  -2.315 0.0000000000
107775  -36.910  -5.125  -2.094 0.0000000000
106758  -35.588  -6.049  -1.807 0.0000000000
102518  -29.686  -10.246  -6.869 0.0000000000
104719  -30.807  -8.703  -6.051 0.0000000000
102520  -30.956  -10.429  -6.294 0.0000000000
101329  -34.985  -11.540  -2.443 0.0000000000
103576  -33.950  -9.704  -3.297 0.0000000000
102454  -35.238  -10.486  -2.266 0.0000000000
103552  -36.415  -9.265  -1.642 0.0000000000
102456  -36.858  -9.949  -1.598 0.0000000000
91450  -30.957  -20.510  -2.308 0.0000000000
92545  -30.007  -19.751  -4.169 0.0000000000
92532  -31.509  -19.610  -2.545 0.0000000000
93556  -32.343  -18.145  -2.969 0.0000000000
110795  -31.133  -2.695  -5.339 0.0000000000
110776  -32.934  -2.391  -4.168 0.0000000000
109778  -31.541  -3.565  -5.233 0.0000000000
107830  -31.639  -5.442  -5.106 0.0000000000
106817  -31.975  -6.244  -4.801 0.0000000000
100258  -31.128  -12.420  -5.863 0.0000000000
101380  -31.884  -11.447  -5.362 0.0000000000
100235  -32.261  -12.565  -4.708 0.0000000000
100218  -34.049  -12.535  -3.183 0.0000000000
100196  -35.488  -12.502  -2.077 0.0000000000
90287  -30.425  -21.280  -2.122 0.0000000000
99163  -30.195  -13.111  -6.750 0.0000000000
98037  -30.692  -13.650  -6.249 0.0000000000
98012  -31.645  -14.884  -4.993 0.0000000000
95673  -32.495  -16.245  -3.873 0.0000000000
125081  -26.417  11.687  -5.105 0.0000000000
122547  -27.342  8.786  -3.839 0.0000000000
123397  -27.679  9.984  -5.185 0.0000000000
123400  -30.992  10.370  -5.139 0.0000000000
122572  -31.745  10.061  -5.240 0.0000000000
121724  -32.745  9.021  -5.329 0.0000000000
119977  -30.602  6.325  -4.695 0.0000000000
120850  -32.955  7.715  -4.874 0.0000000000
120854  -34.256  7.819  -5.987 0.0000000000
119989  -35.249  6.353  -5.705 0.0000000000
119049  -36.089  5.139  -5.527 0.0000000000
118132  -36.167  3.992  -4.776 0.0000000000
115122  -30.782  1.632  -4.753 0.0000000000
116145  -33.314  2.391  -4.323 0.0000000000
116147  -35.557  2.689  -3.900 0.0000000000
116164  -36.955  2.766  -4.900 0.0000000000
115128  -37.414  1.418  -4.502 0.0000000000
111824  -38.059  -1.705  -3.621 0.0000000000
110768  -34.547  -2.352  -2.898 0.0000000000
110754  -36.367  -2.619  -2.381 0.0000000000
105711  -29.569  -7.682  -6.584 0.0000000000
105700  -31.389  -7.599  -5.460 0.0000000000
106777  -33.012  -7.345  -3.888 0.0000000000
103596  -32.945  -9.652  -4.497 0.0000000000
104668  -33.407  -8.467  -3.689 0.0000000000
105669  -34.139  -7.767  -2.981 0.0000000000
105646  -36.218  -7.169  -1.580 0.0000000000
104645  -37.813  -8.323  -1.868 0.0000000000
94620  -30.383  -17.255  -4.948 0.0000000000
94613  -32.208  -17.168  -3.689 0.0000000000
94601  -33.383  -17.249  -2.883 0.0000000000
96800  -33.253  -15.416  -3.551 0.0000000000
96801  -33.811  -15.342  -3.274 0.0000000000
95661  -34.808  -15.904  -2.420 0.0000000000
95647  -34.814  -16.515  -2.219 0.0000000000
86702  -30.204  -24.752  0.003 0.0000000000
87935  -29.708  -23.843  -0.890 0.0000000000
87922  -30.729  -24.008  -0.129 0.0000000000
117141  -30.632  3.463  -4.661 0.0000000000
118127  -31.078  4.427  -4.694 0.0000000000
117142  -31.667  3.445  -4.500 0.0000000000
112990  -31.619  -1.295  -4.950 0.0000000000
112989  -31.188  -0.845  -5.091 0.0000000000
112979  -31.928  -0.754  -4.742 0.0000000000
112980  -32.811  -0.507  -4.079 0.0000000000
112970  -33.520  -0.790  -3.709 0.0000000000
112971  -34.176  -0.649  -3.386 0.0000000000
111829  -33.207  -1.496  -3.983 0.0000000000
107813  -33.382  -5.391  -3.653 0.0000000000
107814  -33.834  -5.092  -3.343 0.0000000000
107792  -34.283  -5.320  -2.846 0.0000000000
106757  -34.806  -6.241  -2.342 0.0000000000
101400  -30.008  -11.053  -6.761 0.0000000000
102519  -30.284  -10.311  -6.602 0.0000000000
101401  -30.654  -11.024  -6.460 0.0000000000
101330  -35.733  -11.546  -1.843 0.0000000000
102455  -36.266  -10.490  -1.644 0.0000000000
102435  -37.396  -10.611  -1.535 0.0000000000
102434  -36.854  -11.131  -1.485 0.0000000000
109795  -30.042  -3.687  -5.738 0.0000000000
109777  -30.842  -3.633  -5.532 0.0000000000
107829  -30.977  -5.589  -5.521 0.0000000000
107831  -32.221  -5.376  -4.617 0.0000000000
106816  -31.477  -6.511  -5.271 0.0000000000
99149  -31.568  -12.834  -5.323 0.0000000000
100216  -32.715  -13.176  -4.014 0.0000000000
99112  -33.876  -13.532  -3.198 0.0000000000
100195  -34.778  -12.506  -2.611 0.0000000000
99088  -35.286  -13.393  -2.229 0.0000000000
99064  -35.919  -13.428  -1.688 0.0000000000
86720  -28.918  -24.954  -0.925 0.0000000000
85502  -28.285  -25.325  -1.194 0.0000000000
90272  -30.504  -21.977  -1.368 0.0000000000
90273  -31.270  -21.445  -1.163 0.0000000000
95698  -30.635  -15.867  -5.666 0.0000000000
98024  -30.697  -14.945  -6.130 0.0000000000
96809  -31.426  -15.471  -5.060 0.0000000000
96810  -32.046  -15.504  -4.468 0.0000000000
95685  -31.804  -16.226  -4.404 0.0000000000
124232  -26.455  10.668  -4.468 0.0000000000
124245  -26.439  11.113  -5.023 0.0000000000
124246  -26.985  11.113  -5.505 0.0000000000
123416  -27.243  10.426  -5.306 0.0000000000
121716  -28.202  8.206  -4.549 0.0000000000
122555  -28.028  9.197  -4.966 0.0000000000
122570  -28.240  9.793  -5.168 0.0000000000
123418  -29.063  10.661  -5.318 0.0000000000
122571  -28.710  10.028  -5.164 0.0000000000
123419  -30.195  11.009  -5.275 0.0000000000
123399  -30.180  10.148  -5.013 0.0000000000
122558  -31.252  9.528  -4.854 0.0000000000
122559  -32.170  9.450  -5.132 0.0000000000
121720  -32.210  8.614  -4.886 0.0000000000
119036  -29.749  5.146  -4.989 0.0000000000
119039  -32.556  5.522  -4.466 0.0000000000
119978  -31.746  6.489  -4.591 0.0000000000
119987  -33.684  7.159  -4.882 0.0000000000
119988  -34.460  7.028  -5.353 0.0000000000
119980  -34.136  6.398  -4.695 0.0000000000
118130  -34.387  4.525  -4.360 0.0000000000
118131  -35.576  4.523  -4.679 0.0000000000
118138  -35.989  4.943  -5.114 0.0000000000
114119  -30.624  0.136  -5.215 0.0000000000
115143  -30.928  0.859  -4.880 0.0000000000
116144  -32.224  2.405  -4.503 0.0000000000
115124  -32.708  1.388  -4.401 0.0000000000
115126  -34.401  1.505  -3.659 0.0000000000
116146  -34.478  2.333  -3.921 0.0000000000
116132  -35.259  1.883  -3.614 0.0000000000
116148  -36.531  2.535  -4.241 0.0000000000
116133  -36.013  2.002  -3.691 0.0000000000
115127  -36.939  1.896  -4.298 0.0000000000
115108  -36.747  1.417  -3.782 0.0000000000
112973  -35.939  -0.476  -2.629 0.0000000000
112981  -37.578  -0.215  -3.633 0.0000000000
112974  -36.992  -0.505  -3.032 0.0000000000
112975  -37.662  -0.929  -3.444 0.0000000000
111823  -37.340  -1.670  -2.908 0.0000000000
109756  -32.702  -3.360  -4.276 0.0000000000
110777  -33.525  -2.266  -3.696 0.0000000000
109741  -33.877  -3.003  -3.279 0.0000000000
109727  -35.656  -3.226  -2.334 0.0000000000
110769  -35.181  -2.637  -2.578 0.0000000000
109728  -36.804  -3.296  -2.350 0.0000000000
110755  -37.179  -2.600  -2.608 0.0000000000
109729  -37.629  -3.434  -2.726 0.0000000000
105670  -38.605  -7.516  -3.066 0.0000000000
105724  -29.022  -7.706  -7.060 0.0000000000
104720  -31.399  -9.011  -5.760 0.0000000000
104703  -31.265  -8.370  -5.673 0.0000000000
105701  -32.117  -7.409  -4.933 0.0000000000
105687  -32.757  -7.782  -4.343 0.0000000000
101359  -32.459  -11.430  -4.807 0.0000000000
102506  -32.146  -10.545  -5.252 0.0000000000
102494  -33.320  -10.603  -4.163 0.0000000000
103577  -34.554  -9.515  -2.667 0.0000000000
104689  -33.555  -9.070  -3.651 0.0000000000
104669  -33.882  -8.659  -3.158 0.0000000000
105668  -33.426  -7.790  -3.502 0.0000000000
105644  -34.598  -7.333  -2.350 0.0000000000
104642  -35.139  -8.070  -2.072 0.0000000000
103553  -37.399  -9.385  -1.674 0.0000000000
104644  -36.818  -8.279  -1.647 0.0000000000
93569  -31.857  -17.814  -3.577 0.0000000000
93557  -32.982  -17.785  -2.765 0.0000000000
94586  -33.802  -17.625  -2.249 0.0000000000
108805  -29.739  -4.648  -6.028 0.0000000000
107844  -29.427  -5.609  -6.395 0.0000000000
106830  -29.816  -6.694  -6.209 0.0000000000
98013  -32.157  -14.644  -4.512 0.0000000000
99110  -32.546  -13.887  -4.138 0.0000000000
98000  -33.235  -14.629  -3.599 0.0000000000
98001  -33.873  -14.497  -3.255 0.0000000000
97981  -34.495  -14.383  -2.774 0.0000000000
97982  -35.116  -14.267  -2.272 0.0000000000
96787  -35.004  -15.182  -2.315 0.0000000000
96769  -35.943  -15.548  -1.130 0.0000000000
85486  -29.292  -25.384  -0.344 0.0000000000
90271  -29.749  -22.328  -1.755 0.0000000000
89117  -29.923  -22.832  -1.286 0.0000000000
89101  -31.055  -22.880  -0.415 0.0000000000
98035  -29.461  -14.284  -6.800 0.0000000000
96832  -29.424  -15.278  -6.566 0.0000000000
96821  -29.897  -15.907  -6.300 0.0000000000
95697  -30.288  -16.397  -5.665 0.0000000000
123395  -26.890  9.925  -4.095 0.0000000000
121717  -28.914  8.240  -4.812 0.0000000000
122557  -30.142  9.287  -4.797 0.0000000000
120848  -30.847  7.411  -4.612 0.0000000000
119037  -30.414  5.307  -4.846 0.0000000000
118126  -30.105  4.422  -4.812 0.0000000000
119040  -33.705  5.538  -4.414 0.0000000000
118129  -33.248  4.506  -4.305 0.0000000000
117144  -33.878  3.457  -4.291 0.0000000000
114104  -32.248  0.347  -4.476 0.0000000000
114105  -32.974  0.560  -4.045 0.0000000000
115105  -34.212  0.897  -3.522 0.0000000000
115106  -34.913  1.141  -3.421 0.0000000000
114091  -35.422  0.368  -3.064 0.0000000000
112972  -34.967  -0.587  -2.943 0.0000000000
108772  -33.206  -4.273  -3.829 0.0000000000
108754  -33.919  -4.212  -3.204 0.0000000000
108738  -34.617  -4.289  -2.625 0.0000000000
108739  -35.337  -4.195  -2.299 0.0000000000
107774  -36.099  -5.099  -1.860 0.0000000000
106759  -36.914  -6.169  -1.762 0.0000000000
103638  -29.365  -9.354  -7.117 0.0000000000
103623  -29.891  -9.465  -6.753 0.0000000000
103624  -30.547  -9.547  -6.413 0.0000000000
103609  -31.793  -9.666  -5.595 0.0000000000
101346  -34.304  -11.567  -3.072 0.0000000000
102475  -33.874  -10.630  -3.530 0.0000000000
102476  -34.441  -10.582  -2.844 0.0000000000
103551  -35.438  -9.209  -2.086 0.0000000000
103534  -38.075  -9.983  -1.730 0.0000000000
103535  -38.789  -9.990  -1.963 0.0000000000
91466  -30.538  -20.240  -3.010 0.0000000000
91481  -29.556  -20.161  -4.353 0.0000000000
92531  -30.883  -19.923  -2.800 0.0000000000
92546  -30.661  -19.463  -3.499 0.0000000000
93567  -30.482  -18.802  -4.109 0.0000000000
93568  -31.189  -18.301  -3.797 0.0000000000
93555  -31.683  -18.786  -2.969 0.0000000000
93542  -32.738  -18.768  -2.247 0.0000000000
111842  -31.406  -1.833  -5.114 0.0000000000
111843  -31.935  -1.765  -4.826 0.0000000000
110796  -31.757  -2.638  -5.004 0.0000000000
109779  -32.127  -3.480  -4.789 0.0000000000
108789  -30.511  -4.618  -5.664 0.0000000000
108791  -31.885  -4.455  -4.953 0.0000000000
108771  -32.501  -4.370  -4.470 0.0000000000
107812  -32.821  -5.305  -4.135 0.0000000000
106801  -32.989  -5.955  -3.843 0.0000000000
101379  -31.233  -11.419  -5.995 0.0000000000
100259  -31.616  -12.149  -5.479 0.0000000000
100236  -32.726  -12.004  -4.435 0.0000000000
100217  -33.141  -12.559  -3.849 0.0000000000
101345  -33.644  -11.566  -3.718 0.0000000000
100171  -36.182  -12.538  -1.581 0.0000000000
97956  -35.637  -14.124  -1.804 0.0000000000
85484  -28.051  -25.933  -0.975 0.0000000000
90304  -29.496  -21.137  -3.302 0.0000000000
90286  -29.499  -21.812  -2.435 0.0000000000
91449  -30.158  -20.899  -2.805 0.0000000000
91441  -30.969  -21.190  -1.691 0.0000000000
91442  -31.651  -20.748  -1.506 0.0000000000
100279  -30.058  -12.032  -6.780 0.0000000000
99164  -30.645  -12.772  -6.305 0.0000000000
99148  -31.172  -13.442  -5.656 0.0000000000
98036  -30.303  -14.299  -6.543 0.0000000000
98025  -31.079  -14.555  -5.740 0.0000000000
99129  -31.531  -14.228  -5.146 0.0000000000
96799  -32.670  -15.496  -3.930 0.0000000000
95674  -33.302  -16.262  -3.353 0.0000000000
125061  -26.237  11.198  -3.807 0.0000000000
122546  -27.025  8.906  -3.305 0.0000000000
122553  -27.067  9.311  -3.837 0.0000000000
122554  -27.509  9.124  -4.318 0.0000000000
123396  -27.160  9.994  -4.846 0.0000000000
123417  -27.949  10.468  -5.431 0.0000000000
124248  -29.101  11.604  -5.671 0.0000000000
123421  -32.222  10.452  -6.358 0.0000000000
122573  -32.586  9.808  -5.768 0.0000000000
122574  -33.220  9.318  -6.432 0.0000000000
121732  -33.689  8.764  -6.793 0.0000000000
119976  -29.454  6.038  -4.940 0.0000000000
120849  -31.984  7.565  -4.659 0.0000000000
121725  -33.464  8.689  -5.885 0.0000000000
121726  -34.062  8.270  -6.524 0.0000000000
120857  -34.571  7.720  -6.813 0.0000000000
119992  -35.421  6.287  -6.642 0.0000000000
119981  -34.934  6.247  -4.987 0.0000000000
116163  -29.640  1.813  -5.143 0.0000000000
116143  -31.168  2.440  -4.587 0.0000000000
117146  -35.941  3.495  -4.378 0.0000000000
117147  -36.580  3.449  -4.832 0.0000000000
114093  -37.181  0.460  -3.544 0.0000000000
114106  -37.710  0.410  -4.131 0.0000000000
112991  -38.456  -0.854  -4.949 0.0000000000
111830  -38.410  -1.711  -4.473 0.0000000000
111820  -34.498  -1.466  -3.126 0.0000000000
111821  -35.362  -1.636  -2.594 0.0000000000
111806  -35.567  -2.224  -2.488 0.0000000000
111808  -36.680  -2.070  -2.547 0.0000000000
110770  -37.894  -2.618  -3.106 0.0000000000
107776  -37.755  -5.198  -2.518 0.0000000000
106843  -28.677  -7.133  -7.163 0.0000000000
104718  -30.083  -8.638  -6.491 0.0000000000
105712  -30.291  -7.743  -6.133 0.0000000000
106800  -32.626  -6.500  -4.249 0.0000000000
106778  -33.365  -6.602  -3.482 0.0000000000
102505  -31.570  -10.537  -5.806 0.0000000000
103610  -32.376  -9.611  -5.084 0.0000000000
103597  -33.460  -9.740  -3.899 0.0000000000
104705  -32.562  -8.636  -4.776 0.0000000000
105667  -33.124  -8.034  -3.925 0.0000000000
106779  -34.095  -6.479  -2.816 0.0000000000
105645  -35.324  -7.015  -1.954 0.0000000000
105647  -37.233  -7.255  -1.773 0.0000000000
104643  -35.830  -8.214  -1.635 0.0000000000
105648  -38.079  -7.405  -2.279 0.0000000000
95683  -30.675  -16.742  -4.949 0.0000000000
94612  -31.620  -17.628  -3.856 0.0000000000
94621  -31.144  -17.204  -4.341 0.0000000000
94622  -31.545  -16.700  -4.335 0.0000000000
94614  -32.871  -16.746  -3.454 0.0000000000
94602  -33.954  -16.892  -2.714 0.0000000000
85485  -28.778  -25.426  -0.723 0.0000000000
86722  -30.088  -24.148  -0.455 0.0000000000
87936  -30.353  -23.398  -0.664 0.0000000000
91433  -31.755  -21.302  -0.806 0.0000000000
92533  -32.178  -18.978  -2.516 0.0000000000
92547  -31.256  -19.026  -3.186 0.0000000000
94600  -32.753  -17.594  -3.081 0.0000000000
95659  -33.734  -16.690  -2.968 0.0000000000
95675  -33.662  -15.842  -3.274 0.0000000000
96822  -30.327  -15.417  -6.261 0.0000000000
96823  -30.888  -15.421  -5.677 0.0000000000
97957  -36.286  -14.483  -1.113 0.0000000000
101399  -29.706  -10.707  -6.857 0.0000000000
101419  -29.730  -11.068  -6.858 0.0000000000
102493  -32.722  -10.552  -4.708 0.0000000000
103536  -39.240  -10.048  -2.158 0.0000000000
103625  -31.218  -9.653  -6.053 0.0000000000
104688  -33.124  -8.768  -4.144 0.0000000000
105699  -30.869  -7.860  -5.774 0.0000000000
105723  -28.532  -7.645  -7.367 0.0000000000
108740  -35.842  -3.941  -1.920 0.0000000000
108790  -31.273  -4.541  -5.399 0.0000000000
109726  -34.987  -3.624  -2.513 0.0000000000
109743  -35.047  -3.190  -2.566 0.0000000000
109757  -33.244  -3.151  -3.757 0.0000000000
110753  -35.737  -2.547  -2.409 0.0000000000
110767  -34.078  -2.113  -3.351 0.0000000000
110797  -32.346  -2.528  -4.627 0.0000000000
111807  -36.022  -2.070  -2.393 0.0000000000
114090  -34.548  0.233  -3.294 0.0000000000
114103  -31.454  0.079  -4.877 0.0000000000
114107  -38.013  0.072  -4.504 0.0000000000
115109  -37.333  0.972  -3.935 0.0000000000
116131  -34.763  1.735  -3.628 0.0000000000
116149  -37.050  2.187  -4.637 0.0000000000
118139  -36.423  4.376  -5.321 0.0000000000
119048  -35.579  5.546  -5.158 0.0000000000
120853  -33.667  7.815  -5.342 0.0000000000
121721  -33.041  8.390  -5.227 0.0000000000
123398  -29.411  9.890  -5.022 0.0000000000
125071  -26.254  11.511  -4.433 0.0000000000
