#!ascii label  , from subject 3461 vox2ras=TkReg
1118
47871  7.700  -50.720  90.595 0.0000000000
52981  2.956  -47.302  67.547 0.0000000000
46524  -1.094  -51.499  85.240 0.0000000000
57927  2.352  -44.086  83.797 0.0000000000
62685  -1.634  -38.373  78.423 0.0000000000
45166  3.457  -52.228  88.564 0.0000000000
51519  2.116  -47.889  89.334 0.0000000000
46507  11.199  -52.092  86.890 0.0000000000
45202  6.551  -53.447  85.458 0.0000000000
43892  1.947  -54.093  83.490 0.0000000000
62584  0.543  -39.345  86.880 0.0000000000
59152  0.218  -40.862  80.367 0.0000000000
67366  0.500  -36.015  83.181 0.0000000000
50386  -2.416  -49.626  79.263 0.0000000000
55466  -0.594  -46.140  78.683 0.0000000000
52829  0.231  -47.455  84.440 0.0000000000
57879  0.280  -43.118  88.918 0.0000000000
56775  4.137  -44.495  76.556 0.0000000000
59304  1.020  -42.466  72.648 0.0000000000
62797  -0.574  -39.436  70.427 0.0000000000
69903  0.017  -33.792  76.613 0.0000000000
46482  6.038  -52.091  90.184 0.0000000000
49063  4.566  -49.152  90.849 0.0000000000
46488  10.133  -52.090  88.980 0.0000000000
45187  9.047  -53.169  85.921 0.0000000000
45161  7.626  -52.798  88.706 0.0000000000
45180  5.323  -53.185  87.306 0.0000000000
64983  0.351  -37.213  84.896 0.0000000000
49128  -2.786  -50.551  82.715 0.0000000000
52865  -1.922  -48.075  81.611 0.0000000000
50322  -1.238  -49.040  84.909 0.0000000000
56581  3.333  -44.672  90.923 0.0000000000
55311  1.725  -45.119  89.207 0.0000000000
45213  0.529  -53.414  84.358 0.0000000000
45228  0.570  -53.414  82.262 0.0000000000
46550  -1.277  -52.569  82.368 0.0000000000
47960  -2.140  -51.735  80.285 0.0000000000
55414  1.775  -45.743  81.590 0.0000000000
56743  1.644  -45.027  77.766 0.0000000000
57963  3.572  -43.758  80.962 0.0000000000
60363  -0.400  -39.619  79.447 0.0000000000
59214  0.462  -41.997  76.477 0.0000000000
59237  -0.985  -41.208  74.911 0.0000000000
59328  0.467  -41.234  71.326 0.0000000000
61640  -0.908  -39.299  74.055 0.0000000000
45185  1.159  -51.691  86.575 0.0000000000
49088  0.850  -50.019  87.448 0.0000000000
47884  2.505  -50.114  89.710 0.0000000000
52770  3.868  -47.072  90.923 0.0000000000
47914  12.574  -50.802  84.174 0.0000000000
46595  11.651  -50.804  80.359 0.0000000000
46534  10.792  -52.319  83.158 0.0000000000
46549  8.421  -52.809  82.849 0.0000000000
43883  4.483  -53.880  84.118 0.0000000000
43873  2.663  -53.191  85.672 0.0000000000
59094  -0.300  -41.965  85.870 0.0000000000
59124  0.335  -42.210  82.343 0.0000000000
60303  -0.036  -40.329  83.492 0.0000000000
62626  -0.165  -38.758  82.433 0.0000000000
66132  -0.159  -37.047  81.100 0.0000000000
50283  8.962  -49.835  89.295 0.0000000000
51584  14.965  -47.952  82.603 0.0000000000
51550  14.833  -47.092  85.401 0.0000000000
47892  12.842  -50.434  87.157 0.0000000000
49079  10.826  -50.311  88.242 0.0000000000
49194  -2.306  -50.660  76.528 0.0000000000
52903  -2.064  -47.839  76.482 0.0000000000
54178  -1.550  -47.430  79.365 0.0000000000
55416  -0.285  -46.391  81.913 0.0000000000
54100  1.606  -45.943  84.624 0.0000000000
52801  1.279  -48.470  86.930 0.0000000000
54088  1.415  -46.153  87.223 0.0000000000
57902  0.051  -43.903  86.311 0.0000000000
60264  0.397  -41.281  87.964 0.0000000000
55522  -0.723  -45.822  75.023 0.0000000000
55541  1.981  -45.471  73.745 0.0000000000
56859  4.122  -45.154  71.926 0.0000000000
59194  2.709  -42.262  78.153 0.0000000000
59276  3.557  -42.527  73.980 0.0000000000
58128  3.414  -43.599  69.525 0.0000000000
58148  1.406  -42.669  68.539 0.0000000000
60524  -0.116  -40.914  68.174 0.0000000000
72508  0.092  -33.792  81.832 0.0000000000
68674  -0.305  -35.003  79.570 0.0000000000
72546  -1.235  -32.400  78.133 0.0000000000
66164  -0.589  -36.539  76.923 0.0000000000
65098  -0.448  -38.143  73.098 0.0000000000
46475  6.566  -51.429  90.583 0.0000000000
49066  6.601  -49.929  90.824 0.0000000000
50278  6.917  -49.208  90.646 0.0000000000
46479  8.948  -51.970  90.031 0.0000000000
46501  8.532  -52.672  88.566 0.0000000000
46480  7.976  -52.103  90.211 0.0000000000
45162  6.706  -52.874  88.805 0.0000000000
53003  2.327  -47.666  66.078 0.0000000000
54324  2.489  -46.553  66.212 0.0000000000
47916  -2.172  -50.911  84.152 0.0000000000
50337  -2.172  -49.484  83.874 0.0000000000
49102  -1.704  -50.399  84.844 0.0000000000
49159  12.703  -48.963  79.713 0.0000000000
46530  -0.511  -52.349  85.062 0.0000000000
45222  -0.879  -52.946  83.345 0.0000000000
46538  -1.664  -52.143  83.402 0.0000000000
46539  -2.217  -51.767  82.912 0.0000000000
56656  2.852  -45.028  82.652 0.0000000000
55427  3.408  -44.924  81.264 0.0000000000
57937  2.961  -44.071  82.584 0.0000000000
61579  -1.218  -39.107  78.765 0.0000000000
60394  -1.178  -40.763  77.939 0.0000000000
61606  -2.172  -39.613  77.142 0.0000000000
60420  -1.675  -40.123  75.133 0.0000000000
61621  -2.101  -38.766  75.799 0.0000000000
46510  2.470  -52.218  87.784 0.0000000000
46504  2.055  -51.150  88.060 0.0000000000
46485  3.335  -50.983  89.431 0.0000000000
51509  4.574  -47.797  91.042 0.0000000000
56574  4.579  -44.967  91.147 0.0000000000
46514  11.969  -51.657  85.576 0.0000000000
46533  11.509  -51.840  82.913 0.0000000000
46520  11.306  -52.179  84.892 0.0000000000
45188  8.171  -53.232  86.081 0.0000000000
45209  8.630  -53.308  84.181 0.0000000000
45210  7.627  -53.474  84.334 0.0000000000
43874  5.903  -53.637  84.801 0.0000000000
45172  4.131  -52.875  88.148 0.0000000000
45193  3.700  -53.200  86.482 0.0000000000
45182  3.387  -53.021  87.329 0.0000000000
45195  1.748  -52.584  86.179 0.0000000000
60280  0.130  -40.941  86.086 0.0000000000
60295  -0.308  -41.090  84.285 0.0000000000
61457  0.095  -39.631  85.619 0.0000000000
66101  0.414  -36.632  84.472 0.0000000000
63825  -0.190  -38.236  83.482 0.0000000000
65007  -0.058  -37.763  82.952 0.0000000000
65012  -0.075  -37.887  82.264 0.0000000000
67372  0.299  -36.130  82.407 0.0000000000
49092  13.341  -49.512  86.194 0.0000000000
50398  -2.319  -49.798  78.111 0.0000000000
51643  -2.216  -49.107  77.643 0.0000000000
51622  -2.202  -48.693  79.273 0.0000000000
52841  -1.006  -47.628  83.752 0.0000000000
54147  -1.168  -47.172  82.402 0.0000000000
54129  -0.353  -46.984  83.402 0.0000000000
55373  0.856  -46.440  83.359 0.0000000000
54112  0.784  -46.771  84.228 0.0000000000
50300  1.678  -49.189  88.231 0.0000000000
50304  0.733  -49.600  87.095 0.0000000000
51528  1.926  -48.269  88.744 0.0000000000
55312  1.313  -44.459  88.810 0.0000000000
55320  1.327  -45.356  88.647 0.0000000000
55331  0.399  -44.678  87.999 0.0000000000
55345  0.512  -44.643  86.890 0.0000000000
56611  0.089  -44.033  87.714 0.0000000000
57896  0.066  -42.757  87.514 0.0000000000
57889  0.303  -42.738  88.439 0.0000000000
46596  11.235  -51.158  80.126 0.0000000000
47981  11.572  -50.212  79.249 0.0000000000
43898  3.173  -54.192  82.667 0.0000000000
45241  2.865  -53.811  81.139 0.0000000000
43911  1.997  -53.989  82.143 0.0000000000
45244  -0.049  -52.793  81.137 0.0000000000
45260  0.517  -52.652  80.102 0.0000000000
49161  -2.520  -50.741  79.777 0.0000000000
49173  -2.387  -50.701  78.607 0.0000000000
55487  -1.183  -46.723  77.905 0.0000000000
54222  -1.969  -46.920  75.839 0.0000000000
55505  -0.787  -45.767  76.320 0.0000000000
56760  3.458  -44.768  77.351 0.0000000000
56778  1.524  -45.188  75.816 0.0000000000
56809  3.221  -45.386  74.562 0.0000000000
55559  3.199  -45.480  72.915 0.0000000000
56825  4.639  -44.459  73.534 0.0000000000
59136  0.372  -41.809  81.389 0.0000000000
59149  1.866  -42.355  80.873 0.0000000000
59166  1.009  -41.942  79.680 0.0000000000
59255  0.878  -42.138  74.534 0.0000000000
59233  2.228  -42.383  75.875 0.0000000000
59277  2.460  -42.496  73.866 0.0000000000
59325  3.771  -42.830  71.989 0.0000000000
58087  3.003  -42.819  71.337 0.0000000000
58146  2.214  -43.374  68.612 0.0000000000
58112  1.490  -42.572  70.381 0.0000000000
60490  -0.200  -40.198  70.690 0.0000000000
60507  0.200  -40.989  69.093 0.0000000000
61694  -0.274  -40.242  68.796 0.0000000000
72515  0.055  -33.121  81.105 0.0000000000
69855  -0.110  -34.269  80.830 0.0000000000
72524  -0.314  -32.903  80.030 0.0000000000
72597  -0.653  -31.835  76.478 0.0000000000
69895  -0.668  -33.029  77.292 0.0000000000
68685  -0.565  -34.248  77.925 0.0000000000
67422  -0.054  -35.968  76.161 0.0000000000
65080  -0.560  -37.528  75.311 0.0000000000
67439  0.220  -36.436  75.421 0.0000000000
46492  4.902  -52.197  89.411 0.0000000000
47881  4.317  -50.724  90.006 0.0000000000
47874  5.310  -50.508  90.671 0.0000000000
46508  10.374  -52.350  87.217 0.0000000000
46516  10.443  -52.527  86.287 0.0000000000
46509  9.574  -52.656  87.502 0.0000000000
45177  8.010  -53.098  86.987 0.0000000000
45189  7.281  -53.224  86.215 0.0000000000
45190  6.414  -53.196  86.332 0.0000000000
45179  6.233  -53.182  87.221 0.0000000000
45163  5.788  -52.847  88.881 0.0000000000
63800  0.495  -38.053  86.534 0.0000000000
62593  0.046  -38.800  85.683 0.0000000000
64973  0.493  -37.438  86.128 0.0000000000
67339  0.435  -35.965  85.258 0.0000000000
69821  0.187  -34.806  84.885 0.0000000000
50373  -2.553  -49.776  80.510 0.0000000000
51597  -2.269  -48.897  81.147 0.0000000000
51585  -2.246  -48.777  82.240 0.0000000000
51575  -2.007  -48.665  83.295 0.0000000000
52830  -0.398  -48.228  84.642 0.0000000000
54062  2.564  -46.237  90.147 0.0000000000
54067  2.069  -46.207  89.602 0.0000000000
55307  2.356  -45.195  90.124 0.0000000000
56583  2.161  -44.168  89.595 0.0000000000
57866  1.318  -42.982  89.401 0.0000000000
59063  0.628  -42.140  89.315 0.0000000000
43886  1.716  -53.813  84.309 0.0000000000
43900  1.421  -53.860  82.503 0.0000000000
45221  0.170  -53.465  83.389 0.0000000000
45229  -0.420  -53.052  82.328 0.0000000000
46567  -0.871  -52.719  81.533 0.0000000000
46586  -1.432  -52.294  80.171 0.0000000000
46568  -1.592  -52.237  81.267 0.0000000000
49149  -2.671  -50.793  80.959 0.0000000000
55430  1.077  -45.745  80.633 0.0000000000
55465  0.527  -45.438  78.203 0.0000000000
55445  1.631  -45.474  79.368 0.0000000000
56718  3.454  -44.803  79.572 0.0000000000
56740  4.008  -43.949  79.012 0.0000000000
60343  0.152  -40.179  80.353 0.0000000000
59181  0.244  -41.445  78.381 0.0000000000
59182  -0.441  -41.142  78.134 0.0000000000
59215  -0.359  -41.707  76.226 0.0000000000
59256  0.183  -41.720  74.365 0.0000000000
59305  0.408  -41.932  72.176 0.0000000000
59281  -0.209  -40.882  73.515 0.0000000000
60456  -0.342  -40.267  72.744 0.0000000000
61661  -0.794  -39.274  72.083 0.0000000000
69902  0.293  -33.586  76.297 0.0000000000
68723  0.796  -35.383  75.689 0.0000000000
68722  1.266  -35.217  75.370 0.0000000000
46523  -0.487  -51.840  85.604 0.0000000000
47911  -0.947  -51.001  85.804 0.0000000000
46513  0.406  -51.202  86.969 0.0000000000
47891  2.022  -50.094  88.633 0.0000000000
50293  2.085  -49.046  89.604 0.0000000000
49070  3.770  -49.526  90.363 0.0000000000
50281  3.334  -48.728  90.684 0.0000000000
52774  3.059  -47.124  90.297 0.0000000000
55302  3.795  -45.724  91.319 0.0000000000
47932  12.529  -50.065  82.677 0.0000000000
47958  12.125  -49.821  81.038 0.0000000000
47933  12.127  -50.654  82.280 0.0000000000
46528  9.668  -53.016  84.336 0.0000000000
46548  9.197  -52.524  82.620 0.0000000000
46582  8.949  -51.936  80.741 0.0000000000
43897  4.079  -54.266  82.565 0.0000000000
43884  3.554  -53.889  84.213 0.0000000000
43870  4.895  -53.279  85.633 0.0000000000
43877  3.327  -53.428  84.935 0.0000000000
43885  2.627  -53.931  84.325 0.0000000000
43879  1.469  -53.446  84.902 0.0000000000
45206  0.829  -53.075  85.315 0.0000000000
57919  0.485  -43.212  84.512 0.0000000000
57939  1.352  -43.000  83.023 0.0000000000
59106  0.180  -42.587  83.999 0.0000000000
59115  -0.245  -41.733  82.992 0.0000000000
60317  0.158  -40.657  82.086 0.0000000000
62609  -0.105  -38.760  84.066 0.0000000000
61481  -0.120  -39.394  83.012 0.0000000000
60318  0.214  -39.829  81.963 0.0000000000
61526  -0.335  -39.030  81.023 0.0000000000
63848  -0.690  -38.062  80.424 0.0000000000
65026  -0.612  -37.444  79.841 0.0000000000
50284  8.307  -49.474  89.679 0.0000000000
50347  14.559  -48.502  82.401 0.0000000000
54090  16.542  -45.493  85.747 0.0000000000
52794  15.475  -46.224  86.372 0.0000000000
52810  15.341  -46.590  84.992 0.0000000000
51561  14.772  -47.485  84.487 0.0000000000
50321  14.447  -48.291  84.202 0.0000000000
49113  13.809  -49.408  83.373 0.0000000000
47909  12.527  -50.990  85.242 0.0000000000
47899  12.443  -51.032  86.943 0.0000000000
47885  11.732  -50.450  87.720 0.0000000000
47894  11.417  -51.115  87.815 0.0000000000
47887  10.510  -51.152  89.100 0.0000000000
49072  9.561  -50.770  89.668 0.0000000000
52896  -2.028  -48.209  77.687 0.0000000000
55467  -1.137  -46.883  78.954 0.0000000000
52874  -2.055  -48.090  80.659 0.0000000000
54169  -1.454  -46.838  80.637 0.0000000000
55431  -0.078  -46.005  80.826 0.0000000000
55415  0.732  -45.942  81.727 0.0000000000
55371  2.211  -45.589  83.248 0.0000000000
56633  2.024  -44.839  84.788 0.0000000000
49094  -0.239  -50.181  86.312 0.0000000000
51548  0.320  -49.039  85.923 0.0000000000
52815  0.511  -48.200  85.339 0.0000000000
52792  1.844  -47.370  88.369 0.0000000000
52807  1.319  -47.354  86.275 0.0000000000
52814  0.980  -47.126  85.322 0.0000000000
55352  1.442  -45.491  85.748 0.0000000000
56626  1.006  -44.636  85.899 0.0000000000
57910  0.422  -43.837  85.610 0.0000000000
57903  -0.312  -43.169  86.504 0.0000000000
59088  -0.119  -41.979  86.854 0.0000000000
61439  0.461  -40.320  87.371 0.0000000000
60254  0.729  -41.439  89.114 0.0000000000
61430  0.585  -40.470  88.155 0.0000000000
62576  0.700  -39.515  87.632 0.0000000000
45274  2.808  -52.701  79.452 0.0000000000
45227  1.147  -53.555  81.831 0.0000000000
56763  0.743  -45.016  76.325 0.0000000000
55543  0.397  -45.534  74.112 0.0000000000
55626  3.683  -46.137  69.246 0.0000000000
59133  2.623  -42.898  81.738 0.0000000000
59177  3.414  -42.749  79.544 0.0000000000
58011  4.194  -42.933  77.358 0.0000000000
59195  1.698  -42.050  77.836 0.0000000000
59232  3.339  -42.436  76.147 0.0000000000
58038  4.707  -43.420  74.922 0.0000000000
58065  4.616  -43.534  72.582 0.0000000000
56873  4.396  -44.640  70.168 0.0000000000
56915  3.607  -45.229  67.889 0.0000000000
56916  2.930  -44.706  67.426 0.0000000000
59348  0.933  -41.909  70.086 0.0000000000
58162  0.916  -42.075  68.017 0.0000000000
71162  0.293  -34.463  84.179 0.0000000000
73869  0.582  -33.353  83.450 0.0000000000
69845  0.032  -34.614  82.670 0.0000000000
68662  -0.078  -35.196  81.697 0.0000000000
67383  -0.283  -36.040  80.512 0.0000000000
66148  -0.634  -36.538  78.489 0.0000000000
69865  -0.522  -33.762  78.814 0.0000000000
67397  -0.481  -35.427  78.183 0.0000000000
65063  -1.053  -37.179  77.109 0.0000000000
63914  -1.065  -38.125  75.400 0.0000000000
63933  -0.746  -38.500  73.506 0.0000000000
63957  -0.777  -38.823  71.594 0.0000000000
66234  -0.235  -37.883  72.145 0.0000000000
47880  7.472  -51.422  90.560 0.0000000000
47872  7.001  -50.725  90.818 0.0000000000
49065  7.333  -50.035  90.598 0.0000000000
47879  8.418  -51.154  90.327 0.0000000000
46490  8.293  -52.426  89.393 0.0000000000
52982  2.439  -47.981  67.129 0.0000000000
53002  2.745  -47.258  66.656 0.0000000000
54323  2.985  -46.383  66.850 0.0000000000
47920  -1.847  -51.512  84.109 0.0000000000
47915  -1.620  -51.014  84.850 0.0000000000
50359  13.713  -48.699  81.382 0.0000000000
50385  13.403  -48.516  80.108 0.0000000000
49148  12.988  -48.907  80.747 0.0000000000
46531  -1.169  -52.049  84.642 0.0000000000
45215  -1.088  -52.585  84.001 0.0000000000
57938  2.214  -43.361  83.072 0.0000000000
62684  -1.433  -38.792  78.765 0.0000000000
61594  -1.628  -39.472  78.220 0.0000000000
61595  -2.043  -38.900  77.907 0.0000000000
61620  -2.128  -39.486  75.755 0.0000000000
62698  -2.085  -38.163  77.315 0.0000000000
45174  2.691  -52.345  87.894 0.0000000000
46503  2.674  -51.989  88.296 0.0000000000
46494  3.503  -51.779  88.922 0.0000000000
46515  11.230  -52.176  85.923 0.0000000000
45201  7.426  -53.449  85.300 0.0000000000
45218  6.861  -53.510  83.517 0.0000000000
45211  6.549  -53.653  84.465 0.0000000000
45212  6.011  -53.788  84.137 0.0000000000
45165  3.944  -52.339  88.664 0.0000000000
45173  3.216  -52.508  88.130 0.0000000000
45183  2.469  -52.486  87.274 0.0000000000
61448  0.323  -40.028  86.397 0.0000000000
60281  0.202  -40.305  85.751 0.0000000000
61449  0.193  -39.362  85.988 0.0000000000
67359  0.538  -35.913  83.971 0.0000000000
66109  0.354  -36.790  83.784 0.0000000000
66115  0.287  -36.982  83.065 0.0000000000
66121  0.231  -37.168  82.352 0.0000000000
51632  -2.213  -48.912  78.460 0.0000000000
52840  -0.240  -47.309  83.845 0.0000000000
54130  -0.962  -47.094  83.076 0.0000000000
54128  0.421  -46.678  83.482 0.0000000000
52828  0.817  -46.919  84.772 0.0000000000
51527  2.044  -48.513  89.322 0.0000000000
56596  0.879  -43.610  88.741 0.0000000000
55321  0.849  -44.531  88.466 0.0000000000
56603  0.398  -43.692  88.390 0.0000000000
56604  0.359  -43.192  88.421 0.0000000000
43899  2.312  -54.112  82.713 0.0000000000
43910  2.578  -54.066  81.975 0.0000000000
45261  -0.303  -52.525  79.831 0.0000000000
55506  -1.411  -46.556  76.760 0.0000000000
55486  -0.698  -45.863  77.495 0.0000000000
56776  3.341  -44.999  76.340 0.0000000000
56791  4.012  -44.867  75.451 0.0000000000
56808  4.155  -45.040  74.447 0.0000000000
59137  0.146  -41.086  81.300 0.0000000000
59151  0.463  -41.513  80.479 0.0000000000
59278  1.411  -42.436  73.682 0.0000000000
59254  1.842  -42.388  74.754 0.0000000000
59303  1.943  -42.584  72.868 0.0000000000
58067  2.428  -42.597  72.087 0.0000000000
58088  1.938  -42.616  71.202 0.0000000000
58068  1.523  -42.523  71.965 0.0000000000
61671  -0.656  -39.651  71.031 0.0000000000
60508  0.020  -40.415  69.588 0.0000000000
61682  -0.224  -39.898  70.007 0.0000000000
73911  0.450  -32.253  81.173 0.0000000000
72523  -0.170  -32.803  80.426 0.0000000000
73930  -0.339  -32.433  79.916 0.0000000000
71248  -0.695  -32.540  77.058 0.0000000000
69894  -0.431  -33.496  77.132 0.0000000000
68701  -0.121  -34.704  76.780 0.0000000000
68709  0.230  -35.219  76.286 0.0000000000
46483  5.034  -52.018  89.986 0.0000000000
46477  4.867  -51.102  90.301 0.0000000000
46476  5.672  -51.328  90.479 0.0000000000
50271  6.407  -48.741  90.673 0.0000000000
46499  10.264  -52.226  88.093 0.0000000000
46500  9.417  -52.487  88.373 0.0000000000
45168  7.842  -53.001  87.870 0.0000000000
45167  8.734  -52.898  87.722 0.0000000000
45178  7.121  -53.090  87.107 0.0000000000
45169  6.941  -53.114  87.990 0.0000000000
45158  6.427  -52.493  89.525 0.0000000000
45159  5.576  -52.372  89.491 0.0000000000
45164  4.891  -52.510  88.935 0.0000000000
64967  0.691  -37.611  86.752 0.0000000000
67338  0.533  -36.042  85.732 0.0000000000
68619  0.372  -35.278  85.626 0.0000000000
68635  0.246  -35.256  84.969 0.0000000000
68634  0.185  -34.958  85.162 0.0000000000
50360  -2.706  -49.845  81.769 0.0000000000
50323  -1.586  -49.447  84.597 0.0000000000
51564  -1.758  -48.872  84.016 0.0000000000
51563  -1.231  -48.579  84.427 0.0000000000
51553  -0.718  -48.780  85.087 0.0000000000
55306  2.795  -45.436  90.659 0.0000000000
54063  2.201  -45.697  89.960 0.0000000000
56584  1.735  -43.495  89.376 0.0000000000
57865  1.884  -43.158  89.501 0.0000000000
59055  1.566  -42.365  89.535 0.0000000000
43887  1.054  -53.596  84.267 0.0000000000
43893  1.035  -53.764  83.453 0.0000000000
47934  -2.516  -51.387  82.467 0.0000000000
47947  -2.370  -51.567  81.535 0.0000000000
49138  -2.774  -50.861  81.888 0.0000000000
55429  2.247  -45.627  80.654 0.0000000000
56697  3.571  -44.557  81.015 0.0000000000
55443  3.287  -45.079  80.161 0.0000000000
56717  3.753  -44.208  80.174 0.0000000000
56741  3.489  -44.671  78.437 0.0000000000
60362  -0.009  -40.049  79.615 0.0000000000
59168  0.123  -40.737  79.268 0.0000000000
60378  -0.324  -40.307  78.743 0.0000000000
60407  -1.526  -40.929  76.723 0.0000000000
59198  -0.926  -41.437  77.065 0.0000000000
59216  -1.047  -41.392  75.934 0.0000000000
59235  0.288  -41.870  75.400 0.0000000000
59236  -0.418  -41.560  75.186 0.0000000000
59280  0.126  -41.519  73.369 0.0000000000
59257  -0.289  -41.272  74.298 0.0000000000
60431  -0.936  -39.867  74.404 0.0000000000
60443  -0.590  -40.334  73.868 0.0000000000
60444  -0.714  -39.726  73.473 0.0000000000
60457  -0.662  -39.627  72.621 0.0000000000
61649  -0.877  -39.209  73.120 0.0000000000
72596  -0.418  -31.861  76.089 0.0000000000
71268  0.396  -33.035  76.010 0.0000000000
69919  0.750  -34.239  76.020 0.0000000000
69918  1.043  -33.828  75.761 0.0000000000
46517  0.829  -51.636  86.533 0.0000000000
46518  0.192  -51.673  86.497 0.0000000000
46512  1.208  -51.311  87.110 0.0000000000
46496  2.305  -50.842  88.605 0.0000000000
47895  2.131  -50.707  88.422 0.0000000000
47890  2.301  -50.416  89.043 0.0000000000
49082  2.064  -49.708  89.101 0.0000000000
49077  2.290  -49.703  89.725 0.0000000000
47875  4.593  -50.349  90.208 0.0000000000
47876  4.193  -49.906  90.058 0.0000000000
49069  4.412  -49.594  90.363 0.0000000000
50276  3.775  -48.189  90.713 0.0000000000
51511  3.611  -47.788  90.687 0.0000000000
51514  3.227  -47.892  90.482 0.0000000000
52773  3.423  -47.098  90.687 0.0000000000
54058  3.558  -46.412  91.086 0.0000000000
47918  12.712  -50.108  83.522 0.0000000000
47919  12.355  -50.775  83.124 0.0000000000
46526  11.458  -52.098  83.862 0.0000000000
46546  10.996  -52.031  82.261 0.0000000000
45186  9.793  -52.974  85.727 0.0000000000
45198  9.811  -53.020  85.228 0.0000000000
45199  9.288  -53.170  84.994 0.0000000000
46537  8.446  -53.082  83.330 0.0000000000
46536  8.986  -53.021  83.541 0.0000000000
46566  8.343  -52.363  81.794 0.0000000000
45235  7.714  -52.615  81.861 0.0000000000
45236  7.264  -52.884  81.803 0.0000000000
43889  4.729  -54.153  83.287 0.0000000000
43890  3.807  -54.142  83.405 0.0000000000
45191  5.548  -53.202  86.432 0.0000000000
45203  5.748  -53.351  85.569 0.0000000000
43871  3.996  -53.251  85.679 0.0000000000
43872  3.133  -53.230  85.686 0.0000000000
43878  2.411  -53.403  85.126 0.0000000000
45204  2.416  -53.172  85.649 0.0000000000
45184  1.589  -52.009  86.809 0.0000000000
45196  0.803  -52.115  86.123 0.0000000000
45207  -0.038  -52.550  85.534 0.0000000000
57911  -0.207  -42.823  85.302 0.0000000000
59100  0.068  -41.870  84.937 0.0000000000
60296  0.065  -40.253  84.493 0.0000000000
60302  -0.177  -41.209  83.499 0.0000000000
60310  -0.166  -40.917  82.807 0.0000000000
63808  0.147  -37.987  85.086 0.0000000000
62601  -0.162  -38.766  84.941 0.0000000000
62617  -0.207  -38.766  83.251 0.0000000000
61494  0.003  -39.354  82.426 0.0000000000
61509  -0.085  -39.100  81.800 0.0000000000
62633  -0.303  -38.573  81.586 0.0000000000
65016  -0.226  -37.814  81.557 0.0000000000
63843  -0.473  -38.163  81.255 0.0000000000
65021  -0.477  -37.599  80.800 0.0000000000
49073  9.032  -50.383  89.770 0.0000000000
50292  8.724  -49.411  89.036 0.0000000000
51595  15.362  -47.446  82.065 0.0000000000
51608  15.410  -47.453  81.198 0.0000000000
51596  14.924  -47.995  81.766 0.0000000000
51538  14.916  -46.740  86.448 0.0000000000
52785  15.388  -46.171  86.715 0.0000000000
52803  15.421  -46.442  85.747 0.0000000000
49100  13.931  -48.775  84.511 0.0000000000
49112  14.191  -48.913  83.763 0.0000000000
49101  13.668  -49.361  84.237 0.0000000000
49093  13.077  -50.086  86.446 0.0000000000
47903  12.880  -50.302  85.900 0.0000000000
47898  12.860  -50.520  86.625 0.0000000000
47904  12.506  -51.089  86.168 0.0000000000
49078  11.690  -49.970  87.852 0.0000000000
47886  11.130  -50.796  88.217 0.0000000000
46487  10.767  -51.560  88.396 0.0000000000
49081  9.363  -50.062  89.270 0.0000000000
47877  9.903  -51.027  89.643 0.0000000000
49206  -2.228  -50.608  75.523 0.0000000000
50421  -2.237  -49.726  76.154 0.0000000000
52888  -1.932  -48.126  78.805 0.0000000000
54186  -1.499  -47.511  78.312 0.0000000000
54157  -0.898  -46.692  82.049 0.0000000000
54158  -1.276  -46.911  81.547 0.0000000000
55432  -0.944  -46.353  81.108 0.0000000000
55447  -1.010  -46.298  79.901 0.0000000000
55372  1.415  -46.176  83.436 0.0000000000
55359  2.000  -45.676  84.211 0.0000000000
55358  2.319  -45.330  83.833 0.0000000000
47905  -0.155  -50.881  86.575 0.0000000000
47906  -0.523  -50.571  86.090 0.0000000000
49091  0.037  -50.128  87.137 0.0000000000
51544  1.372  -48.608  87.217 0.0000000000
51545  0.888  -49.021  86.761 0.0000000000
51552  -0.031  -48.849  85.270 0.0000000000
52808  1.047  -48.355  86.417 0.0000000000
54073  1.684  -46.275  88.928 0.0000000000
55330  0.948  -45.419  88.076 0.0000000000
54081  1.541  -46.339  88.151 0.0000000000
54094  1.451  -46.288  86.088 0.0000000000
56618  0.590  -44.571  86.552 0.0000000000
56627  0.419  -44.222  86.272 0.0000000000
57909  1.080  -44.270  85.396 0.0000000000
59080  0.260  -42.001  87.784 0.0000000000
60272  0.212  -41.122  87.094 0.0000000000
47959  11.824  -50.331  80.661 0.0000000000
47969  12.153  -49.669  80.106 0.0000000000
47970  11.773  -50.262  79.896 0.0000000000
45257  3.330  -53.303  80.383 0.0000000000
45243  0.885  -53.176  81.167 0.0000000000
49184  -2.338  -50.703  77.539 0.0000000000
54221  -1.449  -46.551  75.161 0.0000000000
54236  -1.781  -47.191  74.784 0.0000000000
54235  -1.235  -46.650  74.327 0.0000000000
55544  -0.660  -46.115  73.724 0.0000000000
56744  0.852  -44.976  77.214 0.0000000000
56762  1.610  -45.012  76.718 0.0000000000
56810  2.065  -45.446  74.275 0.0000000000
56794  1.402  -45.324  74.997 0.0000000000
55542  1.447  -45.405  73.778 0.0000000000
55562  -0.045  -45.837  72.874 0.0000000000
55578  1.752  -45.931  72.201 0.0000000000
55576  3.643  -45.436  72.271 0.0000000000
55597  2.471  -46.238  71.139 0.0000000000
55596  3.740  -45.562  71.232 0.0000000000
55614  3.376  -46.082  70.155 0.0000000000
55613  4.171  -45.441  70.201 0.0000000000
57940  0.674  -42.687  82.902 0.0000000000
59122  2.032  -42.859  82.419 0.0000000000
59134  1.897  -42.539  81.693 0.0000000000
59165  1.871  -42.232  79.935 0.0000000000
59164  2.820  -42.570  80.262 0.0000000000
59178  2.727  -42.372  79.234 0.0000000000
57986  3.938  -43.098  79.055 0.0000000000
59193  3.519  -42.655  78.557 0.0000000000
59196  0.733  -41.875  77.561 0.0000000000
59180  0.930  -41.860  78.649 0.0000000000
59213  1.458  -42.154  76.730 0.0000000000
59253  2.956  -42.468  74.970 0.0000000000
59252  4.076  -42.709  75.218 0.0000000000
59231  4.150  -42.767  76.479 0.0000000000
58050  4.799  -43.577  73.832 0.0000000000
59300  4.547  -43.132  73.316 0.0000000000
58110  3.225  -43.273  70.343 0.0000000000
58109  4.153  -43.816  70.314 0.0000000000
58127  3.973  -43.926  69.486 0.0000000000
56887  4.141  -44.445  69.167 0.0000000000
56902  3.607  -44.462  68.280 0.0000000000
56903  2.740  -43.772  68.336 0.0000000000
58147  1.851  -43.122  68.719 0.0000000000
58161  1.538  -42.662  67.534 0.0000000000
59327  0.795  -41.825  71.072 0.0000000000
59349  0.713  -41.450  70.422 0.0000000000
59378  0.413  -41.592  68.481 0.0000000000
59390  0.377  -41.598  67.614 0.0000000000
59398  0.544  -41.658  66.837 0.0000000000
73883  0.660  -32.922  82.888 0.0000000000
72500  0.260  -33.792  82.853 0.0000000000
71177  0.170  -34.178  83.062 0.0000000000
71178  0.090  -34.278  82.720 0.0000000000
68656  0.094  -35.217  82.567 0.0000000000
69850  -0.067  -34.453  81.799 0.0000000000
69859  -0.265  -34.061  79.795 0.0000000000
68668  -0.221  -35.098  80.692 0.0000000000
66142  -0.476  -36.630  79.385 0.0000000000
67392  -0.348  -35.695  78.959 0.0000000000
73989  -1.227  -31.913  77.772 0.0000000000
73970  -1.028  -31.734  78.147 0.0000000000
72545  -1.113  -32.266  78.349 0.0000000000
72532  -0.762  -32.567  79.007 0.0000000000
71204  -0.975  -32.974  78.464 0.0000000000
67403  -0.431  -35.366  77.505 0.0000000000
66153  -0.603  -36.223  77.713 0.0000000000
65062  -0.817  -37.173  76.581 0.0000000000
63899  -0.998  -37.593  76.218 0.0000000000
65072  -0.729  -37.328  76.059 0.0000000000
65089  -0.487  -37.878  74.264 0.0000000000
63946  -0.738  -38.679  72.496 0.0000000000
67457  0.583  -36.729  74.073 0.0000000000
47873  6.154  -50.631  90.819 0.0000000000
46489  9.200  -52.290  89.204 0.0000000000
46491  7.357  -52.497  89.493 0.0000000000
46481  6.992  -52.118  90.210 0.0000000000
54336  2.095  -46.578  65.708 0.0000000000
55674  2.168  -45.866  66.043 0.0000000000
49114  -2.496  -50.332  83.649 0.0000000000
49103  -1.994  -50.232  84.440 0.0000000000
50312  -1.477  -49.802  85.017 0.0000000000
45214  -0.364  -52.946  84.514 0.0000000000
46551  -2.034  -52.040  82.329 0.0000000000
47921  -2.360  -51.284  83.385 0.0000000000
55413  2.720  -45.399  81.655 0.0000000000
56677  3.152  -45.023  81.969 0.0000000000
57936  3.259  -44.372  82.063 0.0000000000
57951  3.158  -43.477  81.750 0.0000000000
61565  -0.790  -39.096  79.311 0.0000000000
60379  -0.948  -39.778  78.566 0.0000000000
60395  -1.659  -40.184  77.532 0.0000000000
60419  -1.515  -40.839  75.572 0.0000000000
60430  -1.079  -40.554  74.675 0.0000000000
62723  -1.750  -38.962  75.039 0.0000000000
46511  2.050  -51.910  87.596 0.0000000000
46495  2.722  -51.082  88.867 0.0000000000
47889  2.682  -50.721  89.272 0.0000000000
50274  4.819  -48.510  91.085 0.0000000000
52768  4.859  -47.134  91.201 0.0000000000
54056  4.615  -46.418  91.368 0.0000000000
55301  4.337  -45.683  91.376 0.0000000000
55300  4.866  -45.675  91.260 0.0000000000
46519  12.000  -51.542  84.558 0.0000000000
46525  12.019  -51.424  83.534 0.0000000000
46527  10.598  -52.558  84.142 0.0000000000
45200  8.370  -53.349  85.146 0.0000000000
45217  7.902  -53.192  83.348 0.0000000000
43882  5.474  -53.863  84.053 0.0000000000
43875  5.134  -53.533  84.816 0.0000000000
45181  4.377  -53.154  87.344 0.0000000000
45192  4.644  -53.218  86.494 0.0000000000
45194  2.663  -53.064  86.255 0.0000000000
60288  0.149  -41.096  85.232 0.0000000000
60289  0.123  -40.262  85.349 0.0000000000
64992  0.197  -37.419  84.351 0.0000000000
63817  -0.091  -38.132  84.261 0.0000000000
65000  0.030  -37.600  83.648 0.0000000000
63832  -0.216  -38.304  82.751 0.0000000000
63838  -0.205  -38.288  81.993 0.0000000000
66127  0.088  -37.361  81.762 0.0000000000
51583  15.223  -47.424  82.815 0.0000000000
51547  14.375  -47.511  85.793 0.0000000000
49097  13.560  -49.157  85.164 0.0000000000
49089  13.437  -49.349  87.023 0.0000000000
49085  13.120  -49.801  87.520 0.0000000000
50410  -2.268  -49.803  77.136 0.0000000000
52855  -1.599  -47.900  82.686 0.0000000000
54148  -1.445  -47.550  81.842 0.0000000000
54146  -0.561  -46.771  82.627 0.0000000000
55397  -0.085  -46.548  82.560 0.0000000000
55396  0.565  -46.351  82.748 0.0000000000
54127  1.001  -46.506  83.747 0.0000000000
54111  1.405  -46.277  84.224 0.0000000000
49087  1.349  -49.884  87.928 0.0000000000
50301  1.253  -49.429  87.618 0.0000000000
51536  1.600  -48.545  87.829 0.0000000000
55338  0.779  -45.242  87.506 0.0000000000
55339  0.438  -44.667  87.313 0.0000000000
56620  -0.017  -43.475  87.357 0.0000000000
59073  0.360  -42.046  88.544 0.0000000000
46613  11.548  -50.772  79.715 0.0000000000
46614  11.123  -51.085  79.227 0.0000000000
43909  3.456  -54.183  81.853 0.0000000000
45242  1.812  -53.597  81.417 0.0000000000
47971  -2.193  -51.653  78.991 0.0000000000
54209  -1.901  -47.102  76.606 0.0000000000
55523  -1.296  -46.314  75.828 0.0000000000
56761  2.536  -45.033  77.059 0.0000000000
56777  2.427  -45.201  76.112 0.0000000000
56793  2.311  -45.374  75.216 0.0000000000
56828  2.260  -45.494  73.727 0.0000000000
55560  2.167  -45.561  73.160 0.0000000000
56827  2.819  -45.500  73.683 0.0000000000
56826  3.861  -45.213  73.365 0.0000000000
56844  4.015  -45.185  72.547 0.0000000000
59135  1.063  -42.324  81.529 0.0000000000
59150  1.042  -42.076  80.640 0.0000000000
59179  1.817  -42.114  78.916 0.0000000000
59234  1.163  -42.212  75.625 0.0000000000
59301  4.058  -42.701  72.878 0.0000000000
59326  3.282  -42.642  72.239 0.0000000000
58129  2.477  -43.323  69.273 0.0000000000
58111  2.227  -42.953  70.327 0.0000000000
58130  1.646  -42.897  69.467 0.0000000000
60472  -0.041  -40.567  71.526 0.0000000000
60489  0.369  -40.835  70.274 0.0000000000
73897  0.414  -32.856  82.112 0.0000000000
72507  0.169  -33.517  81.973 0.0000000000
71184  0.018  -34.064  81.835 0.0000000000
72516  0.030  -33.430  80.998 0.0000000000
71195  -0.303  -33.410  79.919 0.0000000000
72579  -1.003  -32.182  77.371 0.0000000000
71221  -1.008  -32.726  77.679 0.0000000000
69876  -0.906  -33.386  77.939 0.0000000000
69886  -0.687  -33.363  77.532 0.0000000000
68693  -0.400  -34.248  77.380 0.0000000000
67411  -0.285  -35.589  76.841 0.0000000000
66179  -0.410  -36.666  76.090 0.0000000000
66191  -0.176  -36.993  75.225 0.0000000000
66202  -0.104  -37.369  74.211 0.0000000000
46493  4.430  -52.038  89.294 0.0000000000
46484  4.258  -51.245  89.739 0.0000000000
49068  4.934  -49.775  90.749 0.0000000000
49067  5.762  -49.656  90.984 0.0000000000
50273  5.390  -48.539  91.103 0.0000000000
45175  9.703  -52.830  86.610 0.0000000000
45176  8.892  -53.056  86.834 0.0000000000
45170  6.019  -53.196  88.099 0.0000000000
45171  5.083  -53.073  88.160 0.0000000000
63793  0.463  -38.612  86.562 0.0000000000
62585  0.300  -39.041  86.254 0.0000000000
63801  0.286  -38.165  85.985 0.0000000000
64974  0.396  -37.354  85.478 0.0000000000
67329  0.740  -36.094  86.270 0.0000000000
66090  0.511  -36.690  85.657 0.0000000000
66091  0.435  -36.606  85.085 0.0000000000
67351  0.427  -35.879  84.687 0.0000000000
68646  0.379  -35.213  84.189 0.0000000000
51610  -2.271  -48.841  80.104 0.0000000000
50348  -2.589  -49.546  82.956 0.0000000000
52842  -1.538  -48.130  83.368 0.0000000000
52777  2.640  -47.247  89.868 0.0000000000
52778  2.286  -47.238  89.556 0.0000000000
54066  2.393  -46.717  89.767 0.0000000000
55308  2.062  -45.159  89.712 0.0000000000
56582  2.705  -44.460  90.227 0.0000000000
56587  1.923  -44.553  89.415 0.0000000000
56588  1.526  -43.825  89.158 0.0000000000
57869  0.653  -42.862  89.252 0.0000000000
59056  1.012  -42.260  89.472 0.0000000000
43894  0.651  -53.593  82.970 0.0000000000
46585  -0.889  -52.595  80.590 0.0000000000
55446  0.215  -45.790  79.610 0.0000000000
55464  1.430  -45.225  78.483 0.0000000000
56720  2.014  -45.177  78.527 0.0000000000
55444  2.810  -45.332  79.907 0.0000000000
56719  2.702  -45.114  78.974 0.0000000000
56742  2.668  -45.024  78.023 0.0000000000
56759  4.309  -44.125  77.637 0.0000000000
59167  0.456  -41.380  79.475 0.0000000000
59197  -0.139  -41.696  77.314 0.0000000000
59279  0.578  -42.116  73.448 0.0000000000
59306  0.074  -41.067  72.440 0.0000000000
59258  -0.635  -40.871  74.252 0.0000000000
60473  -0.499  -39.903  71.767 0.0000000000
71246  -0.174  -32.594  76.289 0.0000000000
68708  0.463  -34.621  76.222 0.0000000000
68724  0.463  -35.623  75.821 0.0000000000
68721  1.568  -34.638  75.244 0.0000000000
52966  2.864  -47.184  68.562 0.0000000000
47910  -0.340  -51.353  86.094 0.0000000000
47901  0.798  -50.637  87.267 0.0000000000
46505  1.511  -50.954  87.700 0.0000000000
47900  1.264  -50.854  87.551 0.0000000000
47897  1.144  -50.267  87.668 0.0000000000
49083  1.831  -49.756  88.445 0.0000000000
50294  1.981  -49.100  88.921 0.0000000000
51518  2.362  -48.155  89.747 0.0000000000
47882  3.838  -50.386  89.927 0.0000000000
49075  3.269  -49.951  90.177 0.0000000000
50275  4.140  -48.517  90.793 0.0000000000
50280  3.830  -48.996  90.649 0.0000000000
50285  2.887  -49.265  90.527 0.0000000000
50286  2.559  -48.907  90.270 0.0000000000
51515  2.851  -48.003  90.152 0.0000000000
54061  3.069  -46.341  90.745 0.0000000000
56576  3.592  -45.226  91.221 0.0000000000
47944  13.013  -49.553  82.192 0.0000000000
47957  12.692  -49.384  81.376 0.0000000000
47945  12.327  -49.971  81.869 0.0000000000
47946  11.898  -50.552  81.492 0.0000000000
46561  11.806  -50.968  81.488 0.0000000000
46532  11.959  -51.272  82.619 0.0000000000
46545  11.578  -51.567  82.106 0.0000000000
46579  11.424  -51.200  80.891 0.0000000000
46580  10.819  -51.525  80.791 0.0000000000
46581  9.974  -51.803  80.731 0.0000000000
46521  10.337  -52.713  85.198 0.0000000000
45208  9.181  -53.215  84.409 0.0000000000
46535  9.901  -52.679  83.368 0.0000000000
46547  10.143  -52.316  82.428 0.0000000000
46565  9.503  -52.163  81.636 0.0000000000
45252  7.586  -52.472  81.438 0.0000000000
43896  5.023  -54.176  82.384 0.0000000000
43891  2.887  -54.126  83.485 0.0000000000
43876  4.237  -53.432  84.847 0.0000000000
43880  0.957  -53.422  84.719 0.0000000000
45205  1.916  -53.144  85.579 0.0000000000
57928  1.450  -43.387  83.836 0.0000000000
57929  0.668  -42.906  83.598 0.0000000000
59114  0.143  -42.385  83.297 0.0000000000
59107  -0.167  -41.928  83.948 0.0000000000
59125  0.021  -41.391  82.169 0.0000000000
61464  -0.095  -39.471  84.736 0.0000000000
61472  -0.013  -39.420  83.818 0.0000000000
60311  0.078  -40.081  82.663 0.0000000000
60327  0.230  -40.375  81.251 0.0000000000
60328  0.052  -39.620  81.155 0.0000000000
60344  -0.190  -39.575  80.324 0.0000000000
61547  -0.539  -39.053  80.164 0.0000000000
62639  -0.587  -38.546  80.795 0.0000000000
62650  -0.762  -38.549  79.905 0.0000000000
62667  -1.109  -38.528  79.047 0.0000000000
63859  -1.057  -37.936  78.958 0.0000000000
49074  8.112  -50.184  90.298 0.0000000000
49136  14.055  -48.905  82.220 0.0000000000
52793  15.943  -45.853  85.964 0.0000000000
52824  15.315  -46.679  84.096 0.0000000000
51572  14.976  -47.466  83.539 0.0000000000
51562  14.444  -47.990  84.681 0.0000000000
50336  14.668  -48.345  83.295 0.0000000000
49126  14.263  -49.002  82.933 0.0000000000
49127  13.716  -49.343  82.546 0.0000000000
47931  13.202  -49.656  83.005 0.0000000000
47902  13.183  -49.778  85.424 0.0000000000
47908  12.873  -50.258  84.976 0.0000000000
46506  11.956  -51.697  86.525 0.0000000000
50297  13.035  -49.394  87.908 0.0000000000
49086  12.443  -49.894  87.785 0.0000000000
47893  12.268  -50.592  87.481 0.0000000000
46497  11.774  -51.449  87.300 0.0000000000
46498  11.046  -51.879  87.721 0.0000000000
47888  9.683  -51.635  89.531 0.0000000000
47878  9.346  -51.176  90.008 0.0000000000
51655  -2.165  -48.895  76.815 0.0000000000
54195  -1.705  -47.308  77.280 0.0000000000
52881  -2.029  -48.061  79.737 0.0000000000
54170  -1.792  -47.421  80.228 0.0000000000
54159  -1.674  -47.470  81.089 0.0000000000
55448  -1.336  -46.866  79.524 0.0000000000
55395  1.509  -45.921  82.519 0.0000000000
55394  2.251  -45.579  82.341 0.0000000000
56639  2.562  -44.912  83.631 0.0000000000
57917  2.087  -44.367  84.425 0.0000000000
49095  -0.852  -50.169  85.869 0.0000000000
50311  -1.089  -49.491  85.338 0.0000000000
50307  0.187  -49.594  86.549 0.0000000000
50308  -0.291  -49.654  85.841 0.0000000000
51549  -0.358  -49.191  85.444 0.0000000000
52816  -0.131  -48.594  84.976 0.0000000000
52784  1.965  -47.207  89.134 0.0000000000
52800  1.598  -47.674  87.313 0.0000000000
54101  1.329  -46.328  85.021 0.0000000000
55344  0.959  -45.202  86.696 0.0000000000
55351  1.706  -45.551  84.994 0.0000000000
57918  1.487  -43.995  84.781 0.0000000000
57870  0.397  -42.438  89.223 0.0000000000
59064  0.425  -42.065  89.019 0.0000000000
60255  0.546  -41.381  88.608 0.0000000000
61429  0.742  -40.575  88.798 0.0000000000
63792  0.697  -38.532  87.096 0.0000000000
50277  7.585  -49.359  90.308 0.0000000000
47968  12.501  -49.338  80.584 0.0000000000
49160  12.295  -49.353  79.542 0.0000000000
49172  12.349  -49.126  79.068 0.0000000000
45259  1.349  -52.996  80.202 0.0000000000
55485  0.036  -45.312  76.915 0.0000000000
55504  -0.074  -45.224  75.836 0.0000000000
56779  0.732  -45.189  75.461 0.0000000000
55521  0.184  -45.381  75.036 0.0000000000
55577  2.863  -45.780  72.180 0.0000000000
54307  3.442  -46.445  68.198 0.0000000000
59121  2.650  -43.292  82.347 0.0000000000
57964  3.136  -43.049  80.894 0.0000000000
59148  2.489  -42.647  81.104 0.0000000000
57975  3.305  -42.902  80.322 0.0000000000
57974  3.709  -43.269  80.039 0.0000000000
57998  4.201  -43.221  77.960 0.0000000000
56774  4.561  -43.823  76.724 0.0000000000
59212  2.550  -42.270  77.012 0.0000000000
59211  3.679  -42.599  77.347 0.0000000000
58025  4.671  -43.238  76.040 0.0000000000
56790  4.718  -44.097  75.759 0.0000000000
56807  4.725  -44.309  74.673 0.0000000000
56843  4.476  -44.667  72.364 0.0000000000
58066  4.194  -43.026  72.197 0.0000000000
58085  4.562  -44.008  71.400 0.0000000000
56858  4.416  -44.800  71.212 0.0000000000
56886  4.316  -45.141  69.434 0.0000000000
56914  3.786  -45.576  68.226 0.0000000000
54308  3.328  -46.469  67.585 0.0000000000
55661  2.871  -45.734  66.893 0.0000000000
55662  2.546  -45.554  66.558 0.0000000000
56929  2.351  -44.659  66.864 0.0000000000
58090  0.962  -42.125  71.262 0.0000000000
58113  1.111  -42.184  70.588 0.0000000000
58131  1.142  -42.331  69.572 0.0000000000
59365  0.674  -41.620  69.459 0.0000000000
58149  0.871  -42.094  68.852 0.0000000000
69820  0.171  -34.638  85.143 0.0000000000
69832  0.216  -34.584  84.643 0.0000000000
69833  0.285  -34.749  84.336 0.0000000000
72494  0.373  -33.776  83.698 0.0000000000
71171  0.236  -34.454  83.594 0.0000000000
68651  0.283  -35.219  83.375 0.0000000000
67378  0.037  -36.293  81.532 0.0000000000
66137  -0.374  -36.830  80.251 0.0000000000
65035  -0.681  -37.139  79.106 0.0000000000
65036  -0.958  -37.332  78.651 0.0000000000
71203  -0.637  -33.186  79.052 0.0000000000
69875  -0.661  -33.791  78.293 0.0000000000
68680  -0.432  -34.607  78.595 0.0000000000
66149  -0.922  -36.976  78.243 0.0000000000
63887  -1.707  -37.633  77.670 0.0000000000
63900  -1.528  -37.817  76.430 0.0000000000
62724  -1.652  -38.359  75.521 0.0000000000
62735  -1.344  -38.688  74.809 0.0000000000
65081  -0.753  -38.101  74.819 0.0000000000
63923  -0.964  -38.442  74.515 0.0000000000
62744  -0.925  -38.834  73.756 0.0000000000
62757  -0.871  -38.861  72.821 0.0000000000
62769  -0.838  -38.928  72.058 0.0000000000
62782  -0.859  -39.154  71.309 0.0000000000
67438  0.601  -36.296  75.154 0.0000000000
67458  0.258  -36.860  74.538 0.0000000000
65105  -0.561  -38.437  71.940 0.0000000000
63969  -0.713  -39.002  70.724 0.0000000000
43881  5.976  -53.750  84.379 0.0000000000
43901  0.893  -53.682  82.795 0.0000000000
45160  5.141  -52.265  89.450 0.0000000000
45197  0.005  -52.208  86.083 0.0000000000
45216  8.491  -53.195  83.595 0.0000000000
45220  0.691  -53.573  83.864 0.0000000000
46478  4.502  -50.877  90.114 0.0000000000
46486  2.885  -50.833  89.353 0.0000000000
46502  3.201  -52.169  88.497 0.0000000000
46522  9.789  -53.037  84.942 0.0000000000
46529  9.128  -53.209  84.110 0.0000000000
46544  11.871  -51.086  81.900 0.0000000000
46562  11.635  -51.222  81.507 0.0000000000
46578  11.744  -50.877  81.062 0.0000000000
47883  2.888  -50.459  89.717 0.0000000000
47896  1.656  -50.474  88.034 0.0000000000
49061  5.589  -49.026  91.098 0.0000000000
49062  5.160  -49.150  91.115 0.0000000000
49064  4.143  -49.150  90.589 0.0000000000
49071  3.180  -49.503  90.501 0.0000000000
49076  2.735  -49.751  90.171 0.0000000000
49090  13.194  -50.000  86.882 0.0000000000
49098  -1.381  -50.275  85.237 0.0000000000
49099  -1.680  -50.030  84.838 0.0000000000
50279  6.334  -49.257  90.841 0.0000000000
50282  2.940  -48.406  90.474 0.0000000000
50335  14.824  -47.947  83.424 0.0000000000
50372  13.588  -48.610  80.981 0.0000000000
51537  1.199  -49.082  87.286 0.0000000000
51546  14.879  -46.874  86.087 0.0000000000
51573  14.927  -47.864  83.141 0.0000000000
51574  -1.505  -48.373  83.757 0.0000000000
52854  -1.181  -47.453  82.973 0.0000000000
52965  3.222  -46.779  68.388 0.0000000000
52980  3.235  -46.891  68.044 0.0000000000
54057  4.080  -46.420  91.292 0.0000000000
54113  0.146  -47.028  83.894 0.0000000000
54145  -0.029  -46.632  82.975 0.0000000000
54177  -1.532  -46.902  79.912 0.0000000000
54287  3.120  -46.532  69.474 0.0000000000
55303  3.292  -45.652  91.109 0.0000000000
55412  3.228  -45.100  81.492 0.0000000000
55417  -0.891  -46.544  81.659 0.0000000000
55428  3.191  -45.207  80.816 0.0000000000
55519  3.654  -45.186  75.300 0.0000000000
55520  3.497  -45.270  75.193 0.0000000000
55539  3.684  -45.224  75.000 0.0000000000
55540  3.381  -45.338  74.984 0.0000000000
55558  3.707  -45.328  72.780 0.0000000000
55595  4.332  -45.156  70.701 0.0000000000
55625  4.051  -45.695  69.521 0.0000000000
55633  4.061  -45.729  68.987 0.0000000000
55634  3.790  -45.974  68.544 0.0000000000
55645  3.602  -45.903  67.908 0.0000000000
55646  3.216  -45.667  67.291 0.0000000000
55647  2.793  -45.347  67.012 0.0000000000
55663  2.116  -45.022  66.249 0.0000000000
56612  0.259  -43.295  87.989 0.0000000000
56619  0.126  -44.127  86.882 0.0000000000
56625  1.586  -44.999  85.394 0.0000000000
56632  2.313  -45.088  84.169 0.0000000000
56634  1.450  -44.546  85.271 0.0000000000
56640  2.291  -44.648  84.180 0.0000000000
56655  3.165  -44.636  82.212 0.0000000000
56676  3.353  -44.684  81.686 0.0000000000
56698  3.521  -44.807  80.352 0.0000000000
56758  4.471  -43.689  77.218 0.0000000000
56792  3.247  -45.265  75.416 0.0000000000
56795  0.739  -45.314  74.742 0.0000000000
56811  1.114  -45.321  74.387 0.0000000000
56812  0.726  -45.350  74.416 0.0000000000
56874  4.216  -44.189  69.765 0.0000000000
56888  3.541  -43.891  68.888 0.0000000000
56889  3.030  -43.586  68.966 0.0000000000
56900  4.203  -45.447  69.119 0.0000000000
56901  4.068  -45.229  68.632 0.0000000000
56905  1.765  -43.049  68.327 0.0000000000
56928  2.586  -45.075  66.962 0.0000000000
57880  0.246  -42.550  89.018 0.0000000000
57888  0.348  -43.165  88.676 0.0000000000
57920  0.046  -42.473  84.571 0.0000000000
57926  2.725  -44.515  83.188 0.0000000000
57950  3.386  -44.140  81.703 0.0000000000
57997  4.410  -43.567  77.468 0.0000000000
58010  4.434  -43.235  77.045 0.0000000000
58069  0.915  -42.280  71.800 0.0000000000
58070  0.758  -42.022  71.591 0.0000000000
58086  4.023  -43.259  71.412 0.0000000000
58089  1.271  -42.378  71.201 0.0000000000
58108  4.431  -44.300  70.756 0.0000000000
58132  0.915  -42.052  69.308 0.0000000000
59123  1.189  -42.651  82.306 0.0000000000
59163  3.381  -42.823  80.057 0.0000000000
59210  4.164  -42.857  77.057 0.0000000000
59275  4.378  -42.940  74.018 0.0000000000
59302  2.985  -42.480  72.971 0.0000000000
59364  0.936  -42.006  69.561 0.0000000000
60408  -1.949  -40.279  76.295 0.0000000000
60525  -0.095  -40.637  68.876 0.0000000000
61456  0.243  -40.258  85.990 0.0000000000
61580  -1.584  -38.939  78.540 0.0000000000
61607  -2.298  -38.860  76.725 0.0000000000
61631  -1.432  -39.472  74.786 0.0000000000
62668  -1.355  -38.174  78.799 0.0000000000
62710  -2.008  -38.299  76.330 0.0000000000
62734  -1.198  -39.053  74.497 0.0000000000
62745  -1.063  -38.708  74.281 0.0000000000
63858  -0.852  -38.028  79.582 0.0000000000
63872  -1.424  -37.780  78.505 0.0000000000
63913  -0.903  -37.819  75.817 0.0000000000
63934  -0.905  -38.524  73.990 0.0000000000
65027  -0.829  -37.602  79.229 0.0000000000
65049  -1.256  -37.219  78.019 0.0000000000
65073  -0.792  -37.847  75.467 0.0000000000
65090  -0.772  -38.294  74.132 0.0000000000
66083  0.661  -36.807  86.255 0.0000000000
66154  -0.870  -36.795  77.817 0.0000000000
66165  -0.736  -36.691  77.393 0.0000000000
66201  0.161  -37.189  73.813 0.0000000000
66256  -0.241  -38.202  71.343 0.0000000000
67387  -0.346  -36.034  79.728 0.0000000000
68620  0.386  -35.584  85.394 0.0000000000
68686  -0.703  -33.646  77.801 0.0000000000
68694  -0.597  -33.841  77.678 0.0000000000
69840  0.212  -34.724  83.509 0.0000000000
69866  -0.883  -33.281  78.297 0.0000000000
69885  -0.507  -33.664  77.369 0.0000000000
71170  0.257  -34.191  83.653 0.0000000000
71189  -0.031  -33.732  80.908 0.0000000000
71212  -1.170  -32.817  78.053 0.0000000000
71231  -0.632  -32.826  77.129 0.0000000000
71232  -0.810  -32.638  77.314 0.0000000000
71247  -0.498  -32.708  76.811 0.0000000000
72501  0.129  -33.958  82.480 0.0000000000
72533  -0.997  -32.650  78.560 0.0000000000
72560  -1.205  -32.268  77.735 0.0000000000
72598  -0.792  -32.224  77.016 0.0000000000
73884  0.429  -33.367  82.866 0.0000000000
73912  0.194  -32.880  81.434 0.0000000000
73929  -0.148  -32.048  80.150 0.0000000000
73971  -1.271  -32.051  78.087 0.0000000000
