#!ascii label  , from subject 3461 vox2ras=TkReg
1111
135816  40.396  26.403  40.865 0.0000000000
141293  44.166  34.222  42.423 0.0000000000
130804  47.878  20.600  43.458 0.0000000000
132433  36.124  22.210  43.323 0.0000000000
130859  38.066  20.073  40.809 0.0000000000
139072  42.652  30.540  36.122 0.0000000000
143994  39.282  38.375  47.624 0.0000000000
143340  36.738  36.832  42.501 0.0000000000
128103  47.845  17.674  46.071 0.0000000000
126286  44.484  15.245  42.521 0.0000000000
136749  46.424  28.014  37.469 0.0000000000
133173  44.678  23.746  42.944 0.0000000000
137534  47.634  27.588  43.015 0.0000000000
133897  45.345  24.084  46.532 0.0000000000
146355  39.895  40.785  39.730 0.0000000000
141321  42.209  33.739  38.513 0.0000000000
129063  41.917  18.711  38.617 0.0000000000
133958  38.559  24.206  42.272 0.0000000000
131684  36.979  21.006  42.870 0.0000000000
132445  40.132  22.477  42.544 0.0000000000
136773  41.614  27.401  37.106 0.0000000000
135844  38.435  26.492  40.272 0.0000000000
144741  35.395  38.047  46.759 0.0000000000
126236  47.026  14.622  48.220 0.0000000000
124387  48.019  13.803  45.924 0.0000000000
123420  46.862  12.259  48.580 0.0000000000
147071  41.572  41.378  35.928 0.0000000000
139808  46.287  31.301  39.735 0.0000000000
137565  47.161  28.052  40.476 0.0000000000
139771  46.195  31.469  42.547 0.0000000000
137541  40.237  29.141  43.790 0.0000000000
136673  43.291  27.282  44.354 0.0000000000
134787  42.779  25.144  46.295 0.0000000000
132371  44.200  21.834  48.134 0.0000000000
141288  39.519  33.863  42.847 0.0000000000
142003  39.257  34.910  40.263 0.0000000000
140563  42.893  32.171  39.907 0.0000000000
139838  45.762  31.316  37.374 0.0000000000
131661  45.764  21.575  43.304 0.0000000000
130853  43.390  20.473  40.053 0.0000000000
129967  45.986  19.904  39.018 0.0000000000
128146  35.842  18.216  41.619 0.0000000000
128144  37.196  17.482  41.043 0.0000000000
142022  43.171  34.668  36.344 0.0000000000
140595  40.642  32.514  37.124 0.0000000000
143319  41.826  36.481  45.350 0.0000000000
141948  44.081  34.155  45.217 0.0000000000
143352  31.886  36.719  41.181 0.0000000000
145573  35.877  39.540  42.384 0.0000000000
142622  37.264  36.017  45.306 0.0000000000
129913  48.776  19.201  44.868 0.0000000000
128153  47.887  17.461  40.496 0.0000000000
127202  48.307  15.945  43.560 0.0000000000
124426  44.009  13.582  43.544 0.0000000000
136733  43.123  27.577  39.132 0.0000000000
135794  43.042  25.997  41.969 0.0000000000
135838  45.741  26.204  40.470 0.0000000000
133971  47.063  24.928  41.813 0.0000000000
133933  47.393  24.308  43.895 0.0000000000
138268  45.532  29.609  43.491 0.0000000000
135775  46.651  26.133  44.737 0.0000000000
133112  47.091  23.086  45.987 0.0000000000
131612  47.721  20.940  47.832 0.0000000000
128978  45.845  19.009  47.828 0.0000000000
146389  39.292  40.613  36.287 0.0000000000
146362  42.103  40.424  38.731 0.0000000000
144090  40.629  37.828  39.912 0.0000000000
143392  42.791  36.622  38.311 0.0000000000
140612  43.947  32.793  36.039 0.0000000000
136801  44.773  28.285  35.445 0.0000000000
131680  41.428  21.505  42.370 0.0000000000
129985  39.983  19.681  38.835 0.0000000000
127239  39.775  16.711  40.412 0.0000000000
128156  44.588  17.438  40.239 0.0000000000
134840  39.478  25.102  41.819 0.0000000000
133178  38.854  23.445  42.520 0.0000000000
133956  40.599  24.297  42.281 0.0000000000
136735  40.872  27.382  38.951 0.0000000000
136755  40.292  27.322  38.363 0.0000000000
135843  39.743  26.853  39.858 0.0000000000
135818  38.693  26.076  40.865 0.0000000000
125317  46.659  14.315  49.706 0.0000000000
125315  47.761  13.789  48.720 0.0000000000
124373  47.758  12.858  50.061 0.0000000000
124447  36.607  13.631  41.338 0.0000000000
140551  45.390  32.842  41.404 0.0000000000
139795  46.127  31.516  40.712 0.0000000000
141301  45.200  33.374  42.396 0.0000000000
136676  39.599  27.765  44.813 0.0000000000
136654  41.623  26.943  45.242 0.0000000000
141295  42.155  33.968  42.781 0.0000000000
141305  41.676  33.067  41.849 0.0000000000
141304  42.789  33.244  41.863 0.0000000000
140571  44.783  32.355  39.835 0.0000000000
130805  46.982  20.833  43.183 0.0000000000
129931  46.191  20.023  41.661 0.0000000000
129939  47.377  19.686  40.880 0.0000000000
131668  34.548  21.215  43.452 0.0000000000
130808  35.324  20.531  43.005 0.0000000000
130845  37.775  20.198  41.632 0.0000000000
129944  36.318  19.434  41.474 0.0000000000
129960  36.870  19.322  40.906 0.0000000000
128145  36.753  18.068  41.056 0.0000000000
128164  37.237  18.487  40.478 0.0000000000
140613  42.879  32.622  35.790 0.0000000000
141337  42.031  33.534  36.192 0.0000000000
139863  41.993  31.650  36.340 0.0000000000
133181  36.292  23.702  42.906 0.0000000000
133160  34.815  23.044  43.505 0.0000000000
144020  41.057  37.325  46.268 0.0000000000
143294  42.445  36.689  46.545 0.0000000000
143991  41.411  37.559  47.873 0.0000000000
143996  37.517  38.426  47.556 0.0000000000
143299  36.188  37.425  46.333 0.0000000000
143297  38.290  37.291  46.573 0.0000000000
142619  40.247  36.317  45.363 0.0000000000
129012  48.388  18.223  45.798 0.0000000000
128124  48.616  17.435  44.135 0.0000000000
127194  48.425  16.361  45.085 0.0000000000
124390  45.587  12.758  46.044 0.0000000000
124408  45.815  13.593  44.877 0.0000000000
124396  44.237  13.251  45.110 0.0000000000
136751  44.807  27.273  37.845 0.0000000000
136732  44.636  27.119  39.340 0.0000000000
136731  45.694  27.074  38.784 0.0000000000
137547  47.552  28.091  42.313 0.0000000000
135810  47.513  26.342  41.141 0.0000000000
135793  47.724  26.171  42.404 0.0000000000
133949  47.348  24.552  42.942 0.0000000000
136668  47.569  26.444  43.655 0.0000000000
140519  43.195  33.078  45.534 0.0000000000
139735  44.904  31.986  44.513 0.0000000000
139018  44.006  30.606  43.577 0.0000000000
135765  44.084  26.173  45.264 0.0000000000
135777  44.738  26.782  44.887 0.0000000000
134797  45.714  25.175  45.558 0.0000000000
134796  46.397  24.899  45.448 0.0000000000
133896  46.226  23.826  46.310 0.0000000000
131634  48.010  21.210  46.736 0.0000000000
132398  46.156  22.669  47.411 0.0000000000
130754  43.846  20.407  48.355 0.0000000000
130753  44.969  20.338  48.436 0.0000000000
146366  39.405  40.489  38.072 0.0000000000
146375  40.657  41.100  37.918 0.0000000000
146354  40.590  40.828  39.966 0.0000000000
144786  37.098  38.743  43.285 0.0000000000
145558  37.802  39.732  42.944 0.0000000000
144051  37.995  38.128  42.485 0.0000000000
142008  40.373  34.777  39.593 0.0000000000
143379  39.812  36.492  39.923 0.0000000000
142687  41.396  35.634  38.882 0.0000000000
144103  42.155  37.557  38.738 0.0000000000
142011  42.831  34.631  37.914 0.0000000000
142015  43.245  34.566  37.358 0.0000000000
140593  43.326  33.061  37.371 0.0000000000
138334  46.562  29.557  36.836 0.0000000000
139069  45.655  30.703  35.914 0.0000000000
136787  46.092  28.101  35.968 0.0000000000
136771  43.937  27.309  36.877 0.0000000000
133953  44.208  24.521  42.629 0.0000000000
133175  42.070  23.404  42.632 0.0000000000
132442  43.141  22.252  42.712 0.0000000000
130877  43.174  20.252  38.658 0.0000000000
130867  41.805  20.340  39.405 0.0000000000
129078  41.260  19.287  38.460 0.0000000000
128179  39.312  18.274  39.339 0.0000000000
128160  40.461  17.379  39.831 0.0000000000
127222  46.115  16.652  41.818 0.0000000000
128155  45.762  17.554  40.169 0.0000000000
127223  44.989  16.465  41.625 0.0000000000
133180  37.187  23.491  42.823 0.0000000000
131666  36.544  21.512  43.173 0.0000000000
132447  38.073  22.665  42.863 0.0000000000
131683  38.035  21.562  42.888 0.0000000000
131682  39.298  21.547  42.613 0.0000000000
138364  41.974  28.560  35.607 0.0000000000
133975  37.396  24.902  41.837 0.0000000000
126252  47.086  15.751  46.620 0.0000000000
126254  48.298  15.137  45.985 0.0000000000
125331  48.007  14.322  47.234 0.0000000000
123435  47.200  12.669  47.220 0.0000000000
138307  46.434  29.632  38.629 0.0000000000
137578  46.440  28.822  39.068 0.0000000000
138295  46.326  29.528  39.702 0.0000000000
138288  46.574  29.324  41.002 0.0000000000
137548  47.113  28.956  42.681 0.0000000000
139020  41.711  30.744  43.661 0.0000000000
138270  43.318  29.732  43.306 0.0000000000
136688  41.990  28.131  43.855 0.0000000000
135766  42.945  26.240  45.368 0.0000000000
134786  43.813  24.835  46.214 0.0000000000
133098  44.851  23.047  47.442 0.0000000000
133884  43.443  23.732  47.125 0.0000000000
132382  42.263  22.456  47.553 0.0000000000
130770  42.466  20.981  47.849 0.0000000000
145604  37.821  39.598  39.926 0.0000000000
141996  37.257  34.766  42.415 0.0000000000
142682  37.939  35.657  41.122 0.0000000000
141308  38.915  33.986  41.327 0.0000000000
140565  40.938  32.859  40.434 0.0000000000
140573  41.853  32.878  39.322 0.0000000000
139826  43.322  32.262  38.234 0.0000000000
139812  43.560  32.043  38.962 0.0000000000
139823  45.921  31.597  38.420 0.0000000000
132428  45.450  22.361  43.310 0.0000000000
131663  44.123  21.743  42.778 0.0000000000
130821  44.554  20.709  42.150 0.0000000000
130864  44.487  20.343  39.252 0.0000000000
129075  43.965  18.978  38.108 0.0000000000
124445  43.514  13.770  41.799 0.0000000000
125379  43.402  14.845  41.854 0.0000000000
127217  34.418  17.253  42.724 0.0000000000
129932  35.328  19.713  42.110 0.0000000000
129042  35.178  18.796  41.880 0.0000000000
127216  35.107  16.999  42.497 0.0000000000
127215  35.865  16.663  42.166 0.0000000000
126298  37.031  15.886  41.660 0.0000000000
126297  37.807  15.540  41.392 0.0000000000
143411  42.576  36.510  36.370 0.0000000000
142025  41.201  34.639  36.602 0.0000000000
141978  42.667  34.960  43.624 0.0000000000
141976  44.254  34.911  43.660 0.0000000000
142629  43.608  35.274  45.056 0.0000000000
141933  43.088  35.092  46.279 0.0000000000
141264  41.858  33.505  46.019 0.0000000000
140537  41.098  32.448  45.246 0.0000000000
139001  39.845  31.209  44.290 0.0000000000
144068  33.730  37.925  42.111 0.0000000000
145561  34.781  39.542  43.302 0.0000000000
144040  35.684  37.929  44.016 0.0000000000
141966  36.500  35.372  44.033 0.0000000000
141963  39.181  34.876  44.150 0.0000000000
141962  40.355  35.094  44.260 0.0000000000
130803  48.439  20.163  43.871 0.0000000000
129928  48.422  19.192  42.332 0.0000000000
129033  48.614  18.437  42.724 0.0000000000
127220  47.782  16.640  42.291 0.0000000000
126284  46.261  15.525  43.230 0.0000000000
125347  47.848  14.519  44.727 0.0000000000
125362  46.222  14.603  44.031 0.0000000000
124436  44.627  14.341  43.228 0.0000000000
136716  42.335  27.354  40.116 0.0000000000
134861  41.769  25.903  41.834 0.0000000000
136699  43.381  26.945  40.870 0.0000000000
134859  44.815  25.860  41.593 0.0000000000
134835  45.026  25.216  42.101 0.0000000000
135836  47.063  26.786  40.085 0.0000000000
134881  46.625  25.776  40.896 0.0000000000
133951  46.310  24.676  42.119 0.0000000000
133171  46.602  23.940  42.665 0.0000000000
133153  47.059  23.482  43.239 0.0000000000
131659  47.346  21.523  43.867 0.0000000000
140542  45.556  32.602  43.645 0.0000000000
139016  45.991  30.482  43.708 0.0000000000
137536  46.010  28.570  43.725 0.0000000000
137537  44.891  28.714  43.550 0.0000000000
136684  45.964  27.789  44.089 0.0000000000
137520  47.076  27.647  44.018 0.0000000000
134804  47.227  25.155  44.518 0.0000000000
133915  47.224  24.087  44.917 0.0000000000
131651  47.907  21.393  44.627 0.0000000000
131640  48.450  20.696  45.818 0.0000000000
131633  48.468  20.421  46.537 0.0000000000
129884  48.193  19.441  47.332 0.0000000000
131614  46.010  21.973  48.240 0.0000000000
130751  47.206  19.890  48.072 0.0000000000
128997  46.762  18.357  47.092 0.0000000000
127177  45.803  16.448  47.187 0.0000000000
146396  40.093  40.865  35.747 0.0000000000
147046  41.863  41.274  37.491 0.0000000000
146374  42.965  40.113  37.455 0.0000000000
144079  38.894  37.257  41.059 0.0000000000
146345  40.470  40.497  40.950 0.0000000000
145602  41.637  39.632  39.647 0.0000000000
144839  42.741  38.389  38.553 0.0000000000
144101  43.462  37.523  37.725 0.0000000000
142697  43.489  35.805  37.275 0.0000000000
141335  43.467  33.672  36.295 0.0000000000
139880  43.855  31.427  35.529 0.0000000000
139840  44.029  32.149  37.132 0.0000000000
139084  44.621  30.578  35.504 0.0000000000
138362  43.867  29.609  35.537 0.0000000000
136803  43.354  27.728  35.641 0.0000000000
136753  42.355  27.694  37.980 0.0000000000
133955  41.708  24.361  42.413 0.0000000000
131681  40.389  21.534  42.454 0.0000000000
130843  39.793  20.287  41.307 0.0000000000
130823  42.584  20.824  41.541 0.0000000000
130842  40.794  20.287  41.107 0.0000000000
130870  39.289  20.185  39.796 0.0000000000
129067  38.434  18.984  39.344 0.0000000000
127240  38.770  17.006  40.621 0.0000000000
129964  47.921  18.583  39.513 0.0000000000
128186  45.708  18.439  38.735 0.0000000000
128175  43.267  17.917  39.314 0.0000000000
127225  43.070  16.218  41.323 0.0000000000
128159  41.450  17.316  39.856 0.0000000000
122434  47.164  11.544  51.002 0.0000000000
122450  45.347  11.854  48.930 0.0000000000
134863  39.851  25.706  41.429 0.0000000000
134839  40.260  25.106  41.988 0.0000000000
134862  40.881  25.867  41.615 0.0000000000
135842  40.905  26.897  40.230 0.0000000000
136718  40.587  27.117  39.558 0.0000000000
124374  47.538  13.328  50.263 0.0000000000
141302  44.721  33.654  41.908 0.0000000000
141294  43.299  34.075  42.465 0.0000000000
141303  43.825  33.543  41.732 0.0000000000
140552  44.456  32.987  41.057 0.0000000000
129930  46.941  19.856  41.814 0.0000000000
130818  47.255  20.238  42.653 0.0000000000
132434  35.174  22.119  43.498 0.0000000000
130809  34.839  20.520  43.058 0.0000000000
131667  35.534  21.132  43.255 0.0000000000
129943  37.178  19.817  41.102 0.0000000000
129051  36.994  18.892  40.560 0.0000000000
129959  37.556  19.536  40.378 0.0000000000
139862  43.138  31.522  35.778 0.0000000000
139073  41.587  30.113  36.319 0.0000000000
133159  35.745  23.017  43.357 0.0000000000
144008  39.825  37.939  47.060 0.0000000000
144007  40.784  37.870  46.929 0.0000000000
144727  40.065  38.438  47.926 0.0000000000
143995  38.386  38.436  47.643 0.0000000000
144010  37.831  37.896  47.166 0.0000000000
144009  38.865  37.897  47.176 0.0000000000
143296  39.350  37.357  46.539 0.0000000000
128117  48.407  17.352  44.974 0.0000000000
128107  47.914  17.308  45.629 0.0000000000
124395  45.356  13.080  45.477 0.0000000000
136750  45.792  27.318  37.667 0.0000000000
136690  47.784  27.067  42.269 0.0000000000
135783  47.665  26.017  43.270 0.0000000000
136682  47.686  26.816  43.209 0.0000000000
140535  42.647  32.420  45.193 0.0000000000
140534  43.610  32.441  45.132 0.0000000000
139737  43.059  31.866  44.679 0.0000000000
134798  44.702  25.406  45.637 0.0000000000
133908  45.273  24.744  45.949 0.0000000000
133907  45.964  24.480  45.937 0.0000000000
132397  46.664  22.638  47.077 0.0000000000
133114  45.892  23.209  46.994 0.0000000000
129872  42.881  19.567  48.283 0.0000000000
146356  39.260  40.477  39.190 0.0000000000
145621  38.651  40.067  38.356 0.0000000000
146365  40.035  40.822  38.597 0.0000000000
144052  36.925  37.979  42.963 0.0000000000
143339  37.349  37.286  42.249 0.0000000000
141315  41.497  33.659  39.108 0.0000000000
142007  41.360  34.633  38.936 0.0000000000
142694  42.186  35.644  38.501 0.0000000000
142012  42.163  34.645  38.462 0.0000000000
141320  42.805  33.784  37.919 0.0000000000
137596  46.546  28.869  37.156 0.0000000000
137604  46.493  28.975  36.355 0.0000000000
136768  46.395  28.297  36.591 0.0000000000
136769  45.918  27.617  36.613 0.0000000000
133174  43.366  23.321  42.933 0.0000000000
133157  43.613  22.676  42.991 0.0000000000
129076  42.863  19.198  38.176 0.0000000000
129983  41.711  19.839  38.481 0.0000000000
129064  40.781  18.668  38.808 0.0000000000
128177  41.165  18.011  39.238 0.0000000000
127213  45.490  16.125  42.240 0.0000000000
126294  44.074  15.529  42.001 0.0000000000
133959  37.725  24.235  42.339 0.0000000000
132448  37.622  23.049  42.889 0.0000000000
133179  38.014  23.520  42.629 0.0000000000
133177  39.857  23.412  42.439 0.0000000000
132446  39.054  22.523  42.696 0.0000000000
136805  41.764  27.485  35.887 0.0000000000
137607  40.920  27.974  35.765 0.0000000000
136792  41.022  27.524  36.284 0.0000000000
135866  39.614  27.152  38.776 0.0000000000
135882  39.740  27.337  38.053 0.0000000000
133974  38.234  24.845  41.841 0.0000000000
134865  37.906  25.459  41.329 0.0000000000
127176  46.470  16.017  46.865 0.0000000000
126251  47.762  15.085  46.614 0.0000000000
125332  47.704  14.411  47.664 0.0000000000
123419  47.464  12.506  48.948 0.0000000000
124382  47.849  13.061  48.111 0.0000000000
123426  47.344  12.650  47.973 0.0000000000
123427  46.717  12.452  47.745 0.0000000000
123421  46.089  12.295  48.392 0.0000000000
146408  41.020  41.190  35.242 0.0000000000
146409  40.211  40.811  34.629 0.0000000000
139035  46.390  30.474  39.203 0.0000000000
139783  46.024  31.725  41.681 0.0000000000
139028  46.251  30.664  41.643 0.0000000000
138281  46.637  29.632  42.241 0.0000000000
139025  46.445  30.510  42.776 0.0000000000
138272  40.962  29.916  43.486 0.0000000000
137540  41.338  28.826  43.654 0.0000000000
135767  41.647  26.478  45.718 0.0000000000
135780  41.931  26.887  45.167 0.0000000000
134800  42.377  25.817  45.929 0.0000000000
134799  43.428  25.580  45.720 0.0000000000
133899  43.145  24.383  46.722 0.0000000000
133101  41.844  23.291  47.369 0.0000000000
131616  42.562  21.624  47.747 0.0000000000
131617  41.562  21.750  47.557 0.0000000000
141982  38.484  34.258  43.115 0.0000000000
141995  38.206  34.224  41.931 0.0000000000
141298  39.081  33.777  42.155 0.0000000000
140554  42.270  32.558  41.044 0.0000000000
140556  40.722  32.828  40.953 0.0000000000
140564  41.705  32.568  40.274 0.0000000000
140574  41.249  32.886  39.928 0.0000000000
139798  43.865  32.140  39.554 0.0000000000
140569  45.717  32.196  39.584 0.0000000000
139810  45.497  32.010  39.067 0.0000000000
139809  46.042  31.870  39.391 0.0000000000
139045  46.549  30.473  38.152 0.0000000000
131662  44.787  21.483  42.987 0.0000000000
130807  45.321  20.911  42.820 0.0000000000
129954  45.856  20.134  39.906 0.0000000000
129941  45.503  20.112  40.930 0.0000000000
129968  45.168  20.175  39.170 0.0000000000
130875  44.670  20.174  38.826 0.0000000000
129980  44.826  19.660  38.594 0.0000000000
128135  34.099  18.091  42.587 0.0000000000
129034  34.640  18.743  42.149 0.0000000000
131685  36.071  20.722  42.928 0.0000000000
130829  36.418  20.327  42.438 0.0000000000
129945  35.433  19.331  41.872 0.0000000000
128147  35.432  18.511  41.797 0.0000000000
128134  35.032  18.039  42.165 0.0000000000
128133  35.597  17.514  42.055 0.0000000000
127229  36.150  17.509  41.704 0.0000000000
127228  36.712  16.942  41.520 0.0000000000
127227  37.729  16.842  41.107 0.0000000000
143410  43.205  36.556  36.578 0.0000000000
142706  42.935  35.622  36.295 0.0000000000
141326  41.603  33.201  36.479 0.0000000000
141338  41.384  34.141  36.558 0.0000000000
141327  41.173  33.413  36.765 0.0000000000
141328  40.122  33.409  37.305 0.0000000000
142631  42.140  35.899  44.714 0.0000000000
142647  42.872  35.492  44.206 0.0000000000
142630  42.963  36.081  44.957 0.0000000000
142609  42.694  35.758  46.618 0.0000000000
141244  42.529  34.199  46.340 0.0000000000
141265  41.023  33.257  46.034 0.0000000000
139739  40.625  31.834  44.713 0.0000000000
143351  32.861  36.928  41.191 0.0000000000
145562  34.196  39.195  43.389 0.0000000000
145532  35.139  39.456  44.251 0.0000000000
144771  35.834  38.858  44.002 0.0000000000
143311  36.406  36.571  45.604 0.0000000000
142637  35.873  36.165  44.408 0.0000000000
142636  36.537  35.747  44.661 0.0000000000
141964  38.029  34.880  44.095 0.0000000000
142634  38.675  35.489  44.760 0.0000000000
142618  40.707  36.381  45.389 0.0000000000
142633  39.791  35.664  44.817 0.0000000000
141961  41.443  35.218  44.242 0.0000000000
142648  42.245  35.224  44.098 0.0000000000
130796  48.625  20.151  44.804 0.0000000000
129920  48.566  19.351  43.661 0.0000000000
129027  48.598  18.376  43.906 0.0000000000
127209  48.550  16.726  43.570 0.0000000000
128131  48.571  17.448  43.057 0.0000000000
127210  48.210  16.443  42.865 0.0000000000
127211  47.173  16.206  42.838 0.0000000000
126283  47.082  15.645  43.339 0.0000000000
125337  48.270  14.472  45.482 0.0000000000
125346  48.456  14.764  45.009 0.0000000000
125338  47.954  14.178  45.244 0.0000000000
125350  45.532  13.811  44.472 0.0000000000
125349  46.053  14.053  44.517 0.0000000000
125363  45.446  14.112  44.089 0.0000000000
125371  45.374  14.739  43.482 0.0000000000
124425  44.714  14.022  43.592 0.0000000000
124437  44.023  13.893  42.753 0.0000000000
136700  42.943  27.020  40.811 0.0000000000
136715  43.723  27.096  40.352 0.0000000000
135865  45.275  26.642  39.952 0.0000000000
135839  44.742  26.677  40.390 0.0000000000
135812  45.211  26.170  41.018 0.0000000000
134858  45.982  25.524  41.364 0.0000000000
137566  46.678  28.503  39.994 0.0000000000
135862  46.767  27.128  39.587 0.0000000000
136713  46.960  27.744  39.945 0.0000000000
134856  47.489  25.491  41.883 0.0000000000
135811  47.017  25.865  40.834 0.0000000000
134857  46.996  25.456  41.240 0.0000000000
133972  46.632  25.123  41.599 0.0000000000
133950  47.049  24.454  42.344 0.0000000000
134815  47.521  25.244  43.558 0.0000000000
132426  47.072  22.458  43.788 0.0000000000
133138  47.285  23.316  44.278 0.0000000000
141959  44.185  34.628  44.591 0.0000000000
141284  44.788  34.022  43.871 0.0000000000
141276  44.971  33.092  44.410 0.0000000000
139017  45.067  30.568  43.723 0.0000000000
139755  45.589  31.623  44.103 0.0000000000
136687  42.943  27.948  43.782 0.0000000000
137538  43.748  28.767  43.417 0.0000000000
136686  44.118  27.900  43.771 0.0000000000
135776  45.681  26.644  44.866 0.0000000000
136671  45.433  27.303  44.452 0.0000000000
136670  46.431  27.244  44.398 0.0000000000
135774  47.466  26.003  44.037 0.0000000000
133124  46.976  23.410  45.872 0.0000000000
133905  47.097  23.766  45.348 0.0000000000
133123  47.224  23.178  45.367 0.0000000000
132418  47.449  22.338  44.544 0.0000000000
132407  47.661  22.179  45.317 0.0000000000
131650  48.346  20.904  45.079 0.0000000000
131641  48.020  21.482  45.674 0.0000000000
132377  47.231  21.868  47.383 0.0000000000
130785  48.246  20.476  47.203 0.0000000000
130784  48.555  19.782  46.822 0.0000000000
130768  48.036  19.927  47.714 0.0000000000
132380  44.552  22.513  47.845 0.0000000000
132379  45.569  22.580  47.686 0.0000000000
132370  45.156  21.911  48.237 0.0000000000
129870  45.189  19.492  48.205 0.0000000000
130752  46.117  20.169  48.359 0.0000000000
129869  46.270  19.363  47.930 0.0000000000
129886  47.117  19.270  47.653 0.0000000000
129887  46.534  18.937  47.605 0.0000000000
128098  46.375  17.157  46.752 0.0000000000
146378  38.713  40.330  36.806 0.0000000000
145657  37.379  39.847  35.686 0.0000000000
146390  38.373  40.332  36.040 0.0000000000
147047  41.231  41.207  38.083 0.0000000000
147060  41.258  41.285  37.063 0.0000000000
147033  41.648  41.040  38.337 0.0000000000
147032  42.232  40.826  37.807 0.0000000000
142004  38.454  34.970  40.750 0.0000000000
143363  38.484  36.441  40.905 0.0000000000
142681  38.735  35.688  40.545 0.0000000000
143378  40.359  36.578  39.628 0.0000000000
144091  39.917  37.126  40.083 0.0000000000
144077  40.270  38.228  40.494 0.0000000000
144817  41.072  39.272  40.185 0.0000000000
145584  41.203  39.949  40.325 0.0000000000
144840  42.138  38.396  38.878 0.0000000000
144102  43.141  37.518  38.216 0.0000000000
144838  43.431  38.415  37.796 0.0000000000
143391  43.410  36.681  37.644 0.0000000000
142692  43.432  36.095  37.577 0.0000000000
141324  43.434  33.804  36.740 0.0000000000
142014  43.433  34.661  36.885 0.0000000000
141346  43.586  33.106  35.832 0.0000000000
140625  44.156  31.874  35.581 0.0000000000
139825  44.090  31.873  38.043 0.0000000000
139839  44.805  31.624  37.119 0.0000000000
138360  45.584  29.696  35.500 0.0000000000
139083  45.208  30.157  35.463 0.0000000000
138361  44.810  29.587  35.434 0.0000000000
137618  44.406  28.760  35.441 0.0000000000
137619  43.561  28.486  35.493 0.0000000000
136802  44.253  27.977  35.476 0.0000000000
136752  43.657  27.581  37.966 0.0000000000
136734  41.841  27.630  39.000 0.0000000000
134837  42.427  25.408  42.205 0.0000000000
134838  41.268  25.176  42.126 0.0000000000
132443  42.272  22.392  42.620 0.0000000000
132444  41.211  22.449  42.533 0.0000000000
130825  40.614  20.734  41.962 0.0000000000
130822  43.602  20.843  41.756 0.0000000000
131678  43.387  21.492  42.367 0.0000000000
130839  43.074  20.566  40.852 0.0000000000
130880  40.468  20.133  38.992 0.0000000000
129957  41.150  20.312  39.563 0.0000000000
130869  40.214  20.214  39.585 0.0000000000
130857  40.001  20.208  40.378 0.0000000000
129971  39.619  19.977  39.209 0.0000000000
129972  38.788  19.736  39.450 0.0000000000
129986  39.208  19.489  39.059 0.0000000000
128161  39.499  17.589  39.892 0.0000000000
127226  38.417  16.133  41.131 0.0000000000
126306  39.124  15.919  40.891 0.0000000000
129039  48.746  18.459  41.523 0.0000000000
129951  48.160  18.849  39.858 0.0000000000
129048  48.078  17.902  39.808 0.0000000000
129060  44.725  18.263  38.918 0.0000000000
128157  43.468  17.393  40.108 0.0000000000
125388  42.920  14.512  41.176 0.0000000000
126295  43.173  15.496  41.709 0.0000000000
126302  42.514  15.450  41.114 0.0000000000
133973  38.932  24.803  41.924 0.0000000000
133957  39.516  24.342  42.206 0.0000000000
136754  41.182  27.552  38.092 0.0000000000
136736  40.193  27.147  39.074 0.0000000000
135817  39.303  26.202  40.794 0.0000000000
134864  38.830  25.517  41.372 0.0000000000
125326  46.948  14.486  48.852 0.0000000000
125325  47.501  14.303  48.349 0.0000000000
125316  47.512  13.885  49.417 0.0000000000
124379  47.721  13.307  49.700 0.0000000000
123417  47.680  12.450  49.811 0.0000000000
140560  45.771  32.331  40.244 0.0000000000
140559  46.056  32.057  40.514 0.0000000000
140550  45.889  32.179  41.048 0.0000000000
139784  45.798  32.314  41.801 0.0000000000
140547  45.655  32.593  42.590 0.0000000000
137523  40.400  28.305  44.230 0.0000000000
137522  41.244  27.991  44.171 0.0000000000
136655  41.025  27.071  45.349 0.0000000000
134788  41.793  25.434  46.424 0.0000000000
141286  41.362  34.099  43.110 0.0000000000
141297  40.009  33.475  42.281 0.0000000000
141296  41.026  33.503  42.487 0.0000000000
140553  43.425  32.655  41.021 0.0000000000
140562  44.163  32.346  40.083 0.0000000000
140561  45.022  32.597  40.365 0.0000000000
130806  46.116  20.850  43.002 0.0000000000
130820  45.541  20.328  42.141 0.0000000000
130819  46.510  20.287  42.467 0.0000000000
129940  46.478  19.961  40.817 0.0000000000
129953  46.805  19.918  39.828 0.0000000000
130828  37.422  20.547  42.372 0.0000000000
130846  36.824  19.985  41.832 0.0000000000
129040  36.380  18.832  41.151 0.0000000000
141336  43.113  33.661  35.860 0.0000000000
142023  42.584  34.654  36.066 0.0000000000
140614  42.147  32.630  36.186 0.0000000000
140594  41.561  32.612  36.556 0.0000000000
139842  41.173  31.836  36.838 0.0000000000
133961  35.960  24.444  42.450 0.0000000000
133182  35.392  23.827  43.060 0.0000000000
132435  34.205  22.132  43.619 0.0000000000
143306  41.537  36.955  45.828 0.0000000000
143305  42.306  36.776  45.821 0.0000000000
144019  41.608  37.397  46.428 0.0000000000
144005  42.100  37.277  47.202 0.0000000000
144740  36.145  38.226  47.040 0.0000000000
144012  35.853  37.899  46.599 0.0000000000
144011  36.754  38.019  47.016 0.0000000000
143298  37.169  37.264  46.509 0.0000000000
143310  37.677  36.593  45.935 0.0000000000
142621  38.208  36.047  45.351 0.0000000000
143309  38.780  36.687  45.965 0.0000000000
143308  39.821  36.775  45.914 0.0000000000
129903  48.799  19.049  45.922 0.0000000000
129021  48.610  18.292  44.953 0.0000000000
127201  48.602  16.394  44.320 0.0000000000
124388  47.213  13.242  46.406 0.0000000000
124394  46.427  13.442  45.561 0.0000000000
124409  44.872  13.575  44.408 0.0000000000
135864  45.778  26.598  39.682 0.0000000000
137554  47.398  28.166  41.227 0.0000000000
136712  47.390  27.370  40.539 0.0000000000
136698  47.654  27.400  41.486 0.0000000000
133970  47.364  24.944  42.303 0.0000000000
134833  47.559  25.400  42.711 0.0000000000
140518  44.030  33.123  45.303 0.0000000000
140533  44.479  32.553  44.917 0.0000000000
139756  44.561  31.322  44.142 0.0000000000
135778  43.689  26.766  44.880 0.0000000000
136672  44.437  27.299  44.361 0.0000000000
135764  44.992  26.229  45.220 0.0000000000
135763  45.682  25.892  45.231 0.0000000000
135762  46.252  25.525  45.224 0.0000000000
133895  46.544  23.695  46.107 0.0000000000
133113  46.689  23.284  46.308 0.0000000000
132396  47.354  22.378  46.269 0.0000000000
132378  46.442  22.244  47.736 0.0000000000
132372  43.668  21.754  48.020 0.0000000000
131602  44.632  21.170  48.392 0.0000000000
145640  37.758  39.718  37.116 0.0000000000
145639  38.789  40.255  37.491 0.0000000000
146377  39.400  40.545  37.150 0.0000000000
146376  40.053  40.808  37.603 0.0000000000
146364  40.720  41.013  38.895 0.0000000000
146363  41.263  40.893  39.113 0.0000000000
145560  35.714  39.933  43.053 0.0000000000
145559  36.893  40.102  42.955 0.0000000000
145542  37.347  39.608  43.238 0.0000000000
144785  37.675  38.802  43.087 0.0000000000
141317  39.933  34.386  40.016 0.0000000000
142689  39.824  35.682  39.832 0.0000000000
142688  40.766  35.646  39.294 0.0000000000
143377  41.357  36.654  39.036 0.0000000000
144089  41.399  37.657  39.242 0.0000000000
143393  42.144  36.618  38.615 0.0000000000
142693  43.177  35.787  37.846 0.0000000000
141325  43.210  33.815  37.320 0.0000000000
140592  43.627  32.976  36.783 0.0000000000
139058  45.929  31.041  36.649 0.0000000000
139068  46.177  30.282  36.185 0.0000000000
137616  45.859  29.050  35.573 0.0000000000
136788  45.211  27.792  35.721 0.0000000000
136789  44.171  27.349  35.965 0.0000000000
136770  45.006  27.243  36.709 0.0000000000
134836  43.784  25.590  42.131 0.0000000000
133954  42.926  24.466  42.600 0.0000000000
131679  42.408  21.479  42.297 0.0000000000
130866  42.801  20.387  39.326 0.0000000000
130854  42.528  20.399  40.055 0.0000000000
130878  42.229  20.224  38.770 0.0000000000
130879  41.328  20.205  38.862 0.0000000000
129984  40.834  19.783  38.639 0.0000000000
129080  39.567  19.200  38.853 0.0000000000
129065  39.862  18.701  38.922 0.0000000000
128178  40.161  18.054  39.248 0.0000000000
128141  46.979  17.162  41.243 0.0000000000
128154  46.803  17.524  40.346 0.0000000000
128142  45.965  17.155  41.043 0.0000000000
128143  45.142  17.171  40.865 0.0000000000
127234  44.440  16.878  41.047 0.0000000000
133158  36.526  23.007  43.199 0.0000000000
132432  37.159  22.472  43.135 0.0000000000
131665  37.354  21.710  43.074 0.0000000000
131664  37.692  21.765  43.016 0.0000000000
130827  38.487  20.707  42.270 0.0000000000
130844  38.777  20.285  41.470 0.0000000000
138347  42.218  29.422  35.881 0.0000000000
137608  40.258  28.109  36.178 0.0000000000
136774  40.349  27.435  37.453 0.0000000000
134883  38.279  25.956  40.947 0.0000000000
133960  36.862  24.328  42.403 0.0000000000
144742  34.633  37.917  46.867 0.0000000000
144731  36.664  38.559  47.721 0.0000000000
144730  37.893  38.781  48.051 0.0000000000
128104  47.491  17.472  46.162 0.0000000000
127185  47.659  16.687  45.768 0.0000000000
126255  47.818  15.806  45.943 0.0000000000
126250  48.195  14.742  46.429 0.0000000000
124384  48.060  13.580  46.706 0.0000000000
125324  47.894  13.796  47.995 0.0000000000
124381  48.035  13.560  47.419 0.0000000000
123436  46.525  12.592  46.895 0.0000000000
123437  45.595  12.593  46.624 0.0000000000
137588  46.450  28.780  38.131 0.0000000000
139031  46.205  30.479  40.329 0.0000000000
138280  47.086  28.815  41.820 0.0000000000
139019  42.866  30.654  43.557 0.0000000000
138271  42.126  29.787  43.415 0.0000000000
137539  42.579  28.836  43.472 0.0000000000
136674  41.916  27.362  44.620 0.0000000000
135779  42.564  26.805  45.006 0.0000000000
134785  44.669  24.607  46.231 0.0000000000
133115  45.041  23.468  47.081 0.0000000000
133898  44.210  23.940  46.858 0.0000000000
133883  43.885  23.644  47.138 0.0000000000
133099  43.990  23.261  47.425 0.0000000000
133100  42.917  23.181  47.431 0.0000000000
132381  43.440  22.298  47.799 0.0000000000
131615  43.283  21.626  47.943 0.0000000000
130755  42.812  20.531  48.110 0.0000000000
145603  38.494  40.042  39.571 0.0000000000
142660  36.925  35.280  42.282 0.0000000000
142670  37.149  35.536  41.877 0.0000000000
142000  37.705  34.856  41.523 0.0000000000
141999  38.323  34.515  41.207 0.0000000000
141313  38.860  34.399  40.784 0.0000000000
141306  40.619  33.053  41.571 0.0000000000
141311  40.282  33.152  40.752 0.0000000000
141312  39.576  33.886  40.552 0.0000000000
141316  40.712  33.599  39.785 0.0000000000
140584  42.401  32.953  38.641 0.0000000000
140583  42.901  33.012  37.990 0.0000000000
140572  42.747  32.408  38.802 0.0000000000
139824  45.131  31.715  38.201 0.0000000000
139797  44.189  32.188  39.610 0.0000000000
139811  44.528  32.085  39.225 0.0000000000
139837  46.311  31.108  37.886 0.0000000000
138322  46.576  29.644  37.626 0.0000000000
133155  45.132  23.093  43.162 0.0000000000
133156  44.180  22.908  43.163 0.0000000000
132429  44.562  22.288  43.170 0.0000000000
131677  44.076  21.236  42.433 0.0000000000
130838  44.043  20.511  40.980 0.0000000000
130837  44.841  20.325  41.394 0.0000000000
129942  44.709  20.319  40.642 0.0000000000
130852  44.219  20.420  39.995 0.0000000000
130865  43.699  20.431  39.267 0.0000000000
129981  43.603  19.753  38.268 0.0000000000
129062  43.063  18.523  38.636 0.0000000000
125378  43.837  14.599  42.291 0.0000000000
125387  43.404  14.252  41.620 0.0000000000
128125  33.770  17.318  42.987 0.0000000000
131686  35.577  20.570  42.979 0.0000000000
130830  35.365  20.189  42.549 0.0000000000
130847  35.933  19.802  42.042 0.0000000000
129946  34.956  19.114  41.960 0.0000000000
126290  34.568  16.464  42.861 0.0000000000
126289  35.113  15.906  42.706 0.0000000000
127214  36.398  16.061  41.954 0.0000000000
125373  36.533  14.789  41.945 0.0000000000
142024  41.742  34.656  36.334 0.0000000000
142707  42.125  35.551  36.283 0.0000000000
139864  40.903  30.860  36.715 0.0000000000
141992  43.766  34.661  42.993 0.0000000000
141991  44.299  34.569  42.954 0.0000000000
141977  43.390  35.080  43.614 0.0000000000
142645  43.976  35.126  44.446 0.0000000000
142617  43.032  36.135  45.843 0.0000000000
142616  43.270  35.444  46.008 0.0000000000
141949  43.518  34.618  45.755 0.0000000000
141262  43.669  33.736  45.573 0.0000000000
139738  41.977  31.890  44.691 0.0000000000
139759  41.356  31.429  44.182 0.0000000000
139021  40.552  31.000  43.941 0.0000000000
138273  39.957  29.976  43.640 0.0000000000
144805  34.619  38.706  42.370 0.0000000000
144053  33.392  38.271  42.756 0.0000000000
144788  34.403  39.083  42.916 0.0000000000
145544  35.859  39.539  43.795 0.0000000000
144039  36.286  37.938  43.491 0.0000000000
143329  36.095  36.981  43.342 0.0000000000
144021  35.202  37.781  45.993 0.0000000000
143330  35.619  37.061  43.965 0.0000000000
142650  35.737  36.544  43.995 0.0000000000
142661  36.605  35.688  42.686 0.0000000000
141983  37.339  34.757  43.381 0.0000000000
141981  39.795  34.366  43.534 0.0000000000
141980  40.880  34.529  43.628 0.0000000000
141979  41.898  34.573  43.522 0.0000000000
141994  42.450  34.537  43.268 0.0000000000
129921  48.305  19.848  43.088 0.0000000000
129929  47.800  19.750  42.186 0.0000000000
128139  48.571  17.675  42.009 0.0000000000
128132  48.315  17.017  42.313 0.0000000000
128140  47.991  17.047  41.561 0.0000000000
127221  47.040  16.715  42.087 0.0000000000
127212  46.208  16.185  42.563 0.0000000000
126285  45.288  15.511  42.810 0.0000000000
126264  48.507  15.357  45.240 0.0000000000
126273  48.549  15.693  44.715 0.0000000000
125360  47.758  14.962  44.145 0.0000000000
124406  47.197  14.131  44.904 0.0000000000
125361  47.168  14.797  44.121 0.0000000000
126276  46.737  15.131  43.647 0.0000000000
125370  46.131  14.993  43.604 0.0000000000
125372  44.562  14.725  42.909 0.0000000000
135841  41.592  27.085  40.305 0.0000000000
135815  41.836  26.681  41.072 0.0000000000
135795  42.495  26.163  41.759 0.0000000000
135814  43.415  26.552  41.332 0.0000000000
136714  44.412  26.982  40.022 0.0000000000
135840  44.133  26.760  40.855 0.0000000000
133952  45.322  24.518  42.450 0.0000000000
136730  46.478  27.720  38.966 0.0000000000
135863  46.450  26.858  39.535 0.0000000000
135837  46.633  26.168  40.328 0.0000000000
134882  46.290  25.899  40.749 0.0000000000
134834  45.715  24.998  42.022 0.0000000000
133172  45.724  23.854  42.717 0.0000000000
133154  46.088  23.192  43.052 0.0000000000
132427  46.370  22.453  43.369 0.0000000000
133170  47.112  24.057  42.720 0.0000000000
131660  46.622  21.598  43.482 0.0000000000
141292  44.829  34.182  42.871 0.0000000000
141291  45.251  33.380  43.246 0.0000000000
140541  45.994  31.958  43.206 0.0000000000
140532  45.146  32.593  44.412 0.0000000000
139754  46.212  31.110  43.348 0.0000000000
139015  46.299  30.434  43.297 0.0000000000
138267  46.477  29.591  43.245 0.0000000000
137535  47.108  28.309  43.431 0.0000000000
138269  44.474  29.676  43.382 0.0000000000
137521  46.568  27.945  43.981 0.0000000000
136683  47.424  27.473  43.589 0.0000000000
136669  47.315  26.871  44.057 0.0000000000
133916  46.902  24.725  45.150 0.0000000000
130797  48.293  20.655  44.381 0.0000000000
130787  48.773  19.911  45.842 0.0000000000
129899  48.359  19.020  46.787 0.0000000000
129900  48.008  18.731  46.896 0.0000000000
133097  45.348  23.063  47.310 0.0000000000
131613  46.797  21.555  48.184 0.0000000000
131601  45.846  21.153  48.530 0.0000000000
131600  46.963  20.691  48.362 0.0000000000
130769  47.623  19.580  47.780 0.0000000000
128996  47.383  18.860  47.277 0.0000000000
129010  47.212  18.048  46.636 0.0000000000
128105  46.938  17.611  46.552 0.0000000000
126246  46.104  15.506  47.620 0.0000000000
126237  46.501  14.877  48.257 0.0000000000
146395  40.781  41.098  36.305 0.0000000000
146387  40.574  41.048  37.128 0.0000000000
147045  42.519  40.923  36.940 0.0000000000
145637  43.462  39.341  37.229 0.0000000000
146347  38.796  40.492  40.591 0.0000000000
146346  39.741  40.709  40.847 0.0000000000
143349  37.518  36.555  41.673 0.0000000000
143348  38.252  37.056  41.403 0.0000000000
143362  39.288  36.561  40.373 0.0000000000
146334  40.027  40.306  41.550 0.0000000000
146353  41.317  40.443  39.917 0.0000000000
146352  41.836  40.126  39.385 0.0000000000
144829  41.510  38.526  39.439 0.0000000000
144828  42.195  39.039  38.985 0.0000000000
145601  42.198  39.771  39.074 0.0000000000
145620  42.868  39.396  38.318 0.0000000000
145619  43.334  39.186  37.784 0.0000000000
144849  43.620  38.398  36.906 0.0000000000
144114  43.631  37.511  37.291 0.0000000000
142705  43.368  35.667  36.698 0.0000000000
141347  43.432  32.920  35.651 0.0000000000
139881  43.469  32.165  35.611 0.0000000000
139861  43.487  31.268  35.637 0.0000000000
140582  43.537  32.507  37.551 0.0000000000
140591  44.248  32.143  36.453 0.0000000000
139859  45.462  31.262  36.616 0.0000000000
139860  44.902  31.496  36.151 0.0000000000
140611  44.289  32.049  35.860 0.0000000000
138345  43.610  30.204  35.681 0.0000000000
138346  43.153  29.879  35.883 0.0000000000
138363  42.883  28.978  35.607 0.0000000000
136804  42.416  27.598  35.791 0.0000000000
136791  42.104  27.359  36.283 0.0000000000
136772  42.794  27.468  36.975 0.0000000000
136717  41.337  27.286  39.705 0.0000000000
133176  40.939  23.398  42.456 0.0000000000
130826  39.572  20.729  42.125 0.0000000000
130824  41.600  20.785  41.758 0.0000000000
130855  41.787  20.308  40.109 0.0000000000
130841  41.694  20.382  40.906 0.0000000000
130858  39.026  20.175  40.595 0.0000000000
129958  38.371  20.016  40.014 0.0000000000
129973  38.095  19.421  39.738 0.0000000000
129050  37.661  18.891  39.952 0.0000000000
128163  37.619  17.974  40.433 0.0000000000
128180  38.830  18.533  39.364 0.0000000000
128162  38.545  18.033  39.868 0.0000000000
127241  38.155  17.485  40.511 0.0000000000
129952  47.637  19.429  39.875 0.0000000000
129966  46.894  19.404  38.945 0.0000000000
128172  46.618  17.934  39.420 0.0000000000
129059  46.902  18.573  38.755 0.0000000000
129979  45.932  19.237  38.631 0.0000000000
129074  45.117  18.681  38.531 0.0000000000
129061  44.081  18.367  38.738 0.0000000000
127224  43.885  16.260  41.472 0.0000000000
127235  43.661  16.833  40.851 0.0000000000
127236  42.633  16.507  40.670 0.0000000000
128158  42.448  17.317  39.965 0.0000000000
128176  42.225  17.980  39.258 0.0000000000
127238  40.717  16.538  40.290 0.0000000000
122439  47.468  11.982  50.444 0.0000000000
122448  46.936  11.975  49.390 0.0000000000
122441  46.311  11.565  49.861 0.0000000000
122449  46.220  11.888  49.129 0.0000000000
122440  47.012  11.723  50.169 0.0000000000
122442  45.492  11.473  49.590 0.0000000000
122447  47.358  12.131  49.748 0.0000000000
123415  47.611  12.325  50.679 0.0000000000
124365  47.563  12.743  50.911 0.0000000000
124378  47.788  13.184  49.091 0.0000000000
124385  47.707  13.063  47.292 0.0000000000
124389  46.132  12.932  46.163 0.0000000000
124392  48.003  14.018  45.477 0.0000000000
124393  47.428  13.906  45.413 0.0000000000
124407  46.628  13.876  44.959 0.0000000000
125323  48.152  13.913  47.425 0.0000000000
125330  48.273  14.014  46.984 0.0000000000
125334  48.256  14.303  46.321 0.0000000000
125335  48.146  14.477  46.714 0.0000000000
125348  46.845  14.318  44.545 0.0000000000
126244  47.665  14.653  47.225 0.0000000000
126245  47.081  14.962  47.455 0.0000000000
126265  48.469  15.085  44.739 0.0000000000
126274  48.289  15.350  44.200 0.0000000000
126275  47.594  15.362  43.708 0.0000000000
126293  44.860  15.774  42.263 0.0000000000
127181  47.375  16.220  46.127 0.0000000000
127182  46.904  16.714  46.402 0.0000000000
127184  48.076  16.082  45.536 0.0000000000
127203  47.693  15.895  43.218 0.0000000000
128108  47.668  17.190  45.815 0.0000000000
128152  48.565  17.689  41.101 0.0000000000
128171  47.450  17.759  39.817 0.0000000000
128173  45.384  18.043  39.216 0.0000000000
128174  44.263  17.890  39.372 0.0000000000
128185  46.164  18.315  38.863 0.0000000000
128979  45.393  18.913  47.930 0.0000000000
128998  45.835  18.576  47.623 0.0000000000
129008  48.006  18.146  46.363 0.0000000000
129009  47.570  18.466  46.834 0.0000000000
129041  35.723  18.885  41.569 0.0000000000
129047  48.542  18.263  40.363 0.0000000000
129049  38.023  18.484  39.848 0.0000000000
129057  48.131  18.365  39.719 0.0000000000
129058  47.617  18.230  39.345 0.0000000000
129066  39.143  18.815  39.082 0.0000000000
129068  38.015  19.135  39.621 0.0000000000
129073  46.087  18.689  38.553 0.0000000000
129077  42.058  19.397  38.269 0.0000000000
129079  40.357  19.239  38.648 0.0000000000
129081  39.055  19.145  39.025 0.0000000000
129868  46.916  19.552  47.922 0.0000000000
129885  47.862  19.167  47.372 0.0000000000
129938  48.316  19.243  40.929 0.0000000000
129955  44.995  20.271  39.949 0.0000000000
129956  41.390  20.324  39.626 0.0000000000
129965  47.598  18.872  39.297 0.0000000000
129969  41.449  20.363  39.387 0.0000000000
129970  41.276  20.360  39.382 0.0000000000
129978  46.505  19.002  38.579 0.0000000000
129982  42.603  19.843  38.310 0.0000000000
130750  47.665  20.062  48.017 0.0000000000
130756  42.044  20.526  47.854 0.0000000000
130767  48.344  19.580  47.198 0.0000000000
130771  41.823  21.043  47.672 0.0000000000
130840  42.335  20.449  40.701 0.0000000000
130856  41.004  20.198  40.052 0.0000000000
130868  41.041  20.305  39.340 0.0000000000
130876  44.101  20.225  38.670 0.0000000000
131599  47.574  20.319  48.063 0.0000000000
131603  43.650  21.231  48.171 0.0000000000
131604  42.977  21.200  47.968 0.0000000000
132430  43.820  22.211  42.916 0.0000000000
132431  37.682  22.034  43.064 0.0000000000
133116  44.532  23.429  47.215 0.0000000000
133906  46.747  23.963  45.698 0.0000000000
134801  41.773  25.946  46.108 0.0000000000
134805  46.711  25.324  45.030 0.0000000000
134860  44.153  26.142  41.611 0.0000000000
135748  41.305  25.896  46.255 0.0000000000
135813  44.462  26.413  41.175 0.0000000000
135896  39.749  27.447  37.726 0.0000000000
135897  39.493  27.423  37.887 0.0000000000
136675  40.669  27.567  44.754 0.0000000000
136685  45.182  27.902  43.949 0.0000000000
136729  46.984  27.300  39.794 0.0000000000
136786  46.369  28.504  36.156 0.0000000000
136790  43.125  27.327  36.164 0.0000000000
137555  46.980  28.528  40.799 0.0000000000
137605  46.212  28.698  35.838 0.0000000000
137606  45.716  28.453  35.621 0.0000000000
137615  46.289  29.197  35.874 0.0000000000
137617  45.189  28.785  35.460 0.0000000000
137620  42.618  28.151  35.521 0.0000000000
137621  41.629  27.960  35.618 0.0000000000
138287  47.006  28.684  41.242 0.0000000000
138343  46.384  29.741  36.214 0.0000000000
138344  46.061  30.021  35.818 0.0000000000
138359  46.084  29.538  35.728 0.0000000000
139000  40.337  31.365  44.304 0.0000000000
139057  46.370  30.507  36.929 0.0000000000
139070  44.996  31.103  35.700 0.0000000000
139071  43.423  30.785  35.724 0.0000000000
139085  43.882  30.528  35.526 0.0000000000
139734  45.248  32.072  44.365 0.0000000000
139736  44.060  31.866  44.665 0.0000000000
139757  43.522  31.322  44.080 0.0000000000
139760  40.840  31.446  44.261 0.0000000000
139772  45.936  32.049  42.276 0.0000000000
139796  46.141  31.894  40.101 0.0000000000
139822  46.359  31.211  38.771 0.0000000000
139841  41.585  32.037  36.579 0.0000000000
139879  44.509  31.448  35.656 0.0000000000
140536  41.682  32.413  45.190 0.0000000000
140546  45.999  32.050  42.678 0.0000000000
140555  41.278  32.677  41.045 0.0000000000
140570  45.276  32.303  39.708 0.0000000000
140626  43.825  32.423  35.595 0.0000000000
140627  43.454  32.587  35.604 0.0000000000
141261  44.139  33.621  45.233 0.0000000000
141263  42.817  33.876  46.115 0.0000000000
141277  44.646  33.475  44.735 0.0000000000
141283  45.113  33.219  44.075 0.0000000000
141285  41.806  34.215  43.140 0.0000000000
141287  40.416  33.909  43.015 0.0000000000
141307  39.682  33.453  41.428 0.0000000000
141934  42.563  34.667  46.470 0.0000000000
141950  43.066  34.540  46.240 0.0000000000
141960  43.867  34.692  45.142 0.0000000000
141965  37.060  35.109  44.113 0.0000000000
141984  36.638  35.177  43.489 0.0000000000
141993  42.976  34.599  43.100 0.0000000000
141997  36.814  34.944  42.965 0.0000000000
142005  38.033  34.950  41.081 0.0000000000
142009  39.829  34.912  39.911 0.0000000000
142608  43.067  35.460  46.321 0.0000000000
142620  39.260  36.162  45.355 0.0000000000
142628  43.927  35.040  44.677 0.0000000000
142632  40.990  36.043  45.060 0.0000000000
142635  37.613  35.496  44.734 0.0000000000
142646  43.559  35.387  44.303 0.0000000000
142649  36.132  35.866  43.768 0.0000000000
142671  36.916  36.252  42.086 0.0000000000
142680  39.248  35.694  40.213 0.0000000000
142698  43.294  35.100  37.431 0.0000000000
143295  40.318  37.383  46.417 0.0000000000
143300  35.651  37.617  46.194 0.0000000000
143307  40.791  36.741  45.730 0.0000000000
143318  42.359  36.350  45.217 0.0000000000
143320  41.330  36.583  45.498 0.0000000000
143321  35.968  36.228  44.909 0.0000000000
143350  37.090  36.727  42.092 0.0000000000
143364  38.012  36.422  41.230 0.0000000000
143992  40.658  38.151  47.763 0.0000000000
143993  40.064  38.283  47.583 0.0000000000
144006  41.511  37.695  47.138 0.0000000000
144018  42.138  37.350  46.597 0.0000000000
144065  37.969  37.442  41.918 0.0000000000
144769  37.249  39.274  43.319 0.0000000000
144770  36.499  38.783  43.589 0.0000000000
144787  35.122  39.352  42.687 0.0000000000
144806  34.114  38.620  42.636 0.0000000000
144818  40.448  38.788  40.656 0.0000000000
144830  40.898  38.640  40.038 0.0000000000
145531  35.402  39.385  44.156 0.0000000000
145543  36.936  39.588  43.321 0.0000000000
145545  35.046  39.697  43.788 0.0000000000
145585  40.720  39.821  40.885 0.0000000000
145586  38.169  40.147  40.449 0.0000000000
145638  43.227  39.538  37.712 0.0000000000
146344  40.951  40.263  40.584 0.0000000000
146373  43.302  39.784  37.126 0.0000000000
146388  40.053  40.810  36.701 0.0000000000
147034  41.215  41.108  38.635 0.0000000000
147059  42.098  41.417  36.509 0.0000000000
