#!ascii label  , from subject 3461 vox2ras=TkReg
811
50346  20.982  -50.239  80.982 0.0000000000
68797  45.213  -35.223  67.012 0.0000000000
71413  52.439  -31.452  64.820 0.0000000000
61596  42.417  -41.197  74.993 0.0000000000
56711  27.247  -44.700  79.620 0.0000000000
51558  24.015  -48.101  83.651 0.0000000000
70007  49.686  -33.898  66.303 0.0000000000
67480  48.919  -35.595  70.306 0.0000000000
61529  39.510  -41.674  78.523 0.0000000000
55378  32.417  -45.955  81.593 0.0000000000
84176  59.454  -22.045  58.692 0.0000000000
79108  54.940  -27.307  65.066 0.0000000000
66187  40.065  -37.694  74.386 0.0000000000
67444  44.478  -35.994  73.494 0.0000000000
54152  23.296  -46.577  81.462 0.0000000000
50333  22.379  -48.931  82.147 0.0000000000
68805  46.835  -34.671  66.764 0.0000000000
69970  49.392  -34.372  68.787 0.0000000000
68774  47.443  -34.608  69.911 0.0000000000
52882  38.856  -46.991  77.262 0.0000000000
54139  28.217  -46.568  82.956 0.0000000000
56666  29.402  -44.980  81.185 0.0000000000
52848  30.438  -47.385  82.069 0.0000000000
85356  57.827  -22.478  60.546 0.0000000000
80492  58.063  -24.387  58.716 0.0000000000
80428  57.861  -25.243  61.950 0.0000000000
74122  51.258  -30.742  66.114 0.0000000000
76589  51.514  -28.611  64.266 0.0000000000
75374  54.201  -29.382  65.595 0.0000000000
76599  54.435  -28.899  63.279 0.0000000000
74170  52.576  -30.421  63.209 0.0000000000
61566  41.552  -41.057  77.271 0.0000000000
63876  40.464  -39.384  76.963 0.0000000000
65050  41.814  -38.728  76.412 0.0000000000
67428  42.489  -36.924  74.334 0.0000000000
63903  43.608  -38.641  74.324 0.0000000000
63915  46.293  -37.749  73.141 0.0000000000
60422  44.901  -40.745  73.505 0.0000000000
55385  25.286  -45.918  82.385 0.0000000000
72780  48.544  -31.700  64.621 0.0000000000
71385  51.217  -32.107  65.535 0.0000000000
68791  50.177  -34.859  67.074 0.0000000000
66303  49.915  -35.823  67.674 0.0000000000
56641  35.862  -44.967  81.085 0.0000000000
56679  38.485  -44.486  80.018 0.0000000000
56699  40.139  -44.164  77.997 0.0000000000
56765  42.105  -44.122  75.533 0.0000000000
58040  43.770  -43.586  73.463 0.0000000000
56682  33.764  -44.908  80.362 0.0000000000
52843  34.973  -46.875  81.562 0.0000000000
84222  59.344  -21.590  55.729 0.0000000000
80414  54.919  -25.363  63.212 0.0000000000
77855  57.091  -26.913  62.683 0.0000000000
77892  53.680  -27.242  59.702 0.0000000000
67501  45.082  -35.765  70.967 0.0000000000
67461  47.355  -35.677  72.158 0.0000000000
63935  47.486  -37.854  71.498 0.0000000000
47928  21.389  -50.813  80.721 0.0000000000
49111  21.627  -49.795  81.312 0.0000000000
49122  22.139  -49.840  81.327 0.0000000000
68796  45.875  -34.963  67.560 0.0000000000
68795  46.976  -34.681  67.776 0.0000000000
68787  46.232  -34.956  68.569 0.0000000000
52849  29.466  -47.433  82.441 0.0000000000
84129  56.480  -23.110  61.376 0.0000000000
82926  57.531  -23.689  61.442 0.0000000000
82917  56.956  -24.240  62.591 0.0000000000
72739  52.876  -31.123  66.236 0.0000000000
75362  53.175  -29.846  66.126 0.0000000000
72797  53.414  -30.486  65.079 0.0000000000
74153  53.417  -30.106  64.237 0.0000000000
60397  42.083  -41.200  76.227 0.0000000000
62669  41.754  -39.972  77.304 0.0000000000
62699  42.226  -39.531  75.699 0.0000000000
63904  42.713  -38.725  74.706 0.0000000000
62713  42.965  -39.394  74.527 0.0000000000
62711  44.591  -39.502  73.800 0.0000000000
60410  43.633  -41.404  74.130 0.0000000000
55409  23.931  -46.238  81.792 0.0000000000
54118  25.086  -46.853  83.500 0.0000000000
54117  26.044  -47.012  83.832 0.0000000000
70017  47.692  -33.697  65.070 0.0000000000
71403  47.975  -32.714  64.612 0.0000000000
71401  49.619  -32.696  65.339 0.0000000000
71400  50.314  -32.468  65.521 0.0000000000
70006  50.080  -33.391  65.985 0.0000000000
69995  50.382  -34.132  66.215 0.0000000000
69996  49.959  -33.990  66.667 0.0000000000
68758  49.461  -34.909  69.920 0.0000000000
68769  50.046  -35.041  68.868 0.0000000000
66258  49.690  -35.912  69.177 0.0000000000
65125  49.047  -36.997  68.255 0.0000000000
65106  49.204  -36.336  69.555 0.0000000000
54149  36.657  -45.597  80.658 0.0000000000
56658  37.319  -44.598  80.785 0.0000000000
55420  37.592  -45.451  80.094 0.0000000000
55451  39.485  -45.386  77.927 0.0000000000
56746  41.154  -44.150  76.416 0.0000000000
55405  31.007  -45.446  81.499 0.0000000000
56664  31.280  -45.126  81.060 0.0000000000
55403  32.854  -45.537  81.340 0.0000000000
55376  34.355  -45.639  81.647 0.0000000000
54133  33.932  -46.345  81.990 0.0000000000
86633  58.967  -21.043  59.613 0.0000000000
84202  59.542  -21.574  56.704 0.0000000000
80493  57.638  -24.681  58.733 0.0000000000
77807  52.947  -28.105  65.035 0.0000000000
77830  51.813  -27.992  63.429 0.0000000000
79124  53.520  -27.193  64.154 0.0000000000
80415  53.797  -26.287  63.368 0.0000000000
79122  55.293  -26.674  64.558 0.0000000000
79120  56.853  -26.358  63.915 0.0000000000
77817  56.347  -27.246  64.338 0.0000000000
76631  52.885  -28.896  61.623 0.0000000000
76630  54.292  -28.098  61.490 0.0000000000
60333  38.462  -42.180  79.064 0.0000000000
60365  38.931  -41.316  78.370 0.0000000000
65053  40.507  -38.796  76.271 0.0000000000
62715  39.834  -39.759  76.151 0.0000000000
67445  43.684  -36.311  73.597 0.0000000000
66207  42.189  -36.554  72.826 0.0000000000
66219  43.482  -36.285  72.280 0.0000000000
67502  44.220  -36.147  70.708 0.0000000000
67464  44.914  -35.808  72.671 0.0000000000
67482  45.988  -35.454  71.831 0.0000000000
67442  46.194  -35.855  73.139 0.0000000000
62736  46.070  -39.324  72.887 0.0000000000
63924  46.688  -38.007  72.626 0.0000000000
62746  46.678  -38.918  71.707 0.0000000000
63960  47.256  -38.570  70.535 0.0000000000
52850  22.440  -47.476  82.220 0.0000000000
51560  23.054  -48.209  83.186 0.0000000000
50331  23.433  -48.617  82.476 0.0000000000
49108  23.143  -49.034  82.093 0.0000000000
68815  48.390  -34.348  66.563 0.0000000000
69997  49.502  -34.306  67.194 0.0000000000
68793  48.381  -34.332  67.648 0.0000000000
68784  48.706  -34.325  69.163 0.0000000000
68759  48.820  -34.798  70.287 0.0000000000
56668  27.589  -45.181  81.306 0.0000000000
56688  27.879  -44.922  80.493 0.0000000000
55381  29.090  -45.935  82.264 0.0000000000
55380  30.229  -45.586  81.984 0.0000000000
52847  31.539  -47.272  81.849 0.0000000000
51576  32.838  -47.622  81.714 0.0000000000
51590  31.431  -48.671  81.226 0.0000000000
84156  58.512  -22.342  59.922 0.0000000000
81728  58.787  -22.964  58.818 0.0000000000
82945  58.006  -23.251  60.343 0.0000000000
80444  57.863  -24.635  60.788 0.0000000000
79180  57.750  -25.642  60.934 0.0000000000
75376  50.014  -29.675  64.947 0.0000000000
75375  50.888  -29.366  65.236 0.0000000000
76576  53.390  -28.742  65.876 0.0000000000
76560  54.771  -28.771  65.622 0.0000000000
76586  55.683  -28.037  64.759 0.0000000000
75384  54.349  -29.346  64.469 0.0000000000
75409  53.320  -29.415  62.815 0.0000000000
61549  40.536  -41.459  77.933 0.0000000000
62654  39.977  -40.620  78.194 0.0000000000
63849  41.167  -39.947  77.338 0.0000000000
65039  41.092  -38.937  76.918 0.0000000000
66156  41.176  -38.346  75.660 0.0000000000
67413  41.359  -37.256  74.714 0.0000000000
66170  42.217  -37.619  74.721 0.0000000000
66169  42.978  -37.580  74.331 0.0000000000
66183  44.420  -36.865  74.025 0.0000000000
66181  45.741  -36.726  73.621 0.0000000000
63901  45.139  -38.012  73.805 0.0000000000
62726  45.126  -39.160  73.594 0.0000000000
60445  45.651  -40.652  72.918 0.0000000000
55439  24.268  -45.589  79.401 0.0000000000
56671  25.140  -45.422  80.801 0.0000000000
56669  26.494  -45.394  81.524 0.0000000000
55383  27.098  -46.031  82.521 0.0000000000
52833  27.471  -47.684  83.776 0.0000000000
74124  49.807  -30.990  65.439 0.0000000000
72759  51.301  -31.358  66.053 0.0000000000
71384  51.732  -31.852  65.476 0.0000000000
70004  51.034  -32.836  65.153 0.0000000000
68814  50.977  -34.106  65.230 0.0000000000
67588  50.376  -35.242  65.632 0.0000000000
68782  50.139  -34.788  68.109 0.0000000000
67552  50.031  -35.387  67.637 0.0000000000
56680  35.673  -44.422  79.931 0.0000000000
57943  36.779  -43.798  80.547 0.0000000000
59127  37.664  -43.356  80.278 0.0000000000
59139  39.120  -43.188  79.295 0.0000000000
55435  38.764  -45.464  79.008 0.0000000000
57967  39.343  -44.151  79.377 0.0000000000
59155  40.085  -42.911  78.589 0.0000000000
59153  40.817  -42.385  77.637 0.0000000000
59184  41.617  -42.501  76.661 0.0000000000
59199  42.426  -42.586  75.484 0.0000000000
58012  43.729  -42.612  74.259 0.0000000000
56796  43.269  -44.204  74.354 0.0000000000
56661  34.466  -45.170  81.168 0.0000000000
54131  35.415  -45.814  81.375 0.0000000000
52856  35.906  -46.755  80.610 0.0000000000
52859  33.959  -47.492  81.429 0.0000000000
51600  34.834  -47.937  80.048 0.0000000000
85461  59.619  -20.470  54.696 0.0000000000
81676  55.188  -24.524  62.339 0.0000000000
80412  56.786  -25.250  63.524 0.0000000000
79148  57.391  -26.321  62.665 0.0000000000
79182  56.621  -26.555  61.085 0.0000000000
77842  56.003  -27.753  62.649 0.0000000000
77876  55.728  -27.185  61.204 0.0000000000
79198  55.353  -26.131  59.761 0.0000000000
61582  39.506  -40.617  77.635 0.0000000000
67521  44.064  -36.165  69.707 0.0000000000
67537  44.790  -35.801  68.975 0.0000000000
67519  45.755  -35.404  70.279 0.0000000000
68761  47.383  -34.819  70.835 0.0000000000
67460  48.001  -35.725  71.659 0.0000000000
66180  46.446  -36.671  73.130 0.0000000000
66193  47.569  -36.204  72.019 0.0000000000
65099  48.307  -36.741  70.977 0.0000000000
65108  48.171  -37.604  70.359 0.0000000000
59238  44.458  -41.727  73.490 0.0000000000
59282  44.511  -41.979  72.440 0.0000000000
46540  21.570  -51.454  80.474 0.0000000000
46541  21.032  -51.416  80.613 0.0000000000
49124  21.218  -50.312  80.973 0.0000000000
49123  21.713  -50.158  81.116 0.0000000000
67554  45.482  -35.399  68.437 0.0000000000
82928  56.750  -23.795  62.134 0.0000000000
82929  55.757  -23.699  61.730 0.0000000000
71398  52.483  -31.297  65.418 0.0000000000
72756  53.116  -30.569  65.813 0.0000000000
72777  52.924  -30.920  65.409 0.0000000000
72798  52.971  -30.898  64.916 0.0000000000
71427  52.324  -31.488  64.712 0.0000000000
60396  42.302  -41.771  75.581 0.0000000000
61597  42.197  -40.568  75.690 0.0000000000
61611  42.399  -39.859  75.016 0.0000000000
61610  42.971  -40.524  74.482 0.0000000000
61609  44.007  -40.412  73.896 0.0000000000
52821  23.653  -47.734  83.722 0.0000000000
54119  24.269  -46.768  83.169 0.0000000000
54104  24.402  -47.260  83.759 0.0000000000
51557  24.831  -48.137  83.774 0.0000000000
70016  48.906  -33.749  65.773 0.0000000000
70015  49.943  -33.198  65.718 0.0000000000
67499  49.394  -35.274  70.016 0.0000000000
68757  49.782  -35.112  69.589 0.0000000000
67498  49.478  -35.556  69.735 0.0000000000
66217  48.967  -36.003  70.026 0.0000000000
54161  36.770  -45.947  80.209 0.0000000000
52867  36.876  -46.603  79.293 0.0000000000
55379  31.398  -45.873  81.747 0.0000000000
55404  31.864  -45.564  81.341 0.0000000000
56663  32.264  -45.078  81.038 0.0000000000
55377  33.398  -45.858  81.686 0.0000000000
54134  32.953  -46.460  81.825 0.0000000000
85403  59.516  -21.472  59.065 0.0000000000
86648  59.316  -20.953  59.318 0.0000000000
85411  59.813  -21.336  58.279 0.0000000000
85422  60.000  -21.188  57.354 0.0000000000
84188  59.606  -21.921  57.827 0.0000000000
79109  54.139  -27.436  65.030 0.0000000000
79110  53.665  -27.597  64.900 0.0000000000
80404  54.124  -26.637  64.046 0.0000000000
79121  56.109  -26.566  64.319 0.0000000000
79107  55.639  -27.308  64.749 0.0000000000
76651  52.026  -28.973  60.476 0.0000000000
76650  53.328  -28.022  60.434 0.0000000000
60332  38.843  -42.181  79.005 0.0000000000
60348  38.933  -41.652  78.770 0.0000000000
61530  39.278  -41.504  78.587 0.0000000000
66173  40.305  -38.168  75.264 0.0000000000
65076  39.942  -38.148  75.040 0.0000000000
67426  44.114  -36.567  73.873 0.0000000000
67466  43.259  -36.276  73.189 0.0000000000
67465  43.904  -35.990  72.861 0.0000000000
67484  44.353  -36.023  71.824 0.0000000000
67463  45.966  -35.593  72.464 0.0000000000
67443  45.371  -35.870  73.317 0.0000000000
62747  46.362  -39.241  72.239 0.0000000000
62759  46.383  -39.446  71.590 0.0000000000
62771  46.294  -39.479  70.823 0.0000000000
51570  21.873  -48.611  82.257 0.0000000000
52851  22.015  -47.930  82.239 0.0000000000
52837  22.273  -48.056  82.760 0.0000000000
52836  22.826  -47.762  83.088 0.0000000000
51569  22.640  -48.437  82.732 0.0000000000
50332  23.070  -48.564  82.659 0.0000000000
49109  22.520  -49.158  81.890 0.0000000000
68817  46.773  -34.499  65.739 0.0000000000
68816  47.771  -34.416  66.081 0.0000000000
68804  47.739  -34.533  67.059 0.0000000000
68803  48.382  -34.376  67.282 0.0000000000
68786  47.186  -34.612  68.786 0.0000000000
68785  48.108  -34.312  68.944 0.0000000000
68773  48.406  -34.479  69.766 0.0000000000
55382  28.054  -46.144  82.588 0.0000000000
56646  28.329  -45.513  81.868 0.0000000000
54137  29.842  -46.568  82.339 0.0000000000
54136  30.920  -46.483  82.055 0.0000000000
85358  57.073  -21.824  60.866 0.0000000000
85357  57.651  -22.014  60.608 0.0000000000
85376  58.252  -21.481  60.232 0.0000000000
84143  58.000  -22.738  60.419 0.0000000000
81672  57.703  -24.561  61.816 0.0000000000
81671  57.751  -24.350  61.269 0.0000000000
80427  57.833  -24.782  61.374 0.0000000000
80463  57.862  -25.190  60.557 0.0000000000
80445  57.868  -25.290  61.370 0.0000000000
75365  50.267  -30.072  65.639 0.0000000000
75364  51.032  -29.768  65.827 0.0000000000
76563  52.911  -29.263  66.101 0.0000000000
76562  53.758  -29.101  66.009 0.0000000000
77792  53.791  -28.589  65.904 0.0000000000
75360  54.525  -29.060  65.615 0.0000000000
75373  54.488  -29.246  65.267 0.0000000000
75396  52.940  -30.096  63.337 0.0000000000
75395  53.606  -29.585  63.568 0.0000000000
75410  52.725  -29.892  62.727 0.0000000000
75428  52.688  -29.458  62.155 0.0000000000
75411  52.151  -30.219  62.403 0.0000000000
61548  41.016  -41.546  77.702 0.0000000000
62652  40.832  -40.498  77.519 0.0000000000
62651  41.198  -40.757  77.504 0.0000000000
63873  42.029  -39.046  77.096 0.0000000000
63874  41.756  -39.204  77.226 0.0000000000
65037  41.854  -38.815  76.973 0.0000000000
65051  41.390  -38.669  76.395 0.0000000000
66155  41.685  -38.369  75.511 0.0000000000
66171  41.548  -37.780  75.016 0.0000000000
65067  43.240  -38.059  74.346 0.0000000000
66168  43.893  -37.407  74.184 0.0000000000
65066  44.157  -37.888  74.154 0.0000000000
66167  44.641  -37.270  74.053 0.0000000000
63902  44.466  -38.526  74.002 0.0000000000
61608  44.600  -40.356  73.672 0.0000000000
61623  45.028  -39.926  73.533 0.0000000000
61632  45.664  -39.990  73.088 0.0000000000
60432  45.328  -40.502  73.277 0.0000000000
55423  23.362  -46.463  80.371 0.0000000000
55440  23.454  -46.292  79.764 0.0000000000
55422  23.886  -46.118  80.687 0.0000000000
55408  24.820  -45.726  81.443 0.0000000000
56670  25.602  -45.357  81.079 0.0000000000
55407  25.757  -45.595  81.781 0.0000000000
56648  26.805  -45.718  82.079 0.0000000000
55384  26.235  -45.857  82.296 0.0000000000
74135  48.717  -30.905  64.589 0.0000000000
72779  49.493  -31.755  65.098 0.0000000000
71386  50.818  -32.317  65.609 0.0000000000
72760  50.658  -31.588  65.699 0.0000000000
70005  50.733  -33.002  65.402 0.0000000000
68802  50.649  -33.992  65.722 0.0000000000
67587  50.561  -34.704  65.822 0.0000000000
67570  50.392  -35.266  66.640 0.0000000000
69983  49.309  -34.239  67.914 0.0000000000
69982  49.894  -34.539  67.613 0.0000000000
68783  49.807  -34.531  68.369 0.0000000000
66302  49.866  -35.831  68.100 0.0000000000
68781  50.091  -35.158  68.198 0.0000000000
66322  50.027  -35.699  66.925 0.0000000000
66304  49.845  -36.049  67.237 0.0000000000
56660  35.737  -44.646  80.732 0.0000000000
57944  36.190  -43.968  80.208 0.0000000000
56659  36.536  -44.659  80.882 0.0000000000
56657  37.914  -44.523  80.514 0.0000000000
57941  37.803  -44.100  80.579 0.0000000000
57954  38.408  -43.816  80.085 0.0000000000
59140  38.447  -43.065  79.666 0.0000000000
54172  38.222  -45.968  78.725 0.0000000000
54181  38.285  -46.408  78.074 0.0000000000
56723  40.048  -44.551  77.905 0.0000000000
55433  39.735  -44.923  78.094 0.0000000000
56700  39.823  -44.387  78.465 0.0000000000
57966  39.681  -43.764  79.040 0.0000000000
57965  40.175  -43.607  78.170 0.0000000000
60346  40.351  -42.197  78.197 0.0000000000
57977  40.543  -43.345  77.600 0.0000000000
56745  41.586  -43.639  76.076 0.0000000000
57988  41.369  -43.213  76.589 0.0000000000
57987  41.850  -43.188  75.993 0.0000000000
59183  42.026  -42.572  75.986 0.0000000000
58000  42.515  -43.269  75.332 0.0000000000
57999  42.808  -43.616  74.934 0.0000000000
56780  42.792  -44.148  74.855 0.0000000000
56687  28.802  -44.965  80.486 0.0000000000
56686  29.680  -45.048  80.483 0.0000000000
56683  32.680  -44.909  80.341 0.0000000000
56705  33.129  -44.946  79.517 0.0000000000
56681  34.844  -44.825  80.235 0.0000000000
54132  35.005  -46.230  81.767 0.0000000000
55375  35.112  -45.615  81.455 0.0000000000
54150  35.856  -46.087  80.939 0.0000000000
52857  35.342  -47.132  80.997 0.0000000000
51614  34.793  -48.240  79.169 0.0000000000
84221  59.671  -21.190  55.969 0.0000000000
84242  59.590  -21.084  55.182 0.0000000000
84243  59.250  -21.508  54.715 0.0000000000
81717  58.304  -23.831  59.091 0.0000000000
76590  50.505  -28.951  64.063 0.0000000000
76600  51.100  -28.524  63.532 0.0000000000
80430  53.841  -25.330  62.253 0.0000000000
80429  54.594  -24.969  62.488 0.0000000000
81662  55.735  -24.773  63.052 0.0000000000
81661  56.448  -24.731  63.141 0.0000000000
80413  56.019  -25.237  63.618 0.0000000000
77840  57.081  -26.873  63.301 0.0000000000
79133  57.240  -26.269  63.292 0.0000000000
79163  57.284  -26.456  61.867 0.0000000000
79164  56.745  -26.855  61.707 0.0000000000
76598  55.119  -28.650  63.754 0.0000000000
76611  55.838  -28.077  63.255 0.0000000000
76612  55.070  -28.252  62.604 0.0000000000
77878  54.065  -27.483  60.338 0.0000000000
77858  55.134  -27.638  61.437 0.0000000000
77877  54.800  -27.349  60.728 0.0000000000
79184  54.929  -26.760  60.125 0.0000000000
79199  54.456  -26.551  59.545 0.0000000000
62671  39.985  -40.095  77.441 0.0000000000
62672  39.750  -40.474  77.838 0.0000000000
62687  39.990  -39.754  77.004 0.0000000000
67429  41.756  -36.874  74.363 0.0000000000
66220  42.778  -36.533  72.046 0.0000000000
67520  44.899  -35.759  69.978 0.0000000000
67536  45.604  -35.403  69.292 0.0000000000
68739  46.656  -35.346  72.019 0.0000000000
68750  46.998  -34.996  71.455 0.0000000000
68738  47.260  -35.310  71.914 0.0000000000
68737  47.761  -35.367  71.670 0.0000000000
65075  45.761  -37.411  73.551 0.0000000000
65074  46.389  -37.185  73.131 0.0000000000
65093  47.184  -37.661  72.097 0.0000000000
65084  46.993  -37.012  72.485 0.0000000000
65092  47.675  -37.083  71.619 0.0000000000
66192  47.936  -36.141  71.658 0.0000000000
65100  48.065  -37.390  70.913 0.0000000000
63972  46.966  -38.634  69.610 0.0000000000
58027  43.808  -43.483  73.986 0.0000000000
58026  43.979  -42.660  73.983 0.0000000000
51571  21.638  -49.129  81.795 0.0000000000
50334  21.857  -49.297  81.726 0.0000000000
49110  22.069  -49.517  81.546 0.0000000000
47927  21.870  -50.663  80.846 0.0000000000
68806  45.878  -34.788  66.461 0.0000000000
54114  28.499  -47.281  83.096 0.0000000000
54138  28.775  -46.792  82.776 0.0000000000
52831  28.869  -47.616  82.882 0.0000000000
51580  29.183  -47.953  82.528 0.0000000000
84127  57.370  -22.911  61.128 0.0000000000
84126  57.610  -22.952  60.897 0.0000000000
82927  57.285  -23.663  61.760 0.0000000000
81673  57.506  -24.187  62.002 0.0000000000
81659  57.535  -24.751  62.432 0.0000000000
74121  51.809  -30.803  66.174 0.0000000000
75363  52.105  -29.930  66.218 0.0000000000
75346  52.752  -30.410  66.157 0.0000000000
74120  53.106  -30.296  66.183 0.0000000000
74132  53.823  -29.812  65.451 0.0000000000
74141  54.147  -29.614  65.143 0.0000000000
74142  53.661  -30.087  64.839 0.0000000000
74143  53.105  -30.542  64.472 0.0000000000
61581  42.027  -40.690  76.748 0.0000000000
62686  42.138  -39.749  76.568 0.0000000000
63888  42.073  -39.004  76.125 0.0000000000
65068  42.219  -38.372  75.117 0.0000000000
63905  42.243  -38.936  75.358 0.0000000000
62712  43.822  -39.489  74.167 0.0000000000
60409  44.268  -41.130  73.680 0.0000000000
55387  23.900  -46.410  82.312 0.0000000000
55386  24.409  -46.236  82.423 0.0000000000
55364  24.947  -46.426  82.919 0.0000000000
55363  25.699  -46.389  83.036 0.0000000000
71402  48.739  -32.765  65.005 0.0000000000
70014  50.436  -32.864  65.641 0.0000000000
68792  50.140  -34.639  67.130 0.0000000000
68771  49.801  -34.701  69.089 0.0000000000
67517  49.844  -35.682  68.885 0.0000000000
66280  49.788  -36.238  68.412 0.0000000000
65124  49.550  -36.335  68.022 0.0000000000
65114  49.451  -36.713  68.775 0.0000000000
65115  48.736  -37.356  69.181 0.0000000000
55400  36.610  -45.246  80.843 0.0000000000
55399  37.310  -45.197  80.567 0.0000000000
55398  37.938  -44.981  80.253 0.0000000000
54180  38.914  -46.049  77.835 0.0000000000
55449  40.573  -44.965  77.042 0.0000000000
56721  40.785  -43.890  76.906 0.0000000000
56747  40.772  -44.649  76.812 0.0000000000
55468  41.368  -44.830  75.980 0.0000000000
56665  30.304  -45.067  81.251 0.0000000000
56684  31.610  -45.009  80.318 0.0000000000
56662  33.298  -45.087  81.063 0.0000000000
55401  34.192  -45.438  81.459 0.0000000000
55402  33.778  -45.474  81.420 0.0000000000
52844  34.355  -46.940  81.771 0.0000000000
86667  60.033  -20.480  57.830 0.0000000000
85435  60.009  -21.066  56.739 0.0000000000
76588  52.319  -28.405  64.757 0.0000000000
77820  52.198  -28.122  64.109 0.0000000000
77819  52.814  -27.825  64.357 0.0000000000
79125  52.863  -27.493  63.852 0.0000000000
79135  52.605  -27.200  63.154 0.0000000000
79134  53.277  -26.831  63.444 0.0000000000
80403  54.693  -26.240  64.038 0.0000000000
80402  55.613  -25.934  64.057 0.0000000000
80401  56.466  -25.813  63.970 0.0000000000
77816  56.737  -26.825  64.079 0.0000000000
77828  56.630  -27.262  63.780 0.0000000000
76613  53.798  -28.870  62.571 0.0000000000
59141  37.999  -42.723  79.591 0.0000000000
63889  40.025  -39.200  76.441 0.0000000000
63906  39.841  -39.067  75.634 0.0000000000
67446  42.952  -36.571  73.723 0.0000000000
67447  42.162  -36.664  73.714 0.0000000000
67467  42.701  -36.471  73.261 0.0000000000
66206  42.961  -36.383  72.738 0.0000000000
66237  43.487  -36.421  71.402 0.0000000000
67500  45.880  -35.444  71.195 0.0000000000
67483  45.374  -35.693  71.841 0.0000000000
67462  46.760  -35.631  72.464 0.0000000000
63925  46.138  -38.586  73.079 0.0000000000
63936  46.872  -38.406  72.042 0.0000000000
63948  47.113  -38.537  71.282 0.0000000000
63947  47.733  -38.038  70.834 0.0000000000
62770  46.833  -38.928  70.869 0.0000000000
54153  22.596  -46.973  81.181 0.0000000000
52860  22.393  -47.289  81.719 0.0000000000
54142  22.749  -46.906  81.962 0.0000000000
54121  22.869  -47.060  82.629 0.0000000000
52822  23.181  -48.020  83.537 0.0000000000
51559  23.430  -48.125  83.472 0.0000000000
50318  23.542  -48.283  83.150 0.0000000000
50319  23.285  -48.282  83.163 0.0000000000
70008  48.966  -34.217  66.786 0.0000000000
69998  48.746  -34.288  67.707 0.0000000000
69984  48.782  -34.267  68.536 0.0000000000
68794  48.014  -34.328  67.963 0.0000000000
69985  48.338  -34.285  68.401 0.0000000000
69971  49.028  -34.287  69.008 0.0000000000
68772  49.144  -34.524  69.467 0.0000000000
68747  48.965  -35.216  70.442 0.0000000000
52876  37.152  -46.806  78.508 0.0000000000
56689  26.896  -44.901  80.572 0.0000000000
56667  28.541  -45.050  81.228 0.0000000000
56645  29.239  -45.290  81.750 0.0000000000
56644  29.801  -45.140  81.608 0.0000000000
54135  31.960  -46.496  81.796 0.0000000000
52846  32.507  -47.150  81.832 0.0000000000
51577  32.216  -47.866  81.667 0.0000000000
51589  32.006  -48.517  81.277 0.0000000000
86634  58.643  -21.331  59.851 0.0000000000
84165  59.176  -22.096  59.330 0.0000000000
82981  59.159  -22.521  58.373 0.0000000000
82959  58.790  -22.515  59.562 0.0000000000
81716  58.437  -23.354  59.384 0.0000000000
80475  58.148  -23.987  59.462 0.0000000000
82925  57.964  -23.750  60.908 0.0000000000
81705  57.982  -23.769  60.202 0.0000000000
80462  57.947  -24.266  59.972 0.0000000000
80477  57.208  -25.276  59.747 0.0000000000
79196  57.115  -25.920  60.546 0.0000000000
76579  50.876  -29.046  64.805 0.0000000000
76578  51.617  -28.977  65.252 0.0000000000
76564  52.088  -29.307  65.902 0.0000000000
76577  52.721  -28.703  65.524 0.0000000000
77806  53.642  -28.086  65.488 0.0000000000
77805  54.555  -27.903  65.539 0.0000000000
77803  55.664  -27.879  64.959 0.0000000000
76575  55.061  -28.438  65.217 0.0000000000
76587  55.150  -28.584  64.638 0.0000000000
75394  54.425  -29.129  63.797 0.0000000000
75385  53.765  -29.764  64.334 0.0000000000
76614  53.078  -29.286  62.393 0.0000000000
61528  40.127  -42.128  78.436 0.0000000000
61551  39.760  -41.063  78.299 0.0000000000
61550  40.116  -41.187  78.082 0.0000000000
63851  40.238  -40.355  77.653 0.0000000000
63863  40.346  -40.028  77.391 0.0000000000
62670  41.342  -40.166  77.343 0.0000000000
65029  41.320  -39.181  77.142 0.0000000000
63875  40.809  -39.114  76.977 0.0000000000
65040  40.774  -38.946  76.767 0.0000000000
66157  40.671  -38.434  75.696 0.0000000000
66172  40.841  -37.791  74.912 0.0000000000
67412  41.894  -37.202  74.750 0.0000000000
66185  42.936  -37.167  74.309 0.0000000000
66184  43.649  -37.033  74.162 0.0000000000
67425  44.886  -36.343  73.799 0.0000000000
66182  45.108  -36.742  73.888 0.0000000000
66166  45.228  -37.206  73.862 0.0000000000
63917  44.970  -38.690  73.761 0.0000000000
63916  45.562  -38.398  73.496 0.0000000000
62725  45.549  -39.346  73.306 0.0000000000
61641  45.973  -39.984  72.608 0.0000000000
56712  26.144  -44.680  79.666 0.0000000000
56691  25.379  -45.144  80.238 0.0000000000
56690  26.075  -45.003  80.652 0.0000000000
56647  27.398  -45.641  81.987 0.0000000000
55361  27.473  -46.466  83.054 0.0000000000
55362  26.608  -46.421  83.089 0.0000000000
54116  27.073  -46.975  83.561 0.0000000000
54115  27.985  -46.983  83.245 0.0000000000
74133  49.921  -30.412  65.438 0.0000000000
74123  50.396  -30.698  65.789 0.0000000000
72761  50.084  -31.399  65.504 0.0000000000
72758  52.030  -31.230  66.130 0.0000000000
71383  52.257  -31.471  65.505 0.0000000000
71399  51.980  -31.987  64.942 0.0000000000
71414  51.772  -32.036  64.765 0.0000000000
70013  51.277  -32.774  64.792 0.0000000000
68823  51.193  -33.538  64.805 0.0000000000
68801  51.113  -33.422  65.145 0.0000000000
68813  51.002  -33.472  65.120 0.0000000000
67571  50.220  -35.272  66.432 0.0000000000
57956  36.248  -43.946  79.542 0.0000000000
57955  36.713  -43.429  79.882 0.0000000000
57942  37.389  -43.976  80.746 0.0000000000
59128  37.258  -43.113  80.091 0.0000000000
60331  39.278  -42.429  78.878 0.0000000000
54160  37.589  -45.962  79.547 0.0000000000
55419  38.344  -45.255  79.620 0.0000000000
55434  39.257  -45.188  78.572 0.0000000000
55418  39.023  -45.041  79.256 0.0000000000
56678  39.021  -44.560  79.581 0.0000000000
57953  39.184  -43.836  79.559 0.0000000000
59138  39.602  -43.295  79.111 0.0000000000
60330  39.913  -42.539  78.622 0.0000000000
61527  40.179  -42.083  78.291 0.0000000000
59170  40.745  -42.953  77.458 0.0000000000
59169  41.053  -42.584  77.299 0.0000000000
60364  41.381  -41.889  77.285 0.0000000000
60381  41.882  -41.734  76.546 0.0000000000
60380  42.111  -42.201  75.936 0.0000000000
60411  42.911  -41.706  74.668 0.0000000000
59219  42.819  -42.509  74.905 0.0000000000
58013  43.297  -43.216  74.643 0.0000000000
56813  43.498  -44.160  73.864 0.0000000000
55507  42.818  -44.616  74.548 0.0000000000
55545  43.053  -44.692  74.013 0.0000000000
56710  28.220  -44.933  79.653 0.0000000000
56708  29.859  -45.432  79.716 0.0000000000
56642  35.303  -45.244  81.184 0.0000000000
55374  35.791  -45.363  81.118 0.0000000000
54162  36.185  -46.403  80.464 0.0000000000
52868  36.267  -46.779  80.022 0.0000000000
52845  33.402  -47.177  81.762 0.0000000000
52858  34.629  -47.330  81.306 0.0000000000
51587  34.222  -47.874  80.947 0.0000000000
51586  34.818  -47.646  80.901 0.0000000000
52869  35.669  -47.197  80.285 0.0000000000
47929  20.894  -50.965  80.610 0.0000000000
85480  59.487  -20.524  53.814 0.0000000000
81675  56.108  -24.249  62.606 0.0000000000
81660  57.071  -24.691  62.930 0.0000000000
80410  57.653  -25.100  62.370 0.0000000000
80400  56.919  -25.723  63.697 0.0000000000
80411  57.282  -25.488  63.154 0.0000000000
79132  57.586  -25.710  62.584 0.0000000000
79147  57.832  -25.845  61.994 0.0000000000
79181  57.473  -26.034  61.053 0.0000000000
79197  56.364  -26.047  60.155 0.0000000000
76597  56.065  -28.002  64.021 0.0000000000
77841  56.543  -27.463  63.169 0.0000000000
76629  55.079  -27.923  61.854 0.0000000000
77857  55.730  -27.610  61.935 0.0000000000
77875  56.315  -27.114  61.623 0.0000000000
79183  55.643  -26.679  60.511 0.0000000000
79213  54.857  -25.914  59.195 0.0000000000
67572  44.567  -35.582  67.011 0.0000000000
61552  39.284  -40.821  78.364 0.0000000000
61567  39.389  -40.859  78.063 0.0000000000
66259  43.381  -36.476  70.432 0.0000000000
67538  43.820  -36.213  68.663 0.0000000000
67555  44.833  -35.666  67.864 0.0000000000
68775  46.440  -34.943  69.589 0.0000000000
68762  46.601  -34.999  70.704 0.0000000000
68760  48.067  -34.692  70.612 0.0000000000
68748  48.403  -35.107  71.136 0.0000000000
67481  48.448  -35.399  71.123 0.0000000000
67424  45.615  -36.275  73.598 0.0000000000
67423  46.215  -36.272  73.359 0.0000000000
67441  46.844  -36.015  72.823 0.0000000000
66194  47.054  -36.328  72.572 0.0000000000
67440  47.393  -35.956  72.296 0.0000000000
66204  48.087  -36.055  71.563 0.0000000000
67459  48.477  -35.899  71.051 0.0000000000
66218  48.751  -36.182  70.357 0.0000000000
65107  48.760  -36.949  70.053 0.0000000000
63970  48.397  -37.645  69.343 0.0000000000
63959  47.798  -38.089  70.088 0.0000000000
63971  47.929  -37.966  69.207 0.0000000000
59217  43.924  -42.037  73.935 0.0000000000
58039  44.195  -42.658  73.255 0.0000000000
59259  44.806  -41.777  73.067 0.0000000000
60433  45.197  -41.165  73.257 0.0000000000
60446  45.240  -41.263  72.624 0.0000000000
50350  32.413  -48.998  80.782 0.0000000000
52820  24.533  -47.788  84.047 0.0000000000
52835  23.423  -47.440  83.397 0.0000000000
52866  37.513  -46.380  78.868 0.0000000000
54105  23.815  -47.222  83.499 0.0000000000
54140  23.875  -46.590  82.679 0.0000000000
54151  35.300  -46.585  81.388 0.0000000000
54163  23.201  -46.587  80.793 0.0000000000
54171  38.781  -45.662  78.564 0.0000000000
54179  39.539  -45.671  77.590 0.0000000000
54189  39.190  -46.539  77.237 0.0000000000
55360  27.953  -46.496  83.019 0.0000000000
55406  26.157  -45.587  81.871 0.0000000000
55524  42.793  -44.803  74.373 0.0000000000
55525  42.690  -44.918  74.564 0.0000000000
55564  43.152  -44.533  73.798 0.0000000000
56643  34.824  -45.426  81.426 0.0000000000
56701  39.397  -44.517  79.104 0.0000000000
56722  40.507  -44.187  77.352 0.0000000000
56764  42.602  -43.817  75.159 0.0000000000
56766  41.594  -44.491  75.799 0.0000000000
57952  39.484  -43.592  79.290 0.0000000000
57976  40.857  -43.427  77.065 0.0000000000
58014  42.767  -42.948  75.056 0.0000000000
59126  37.922  -43.681  80.311 0.0000000000
59154  40.529  -42.691  77.855 0.0000000000
59218  43.469  -42.315  74.433 0.0000000000
60329  40.139  -42.317  78.367 0.0000000000
60345  40.872  -42.125  77.702 0.0000000000
60347  40.137  -42.549  78.445 0.0000000000
60421  45.144  -40.319  73.420 0.0000000000
61599  39.553  -40.491  76.985 0.0000000000
61622  45.321  -40.032  73.319 0.0000000000
62653  40.210  -40.639  77.819 0.0000000000
62655  39.677  -40.731  78.118 0.0000000000
62688  39.787  -40.205  77.391 0.0000000000
62714  42.423  -39.261  75.040 0.0000000000
62758  46.678  -39.060  71.274 0.0000000000
63850  40.604  -40.183  77.427 0.0000000000
63860  41.792  -39.414  77.308 0.0000000000
63861  41.456  -39.550  77.251 0.0000000000
63862  40.927  -39.503  77.144 0.0000000000
63937  46.436  -38.703  72.608 0.0000000000
63958  48.357  -37.614  69.737 0.0000000000
65028  41.556  -39.211  77.197 0.0000000000
65038  41.613  -38.972  77.061 0.0000000000
65052  40.929  -38.677  76.357 0.0000000000
65064  45.231  -37.554  73.817 0.0000000000
65065  44.826  -37.706  73.966 0.0000000000
65082  47.846  -36.336  71.658 0.0000000000
65083  47.646  -36.510  71.820 0.0000000000
65091  47.965  -36.494  71.495 0.0000000000
65116  48.367  -37.665  69.089 0.0000000000
66158  40.384  -38.505  75.727 0.0000000000
66203  48.294  -36.262  71.221 0.0000000000
66205  43.392  -36.209  72.778 0.0000000000
66235  49.197  -36.010  69.779 0.0000000000
66236  48.964  -36.360  69.884 0.0000000000
66257  49.785  -35.919  68.916 0.0000000000
66279  49.838  -35.910  68.696 0.0000000000
67414  40.969  -37.233  74.592 0.0000000000
67427  43.334  -36.780  74.029 0.0000000000
67479  49.083  -35.795  69.982 0.0000000000
67518  49.869  -35.412  69.219 0.0000000000
67535  49.910  -35.545  68.407 0.0000000000
67553  50.063  -35.439  67.080 0.0000000000
68740  46.281  -35.403  71.996 0.0000000000
68749  47.701  -34.963  71.359 0.0000000000
68751  46.417  -35.259  71.551 0.0000000000
68770  50.047  -34.942  69.094 0.0000000000
69999  48.468  -34.282  68.153 0.0000000000
72738  52.887  -31.001  66.007 0.0000000000
72757  52.733  -30.877  65.812 0.0000000000
72776  53.253  -30.497  65.645 0.0000000000
72778  50.100  -31.987  65.317 0.0000000000
74108  52.814  -30.718  65.986 0.0000000000
74109  52.516  -30.806  66.103 0.0000000000
74119  53.354  -30.296  65.781 0.0000000000
74131  54.194  -29.538  65.370 0.0000000000
75347  52.234  -30.405  66.251 0.0000000000
75361  53.853  -29.612  65.787 0.0000000000
76561  54.436  -28.956  65.819 0.0000000000
76574  55.457  -28.082  64.991 0.0000000000
76649  54.127  -27.741  60.742 0.0000000000
77790  54.774  -28.458  65.604 0.0000000000
77791  54.233  -28.511  65.840 0.0000000000
77804  55.174  -27.917  65.237 0.0000000000
77818  53.326  -27.749  64.805 0.0000000000
77827  56.904  -26.822  63.860 0.0000000000
77829  52.483  -27.750  63.760 0.0000000000
77856  56.581  -27.193  62.245 0.0000000000
77891  54.389  -27.081  60.083 0.0000000000
79123  54.466  -26.888  64.532 0.0000000000
79162  57.805  -25.774  61.311 0.0000000000
80464  57.561  -25.614  60.621 0.0000000000
80476  58.011  -24.482  59.361 0.0000000000
81658  57.712  -24.863  62.201 0.0000000000
81674  56.710  -24.327  62.730 0.0000000000
81677  54.479  -24.743  62.052 0.0000000000
81690  57.829  -24.123  60.856 0.0000000000
81715  58.736  -22.999  59.116 0.0000000000
81729  58.566  -23.360  58.674 0.0000000000
82916  57.235  -24.225  62.354 0.0000000000
82960  58.411  -22.999  59.823 0.0000000000
82970  58.933  -22.679  59.110 0.0000000000
82971  58.665  -22.881  59.485 0.0000000000
84125  57.935  -23.172  60.658 0.0000000000
84128  56.853  -22.898  61.402 0.0000000000
84155  58.895  -22.134  59.624 0.0000000000
84201  59.733  -21.245  56.331 0.0000000000
85375  58.220  -21.870  60.226 0.0000000000
85391  58.995  -21.628  59.607 0.0000000000
85392  58.667  -21.808  59.825 0.0000000000
85434  59.889  -20.872  56.269 0.0000000000
86599  57.418  -21.513  60.637 0.0000000000
87840  59.079  -20.728  59.423 0.0000000000
