#!ascii label  , from subject 3461 vox2ras=TkReg
950
104056  17.594  -6.452  -1.996 0.2500000000
104076  18.026  -6.376  -2.475 0.2500000000
102968  17.975  -7.008  -2.241 0.7500000000
107169  15.838  -3.509  -1.781 0.2500000000
106110  16.676  -4.392  -2.079 0.1250000000
107168  16.709  -3.543  -2.497 0.3750000000
105118  17.297  -4.906  -2.338 0.2500000000
105098  17.143  -5.448  -1.819 0.2500000000
105116  18.654  -5.965  -2.915 0.7500000000
105097  17.655  -5.930  -2.298 0.3750000000
102967  18.518  -7.142  -2.639 0.8750000000
104075  18.480  -6.298  -2.754 0.8750000000
102986  19.675  -7.548  -3.456 0.8750000000
106127  17.955  -4.439  -3.180 0.8750000000
105117  17.994  -5.421  -2.709 0.7500000000
105133  19.458  -5.623  -3.609 1.0000000000
106125  19.126  -5.092  -3.549 1.0000000000
105135  18.401  -4.964  -3.159 0.8750000000
104096  19.585  -6.511  -3.556 1.0000000000
104113  20.300  -6.443  -3.866 1.0000000000
107185  17.426  -3.590  -3.060 0.7500000000
107184  18.013  -3.685  -3.548 0.8750000000
106109  17.358  -4.376  -2.664 0.7500000000
106144  20.273  -4.562  -4.216 1.0000000000
106145  19.474  -4.712  -3.887 1.0000000000
106146  18.925  -4.111  -3.842 1.0000000000
105150  21.012  -5.315  -4.119 1.0000000000
105151  20.273  -5.518  -4.012 1.0000000000
104112  20.836  -6.313  -3.999 1.0000000000
104114  19.827  -6.187  -3.717 1.0000000000
107155  15.431  -3.653  -1.132 0.1250000000
108288  18.094  -3.065  -3.828 1.0000000000
108289  17.581  -2.747  -3.429 0.8750000000
107200  18.539  -3.625  -3.849 1.0000000000
106143  20.824  -4.355  -4.258 1.0000000000
107197  20.431  -3.711  -4.380 1.0000000000
107198  19.749  -3.701  -4.326 1.0000000000
107199  19.052  -3.622  -4.127 1.0000000000
106124  21.432  -4.493  -4.095 1.0000000000
106107  23.383  -4.596  -2.621 1.0000000000
105132  21.878  -5.452  -3.794 1.0000000000
112912  14.186  1.527  -0.419 0.2500000000
108276  15.403  -2.468  -1.584 0.2500000000
109445  15.698  -1.541  -1.898 0.3750000000
108275  16.148  -2.579  -2.256 0.5000000000
109443  17.273  -1.997  -2.954 1.0000000000
109444  16.540  -1.597  -2.539 0.6250000000
109465  19.526  -1.876  -4.586 1.0000000000
108304  17.971  -2.407  -3.848 1.0000000000
107182  21.679  -3.619  -4.051 1.0000000000
107183  21.015  -3.678  -4.311 1.0000000000
109464  20.143  -1.816  -4.492 1.0000000000
108273  22.501  -2.747  -3.272 1.0000000000
107166  23.033  -3.649  -2.976 1.0000000000
108272  23.321  -2.666  -2.564 1.0000000000
112929  14.825  1.507  -1.448 0.5000000000
111801  14.553  0.477  -1.207 0.3750000000
110619  15.139  -0.524  -1.579 0.3750000000
111820  15.913  0.423  -2.619 0.5000000000
110647  17.141  -0.598  -3.359 0.8750000000
110646  17.750  -0.749  -3.917 1.0000000000
111832  17.293  0.267  -3.667 1.0000000000
110657  18.414  -0.925  -4.334 1.0000000000
109442  21.545  -1.232  -3.200 1.0000000000
110654  20.257  -1.331  -4.343 1.0000000000
109440  23.093  -1.572  -2.325 1.0000000000
108260  24.220  -2.675  -1.792 0.8750000000
114010  14.741  2.170  -0.871 0.5000000000
111800  15.164  0.463  -2.021 0.5000000000
112946  16.196  1.328  -2.777 0.6250000000
112945  16.913  1.217  -3.220 0.6250000000
111819  16.625  0.355  -3.137 1.0000000000
111831  18.022  0.174  -4.303 1.0000000000
111817  21.500  0.330  -2.558 1.0000000000
111827  21.175  -0.219  -2.998 1.0000000000
111839  19.699  -0.411  -4.350 1.0000000000
110633  22.332  -0.710  -2.324 1.0000000000
110634  21.582  -0.740  -2.832 1.0000000000
110643  21.101  -0.743  -3.337 1.0000000000
111815  23.381  -0.236  -1.504 0.8750000000
110632  23.167  -0.775  -1.829 1.0000000000
109430  23.749  -1.599  -1.814 0.8750000000
114031  15.874  2.011  -2.366 0.5000000000
114045  17.171  1.750  -3.306 0.8750000000
114042  19.326  2.209  -3.596 1.0000000000
112956  18.241  1.276  -4.145 1.0000000000
112943  21.991  1.395  -2.218 1.0000000000
112953  20.597  1.408  -3.195 1.0000000000
111829  19.766  0.168  -4.127 1.0000000000
114025  22.212  2.346  -1.971 1.0000000000
111798  23.808  0.305  -1.053 1.0000000000
111816  22.695  0.325  -1.734 1.0000000000
112942  22.733  1.485  -1.638 1.0000000000
111799  23.154  0.901  -1.375 1.0000000000
114009  15.547  2.622  -1.352 0.5000000000
114030  16.637  2.384  -2.699 0.8750000000
114029  17.259  2.760  -3.108 1.0000000000
115081  18.984  3.301  -3.180 1.0000000000
115094  18.762  2.632  -3.554 1.0000000000
115095  18.234  2.858  -3.543 1.0000000000
116027  22.568  4.467  -0.833 1.0000000000
115061  21.478  3.873  -1.933 1.0000000000
115038  23.557  3.936  -0.488 1.0000000000
115060  22.126  3.435  -1.660 1.0000000000
115078  21.802  2.904  -2.181 1.0000000000
114006  23.779  2.368  -0.713 1.0000000000
115059  23.235  3.387  -0.689 1.0000000000
112926  24.418  1.404  -0.590 0.8750000000
119030  17.841  6.729  -2.369 1.0000000000
118048  16.712  5.841  -1.947 0.3750000000
118046  18.188  6.239  -2.604 0.8750000000
117019  19.689  5.473  -2.419 1.0000000000
117000  21.987  5.539  -1.055 1.0000000000
116029  20.871  5.074  -1.833 1.0000000000
119936  17.907  7.652  -2.101 0.8750000000
119029  18.342  7.317  -2.364 1.0000000000
118045  19.085  6.406  -2.614 1.0000000000
119028  19.478  7.402  -2.384 1.0000000000
118025  21.545  6.503  -1.283 1.0000000000
116979  22.576  5.874  -0.730 1.0000000000
119949  18.197  8.424  -2.131 0.7500000000
119947  19.991  8.358  -2.223 1.0000000000
119935  20.868  8.350  -1.843 1.0000000000
119933  22.690  8.319  -1.005 1.0000000000
119010  21.218  7.430  -1.561 1.0000000000
118026  20.760  6.518  -1.766 1.0000000000
119948  19.059  8.365  -2.389 1.0000000000
124850  17.762  13.154  -1.057 0.1250000000
124841  17.712  13.707  -0.739 0.1250000000
124865  17.487  13.253  -1.963 0.2500000000
125762  17.415  14.296  -2.297 0.1250000000
125774  17.250  14.560  -3.401 0.3750000000
126651  17.370  15.661  -2.483 0.2500000000
125784  17.580  14.770  -4.286 0.5000000000
126662  17.181  15.704  -3.845 0.2500000000
126644  17.467  14.996  -1.398 0.2500000000
127612  17.394  16.729  -3.326 0.2500000000
127616  17.378  16.784  -4.311 0.2500000000
127625  17.784  17.151  -5.133 0.3750000000
128557  17.386  17.909  -4.752 0.2500000000
104057  17.244  -6.509  -1.301 0.1250000000
104093  22.520  -6.523  -3.356 1.0000000000
115079  21.184  3.395  -2.316 1.0000000000
102950  17.326  -7.491  -0.988 0.1250000000
102948  18.264  -7.597  -2.140 0.6250000000
101791  19.267  -8.331  -2.894 0.7500000000
106093  15.935  -4.416  -1.098 0.1250000000
101789  20.416  -8.429  -3.505 1.0000000000
105083  16.625  -5.615  -0.841 0.1250000000
102985  20.358  -7.301  -3.749 1.0000000000
104094  21.589  -6.412  -3.842 1.0000000000
104074  22.863  -5.990  -3.045 1.0000000000
108262  14.864  -2.403  -0.812 0.3750000000
110620  14.488  -0.534  -0.858 0.2500000000
108271  23.911  -3.247  -2.170 0.8750000000
110617  24.795  -0.711  -1.003 0.8750000000
109429  24.584  -1.664  -1.390 0.8750000000
111797  25.145  0.306  -0.585 0.8750000000
116980  16.636  5.164  -0.946 0.1250000000
117002  16.771  5.147  -1.548 0.1250000000
115083  17.234  3.386  -2.741 0.6250000000
115058  24.043  3.005  -0.558 1.0000000000
118027  16.839  6.581  -1.858 0.5000000000
119011  17.908  7.388  -2.216 0.8750000000
117021  17.885  5.304  -2.618 0.8750000000
116999  22.634  5.292  -0.735 1.0000000000
118006  23.706  6.425  -0.449 1.0000000000
118007  22.928  6.459  -0.611 1.0000000000
119009  22.100  7.404  -1.061 1.0000000000
120933  18.758  9.358  -2.482 0.8750000000
121972  20.255  10.135  -2.458 1.0000000000
120921  20.517  9.256  -2.103 1.0000000000
119934  21.763  8.335  -1.433 1.0000000000
123884  18.349  12.462  0.399 0.1250000000
123910  17.875  12.396  -0.894 0.1250000000
123939  17.595  12.301  -3.036 0.6250000000
124890  17.512  13.879  -3.992 0.6250000000
125783  18.190  14.831  -4.760 0.5000000000
125751  17.548  14.053  -1.254 0.2500000000
127624  18.462  16.598  -5.018 0.5000000000
126643  17.629  15.942  -1.276 0.2500000000
126650  17.674  16.284  -1.854 0.2500000000
126676  17.887  15.915  -4.535 0.5000000000
127637  18.370  17.343  -5.501 0.5000000000
127611  17.733  16.846  -2.267 0.1250000000
128551  17.399  17.511  -3.886 0.2500000000
129464  17.435  18.912  -5.411 0.2500000000
128580  17.869  18.162  -6.196 0.3750000000
129476  17.786  19.011  -6.202 0.2500000000
128550  18.093  17.941  -2.978 0.1250000000
102987  19.148  -7.754  -3.018 0.7500000000
104097  18.987  -6.681  -3.130 0.8750000000
106126  18.666  -4.516  -3.535 1.0000000000
103000  20.727  -6.781  -3.917 1.0000000000
108274  16.975  -2.689  -2.784 0.8750000000
108303  18.502  -2.755  -4.194 1.0000000000
107167  22.363  -3.627  -3.556 1.0000000000
108302  19.261  -2.783  -4.485 1.0000000000
106108  22.750  -4.536  -3.176 1.0000000000
105131  22.524  -5.410  -3.322 1.0000000000
109431  15.020  -1.497  -1.188 0.3750000000
109457  17.070  -1.267  -2.996 0.8750000000
109467  18.136  -1.737  -4.109 1.0000000000
109466  18.779  -1.865  -4.503 1.0000000000
108285  21.869  -2.746  -3.804 1.0000000000
108301  20.153  -2.757  -4.536 1.0000000000
108287  20.485  -2.246  -4.429 1.0000000000
109453  22.008  -2.210  -3.474 1.0000000000
108261  23.597  -2.122  -2.139 1.0000000000
110635  16.528  -0.535  -2.821 0.6250000000
110644  20.438  -0.812  -4.006 1.0000000000
110656  19.081  -1.048  -4.596 1.0000000000
111841  18.734  -0.341  -4.456 1.0000000000
109441  22.226  -1.688  -2.984 1.0000000000
110618  23.926  -0.767  -1.470 0.8750000000
108259  25.181  -2.628  -1.089 0.8750000000
112957  17.532  1.159  -3.720 1.0000000000
112955  19.132  1.278  -4.063 1.0000000000
111828  20.682  0.296  -3.372 1.0000000000
111818  20.959  0.884  -2.941 1.0000000000
114028  19.805  2.680  -3.142 1.0000000000
114043  18.545  2.110  -3.818 1.0000000000
114027  20.636  2.404  -2.858 1.0000000000
114041  20.077  2.017  -3.348 1.0000000000
112944  21.190  1.471  -2.706 1.0000000000
112954  19.949  1.256  -3.679 1.0000000000
114026  21.527  2.337  -2.439 1.0000000000
114007  22.911  2.418  -1.305 1.0000000000
112927  23.417  1.470  -1.054 1.0000000000
114008  16.276  2.968  -1.929 0.6250000000
115096  17.616  3.008  -3.321 1.0000000000
115082  17.965  3.638  -3.205 1.0000000000
115080  20.058  3.438  -2.683 1.0000000000
116046  19.371  4.409  -2.608 1.0000000000
116045  20.527  4.511  -2.212 1.0000000000
116044  21.150  4.082  -2.028 1.0000000000
116005  23.561  4.625  -0.492 1.0000000000
118047  17.382  6.167  -2.328 0.7500000000
117022  17.213  5.175  -2.144 0.7500000000
116047  18.417  4.407  -2.829 1.0000000000
117018  20.461  5.613  -1.984 1.0000000000
117020  18.765  5.384  -2.693 1.0000000000
117001  21.154  5.633  -1.579 1.0000000000
118044  19.984  6.480  -2.260 1.0000000000
118008  22.258  6.478  -0.858 1.0000000000
119027  20.396  7.428  -2.065 1.0000000000
120920  21.383  9.244  -1.711 1.0000000000
120932  19.638  9.308  -2.403 1.0000000000
123894  17.970  12.398  -0.265 0.1250000000
126635  17.516  14.666  -0.823 0.2500000000
123911  17.601  12.411  -1.546 0.3750000000
124881  17.506  13.265  -3.112 0.5000000000
128567  17.499  18.054  -5.699 0.2500000000
102949  17.752  -7.368  -1.660 0.2500000000
102938  17.262  -7.620  -0.323 0.1250000000
101753  17.391  -8.396  -0.711 0.1250000000
101751  18.227  -8.227  -1.734 0.6250000000
101770  18.795  -8.292  -2.464 0.7500000000
116030  16.706  4.289  -1.205 0.5000000000
115084  16.643  3.309  -2.189 0.6250000000
116048  17.620  4.349  -2.568 0.7500000000
116049  16.976  4.156  -1.939 0.8750000000
122939  20.775  10.718  -2.361 1.0000000000
121959  21.884  10.120  -1.698 1.0000000000
122940  17.707  11.837  -1.124 0.3750000000
124880  18.019  13.192  -3.937 0.7500000000
124889  17.997  13.952  -4.587 0.7500000000
129475  18.334  18.669  -6.259 0.3750000000
97159  21.175  -12.093  -2.861 0.7500000000
97156  23.682  -12.252  -2.904 0.7500000000
98270  20.425  -12.005  -2.643 0.7500000000
98271  19.714  -11.449  -2.456 0.7500000000
98287  23.149  -11.375  -2.956 0.7500000000
97158  21.912  -12.004  -2.998 0.7500000000
98289  21.429  -11.186  -3.143 0.7500000000
98290  20.560  -11.122  -2.912 0.7500000000
98288  22.242  -11.245  -3.141 0.7500000000
100623  19.139  -9.434  -2.441 0.7500000000
101769  19.379  -8.777  -2.771 0.6250000000
99465  20.909  -10.278  -3.280 0.7500000000
100648  21.095  -9.394  -3.499 0.8750000000
100649  20.377  -9.364  -3.274 0.8750000000
99462  23.567  -10.648  -2.922 0.7500000000
99463  22.552  -10.438  -3.177 0.7500000000
100621  23.452  -9.242  -2.792 0.7500000000
100646  22.834  -9.492  -3.141 0.7500000000
101787  21.979  -8.457  -3.641 0.8750000000
101788  21.161  -8.404  -3.670 0.8750000000
101768  23.097  -8.488  -2.902 0.7500000000
101786  22.607  -8.455  -3.314 0.8750000000
102983  22.114  -7.487  -3.615 0.8750000000
104072  24.618  -6.465  -2.064 0.8750000000
104073  23.401  -6.572  -2.680 0.8750000000
105114  23.801  -5.536  -2.326 0.8750000000
105094  26.445  -5.501  -1.911 0.3750000000
105095  25.674  -5.349  -1.635 0.6250000000
106092  24.554  -4.798  -1.726 0.7500000000
106106  24.021  -4.674  -2.103 0.7500000000
106105  26.900  -4.643  -1.898 0.5000000000
107164  26.606  -3.623  -1.321 0.7500000000
107153  25.059  -3.629  -1.299 0.7500000000
108283  27.783  -2.782  -3.692 0.1250000000
108269  27.588  -2.744  -2.178 0.3750000000
108270  27.065  -2.722  -1.316 0.6250000000
108258  26.162  -2.660  -0.818 0.6250000000
109463  27.564  -2.270  -4.468 0.1250000000
109438  27.672  -1.836  -2.423 0.1250000000
110630  27.586  -0.977  -2.740 0.1250000000
110615  26.818  -0.756  -1.153 0.6250000000
111795  27.192  0.187  -1.285 0.6250000000
111796  26.366  0.281  -0.638 0.7500000000
110653  27.261  -1.194  -4.672 0.1250000000
111838  27.156  -0.197  -4.898 0.1250000000
112941  27.731  0.843  -2.398 0.1250000000
112923  27.536  1.028  -1.583 0.5000000000
112925  25.691  1.472  -0.352 0.7500000000
110664  26.880  -1.165  -5.604 0.1250000000
114024  27.701  1.495  -1.946 0.5000000000
114003  27.372  2.225  -1.468 0.5000000000
119950  17.665  8.808  -1.745 0.6250000000
120935  17.611  9.433  -1.651 0.5000000000
120934  18.086  9.469  -2.110 0.7500000000
115056  26.944  3.655  -1.231 0.6250000000
115036  25.569  3.910  -0.395 0.6250000000
115037  24.341  3.677  -0.396 0.8750000000
116043  26.966  4.447  -2.016 0.5000000000
116024  26.742  4.717  -1.243 0.6250000000
116998  26.399  5.448  -1.001 0.6250000000
116003  25.494  4.859  -0.357 0.7500000000
121974  18.343  10.281  -2.795 0.7500000000
119008  22.775  7.615  -0.818 0.8750000000
116976  25.005  5.552  -0.372 0.7500000000
118993  24.196  7.249  -0.466 0.8750000000
119916  23.778  8.094  -0.570 0.8750000000
120900  23.652  8.610  -0.761 0.8750000000
120918  23.411  9.148  -0.984 0.8750000000
117017  26.594  5.142  -2.574 0.3750000000
116997  26.654  5.342  -1.728 0.5000000000
118023  26.313  6.075  -1.511 0.5000000000
118991  25.535  6.777  -0.909 0.6250000000
117036  26.277  5.179  -3.473 0.2500000000
118062  26.303  5.643  -2.829 0.3750000000
119006  26.275  6.428  -1.814 0.5000000000
122957  17.829  10.871  -3.028 0.6250000000
121984  18.273  10.984  -3.250 0.7500000000
121973  19.314  10.319  -2.822 0.8750000000
121983  18.750  10.852  -3.148 0.7500000000
121957  23.908  10.233  -1.262 0.8750000000
119914  25.431  7.437  -1.004 0.6250000000
119915  24.784  8.144  -0.754 0.7500000000
118043  26.174  6.520  -2.437 0.3750000000
119026  26.018  7.149  -2.383 0.5000000000
121955  25.169  9.746  -1.859 0.7500000000
117037  25.964  5.696  -3.951 0.2500000000
122956  19.282  11.314  -3.129 0.8750000000
122955  20.178  11.160  -2.704 0.8750000000
123909  21.251  11.504  -2.217 0.8750000000
124864  20.529  12.791  -2.912 0.7500000000
122937  22.288  10.999  -1.702 0.8750000000
122935  24.351  11.281  -1.778 0.7500000000
120931  25.579  8.911  -2.208 0.5000000000
119975  25.265  8.266  -4.467 0.2500000000
119964  25.559  8.207  -3.590 0.5000000000
119946  25.753  8.142  -2.672 0.5000000000
118072  25.737  6.428  -4.085 0.2500000000
122958  17.559  11.538  -2.778 0.5000000000
122971  17.747  11.964  -3.195 0.5000000000
123937  18.690  12.425  -3.559 0.6250000000
123936  19.375  12.929  -3.602 0.7500000000
124878  20.169  13.467  -3.389 0.7500000000
124877  20.934  13.941  -3.022 0.7500000000
125760  22.575  14.008  -2.598 0.7500000000
124863  21.291  13.325  -2.656 0.7500000000
125772  20.676  14.470  -3.338 0.7500000000
124862  22.342  13.326  -2.382 0.7500000000
123920  24.096  12.633  -2.394 0.7500000000
124860  23.863  13.380  -2.674 0.7500000000
122967  25.474  10.822  -3.518 0.5000000000
122968  25.141  11.688  -3.843 0.3750000000
122953  25.047  11.561  -2.753 0.6250000000
121990  25.460  10.001  -4.127 0.3750000000
122978  25.327  10.853  -4.418 0.3750000000
124879  18.931  13.621  -4.136 0.6250000000
126661  20.419  15.147  -3.699 0.7500000000
126660  21.246  15.210  -3.438 0.7500000000
125770  22.864  14.689  -2.937 0.7500000000
125781  24.129  14.483  -3.905 0.6250000000
123952  24.721  12.358  -5.192 0.3750000000
124887  24.690  13.400  -3.870 0.3750000000
120963  24.760  9.237  -5.435 0.1250000000
122005  24.238  10.282  -6.313 0.1250000000
122985  25.063  10.799  -5.135 0.2500000000
125782  18.947  14.714  -4.447 0.6250000000
126674  19.770  15.575  -4.237 0.7500000000
126673  20.870  15.798  -3.952 0.6250000000
126659  22.290  15.366  -3.407 0.7500000000
125780  24.486  14.119  -4.343 0.3750000000
126658  23.336  15.134  -3.682 0.3750000000
125759  23.256  14.098  -2.783 0.7500000000
123954  24.375  12.245  -6.059 0.2500000000
124897  24.672  13.269  -4.721 0.3750000000
124875  24.258  13.520  -3.088 0.6250000000
120987  22.492  9.384  -7.823 0.1250000000
122006  23.643  10.305  -6.961 0.1250000000
120974  23.744  9.366  -6.735 0.1250000000
124888  18.481  14.242  -4.584 0.6250000000
127620  22.904  16.250  -4.603 0.3750000000
126692  23.923  15.242  -6.516 0.2500000000
126670  24.037  14.953  -4.470 0.3750000000
127614  22.866  15.716  -3.941 0.3750000000
123957  23.237  12.085  -7.510 0.1250000000
124900  24.211  13.153  -6.415 0.3750000000
125790  24.535  13.939  -5.094 0.3750000000
123955  23.793  12.204  -6.818 0.1250000000
128578  19.102  17.836  -5.509 0.3750000000
126675  18.722  15.689  -4.616 0.3750000000
128564  21.371  17.142  -4.933 0.3750000000
127622  20.552  16.509  -4.476 0.3750000000
127650  23.312  16.502  -6.671 0.3750000000
127635  22.912  16.811  -5.559 0.3750000000
128563  22.244  16.875  -4.941 0.3750000000
126682  24.104  15.273  -5.454 0.3750000000
123966  21.924  12.061  -8.850 0.1250000000
124902  23.554  13.179  -7.345 0.1250000000
125797  23.675  14.344  -7.396 0.2500000000
122026  21.625  10.259  -8.564 0.1250000000
129489  20.815  18.867  -6.390 0.2500000000
128589  22.293  17.988  -6.565 0.2500000000
128576  21.156  17.968  -5.681 0.3750000000
128565  20.337  17.278  -5.026 0.3750000000
128601  22.942  17.137  -8.259 0.1250000000
127651  22.765  17.237  -6.191 0.3750000000
128575  22.172  17.411  -5.591 0.3750000000
127660  23.261  16.384  -7.925 0.1250000000
125805  21.942  14.247  -9.780 0.1250000000
126701  23.533  15.392  -7.594 0.1250000000
129474  18.993  18.576  -5.916 0.3750000000
129473  19.854  18.497  -5.749 0.3750000000
129488  21.637  18.534  -6.636 0.2500000000
128598  22.577  17.962  -7.892 0.1250000000
129502  22.102  18.616  -8.724 0.1250000000
128602  22.588  17.550  -9.101 0.1250000000
124911  20.787  13.173  -10.075 0.1250000000
127678  22.002  16.435  -10.397 0.1250000000
130379  20.754  20.168  -9.247 0.1250000000
128605  22.238  17.420  -10.095 0.1250000000
129505  22.086  18.281  -9.854 0.1250000000
125810  20.654  14.451  -11.142 0.1250000000
124919  20.544  13.749  -10.654 0.1250000000
115055  27.342  2.890  -1.886 0.6250000000
118005  24.558  6.356  -0.472 0.8750000000
119930  25.597  8.136  -1.604 0.5000000000
122970  18.003  11.629  -3.396 0.6250000000
123925  19.083  11.864  -3.331 0.8750000000
123924  19.775  12.250  -3.167 0.8750000000
123923  20.926  12.088  -2.464 0.8750000000
123922  21.962  12.531  -2.150 0.7500000000
123921  22.977  12.663  -2.131 0.7500000000
123906  23.485  11.950  -1.877 0.7500000000
120943  25.638  9.044  -2.961 0.5000000000
121982  25.621  9.929  -3.236 0.5000000000
121971  25.094  10.720  -2.178 0.7500000000
120953  25.462  9.116  -3.842 0.5000000000
125801  22.609  13.832  -8.995 0.1250000000
126727  21.390  15.498  -10.857 0.1250000000
109439  27.297  -1.764  -1.557 0.5000000000
109427  26.536  -1.710  -0.922 0.6250000000
115076  27.406  2.627  -2.535 0.3750000000
115077  27.195  3.463  -2.352 0.3750000000
116068  26.191  4.278  -4.388 0.2500000000
120917  24.497  9.225  -1.127 0.7500000000
126710  23.159  15.421  -8.586 0.1250000000
116069  25.763  4.704  -4.814 0.1250000000
95930  21.912  -13.319  -2.710 0.7500000000
95931  21.441  -13.143  -2.629 0.7500000000
97141  19.894  -12.653  -2.237 0.7500000000
97142  19.203  -12.029  -2.024 0.7500000000
95944  23.183  -12.941  -2.901 0.7500000000
95946  21.693  -12.515  -2.816 0.7500000000
98291  19.892  -10.653  -2.750 0.7500000000
98286  24.198  -11.556  -2.929 0.6250000000
100645  24.006  -10.010  -2.845 0.7500000000
100620  24.303  -9.416  -2.623 0.6250000000
101767  23.855  -8.628  -2.505 0.6250000000
104071  25.704  -6.754  -2.180 0.5000000000
104070  26.564  -6.616  -2.604 0.3750000000
106104  27.326  -4.700  -2.795 0.1250000000
107196  27.629  -3.747  -4.188 0.1250000000
108298  27.765  -3.028  -4.143 0.1250000000
108329  27.429  -2.902  -6.060 0.1250000000
109484  27.100  -2.178  -6.429 0.1250000000
110671  26.611  -1.038  -6.593 0.1250000000
111848  26.845  -0.054  -5.850 0.1250000000
112964  27.234  0.827  -5.057 0.1250000000
112952  27.430  0.586  -4.252 0.1250000000
115093  27.185  2.866  -3.406 0.1250000000
116061  26.788  4.120  -3.222 0.2500000000
121961  17.453  10.487  -1.128 0.5000000000
117056  24.923  5.474  -5.711 0.1250000000
117047  25.545  5.477  -4.747 0.2500000000
118082  24.633  6.486  -5.756 0.1250000000
119995  23.820  8.434  -6.572 0.1250000000
119996  23.282  8.457  -7.154 0.1250000000
120007  22.647  8.465  -7.638 0.1250000000
121000  21.074  9.398  -8.629 0.1250000000
120017  21.354  8.664  -8.424 0.1250000000
123967  21.416  11.611  -9.151 0.1250000000
123031  19.616  10.992  -10.532 0.1250000000
126634  17.686  15.347  -0.244 0.1250000000
130371  19.743  20.213  -7.367 0.2500000000
130375  20.508  20.073  -7.974 0.1250000000
131243  20.247  20.487  -8.552 0.1250000000
129508  21.970  17.958  -10.458 0.1250000000
129506  21.566  19.289  -9.654 0.1250000000
127689  21.390  16.492  -11.265 0.1250000000
124920  20.007  13.184  -11.113 0.1250000000
107165  23.689  -3.781  -2.401 0.7500000000
113986  25.343  3.304  -0.378 0.7500000000
114005  24.827  2.590  -0.377 0.7500000000
119937  17.558  7.986  -1.751 0.3750000000
120919  22.330  9.232  -1.362 0.8750000000
101790  19.722  -8.518  -3.177 0.7500000000
102984  21.172  -7.292  -3.848 0.8750000000
107154  24.348  -3.908  -1.828 0.7500000000
110616  25.876  -0.718  -0.801 0.6250000000
116977  24.115  5.549  -0.402 0.8750000000
121960  21.039  10.075  -2.066 0.8750000000
122938  21.419  10.921  -2.062 0.8750000000
121958  22.852  10.161  -1.394 0.8750000000
127636  18.935  17.111  -5.238 0.3750000000
128579  18.387  17.967  -5.967 0.3750000000
129492  18.335  19.366  -6.487 0.1250000000
129491  18.949  19.252  -6.312 0.2500000000
97140  20.705  -12.685  -2.545 0.7500000000
97157  22.722  -12.110  -2.962 0.7500000000
99464  21.701  -10.346  -3.359 0.7500000000
99467  19.656  -10.027  -2.755 0.7500000000
99466  20.207  -10.151  -3.038 0.7500000000
100647  21.903  -9.452  -3.542 0.8750000000
100622  22.949  -8.963  -3.064 0.7500000000
102966  23.344  -7.720  -2.722 0.7500000000
102982  22.762  -7.658  -3.186 0.8750000000
102965  24.222  -7.684  -2.297 0.6250000000
105113  24.455  -5.449  -1.896 0.7500000000
105112  26.987  -5.603  -2.611 0.2500000000
104054  25.328  -5.998  -1.822 0.6250000000
106090  25.990  -4.436  -1.371 0.7500000000
107163  27.291  -3.706  -2.034 0.5000000000
107181  27.648  -3.675  -3.072 0.2500000000
109452  27.677  -2.031  -3.439 0.2500000000
109473  27.186  -2.185  -5.419 0.1250000000
110642  27.531  -1.123  -3.717 0.1250000000
110631  27.445  -0.849  -1.824 0.5000000000
111813  27.614  -0.101  -3.033 0.1250000000
111826  27.453  -0.202  -3.986 0.1250000000
111814  27.559  0.030  -2.114 0.5000000000
112940  27.628  0.781  -3.355 0.1250000000
112924  26.944  1.368  -0.730 0.6250000000
114023  27.593  1.807  -2.572 0.1250000000
114004  26.184  2.895  -0.516 0.6250000000
113985  25.719  3.391  -0.426 0.6250000000
118024  25.916  6.179  -0.968 0.6250000000
119931  25.083  8.740  -1.217 0.7500000000
119007  25.926  6.867  -1.514 0.5000000000
122936  23.264  11.119  -1.562 0.7500000000
119043  25.787  7.264  -3.351 0.3750000000
123908  21.724  11.676  -1.995 0.7500000000
119984  24.841  8.316  -5.261 0.1250000000
119061  25.005  7.385  -5.111 0.1250000000
119051  25.472  7.345  -4.277 0.2500000000
118081  25.204  6.434  -4.936 0.1250000000
125773  19.782  14.500  -3.875 0.7500000000
125771  21.698  14.425  -2.860 0.7500000000
123935  24.797  12.611  -3.323 0.6250000000
122979  25.033  11.604  -4.783 0.3750000000
123945  24.870  12.509  -4.284 0.3750000000
120962  25.168  9.172  -4.682 0.1250000000
121996  25.152  10.043  -4.936 0.3750000000
126672  21.671  15.774  -3.782 0.3750000000
122986  24.654  11.256  -5.692 0.3750000000
120973  24.329  9.311  -6.147 0.1250000000
122991  24.074  11.262  -6.540 0.1250000000
126681  24.396  14.579  -5.281 0.3750000000
127619  23.659  15.679  -4.865 0.3750000000
122017  23.028  10.291  -7.567 0.1250000000
120999  21.821  9.402  -8.298 0.1250000000
120986  23.164  9.377  -7.329 0.1250000000
122992  23.479  11.228  -7.231 0.1250000000
127623  19.431  16.590  -4.810 0.3750000000
125794  24.150  14.112  -6.652 0.2500000000
123000  22.858  11.180  -7.843 0.1250000000
123958  22.676  12.040  -8.106 0.1250000000
124903  23.055  12.614  -7.792 0.1250000000
128597  22.959  17.248  -7.325 0.3750000000
127634  23.599  16.063  -5.596 0.3750000000
123010  21.496  11.088  -8.893 0.1250000000
124907  22.782  13.107  -8.296 0.1250000000
124910  21.872  12.982  -9.258 0.1250000000
123977  21.200  12.119  -9.471 0.1250000000
124906  23.311  13.751  -7.821 0.1250000000
125800  23.186  14.348  -8.272 0.1250000000
122027  20.823  10.285  -9.023 0.1250000000
130370  20.347  19.640  -7.009 0.2500000000
129490  19.730  19.073  -6.178 0.2500000000
129499  21.796  18.791  -7.392 0.2500000000
127668  22.923  16.403  -9.010 0.1250000000
126719  21.982  15.385  -10.117 0.1250000000
125804  22.783  14.629  -9.056 0.1250000000
125809  21.406  14.727  -10.467 0.1250000000
129500  21.033  19.434  -7.394 0.1250000000
129503  21.380  19.468  -8.390 0.1250000000
127669  22.528  16.784  -9.708 0.1250000000
126718  22.613  15.353  -9.424 0.1250000000
131244  19.972  20.951  -9.340 0.1250000000
94743  21.167  -14.255  -2.434 0.7500000000
95945  22.218  -12.921  -2.804 0.7500000000
94757  22.813  -13.580  -2.866 0.7500000000
95916  19.880  -13.438  -2.012 0.7500000000
95932  20.502  -13.563  -2.270 0.7500000000
99440  18.492  -10.030  -1.926 0.5000000000
99439  19.255  -10.469  -2.423 0.6250000000
101766  25.010  -8.807  -2.447 0.6250000000
102964  25.323  -7.645  -2.326 0.5000000000
114051  27.001  1.767  -5.074 0.1250000000
112972  26.739  1.089  -6.053 0.1250000000
114039  27.378  1.686  -3.905 0.1250000000
119062  24.431  7.424  -5.865 0.1250000000
122035  20.357  10.724  -9.606 0.1250000000
123978  20.368  12.084  -10.107 0.1250000000
95917  19.437  -13.639  -1.676 0.7500000000
98250  18.610  -12.022  -1.629 0.5000000000
93575  22.510  -15.103  -2.763 0.6250000000
94741  23.048  -14.397  -2.931 0.6250000000
95942  24.998  -13.448  -3.141 0.3750000000
95943  24.098  -13.122  -3.031 0.6250000000
97153  26.250  -12.352  -2.992 0.2500000000
97155  24.649  -12.433  -3.104 0.3750000000
102963  26.120  -7.496  -2.599 0.3750000000
121975  17.713  10.407  -2.088 0.3750000000
122941  17.581  11.458  -1.726 0.2500000000
123926  17.507  12.362  -2.397 0.2500000000
94742  22.082  -13.960  -2.737 0.6250000000
98285  25.171  -11.693  -3.199 0.5000000000
100644  25.176  -9.968  -2.838 0.5000000000
94738  25.557  -14.143  -2.641 0.5000000000
94755  24.400  -13.909  -3.109 0.6250000000
92408  22.171  -15.874  -2.437 0.6250000000
97122  18.222  -12.621  -1.002 0.3750000000
95918  18.718  -13.743  -1.176 0.3750000000
93576  21.659  -15.064  -2.557 0.6250000000
94727  19.911  -14.160  -1.871 0.6250000000
93555  25.034  -14.966  -1.793 0.3750000000
93573  24.226  -15.061  -2.701 0.5000000000
92407  22.794  -15.740  -2.490 0.6250000000
97123  17.749  -11.935  -0.810 0.2500000000
95915  26.209  -13.694  -2.067 0.3750000000
97175  26.274  -11.792  -3.012 0.2500000000
95940  26.265  -13.003  -2.820 0.2500000000
100624  18.520  -9.053  -1.844 0.3750000000
98306  26.172  -11.363  -3.042 0.2500000000
100643  26.238  -10.014  -2.968 0.3750000000
101765  26.014  -8.417  -2.709 0.2500000000
110601  13.827  -0.551  -0.171 0.1250000000
104069  27.054  -6.324  -3.197 0.2500000000
115063  15.853  3.347  -0.928 0.2500000000
119012  17.528  7.170  -2.088 0.2500000000
111783  14.018  0.376  -0.444 0.1250000000
109432  14.357  -1.474  -0.465 0.2500000000
100606  18.056  -8.873  -1.413 0.2500000000
115062  16.353  3.469  -1.430 0.3750000000
99461  24.696  -10.841  -3.008 0.5000000000
97120  19.593  -13.147  -1.915 0.5000000000
97121  19.099  -12.838  -1.678 0.5000000000
94756  23.579  -13.745  -2.983 0.6250000000
104091  27.054  -7.026  -3.367 0.2500000000
98272  18.692  -11.168  -2.004 0.3750000000
98273  18.076  -10.610  -1.607 0.3750000000
101785  25.872  -9.314  -2.792 0.2500000000
93574  23.478  -15.407  -2.606 0.6250000000
94740  23.945  -14.529  -2.944 0.5000000000
95941  25.807  -13.161  -3.040 0.2500000000
95928  25.982  -13.677  -2.630 0.2500000000
97139  26.624  -12.560  -2.663 0.2500000000
99460  25.807  -10.950  -3.094 0.3750000000
94739  24.925  -14.478  -2.816 0.5000000000
94725  25.635  -14.393  -1.871 0.3750000000
93577  20.898  -15.215  -2.282 0.6250000000
93556  24.431  -15.481  -1.958 0.3750000000
101784  26.614  -9.068  -3.005 0.2500000000
109415  13.712  -1.416  0.341 0.1250000000
92388  20.221  -16.583  -1.681 0.5000000000
92384  23.787  -16.051  -1.811 0.2500000000
91190  22.873  -17.316  -1.105 0.3750000000
92385  23.048  -16.427  -1.880 0.5000000000
92410  20.592  -15.976  -2.081 0.5000000000
91194  19.779  -17.321  -1.128 0.3750000000
92390  18.915  -16.084  -1.000 0.5000000000
93578  20.344  -15.386  -2.041 0.5000000000
92411  20.074  -15.882  -1.848 0.5000000000
94728  19.288  -14.492  -1.468 0.3750000000
94744  20.434  -14.630  -2.122 0.5000000000
89914  17.996  -18.264  0.298 0.1250000000
91174  18.989  -17.576  -0.557 0.3750000000
94729  18.665  -14.799  -1.050 0.2500000000
87401  18.963  -19.765  -0.099 0.1250000000
89930  19.219  -18.505  -0.495 0.2500000000
89929  19.985  -18.390  -0.942 0.3750000000
92369  23.440  -16.908  -0.784 0.2500000000
91172  21.710  -17.948  -1.122 0.3750000000
91192  21.274  -17.507  -1.573 0.5000000000
88655  18.021  -19.214  0.510 0.1250000000
91173  19.512  -17.947  -0.763 0.3750000000
89944  20.647  -17.990  -1.268 0.3750000000
91176  17.896  -16.551  0.263 0.1250000000
93537  17.973  -15.421  0.020 0.1250000000
115103  26.647  3.278  -4.333 0.1250000000
93557  23.708  -15.896  -2.118 0.3750000000
92409  21.311  -15.947  -2.299 0.5000000000
94713  18.205  -14.298  -0.640 0.2500000000
95897  18.161  -13.487  -0.704 0.2500000000
93535  24.537  -15.787  -0.634 0.2500000000
91193  20.493  -17.333  -1.512 0.5000000000
92387  20.918  -16.712  -1.944 0.5000000000
92389  19.561  -16.190  -1.425 0.5000000000
92386  21.813  -16.693  -2.024 0.3750000000
91191  22.198  -17.376  -1.479 0.3750000000
91195  19.191  -16.753  -0.905 0.2500000000
93560  18.651  -15.513  -0.946 0.1250000000
93559  19.141  -15.387  -1.290 0.1250000000
93558  19.803  -15.174  -1.762 0.5000000000
89931  18.483  -18.482  -0.076 0.1250000000
89915  17.738  -18.371  0.688 0.1250000000
91175  18.117  -17.371  -0.029 0.1250000000
91155  17.857  -17.840  0.411 0.1250000000
93536  18.253  -15.272  -0.501 0.1250000000
88654  18.510  -19.690  0.182 0.1250000000
88671  18.455  -19.157  0.113 0.1250000000
91171  22.329  -17.918  -0.685 0.2500000000
92370  18.585  -16.659  -0.602 0.1250000000
92371  18.124  -16.151  -0.170 0.1250000000
88668  20.430  -19.189  -0.490 0.2500000000
89927  21.525  -18.588  -0.528 0.2500000000
99441  17.933  -9.975  -1.465 0.2500000000
88669  19.535  -19.387  -0.364 0.1250000000
88670  18.840  -19.185  -0.164 0.1250000000
89943  21.191  -18.167  -1.129 0.2500000000
89928  20.795  -18.600  -0.872 0.2500000000
88667  20.994  -19.036  -0.488 0.1250000000
99422  17.303  -9.977  -0.561 0.1250000000
119938  17.148  8.525  -1.334 0.1250000000
120936  17.255  9.159  -1.354 0.1250000000
119918  16.772  8.195  -0.562 0.1250000000
120923  16.869  9.087  -0.943 0.1250000000
120922  17.314  9.725  -1.296 0.1250000000
120884  16.793  8.883  0.447 0.1250000000
120901  17.028  9.739  -0.573 0.1250000000
122921  17.573  11.178  -0.823 0.1250000000
119013  16.834  7.402  -1.331 0.1250000000
121939  17.247  10.463  -0.261 0.1250000000
121925  17.618  10.453  0.685 0.1250000000
118028  16.467  6.157  -1.200 0.1250000000
113991  15.128  3.032  -0.599 0.1250000000
97102  17.950  -13.073  -0.530 0.1250000000
98252  17.386  -11.189  -0.602 0.1250000000
115042  16.217  3.653  -0.703 0.1250000000
118996  16.531  7.023  -0.197 0.1250000000
119904  16.669  8.194  0.490 0.1250000000
120868  16.619  8.805  2.232 0.1250000000
121920  17.442  10.273  1.873 0.1250000000
101752  17.709  -8.284  -1.250 0.1250000000
98251  17.960  -11.436  -1.312 0.1250000000
100607  17.607  -9.321  -1.094 0.1250000000
99421  17.584  -10.425  -1.172 0.1250000000
99409  17.250  -10.399  0.081 0.1250000000
120883  16.901  9.557  0.394 0.1250000000
119903  16.788  8.824  1.004 0.1250000000
120872  16.909  9.245  1.525 0.1250000000
118974  16.744  7.350  2.182 0.1250000000
94712  25.740  -14.704  -0.515 0.1250000000
95914  26.670  -13.281  -1.544 0.1250000000
95927  26.462  -13.174  -2.398 0.1250000000
97119  26.837  -12.713  -2.209 0.1250000000
97152  26.913  -12.245  -2.673 0.1250000000
98305  26.470  -11.407  -2.869 0.1250000000
99459  26.629  -10.751  -2.927 0.1250000000
100619  28.373  -9.315  -3.087 0.1250000000
100641  27.698  -9.518  -3.215 0.1250000000
100642  27.017  -9.753  -3.085 0.1250000000
102979  28.210  -7.706  -4.108 0.1250000000
102981  26.796  -7.890  -3.099 0.1250000000
102998  28.219  -7.173  -4.512 0.1250000000
102980  27.568  -7.583  -3.824 0.1250000000
91170  23.021  -17.474  -0.362 0.1250000000
92348  23.428  -17.085  -0.125 0.1250000000
92347  24.047  -16.543  0.123 0.1250000000
93514  25.277  -15.493  0.233 0.1250000000
94711  26.245  -14.009  -0.920 0.1250000000
98235  27.748  -11.758  -1.408 0.1250000000
98268  27.748  -10.949  -2.286 0.1250000000
99437  27.828  -10.329  -2.760 0.1250000000
100605  28.511  -9.790  -2.333 0.1250000000
101781  28.550  -8.035  -3.847 0.1250000000
104090  27.156  -6.574  -3.914 0.1250000000
105149  27.657  -6.036  -5.114 0.1250000000
102997  28.518  -6.964  -4.605 0.1250000000
105111  27.165  -5.642  -3.491 0.1250000000
93534  25.069  -15.101  -1.090 0.1250000000
97138  27.067  -12.102  -2.406 0.1250000000
101783  27.341  -8.760  -3.365 0.1250000000
92368  23.894  -16.226  -1.172 0.1250000000
93515  24.614  -15.951  0.041 0.1250000000
91154  22.706  -18.040  0.090 0.1250000000
97118  27.268  -12.384  -1.651 0.1250000000
99438  27.175  -10.792  -2.785 0.1250000000
98249  27.470  -11.576  -2.040 0.1250000000
99458  27.292  -10.235  -2.948 0.1250000000
101782  28.174  -8.560  -3.627 0.1250000000
101763  28.950  -8.415  -3.374 0.1250000000
104111  27.677  -6.761  -4.510 0.1250000000
102978  28.859  -7.428  -4.126 0.1250000000
91153  23.373  -17.550  0.450 0.1250000000
92324  24.288  -16.858  0.864 0.1250000000
95913  27.193  -12.867  -0.884 0.1250000000
105148  28.386  -6.052  -5.318 0.1250000000
89945  20.220  -17.770  -1.238 0.3750000000
92391  18.463  -15.948  -0.680 0.1250000000
94724  26.200  -13.857  -1.636 0.1250000000
94726  25.019  -14.859  -2.148 0.3750000000
94754  24.805  -13.991  -3.152 0.6250000000
95929  25.518  -13.841  -2.970 0.5000000000
97154  25.514  -12.497  -3.220 0.3750000000
97174  26.541  -11.842  -2.849 0.2500000000
98269  27.238  -11.281  -2.560 0.1250000000
98283  26.830  -11.365  -2.770 0.1250000000
98284  25.911  -11.795  -3.218 0.2500000000
99481  26.446  -11.000  -2.891 0.1250000000
99482  26.205  -11.004  -3.001 0.2500000000
100625  18.114  -9.462  -1.510 0.2500000000
100650  19.769  -9.380  -2.931 0.7500000000
101764  28.575  -8.822  -3.368 0.1250000000
102999  27.900  -7.341  -4.329 0.1250000000
103001  20.622  -7.000  -3.868 1.0000000000
104053  26.007  -6.097  -1.927 0.5000000000
104055  24.851  -5.827  -1.817 0.6250000000
104092  22.997  -7.133  -3.008 0.8750000000
104095  19.995  -6.626  -3.764 1.0000000000
104109  28.816  -6.576  -4.708 0.1250000000
104110  28.197  -6.658  -4.918 0.1250000000
105096  24.989  -5.354  -1.645 0.7500000000
105115  23.096  -5.439  -2.843 0.8750000000
105134  18.882  -5.579  -3.255 0.8750000000
105152  19.849  -5.702  -3.820 1.0000000000
106091  25.088  -4.593  -1.474 0.7500000000
106123  22.121  -4.521  -3.705 1.0000000000
107152  25.807  -3.427  -1.020 0.7500000000
107170  15.198  -3.132  -1.197 0.1250000000
107180  27.762  -3.218  -3.580 0.1250000000
107195  27.776  -3.189  -3.906 0.1250000000
108284  27.744  -2.709  -3.050 0.1250000000
108286  21.029  -2.692  -4.315 1.0000000000
108299  27.605  -3.165  -4.634 0.1250000000
108300  20.657  -3.207  -4.437 1.0000000000
109428  25.506  -1.682  -0.909 0.7500000000
109451  27.760  -2.562  -4.026 0.1250000000
109454  21.375  -1.714  -3.712 1.0000000000
109455  20.631  -1.752  -4.260 1.0000000000
109456  17.603  -1.648  -3.502 1.0000000000
109462  27.683  -2.754  -4.324 0.1250000000
110636  15.832  -0.548  -2.258 0.5000000000
110645  19.935  -0.495  -4.286 1.0000000000
110655  19.815  -0.996  -4.481 1.0000000000
111784  13.597  0.346  0.289 0.1250000000
111830  18.870  0.397  -4.366 1.0000000000
111840  19.325  -0.355  -4.445 1.0000000000
112913  13.789  0.936  0.018 0.1250000000
112928  15.432  1.457  -2.263 0.5000000000
112982  26.423  0.866  -6.645 0.1250000000
114002  27.527  2.407  -2.068 0.5000000000
114044  17.620  2.190  -3.529 0.8750000000
115057  26.320  3.783  -0.588 0.6250000000
115092  27.374  2.248  -3.082 0.1250000000
116004  24.681  4.698  -0.310 0.7500000000
116006  22.967  4.992  -0.625 1.0000000000
116025  26.290  4.580  -0.604 0.6250000000
116026  23.191  4.095  -0.567 1.0000000000
116028  21.465  4.572  -1.643 1.0000000000
116975  25.778  5.501  -0.566 0.6250000000
116978  23.198  5.603  -0.554 1.0000000000
117046  25.958  5.074  -4.277 0.1250000000
118004  25.309  6.250  -0.622 0.6250000000
118042  26.372  6.023  -2.249 0.3750000000
118063  26.045  6.236  -3.081 0.3750000000
118992  24.990  7.057  -0.644 0.6250000000
118994  23.302  7.280  -0.582 1.0000000000
118995  22.645  7.061  -0.734 1.0000000000
119025  26.232  6.634  -2.069 0.5000000000
119070  23.898  7.530  -6.498 0.1250000000
119917  23.175  7.962  -0.746 0.8750000000
119932  23.343  8.439  -0.805 0.8750000000
119951  17.410  8.987  -1.519 0.1250000000
119985  24.379  8.377  -5.985 0.1250000000
120008  21.966  8.503  -8.101 0.1250000000
120899  24.040  8.696  -0.735 0.8750000000
120916  25.190  9.259  -1.682 0.7500000000
121956  24.839  10.073  -1.689 0.7500000000
121970  25.393  9.820  -2.280 0.7500000000
121997  24.714  10.161  -5.618 0.3750000000
122018  22.367  10.270  -8.119 0.1250000000
122952  25.424  10.613  -2.753 0.5000000000
122954  20.921  11.285  -2.377 1.0000000000
122969  18.650  11.503  -3.326 0.7500000000
123001  22.192  11.145  -8.427 0.1250000000
123011  20.999  11.194  -9.353 0.1250000000
123019  20.583  11.461  -9.754 0.1250000000
123020  20.029  11.228  -10.134 0.1250000000
123907  22.619  11.854  -1.840 0.7500000000
123938  17.889  12.444  -3.437 0.5000000000
123976  21.662  12.393  -9.180 0.1250000000
124840  17.998  13.342  -0.198 0.1250000000
124849  17.961  12.834  -0.629 0.1250000000
124861  23.274  13.439  -2.520 0.7500000000
124876  23.699  13.787  -2.846 0.7500000000
124899  24.517  13.167  -5.560 0.3750000000
125741  17.675  14.251  -0.453 0.2500000000
125761  21.967  13.808  -2.548 0.7500000000
125768  24.326  14.023  -3.670 0.6250000000
125769  23.717  14.326  -3.339 0.6250000000
125793  24.458  13.957  -5.861 0.2500000000
125806  21.017  14.096  -10.384 0.1250000000
126657  23.814  14.748  -3.843 0.3750000000
126669  24.413  14.429  -4.792 0.3750000000
126671  23.381  15.580  -4.295 0.3750000000
126691  24.311  14.674  -5.985 0.3750000000
127615  22.290  15.943  -3.972 0.3750000000
127621  21.702  16.399  -4.305 0.3750000000
127638  17.901  17.647  -5.811 0.3750000000
127677  22.439  16.071  -9.739 0.1250000000
128566  19.543  17.339  -5.190 0.3750000000
128577  20.066  17.912  -5.407 0.3750000000
128588  22.878  17.271  -6.678 0.3750000000
128590  21.496  18.351  -6.301 0.3750000000
129472  20.478  18.331  -5.769 0.2500000000
129493  18.016  19.504  -6.534 0.2500000000
129509  21.580  18.647  -10.927 0.1250000000
130363  20.149  19.335  -6.515 0.2500000000
130364  19.644  19.632  -6.648 0.2500000000
130365  18.927  20.013  -6.840 0.1250000000
130366  18.286  19.909  -6.694 0.1250000000
130376  20.056  20.380  -7.863 0.1250000000
131238  20.153  20.427  -8.112 0.1250000000
