#!ascii label  , from subject 4108 vox2ras=TkReg
1172
120855  -46.306  14.784  32.712 0.0000000000
133875  -35.822  31.427  27.057 0.0000000000
126888  -37.218  22.593  29.273 0.0000000000
126220  -42.108  21.128  22.112 0.0000000000
133913  -41.231  30.727  21.883 0.0000000000
130731  -41.274  27.949  26.376 0.0000000000
129191  -38.976  25.340  19.938 0.0000000000
125473  -36.631  20.503  22.031 0.0000000000
117610  -39.657  10.087  34.031 0.0000000000
121647  -42.646  15.366  34.641 0.0000000000
137955  -33.312  38.207  27.820 0.0000000000
137433  -38.376  37.492  25.962 0.0000000000
136954  -42.373  36.310  23.137 0.0000000000
124659  -43.814  19.569  31.927 0.0000000000
132311  -38.913  30.314  31.371 0.0000000000
127670  -42.251  23.819  27.655 0.0000000000
124717  -45.140  18.994  27.308 0.0000000000
123341  -40.188  17.602  26.066 0.0000000000
122562  -34.955  16.334  26.750 0.0000000000
120101  -44.497  13.733  31.428 0.0000000000
131652  -42.316  29.616  19.702 0.0000000000
130786  -41.254  27.722  20.887 0.0000000000
129970  -39.317  26.872  18.422 0.0000000000
128483  -36.124  23.781  18.801 0.0000000000
119298  -41.575  12.868  33.814 0.0000000000
120814  -40.163  15.235  35.971 0.0000000000
137938  -30.290  38.605  29.893 0.0000000000
136396  -40.729  36.612  25.045 0.0000000000
123989  -41.581  18.622  32.568 0.0000000000
125376  -39.895  20.205  29.958 0.0000000000
135159  -33.837  33.140  28.701 0.0000000000
134541  -38.538  32.372  30.267 0.0000000000
127698  -39.497  23.573  24.896 0.0000000000
129141  -42.171  25.654  27.333 0.0000000000
126928  -43.320  22.600  25.369 0.0000000000
126164  -44.111  20.797  26.788 0.0000000000
125447  -44.711  20.281  24.204 0.0000000000
123357  -42.969  18.024  26.376 0.0000000000
124762  -42.073  19.591  23.447 0.0000000000
124742  -35.687  19.332  24.409 0.0000000000
133165  -37.869  30.697  24.443 0.0000000000
132344  -40.293  30.002  26.939 0.0000000000
132399  -41.414  29.188  24.063 0.0000000000
129165  -39.181  25.990  23.013 0.0000000000
126966  -39.749  22.178  21.179 0.0000000000
125490  -39.825  20.442  21.002 0.0000000000
126250  -37.621  21.428  18.592 0.0000000000
125513  -33.479  21.273  19.378 0.0000000000
116756  -43.040  10.044  34.679 0.0000000000
119282  -43.962  12.532  35.194 0.0000000000
120846  -45.443  14.503  34.791 0.0000000000
136375  -28.780  35.151  28.797 0.0000000000
135778  -31.627  35.096  28.053 0.0000000000
135789  -34.017  34.518  26.425 0.0000000000
135799  -36.373  34.382  25.499 0.0000000000
135185  -38.803  33.605  24.137 0.0000000000
150233  -41.562  34.353  22.251 0.0000000000
150228  -42.276  34.176  19.831 0.0000000000
136974  -41.927  36.253  20.757 0.0000000000
123241  -41.421  17.910  36.004 0.0000000000
123946  -43.559  17.924  34.979 0.0000000000
123277  -45.632  18.428  33.069 0.0000000000
129867  -37.910  26.953  28.757 0.0000000000
132336  -42.333  29.817  29.666 0.0000000000
129859  -40.987  27.059  29.624 0.0000000000
127647  -39.813  23.585  29.237 0.0000000000
125400  -41.661  20.710  28.580 0.0000000000
125379  -45.670  20.280  29.905 0.0000000000
122511  -46.094  16.926  30.856 0.0000000000
122517  -43.452  16.479  29.008 0.0000000000
122530  -41.180  16.467  28.614 0.0000000000
120909  -38.154  15.327  27.635 0.0000000000
124759  -38.954  19.600  23.826 0.0000000000
122580  -37.549  16.945  25.097 0.0000000000
120920  -35.990  14.786  27.078 0.0000000000
120077  -46.500  13.604  33.830 0.0000000000
119302  -46.475  12.969  32.479 0.0000000000
120103  -45.997  14.136  32.039 0.0000000000
132441  -40.674  29.967  19.419 0.0000000000
130806  -40.574  28.089  19.212 0.0000000000
131660  -38.964  27.921  18.380 0.0000000000
129959  -37.849  26.426  19.052 0.0000000000
126144  -38.442  21.708  29.611 0.0000000000
134557  -34.980  32.083  28.207 0.0000000000
126950  -40.797  21.930  23.600 0.0000000000
126926  -41.540  22.795  25.379 0.0000000000
126187  -42.618  22.052  23.885 0.0000000000
126943  -44.294  21.610  24.848 0.0000000000
125476  -43.630  20.664  23.063 0.0000000000
124763  -43.223  19.682  23.483 0.0000000000
124774  -42.386  19.978  22.651 0.0000000000
133180  -39.706  30.516  22.780 0.0000000000
132383  -39.901  29.742  23.840 0.0000000000
132398  -40.937  29.712  23.275 0.0000000000
129181  -39.605  25.902  20.690 0.0000000000
130773  -40.483  27.010  21.947 0.0000000000
129180  -38.899  25.286  21.088 0.0000000000
127717  -38.667  23.521  22.249 0.0000000000
127736  -38.796  23.492  19.941 0.0000000000
126986  -39.369  21.768  19.580 0.0000000000
127747  -38.061  22.680  18.465 0.0000000000
126236  -34.562  21.666  18.284 0.0000000000
120072  -42.054  13.418  34.190 0.0000000000
119281  -42.989  12.412  34.681 0.0000000000
120073  -43.319  13.488  34.660 0.0000000000
120075  -45.138  13.875  35.150 0.0000000000
121649  -44.130  15.445  34.585 0.0000000000
137940  -31.865  38.665  29.228 0.0000000000
137411  -30.621  37.284  28.569 0.0000000000
137415  -32.099  37.079  27.969 0.0000000000
135787  -32.713  34.953  27.107 0.0000000000
136934  -33.694  36.588  26.895 0.0000000000
137424  -37.161  38.166  26.439 0.0000000000
136938  -35.984  36.690  25.808 0.0000000000
136392  -37.106  35.460  25.552 0.0000000000
135181  -37.968  33.501  24.859 0.0000000000
136393  -38.115  35.590  25.300 0.0000000000
136403  -41.615  36.415  24.294 0.0000000000
135816  -41.106  35.394  23.890 0.0000000000
136425  -41.943  35.226  22.891 0.0000000000
150246  -42.768  33.966  21.121 0.0000000000
136976  -42.832  35.203  21.307 0.0000000000
150238  -42.284  35.066  20.173 0.0000000000
137460  -42.413  36.946  21.906 0.0000000000
122487  -37.521  16.628  33.784 0.0000000000
123237  -37.370  17.471  35.676 0.0000000000
123249  -38.167  17.422  35.238 0.0000000000
123934  -40.040  18.510  37.231 0.0000000000
123251  -40.429  17.743  35.282 0.0000000000
124658  -42.691  19.093  32.277 0.0000000000
123964  -42.608  18.426  34.145 0.0000000000
124635  -43.848  19.047  33.535 0.0000000000
123967  -44.766  18.702  33.834 0.0000000000
124646  -44.495  19.622  32.619 0.0000000000
132330  -37.302  30.011  30.897 0.0000000000
131564  -36.946  28.710  29.565 0.0000000000
131556  -38.762  29.017  30.288 0.0000000000
132354  -41.337  29.612  26.432 0.0000000000
133130  -41.418  30.848  28.460 0.0000000000
132356  -42.098  29.013  27.129 0.0000000000
128414  -42.380  24.875  27.539 0.0000000000
129872  -42.535  26.353  28.517 0.0000000000
128392  -42.252  24.846  29.145 0.0000000000
129105  -40.963  25.482  29.606 0.0000000000
127659  -41.551  23.560  28.729 0.0000000000
126899  -40.914  22.000  28.869 0.0000000000
126153  -42.058  21.426  27.668 0.0000000000
125415  -45.071  19.791  27.550 0.0000000000
125403  -44.983  20.071  28.228 0.0000000000
124691  -46.174  19.392  28.478 0.0000000000
124688  -47.172  19.224  30.043 0.0000000000
123300  -45.979  18.037  29.529 0.0000000000
122509  -44.882  16.728  30.060 0.0000000000
123308  -44.755  17.748  28.245 0.0000000000
123355  -41.557  18.150  26.109 0.0000000000
122554  -41.979  17.201  27.850 0.0000000000
122568  -40.753  17.153  27.128 0.0000000000
121717  -39.374  16.187  28.128 0.0000000000
122566  -38.667  16.450  26.502 0.0000000000
125488  -37.964  20.281  21.184 0.0000000000
124771  -39.323  19.830  22.768 0.0000000000
124769  -37.480  19.938  22.782 0.0000000000
123350  -35.714  17.357  25.382 0.0000000000
123362  -36.590  17.469  24.706 0.0000000000
122572  -36.229  16.765  25.405 0.0000000000
121727  -37.016  15.790  26.238 0.0000000000
121725  -35.749  15.579  27.050 0.0000000000
120154  -34.638  13.604  27.080 0.0000000000
117598  -46.227  10.159  35.058 0.0000000000
120863  -43.670  14.425  31.128 0.0000000000
133215  -42.359  30.558  21.124 0.0000000000
131628  -42.376  28.843  21.933 0.0000000000
130798  -41.977  28.383  20.531 0.0000000000
129960  -40.198  26.685  19.489 0.0000000000
129199  -38.883  25.891  19.011 0.0000000000
128485  -37.447  23.832  18.327 0.0000000000
129198  -37.913  25.532  19.029 0.0000000000
117632  -40.698  11.033  33.789 0.0000000000
119296  -39.665  12.833  33.479 0.0000000000
121643  -41.473  15.475  35.359 0.0000000000
138511  -33.440  39.071  29.556 0.0000000000
136944  -39.650  36.862  25.461 0.0000000000
137975  -42.329  38.576  24.756 0.0000000000
137978  -42.565  38.504  23.844 0.0000000000
123276  -40.156  17.539  33.217 0.0000000000
124672  -40.485  19.008  31.055 0.0000000000
124673  -41.878  19.402  31.060 0.0000000000
134512  -39.303  32.111  31.648 0.0000000000
129150  -40.263  26.193  26.211 0.0000000000
129887  -41.485  27.163  27.233 0.0000000000
128423  -41.159  24.492  26.629 0.0000000000
127681  -42.150  23.707  26.785 0.0000000000
126918  -43.292  22.353  26.171 0.0000000000
126163  -43.328  21.375  26.864 0.0000000000
126919  -44.157  21.763  26.028 0.0000000000
126173  -44.587  20.913  25.756 0.0000000000
124731  -44.366  19.605  26.050 0.0000000000
123346  -43.902  18.010  27.214 0.0000000000
124078  -43.449  19.120  25.432 0.0000000000
124076  -42.025  18.998  24.845 0.0000000000
124075  -41.109  18.868  24.474 0.0000000000
125460  -36.153  20.416  22.791 0.0000000000
127657  -36.377  24.024  28.812 0.0000000000
133153  -37.102  30.617  26.158 0.0000000000
133135  -37.576  30.682  27.585 0.0000000000
132352  -39.484  29.610  25.870 0.0000000000
132370  -40.996  29.443  25.602 0.0000000000
130743  -41.332  28.170  25.351 0.0000000000
130775  -41.837  28.005  22.294 0.0000000000
130751  -40.568  27.458  23.266 0.0000000000
129911  -39.705  26.744  24.591 0.0000000000
128450  -38.714  24.516  23.871 0.0000000000
126948  -39.062  22.650  22.801 0.0000000000
126205  -40.431  21.766  21.654 0.0000000000
125492  -41.468  20.659  21.379 0.0000000000
126228  -39.983  21.296  20.164 0.0000000000
125517  -38.388  20.860  19.662 0.0000000000
126215  -36.505  21.244  20.207 0.0000000000
127000  -36.453  22.274  17.683 0.0000000000
125515  -35.530  21.148  18.992 0.0000000000
118479  -42.004  11.309  34.225 0.0000000000
118481  -43.648  11.481  35.178 0.0000000000
118468  -45.031  11.090  36.042 0.0000000000
119266  -45.979  12.213  35.407 0.0000000000
120834  -45.917  13.857  34.738 0.0000000000
120847  -46.026  14.441  34.229 0.0000000000
135156  -29.866  33.912  28.955 0.0000000000
136377  -30.466  35.625  28.381 0.0000000000
135769  -31.460  34.354  28.983 0.0000000000
135157  -32.428  34.120  28.063 0.0000000000
135167  -33.702  33.181  27.733 0.0000000000
134561  -34.995  32.233  26.918 0.0000000000
137418  -34.576  37.903  27.111 0.0000000000
136936  -34.406  36.493  26.523 0.0000000000
135798  -35.311  34.274  25.790 0.0000000000
134565  -36.055  32.186  25.911 0.0000000000
134566  -37.150  32.359  25.100 0.0000000000
134576  -38.299  32.093  23.848 0.0000000000
134578  -39.680  32.562  22.786 0.0000000000
136400  -39.626  35.302  24.467 0.0000000000
135815  -40.792  34.636  23.184 0.0000000000
150215  -41.402  32.243  21.760 0.0000000000
150230  -42.437  32.616  20.993 0.0000000000
150235  -42.341  32.597  20.477 0.0000000000
150222  -41.106  33.691  19.690 0.0000000000
136441  -41.159  34.786  20.292 0.0000000000
137994  -42.332  37.661  22.046 0.0000000000
122433  -41.087  16.533  37.665 0.0000000000
122454  -42.998  16.061  36.452 0.0000000000
123963  -41.528  18.098  34.451 0.0000000000
123944  -42.341  17.427  35.570 0.0000000000
122465  -42.819  16.428  34.988 0.0000000000
122467  -44.623  17.201  34.962 0.0000000000
122480  -45.625  16.123  34.059 0.0000000000
121657  -46.122  15.633  33.006 0.0000000000
128400  -37.597  24.630  28.952 0.0000000000
133128  -39.362  30.699  28.277 0.0000000000
133856  -40.363  31.335  29.909 0.0000000000
133085  -41.307  30.460  32.122 0.0000000000
130711  -42.260  27.428  28.227 0.0000000000
131566  -41.427  28.431  29.462 0.0000000000
131558  -40.399  28.695  30.378 0.0000000000
129869  -39.766  26.564  29.175 0.0000000000
128402  -39.085  25.169  29.201 0.0000000000
127646  -38.718  23.477  29.540 0.0000000000
126145  -39.534  21.370  29.532 0.0000000000
125388  -40.948  20.614  29.220 0.0000000000
124685  -43.235  19.565  30.124 0.0000000000
125413  -43.461  20.606  27.546 0.0000000000
125391  -44.570  20.120  29.015 0.0000000000
124660  -44.860  19.998  31.571 0.0000000000
124662  -46.312  19.497  31.259 0.0000000000
123288  -46.423  17.665  31.602 0.0000000000
121666  -45.896  15.783  31.632 0.0000000000
121665  -45.341  15.906  31.135 0.0000000000
120877  -43.938  15.693  30.853 0.0000000000
121674  -42.453  15.366  30.255 0.0000000000
123327  -43.560  17.485  27.440 0.0000000000
122531  -42.308  16.449  28.768 0.0000000000
120882  -41.505  15.329  29.788 0.0000000000
120880  -39.658  14.850  29.235 0.0000000000
120125  -37.913  14.236  28.583 0.0000000000
124782  -40.621  19.979  21.726 0.0000000000
124760  -39.863  19.355  23.475 0.0000000000
124073  -39.156  18.644  24.712 0.0000000000
124757  -37.099  19.403  23.918 0.0000000000
124072  -37.954  18.480  24.638 0.0000000000
122575  -38.537  16.933  25.629 0.0000000000
121728  -37.790  15.791  26.452 0.0000000000
120921  -36.618  14.925  27.108 0.0000000000
120090  -46.542  13.838  33.061 0.0000000000
119299  -46.642  12.949  33.126 0.0000000000
120091  -46.523  13.664  32.522 0.0000000000
119314  -46.289  13.652  32.032 0.0000000000
120093  -46.400  14.171  32.413 0.0000000000
131650  -39.734  28.789  18.998 0.0000000000
131649  -38.977  28.391  18.892 0.0000000000
126134  -37.703  21.020  29.861 0.0000000000
126889  -38.141  22.607  29.535 0.0000000000
133871  -35.698  31.616  27.802 0.0000000000
133863  -36.398  31.572  28.499 0.0000000000
133872  -36.685  30.989  27.576 0.0000000000
126196  -41.412  21.653  22.927 0.0000000000
126186  -41.718  21.818  23.874 0.0000000000
126197  -42.216  21.507  23.224 0.0000000000
126198  -43.034  21.554  23.354 0.0000000000
126208  -42.622  21.033  22.748 0.0000000000
125475  -42.688  20.467  22.631 0.0000000000
125493  -42.162  20.817  21.984 0.0000000000
133181  -40.550  30.187  22.640 0.0000000000
132397  -40.259  29.916  23.072 0.0000000000
133192  -41.170  30.239  22.278 0.0000000000
128473  -38.632  24.438  20.429 0.0000000000
127741  -38.412  23.100  19.124 0.0000000000
128486  -37.937  23.425  18.575 0.0000000000
117611  -40.448  10.271  34.214 0.0000000000
120843  -42.500  14.655  34.545 0.0000000000
120844  -43.728  14.505  34.646 0.0000000000
121648  -43.195  15.414  34.593 0.0000000000
137946  -32.165  38.199  28.619 0.0000000000
137413  -32.195  37.636  28.111 0.0000000000
137416  -32.691  37.423  27.617 0.0000000000
136933  -33.045  36.649  27.222 0.0000000000
137417  -33.655  37.492  27.245 0.0000000000
137425  -38.045  38.284  26.490 0.0000000000
137432  -37.528  37.423  25.927 0.0000000000
136941  -36.859  36.484  25.693 0.0000000000
136942  -37.810  36.507  25.628 0.0000000000
136943  -38.732  36.653  25.504 0.0000000000
136952  -42.065  36.921  23.955 0.0000000000
136412  -41.796  35.829  23.854 0.0000000000
150241  -42.680  35.535  22.167 0.0000000000
136961  -42.768  36.227  21.998 0.0000000000
136975  -42.660  36.127  21.174 0.0000000000
137452  -42.394  37.146  22.538 0.0000000000
122493  -37.051  16.816  32.748 0.0000000000
122495  -38.055  16.613  33.350 0.0000000000
122473  -37.670  16.992  34.712 0.0000000000
122474  -38.597  17.079  34.597 0.0000000000
123250  -39.344  17.385  35.064 0.0000000000
124644  -43.229  19.061  32.938 0.0000000000
124645  -43.696  19.343  32.903 0.0000000000
124636  -44.316  19.228  33.395 0.0000000000
133096  -38.364  30.877  31.464 0.0000000000
133117  -38.152  30.378  31.058 0.0000000000
132331  -38.576  29.688  30.891 0.0000000000
132332  -39.280  29.078  31.074 0.0000000000
131583  -41.694  28.721  26.624 0.0000000000
132355  -41.782  29.327  26.726 0.0000000000
128403  -42.421  24.880  28.266 0.0000000000
127660  -42.121  24.122  28.565 0.0000000000
127649  -41.736  24.201  29.085 0.0000000000
127669  -41.858  23.398  28.188 0.0000000000
126900  -41.412  22.523  28.476 0.0000000000
126908  -41.950  22.679  27.530 0.0000000000
124701  -45.239  19.537  27.543 0.0000000000
125416  -45.540  19.689  28.037 0.0000000000
124702  -45.562  19.415  27.874 0.0000000000
124015  -46.123  18.779  28.623 0.0000000000
123309  -45.173  17.944  28.671 0.0000000000
123329  -44.895  18.030  28.097 0.0000000000
123354  -40.653  18.031  25.787 0.0000000000
123342  -40.780  17.632  26.449 0.0000000000
122567  -39.764  17.063  26.532 0.0000000000
122551  -39.202  16.567  27.077 0.0000000000
125487  -37.063  20.874  21.029 0.0000000000
124779  -37.989  19.990  22.078 0.0000000000
125474  -37.452  20.290  21.805 0.0000000000
123340  -35.322  16.804  25.997 0.0000000000
122563  -36.023  16.428  26.093 0.0000000000
121714  -34.947  15.384  27.402 0.0000000000
122550  -34.492  15.860  27.282 0.0000000000
118470  -46.207  11.406  34.899 0.0000000000
132432  -42.602  29.828  20.671 0.0000000000
131653  -42.439  29.410  19.863 0.0000000000
129980  -39.929  27.287  18.431 0.0000000000
129972  -40.470  27.407  19.389 0.0000000000
129971  -40.064  26.931  18.764 0.0000000000
129200  -39.653  26.448  18.959 0.0000000000
129189  -36.761  25.404  19.537 0.0000000000
120086  -39.028  13.687  33.763 0.0000000000
120831  -40.724  15.104  35.190 0.0000000000
138492  -32.875  39.300  30.651 0.0000000000
137438  -42.065  38.012  25.134 0.0000000000
138548  -42.176  39.327  25.005 0.0000000000
139113  -42.050  40.065  24.981 0.0000000000
125375  -38.810  20.274  30.313 0.0000000000
124671  -39.133  19.441  30.589 0.0000000000
124657  -41.530  19.008  31.794 0.0000000000
125377  -41.193  19.818  30.198 0.0000000000
135148  -33.325  33.621  29.485 0.0000000000
134525  -38.962  32.560  31.107 0.0000000000
128432  -39.732  24.445  25.685 0.0000000000
128433  -40.321  25.030  26.332 0.0000000000
127687  -40.755  23.765  26.002 0.0000000000
126927  -42.501  22.725  25.355 0.0000000000
127688  -41.922  23.254  26.059 0.0000000000
127689  -42.639  22.843  25.959 0.0000000000
126929  -43.973  22.084  25.477 0.0000000000
126190  -44.476  21.069  24.182 0.0000000000
126179  -44.618  20.941  24.964 0.0000000000
125435  -44.713  20.195  25.292 0.0000000000
125424  -44.560  20.211  26.400 0.0000000000
124064  -43.758  19.125  25.940 0.0000000000
124749  -43.935  19.487  24.703 0.0000000000
124748  -42.688  19.363  24.270 0.0000000000
124747  -41.679  19.309  24.163 0.0000000000
124746  -41.257  19.153  24.092 0.0000000000
133154  -37.642  30.351  25.308 0.0000000000
132351  -38.467  29.712  25.659 0.0000000000
132367  -38.247  29.810  25.049 0.0000000000
132384  -40.869  29.483  24.515 0.0000000000
132369  -40.185  29.646  25.155 0.0000000000
132385  -41.363  29.129  25.096 0.0000000000
131608  -41.530  28.667  24.716 0.0000000000
130788  -42.298  28.413  21.666 0.0000000000
130776  -42.187  28.418  22.151 0.0000000000
129931  -39.867  26.728  22.355 0.0000000000
130763  -40.507  27.262  22.627 0.0000000000
129920  -39.799  27.117  23.531 0.0000000000
130752  -40.729  27.617  24.037 0.0000000000
129156  -39.273  26.041  24.218 0.0000000000
128451  -38.794  25.381  23.842 0.0000000000
126956  -39.157  22.775  21.666 0.0000000000
126957  -39.780  22.183  22.168 0.0000000000
126217  -40.271  21.613  20.866 0.0000000000
126976  -39.633  22.021  20.297 0.0000000000
126251  -38.430  21.599  18.774 0.0000000000
125530  -38.506  21.209  18.982 0.0000000000
125529  -38.267  21.025  19.155 0.0000000000
126227  -37.930  20.950  19.766 0.0000000000
128484  -36.691  23.907  18.431 0.0000000000
127745  -36.765  23.289  18.034 0.0000000000
127750  -35.750  22.805  17.882 0.0000000000
126235  -33.781  21.710  18.878 0.0000000000
118497  -41.358  11.765  33.681 0.0000000000
119280  -42.182  12.188  34.114 0.0000000000
118467  -44.352  11.045  35.646 0.0000000000
119264  -44.513  11.782  35.660 0.0000000000
119265  -45.262  12.002  35.815 0.0000000000
120051  -44.717  12.590  35.598 0.0000000000
120833  -45.635  13.684  35.076 0.0000000000
121651  -45.534  15.492  34.368 0.0000000000
136372  -28.253  35.597  29.458 0.0000000000
135766  -27.906  34.521  29.312 0.0000000000
135771  -28.561  34.642  28.910 0.0000000000
135144  -29.559  33.505  29.199 0.0000000000
135772  -29.163  34.684  28.619 0.0000000000
137937  -29.717  38.343  30.453 0.0000000000
137406  -30.356  37.936  29.094 0.0000000000
136929  -30.971  36.496  28.382 0.0000000000
136378  -31.346  35.704  28.279 0.0000000000
135774  -31.089  34.889  28.573 0.0000000000
135775  -31.832  34.539  28.411 0.0000000000
135788  -33.178  34.637  26.862 0.0000000000
135166  -33.053  33.877  27.358 0.0000000000
135173  -33.492  34.039  26.760 0.0000000000
134560  -34.236  32.826  27.328 0.0000000000
135174  -34.045  33.405  26.785 0.0000000000
137421  -34.237  37.179  26.825 0.0000000000
137422  -34.938  37.370  26.612 0.0000000000
136391  -35.874  35.485  25.714 0.0000000000
135179  -35.765  33.317  25.723 0.0000000000
135180  -36.784  33.351  25.376 0.0000000000
135182  -38.537  34.136  24.569 0.0000000000
135184  -38.328  33.110  24.421 0.0000000000
134569  -38.516  32.917  24.199 0.0000000000
134577  -38.863  32.552  23.700 0.0000000000
135187  -39.724  33.530  23.205 0.0000000000
136395  -40.247  36.286  25.068 0.0000000000
150220  -41.004  34.178  22.329 0.0000000000
135188  -40.855  33.267  21.909 0.0000000000
150217  -41.684  32.653  21.644 0.0000000000
150231  -42.012  31.967  21.440 0.0000000000
150239  -42.212  33.155  21.405 0.0000000000
150244  -42.714  34.158  20.465 0.0000000000
150226  -42.560  33.350  20.722 0.0000000000
150225  -42.504  33.761  20.284 0.0000000000
133224  -41.401  32.553  19.586 0.0000000000
136442  -42.015  35.527  20.255 0.0000000000
136424  -40.960  35.648  20.964 0.0000000000
136973  -41.301  35.913  20.970 0.0000000000
137987  -42.502  38.414  22.684 0.0000000000
123190  -38.833  17.409  38.448 0.0000000000
123229  -40.858  18.129  36.680 0.0000000000
123210  -40.708  17.627  37.556 0.0000000000
123211  -41.757  16.845  37.089 0.0000000000
122435  -42.292  16.040  37.009 0.0000000000
123231  -42.317  16.800  36.303 0.0000000000
123988  -40.353  18.096  32.193 0.0000000000
123962  -41.069  17.946  34.051 0.0000000000
123973  -41.059  18.074  33.457 0.0000000000
123953  -43.202  18.207  34.654 0.0000000000
123952  -42.454  18.052  34.945 0.0000000000
123945  -42.931  17.619  35.017 0.0000000000
123242  -42.667  16.954  35.402 0.0000000000
123243  -43.356  17.294  35.057 0.0000000000
122466  -43.868  16.892  34.932 0.0000000000
123244  -44.214  17.773  35.051 0.0000000000
123266  -45.394  17.964  33.703 0.0000000000
123267  -45.611  17.428  33.431 0.0000000000
122491  -45.704  16.644  33.449 0.0000000000
123278  -45.922  17.820  32.747 0.0000000000
130705  -37.387  27.909  28.945 0.0000000000
129112  -37.117  25.376  28.678 0.0000000000
133136  -38.805  30.148  27.397 0.0000000000
133127  -38.292  30.825  28.088 0.0000000000
133137  -40.083  30.244  27.527 0.0000000000
133131  -42.224  30.562  28.949 0.0000000000
133867  -40.849  31.113  29.163 0.0000000000
133858  -41.923  31.039  29.705 0.0000000000
133822  -41.304  31.029  31.283 0.0000000000
133119  -41.873  30.645  30.645 0.0000000000
129125  -41.900  26.158  27.445 0.0000000000
130718  -41.950  27.433  27.686 0.0000000000
130719  -42.475  26.889  27.916 0.0000000000
129096  -42.030  26.340  29.387 0.0000000000
130700  -41.703  27.295  29.254 0.0000000000
130699  -41.252  27.791  29.298 0.0000000000
131559  -41.198  28.796  30.027 0.0000000000
130698  -40.626  28.025  29.594 0.0000000000
130697  -39.951  28.170  29.717 0.0000000000
129858  -40.265  27.240  29.533 0.0000000000
128390  -40.406  24.599  29.320 0.0000000000
129104  -39.831  25.507  29.218 0.0000000000
128389  -39.208  24.487  29.404 0.0000000000
126890  -39.177  22.562  29.423 0.0000000000
126891  -40.432  22.563  29.060 0.0000000000
125399  -41.181  20.870  28.730 0.0000000000
125389  -42.166  19.939  29.483 0.0000000000
126154  -42.878  20.885  27.460 0.0000000000
125414  -44.238  20.396  27.351 0.0000000000
125392  -45.497  20.133  29.077 0.0000000000
124687  -44.992  20.264  29.671 0.0000000000
124686  -44.238  19.902  29.877 0.0000000000
124676  -44.902  20.203  30.474 0.0000000000
124661  -45.783  19.877  31.507 0.0000000000
125365  -46.254  19.878  30.798 0.0000000000
123295  -46.369  17.620  30.587 0.0000000000
124001  -46.742  18.514  30.731 0.0000000000
122500  -46.213  16.676  31.465 0.0000000000
122499  -45.879  16.448  31.071 0.0000000000
122518  -43.961  16.622  29.237 0.0000000000
122508  -44.280  16.539  29.902 0.0000000000
121676  -43.602  16.162  30.101 0.0000000000
120876  -43.527  15.357  30.797 0.0000000000
121684  -43.041  16.159  29.301 0.0000000000
123345  -43.424  18.006  26.735 0.0000000000
123326  -42.868  17.418  27.272 0.0000000000
122553  -40.956  16.808  27.768 0.0000000000
122515  -41.817  16.179  29.119 0.0000000000
122516  -42.173  16.143  29.153 0.0000000000
121682  -41.068  15.888  29.374 0.0000000000
121681  -40.396  15.400  29.268 0.0000000000
121716  -38.662  16.051  27.601 0.0000000000
120891  -38.497  14.887  28.398 0.0000000000
120890  -37.757  14.477  28.246 0.0000000000
120908  -37.457  14.877  27.518 0.0000000000
125491  -40.735  20.420  21.046 0.0000000000
124783  -41.526  20.068  21.767 0.0000000000
124084  -40.079  18.976  24.094 0.0000000000
124756  -36.191  19.711  23.721 0.0000000000
124081  -36.637  19.233  24.166 0.0000000000
122579  -37.121  16.980  24.752 0.0000000000
123363  -37.442  17.607  24.675 0.0000000000
123364  -38.261  17.601  25.088 0.0000000000
122581  -38.018  16.898  25.296 0.0000000000
122565  -38.197  16.307  25.983 0.0000000000
122574  -37.698  16.387  25.648 0.0000000000
120141  -36.355  13.814  27.436 0.0000000000
119283  -46.695  12.655  33.956 0.0000000000
118512  -46.002  12.473  32.146 0.0000000000
132442  -42.028  30.173  19.329 0.0000000000
132431  -41.715  29.521  19.463 0.0000000000
131651  -40.318  28.670  19.062 0.0000000000
131662  -39.832  28.225  18.634 0.0000000000
130811  -39.244  27.563  18.259 0.0000000000
129969  -38.474  26.531  18.710 0.0000000000
130805  -38.672  27.454  18.592 0.0000000000
126135  -38.599  20.900  29.939 0.0000000000
126136  -39.186  20.683  29.936 0.0000000000
134549  -34.567  32.675  28.865 0.0000000000
134550  -35.259  32.334  29.047 0.0000000000
133853  -38.099  32.059  29.325 0.0000000000
126938  -40.133  22.429  24.308 0.0000000000
127699  -40.585  22.868  25.137 0.0000000000
126939  -41.142  22.242  24.572 0.0000000000
126940  -42.129  22.321  24.646 0.0000000000
126941  -43.040  22.555  24.554 0.0000000000
126942  -43.783  22.184  24.716 0.0000000000
126188  -43.462  22.010  23.935 0.0000000000
126200  -44.220  21.169  23.762 0.0000000000
124764  -44.235  19.849  23.399 0.0000000000
133166  -38.567  30.461  23.966 0.0000000000
132382  -39.166  30.006  24.015 0.0000000000
133167  -39.235  30.245  23.549 0.0000000000
129948  -40.723  27.040  21.071 0.0000000000
129939  -40.636  27.031  21.565 0.0000000000
129938  -40.182  26.555  21.409 0.0000000000
129173  -39.452  25.928  21.804 0.0000000000
129172  -38.844  25.234  22.242 0.0000000000
129164  -38.677  25.160  23.154 0.0000000000
128466  -38.606  24.437  21.625 0.0000000000
127726  -38.748  23.544  21.058 0.0000000000
126965  -39.175  22.747  20.610 0.0000000000
126975  -39.048  22.550  19.701 0.0000000000
126985  -38.706  22.150  18.947 0.0000000000
126995  -38.114  21.993  18.436 0.0000000000
126984  -35.264  22.924  18.503 0.0000000000
116783  -41.690  9.955  34.709 0.0000000000
120071  -41.549  13.821  34.111 0.0000000000
120074  -44.425  13.526  35.173 0.0000000000
120845  -44.668  14.584  34.902 0.0000000000
137939  -31.034  38.553  29.259 0.0000000000
137945  -31.529  38.110  28.859 0.0000000000
137412  -31.517  37.401  28.366 0.0000000000
136930  -31.766  36.461  28.164 0.0000000000
136380  -32.090  35.697  27.941 0.0000000000
136932  -32.422  36.494  27.713 0.0000000000
136381  -32.793  35.687  27.278 0.0000000000
136385  -33.632  35.591  26.737 0.0000000000
137431  -36.703  37.382  25.895 0.0000000000
135800  -37.468  34.479  25.296 0.0000000000
135801  -38.373  34.711  24.872 0.0000000000
135807  -39.114  34.739  24.337 0.0000000000
136950  -41.364  36.636  24.631 0.0000000000
136402  -41.048  36.050  24.489 0.0000000000
150242  -42.455  34.669  21.915 0.0000000000
150240  -42.431  33.655  21.369 0.0000000000
136985  -42.645  34.448  20.460 0.0000000000
136984  -42.629  35.331  20.648 0.0000000000
137459  -42.151  37.055  21.610 0.0000000000
123272  -36.535  17.203  32.488 0.0000000000
123261  -36.174  17.067  33.038 0.0000000000
122472  -36.763  16.733  34.322 0.0000000000
122463  -37.361  17.236  35.216 0.0000000000
123933  -39.099  18.639  37.460 0.0000000000
123941  -39.382  18.542  36.743 0.0000000000
123942  -40.168  18.401  36.548 0.0000000000
123240  -40.650  18.062  36.001 0.0000000000
123974  -41.996  18.518  33.478 0.0000000000
123990  -42.314  18.743  32.890 0.0000000000
123975  -42.876  18.748  33.266 0.0000000000
123965  -43.476  18.687  33.965 0.0000000000
123253  -44.418  18.264  34.847 0.0000000000
123966  -44.151  18.791  34.011 0.0000000000
123977  -45.388  18.928  33.226 0.0000000000
131555  -37.661  29.283  30.207 0.0000000000
131565  -38.119  28.703  29.428 0.0000000000
130706  -38.558  27.801  28.933 0.0000000000
133147  -41.254  30.095  26.996 0.0000000000
133138  -41.019  30.532  27.625 0.0000000000
133148  -41.742  29.831  26.992 0.0000000000
132345  -42.139  29.630  27.353 0.0000000000
132346  -42.316  29.169  27.861 0.0000000000
129889  -42.535  26.303  27.870 0.0000000000
129116  -42.579  25.601  27.981 0.0000000000
129107  -42.469  25.911  28.750 0.0000000000
129106  -41.934  25.567  29.632 0.0000000000
128391  -41.448  24.711  29.486 0.0000000000
127648  -40.973  23.773  29.136 0.0000000000
126892  -41.144  23.107  28.932 0.0000000000
125423  -44.449  20.386  26.819 0.0000000000
125404  -45.946  19.768  28.486 0.0000000000
125405  -46.572  19.838  29.101 0.0000000000
125394  -46.887  19.886  29.627 0.0000000000
124692  -46.652  19.346  29.092 0.0000000000
124009  -46.709  18.501  29.735 0.0000000000
122510  -45.657  17.037  30.386 0.0000000000
122520  -45.221  17.324  29.465 0.0000000000
122535  -44.933  17.310  28.959 0.0000000000
122534  -44.501  17.250  28.575 0.0000000000
123356  -42.433  18.114  26.293 0.0000000000
123325  -42.364  17.520  27.212 0.0000000000
123343  -41.751  17.662  26.954 0.0000000000
122569  -41.360  17.223  27.437 0.0000000000
121696  -40.112  15.923  28.637 0.0000000000
122552  -39.893  16.563  27.639 0.0000000000
121729  -38.310  15.909  26.868 0.0000000000
125489  -38.903  20.326  21.034 0.0000000000
124781  -39.642  20.106  21.833 0.0000000000
124780  -38.695  20.052  21.937 0.0000000000
124770  -38.389  19.852  22.856 0.0000000000
123361  -36.000  17.923  24.749 0.0000000000
124070  -36.334  18.695  24.456 0.0000000000
123351  -36.316  16.927  25.098 0.0000000000
122573  -36.833  16.510  25.393 0.0000000000
121733  -37.235  16.171  25.807 0.0000000000
122564  -36.610  16.112  26.096 0.0000000000
121726  -36.409  15.649  26.680 0.0000000000
120919  -35.331  14.533  27.296 0.0000000000
120906  -34.439  14.494  27.440 0.0000000000
116760  -46.675  9.276  35.325 0.0000000000
133204  -41.679  30.675  21.658 0.0000000000
133205  -42.025  29.877  21.844 0.0000000000
132420  -42.384  29.540  21.479 0.0000000000
131635  -42.623  28.990  21.196 0.0000000000
130797  -41.039  28.243  20.058 0.0000000000
129961  -40.651  27.249  20.225 0.0000000000
129947  -40.233  26.513  20.403 0.0000000000
129192  -39.602  26.119  19.678 0.0000000000
128480  -38.166  24.407  19.214 0.0000000000
128479  -37.342  24.614  18.634 0.0000000000
128478  -36.578  24.571  18.954 0.0000000000
129190  -37.437  25.753  19.267 0.0000000000
117631  -39.871  10.927  33.759 0.0000000000
118496  -40.271  11.856  33.574 0.0000000000
119297  -40.744  12.832  33.528 0.0000000000
120070  -39.381  14.269  34.275 0.0000000000
120087  -40.141  13.876  33.683 0.0000000000
120088  -41.238  13.664  33.890 0.0000000000
120842  -41.299  14.311  34.338 0.0000000000
120832  -41.597  15.085  34.806 0.0000000000
121644  -42.182  15.687  34.897 0.0000000000
138509  -31.470  39.168  29.791 0.0000000000
138510  -32.360  39.088  29.828 0.0000000000
137941  -32.550  38.833  29.127 0.0000000000
137947  -33.044  38.689  28.569 0.0000000000
136946  -41.157  37.045  25.128 0.0000000000
136947  -41.529  37.382  25.059 0.0000000000
137441  -41.817  37.577  24.980 0.0000000000
137444  -42.406  37.486  23.440 0.0000000000
138554  -42.431  39.367  24.272 0.0000000000
124000  -39.889  18.369  31.424 0.0000000000
124656  -40.985  18.758  31.924 0.0000000000
124674  -43.018  19.445  31.134 0.0000000000
133806  -38.033  31.689  31.635 0.0000000000
133097  -39.630  30.717  31.974 0.0000000000
129901  -40.812  27.101  26.381 0.0000000000
129902  -41.187  27.345  26.731 0.0000000000
129886  -41.149  27.043  26.914 0.0000000000
129139  -40.933  25.632  27.012 0.0000000000
129140  -41.797  25.605  27.226 0.0000000000
127679  -41.262  24.084  26.400 0.0000000000
127680  -41.584  24.034  26.454 0.0000000000
128425  -42.221  25.115  27.176 0.0000000000
126909  -42.403  22.633  26.802 0.0000000000
126162  -42.397  22.017  27.078 0.0000000000
126171  -43.857  21.707  26.370 0.0000000000
126172  -44.249  21.094  26.345 0.0000000000
126920  -44.451  21.368  25.955 0.0000000000
124716  -44.867  19.529  27.169 0.0000000000
124049  -44.880  18.749  27.384 0.0000000000
124048  -44.327  18.724  26.929 0.0000000000
124047  -43.656  18.599  26.384 0.0000000000
124063  -43.149  18.540  25.954 0.0000000000
124077  -42.947  19.055  25.133 0.0000000000
124062  -42.278  18.559  25.599 0.0000000000
124061  -41.369  18.523  25.332 0.0000000000
124060  -40.468  18.404  25.139 0.0000000000
125459  -35.308  20.486  22.939 0.0000000000
124069  -35.483  18.565  25.029 0.0000000000
124058  -35.299  18.108  25.535 0.0000000000
123349  -35.134  17.851  25.796 0.0000000000
123339  -34.727  17.347  26.200 0.0000000000
133876  -36.383  31.137  26.512 0.0000000000
133134  -37.076  30.713  27.374 0.0000000000
133144  -37.874  30.148  26.523 0.0000000000
133145  -38.839  29.648  26.500 0.0000000000
132343  -39.705  29.804  26.800 0.0000000000
132368  -38.991  29.688  24.725 0.0000000000
132353  -40.533  29.755  26.377 0.0000000000
131596  -41.429  28.659  25.679 0.0000000000
133194  -41.839  29.532  22.319 0.0000000000
132410  -41.584  29.280  22.908 0.0000000000
131619  -41.639  28.659  23.698 0.0000000000
130764  -41.152  27.576  22.912 0.0000000000
130765  -41.545  28.062  23.346 0.0000000000
130753  -41.419  28.106  24.397 0.0000000000
130742  -40.968  27.676  25.205 0.0000000000
130730  -41.048  27.808  25.828 0.0000000000
129149  -39.650  25.821  25.408 0.0000000000
128440  -38.992  24.218  24.483 0.0000000000
128459  -38.557  24.424  22.791 0.0000000000
127708  -38.803  23.567  23.573 0.0000000000
127709  -39.342  22.746  23.831 0.0000000000
126949  -39.888  22.176  23.228 0.0000000000
126958  -40.589  21.842  22.577 0.0000000000
126206  -41.193  21.580  22.018 0.0000000000
126219  -41.573  21.179  21.598 0.0000000000
126230  -41.110  21.219  21.211 0.0000000000
125506  -40.754  20.864  20.675 0.0000000000
125505  -39.862  20.789  20.259 0.0000000000
126241  -39.523  21.336  19.579 0.0000000000
125519  -39.561  21.078  19.611 0.0000000000
125504  -39.054  20.553  20.191 0.0000000000
125503  -38.186  20.693  20.301 0.0000000000
125502  -37.580  20.819  20.545 0.0000000000
127001  -36.926  22.262  17.816 0.0000000000
126258  -36.854  21.858  17.975 0.0000000000
126992  -34.936  22.124  17.831 0.0000000000
126248  -35.792  21.486  18.139 0.0000000000
125528  -36.060  21.312  18.599 0.0000000000
117612  -41.365  10.636  34.253 0.0000000000
117613  -42.216  10.670  34.554 0.0000000000
118480  -42.689  11.447  34.630 0.0000000000
117614  -43.017  10.713  34.809 0.0000000000
117596  -44.626  10.430  35.648 0.0000000000
117597  -45.406  10.357  35.572 0.0000000000
118469  -45.636  11.201  35.452 0.0000000000
120052  -45.378  13.045  35.481 0.0000000000
120053  -46.184  13.185  35.070 0.0000000000
119267  -46.445  12.401  34.708 0.0000000000
120076  -46.256  13.624  34.481 0.0000000000
120848  -46.325  14.620  33.455 0.0000000000
136373  -28.858  36.213  29.065 0.0000000000
137410  -29.866  37.361  28.735 0.0000000000
136928  -30.044  36.573  28.408 0.0000000000
136376  -29.323  35.651  28.642 0.0000000000
135773  -30.108  34.509  28.709 0.0000000000
135768  -30.793  34.293  29.072 0.0000000000
135146  -31.292  33.861  29.450 0.0000000000
135147  -32.258  33.971  29.190 0.0000000000
135158  -33.018  33.556  28.414 0.0000000000
135165  -32.582  34.304  27.554 0.0000000000
134556  -34.320  32.614  27.945 0.0000000000
137956  -34.208  38.323  27.724 0.0000000000
136386  -34.797  35.557  26.135 0.0000000000
136387  -35.475  36.087  25.960 0.0000000000
135797  -34.751  34.650  26.049 0.0000000000
135175  -34.938  33.253  26.168 0.0000000000
134564  -35.393  32.698  26.143 0.0000000000
134562  -35.787  31.708  26.593 0.0000000000
133878  -36.894  31.291  25.578 0.0000000000
133879  -37.472  31.411  24.708 0.0000000000
134568  -38.007  32.456  24.305 0.0000000000
133884  -38.071  31.441  23.966 0.0000000000
133885  -38.581  31.196  23.525 0.0000000000
133899  -39.111  31.595  23.046 0.0000000000
133900  -40.048  31.798  22.251 0.0000000000
136394  -39.234  35.757  24.906 0.0000000000
135809  -40.648  35.336  24.065 0.0000000000
135808  -39.992  35.026  24.049 0.0000000000
135814  -39.663  34.324  23.770 0.0000000000
150214  -40.894  31.925  21.983 0.0000000000
150216  -41.332  31.413  21.776 0.0000000000
150229  -42.384  31.691  20.876 0.0000000000
133225  -42.478  31.060  20.146 0.0000000000
150237  -42.609  33.270  20.987 0.0000000000
137995  -42.395  37.552  22.262 0.0000000000
121601  -39.861  15.452  37.694 0.0000000000
123191  -39.651  17.560  38.283 0.0000000000
121587  -40.476  16.009  38.064 0.0000000000
121602  -40.945  15.700  37.258 0.0000000000
121624  -41.023  15.464  36.168 0.0000000000
121625  -42.025  15.922  35.817 0.0000000000
122464  -42.360  16.099  35.317 0.0000000000
123264  -40.560  17.607  34.279 0.0000000000
123265  -40.942  17.844  34.839 0.0000000000
123252  -41.175  17.882  35.346 0.0000000000
123951  -41.881  17.990  35.442 0.0000000000
123943  -41.976  17.598  35.977 0.0000000000
122476  -43.063  15.992  34.620 0.0000000000
122477  -43.579  16.140  34.635 0.0000000000
122478  -44.429  16.381  34.750 0.0000000000
121650  -44.998  15.592  34.852 0.0000000000
122468  -44.924  17.474  34.875 0.0000000000
122479  -45.220  16.844  34.436 0.0000000000
121652  -45.980  15.501  33.814 0.0000000000
129111  -36.299  25.354  28.674 0.0000000000
128399  -36.747  24.674  28.703 0.0000000000
128387  -37.507  23.922  29.135 0.0000000000
133126  -37.784  30.890  28.029 0.0000000000
133854  -39.085  31.921  29.634 0.0000000000
133129  -40.454  30.763  28.385 0.0000000000
133866  -39.800  31.241  29.186 0.0000000000
133855  -39.723  31.664  29.978 0.0000000000
134527  -40.236  31.797  31.008 0.0000000000
133807  -40.336  31.065  32.110 0.0000000000
133098  -40.079  30.115  32.131 0.0000000000
130717  -41.624  28.100  27.128 0.0000000000
131575  -42.006  28.409  27.580 0.0000000000
131570  -42.164  28.500  28.464 0.0000000000
129879  -42.510  26.911  28.357 0.0000000000
130709  -41.825  27.678  28.904 0.0000000000
131567  -41.981  28.750  29.421 0.0000000000
131546  -41.592  29.373  30.921 0.0000000000
131545  -40.916  29.064  31.170 0.0000000000
131544  -40.063  29.035  31.248 0.0000000000
131557  -39.621  28.796  30.388 0.0000000000
130696  -39.128  28.381  29.637 0.0000000000
129868  -38.924  26.827  28.844 0.0000000000
129870  -40.582  26.339  29.456 0.0000000000
129878  -39.166  25.990  28.932 0.0000000000
128401  -38.460  24.890  29.186 0.0000000000
128388  -38.185  24.157  29.432 0.0000000000
125387  -40.209  20.923  29.465 0.0000000000
126146  -40.508  21.479  29.099 0.0000000000
124684  -42.422  19.546  30.426 0.0000000000
125401  -42.786  20.440  28.225 0.0000000000
125402  -43.965  20.265  28.218 0.0000000000
125390  -43.496  19.965  29.129 0.0000000000
124675  -44.043  19.701  30.866 0.0000000000
124647  -45.355  19.556  32.430 0.0000000000
123978  -45.818  18.864  32.543 0.0000000000
124677  -46.734  19.250  30.813 0.0000000000
123991  -46.378  18.746  31.683 0.0000000000
122496  -46.165  16.685  32.411 0.0000000000
121660  -46.106  15.722  32.225 0.0000000000
120857  -46.004  14.917  32.176 0.0000000000
120865  -45.251  14.897  31.545 0.0000000000
121664  -44.873  15.431  31.184 0.0000000000
121678  -45.093  16.424  30.567 0.0000000000
121677  -44.491  16.061  30.741 0.0000000000
120864  -44.435  14.930  31.231 0.0000000000
120875  -42.873  15.025  30.763 0.0000000000
123328  -44.402  17.814  27.747 0.0000000000
122557  -44.107  17.196  28.199 0.0000000000
122533  -43.802  16.819  28.590 0.0000000000
122555  -42.938  17.039  28.015 0.0000000000
121699  -43.000  16.283  28.976 0.0000000000
121683  -42.213  15.810  29.529 0.0000000000
120874  -41.878  14.742  30.504 0.0000000000
120881  -40.836  14.873  29.740 0.0000000000
120117  -40.281  13.949  29.858 0.0000000000
120892  -39.318  15.365  28.687 0.0000000000
120879  -38.872  14.326  29.142 0.0000000000
124784  -42.083  20.368  22.017 0.0000000000
124773  -41.366  19.639  22.556 0.0000000000
124772  -40.329  19.659  22.630 0.0000000000
124761  -40.961  19.198  23.635 0.0000000000
124085  -40.625  18.940  24.192 0.0000000000
124074  -40.238  18.679  24.586 0.0000000000
123353  -39.552  17.709  25.508 0.0000000000
124768  -36.757  20.008  23.061 0.0000000000
124071  -37.128  18.586  24.427 0.0000000000
124744  -37.585  19.136  24.328 0.0000000000
124745  -38.298  19.224  24.382 0.0000000000
123365  -38.933  17.841  25.133 0.0000000000
122576  -39.113  17.021  26.028 0.0000000000
121715  -38.089  15.535  27.147 0.0000000000
120922  -37.194  15.347  26.786 0.0000000000
116784  -42.402  10.134  34.662 0.0000000000
119300  -46.643  13.250  32.787 0.0000000000
119303  -46.462  13.458  32.318 0.0000000000
120054  -46.487  13.108  34.435 0.0000000000
120089  -41.625  13.311  33.965 0.0000000000
120094  -46.369  13.781  32.194 0.0000000000
120104  -46.192  13.831  31.985 0.0000000000
120853  -40.798  14.188  34.003 0.0000000000
120854  -41.129  14.092  34.020 0.0000000000
120866  -45.633  15.123  31.792 0.0000000000
121603  -41.796  15.851  36.675 0.0000000000
121604  -42.482  15.913  36.497 0.0000000000
121605  -42.847  15.915  36.407 0.0000000000
121623  -40.127  15.053  36.768 0.0000000000
121626  -42.648  15.986  36.079 0.0000000000
121627  -42.927  16.029  36.142 0.0000000000
121645  -42.767  15.786  34.699 0.0000000000
121675  -42.924  15.678  30.124 0.0000000000
121685  -43.472  16.357  29.385 0.0000000000
121695  -39.140  15.726  28.325 0.0000000000
121697  -40.751  16.181  28.939 0.0000000000
121698  -42.766  16.229  29.051 0.0000000000
121734  -37.423  16.030  26.016 0.0000000000
122414  -40.235  16.810  38.250 0.0000000000
122434  -41.777  16.205  37.156 0.0000000000
122436  -42.840  15.912  36.806 0.0000000000
122452  -42.513  16.189  35.643 0.0000000000
122453  -42.685  16.304  35.949 0.0000000000
122475  -39.071  17.103  34.439 0.0000000000
122486  -36.647  16.792  33.329 0.0000000000
122489  -38.887  16.999  34.193 0.0000000000
122490  -45.484  17.238  33.784 0.0000000000
122494  -37.560  16.672  33.026 0.0000000000
122519  -44.676  16.887  29.312 0.0000000000
122529  -40.514  16.490  28.180 0.0000000000
122532  -43.117  16.540  28.716 0.0000000000
122556  -43.656  17.117  28.088 0.0000000000
123209  -38.660  17.731  38.258 0.0000000000
123212  -42.235  16.337  37.023 0.0000000000
123213  -42.586  16.082  37.028 0.0000000000
123230  -41.707  17.458  36.501 0.0000000000
123232  -42.536  16.035  36.581 0.0000000000
123239  -39.754  18.152  35.961 0.0000000000
123245  -44.728  17.666  35.022 0.0000000000
123254  -44.940  18.027  34.722 0.0000000000
123287  -39.822  17.575  32.668 0.0000000000
123294  -46.153  17.660  30.091 0.0000000000
123301  -46.373  17.964  29.972 0.0000000000
123344  -42.680  17.737  26.766 0.0000000000
123352  -38.792  17.512  25.345 0.0000000000
123895  -38.815  17.845  38.293 0.0000000000
123896  -39.090  17.921  38.292 0.0000000000
123914  -39.565  18.231  37.927 0.0000000000
123935  -41.964  17.394  36.159 0.0000000000
123936  -42.143  17.225  36.055 0.0000000000
123954  -43.942  18.450  34.713 0.0000000000
123955  -44.456  18.501  34.488 0.0000000000
123976  -43.467  19.004  33.325 0.0000000000
124008  -46.408  18.602  29.223 0.0000000000
124016  -46.573  18.842  29.124 0.0000000000
124031  -44.719  18.502  27.472 0.0000000000
124032  -45.194  18.550  27.834 0.0000000000
124059  -39.865  18.337  24.966 0.0000000000
124082  -36.832  19.009  24.334 0.0000000000
124083  -39.522  19.180  24.053 0.0000000000
124637  -44.900  19.363  33.196 0.0000000000
124648  -45.991  19.389  31.930 0.0000000000
124743  -37.241  19.069  24.292 0.0000000000
124775  -43.478  20.086  22.922 0.0000000000
124776  -44.089  20.284  22.986 0.0000000000
125364  -45.662  20.139  30.747 0.0000000000
125366  -46.526  19.593  30.781 0.0000000000
125378  -41.890  19.639  30.296 0.0000000000
125380  -46.355  20.135  30.135 0.0000000000
125381  -46.729  19.709  30.355 0.0000000000
125393  -46.290  20.101  29.338 0.0000000000
125461  -43.955  20.862  23.254 0.0000000000
125462  -44.264  20.662  23.391 0.0000000000
125477  -44.064  20.511  23.090 0.0000000000
125507  -41.166  21.015  21.083 0.0000000000
125516  -35.941  21.195  18.867 0.0000000000
125518  -39.015  20.860  19.446 0.0000000000
125526  -35.037  21.346  18.495 0.0000000000
125527  -35.552  21.296  18.508 0.0000000000
126152  -41.192  21.372  28.623 0.0000000000
126189  -44.067  21.605  24.134 0.0000000000
126199  -43.789  21.239  23.467 0.0000000000
126207  -41.891  21.368  22.386 0.0000000000
126209  -43.277  21.102  23.178 0.0000000000
126216  -37.162  21.102  20.407 0.0000000000
126218  -40.930  21.408  21.313 0.0000000000
126226  -37.294  21.160  19.868 0.0000000000
126229  -40.749  21.207  20.838 0.0000000000
126239  -37.706  21.072  19.318 0.0000000000
126240  -39.093  21.375  19.149 0.0000000000
126247  -35.153  21.537  17.977 0.0000000000
126249  -36.505  21.449  18.329 0.0000000000
126255  -35.088  21.759  17.578 0.0000000000
126256  -35.537  21.733  17.659 0.0000000000
126257  -36.132  21.792  17.809 0.0000000000
126930  -44.400  21.476  25.542 0.0000000000
126993  -35.300  22.680  18.074 0.0000000000
126994  -37.446  22.267  18.086 0.0000000000
126998  -35.273  22.043  17.483 0.0000000000
126999  -35.671  22.310  17.614 0.0000000000
127645  -37.778  23.368  29.395 0.0000000000
127658  -37.054  24.097  28.827 0.0000000000
127686  -39.937  23.848  25.667 0.0000000000
127697  -38.936  23.948  24.246 0.0000000000
127744  -35.927  23.192  18.291 0.0000000000
127746  -37.465  23.054  18.113 0.0000000000
127751  -36.228  22.808  17.821 0.0000000000
127752  -36.893  22.690  17.828 0.0000000000
128398  -35.953  24.688  28.747 0.0000000000
128424  -41.756  24.782  26.887 0.0000000000
128441  -39.017  24.871  24.766 0.0000000000
129095  -41.384  26.265  29.613 0.0000000000
129097  -42.292  26.484  29.055 0.0000000000
129108  -42.578  26.185  28.365 0.0000000000
129114  -38.707  25.505  29.033 0.0000000000
129115  -39.195  25.529  29.128 0.0000000000
129117  -42.649  26.089  28.149 0.0000000000
129124  -41.280  26.450  27.168 0.0000000000
129126  -42.358  25.782  27.592 0.0000000000
129127  -42.597  25.954  27.859 0.0000000000
129197  -37.228  25.161  19.018 0.0000000000
129860  -41.600  26.922  29.459 0.0000000000
129861  -42.081  26.928  29.234 0.0000000000
129871  -42.411  26.785  28.701 0.0000000000
129876  -37.453  26.150  28.737 0.0000000000
129880  -42.602  26.552  28.248 0.0000000000
129888  -42.158  26.599  27.638 0.0000000000
129912  -40.207  27.055  25.249 0.0000000000
129921  -40.063  27.243  24.369 0.0000000000
129979  -39.522  27.356  18.289 0.0000000000
129981  -40.257  27.484  18.814 0.0000000000
130707  -39.508  27.522  29.233 0.0000000000
130708  -41.559  28.214  29.191 0.0000000000
130712  -42.552  26.942  28.162 0.0000000000
130774  -41.167  27.367  21.851 0.0000000000
130787  -41.901  28.013  21.378 0.0000000000
130799  -42.410  28.497  21.013 0.0000000000
130804  -38.177  26.962  18.784 0.0000000000
130812  -39.660  27.722  18.356 0.0000000000
130813  -40.151  27.900  18.626 0.0000000000
131547  -41.930  29.700  30.745 0.0000000000
131560  -41.909  29.412  30.244 0.0000000000
131574  -41.808  28.558  27.083 0.0000000000
131584  -41.927  28.788  27.080 0.0000000000
131627  -41.915  28.633  22.653 0.0000000000
131642  -41.028  29.147  19.711 0.0000000000
131643  -42.046  29.118  19.701 0.0000000000
131644  -42.572  29.090  20.345 0.0000000000
131661  -39.383  28.073  18.505 0.0000000000
132292  -40.750  29.996  32.274 0.0000000000
132293  -41.080  29.957  32.231 0.0000000000
132294  -41.508  29.836  32.040 0.0000000000
132312  -39.615  29.798  31.555 0.0000000000
132313  -40.562  29.652  31.989 0.0000000000
132314  -41.370  29.549  31.724 0.0000000000
132315  -41.856  30.026  31.232 0.0000000000
132333  -42.165  30.042  30.461 0.0000000000
132340  -42.413  29.470  28.753 0.0000000000
132371  -41.464  29.149  26.013 0.0000000000
132409  -41.320  29.727  22.692 0.0000000000
132411  -42.113  29.279  22.241 0.0000000000
132430  -41.446  29.691  19.437 0.0000000000
132443  -42.517  29.829  19.930 0.0000000000
133083  -40.208  30.746  32.182 0.0000000000
133084  -40.575  30.424  32.208 0.0000000000
133086  -41.652  30.446  31.663 0.0000000000
133099  -41.395  31.158  30.958 0.0000000000
133100  -41.601  30.697  31.179 0.0000000000
133118  -41.538  30.907  30.917 0.0000000000
133122  -42.256  30.584  29.949 0.0000000000
133139  -41.884  30.353  27.687 0.0000000000
133140  -42.421  29.916  28.067 0.0000000000
133143  -37.049  30.601  26.959 0.0000000000
133146  -40.686  30.163  27.075 0.0000000000
133155  -38.204  30.116  24.650 0.0000000000
133179  -38.938  30.749  23.275 0.0000000000
133191  -40.656  30.930  22.098 0.0000000000
133193  -41.602  29.836  22.272 0.0000000000
133203  -41.369  30.502  21.905 0.0000000000
133808  -41.027  31.042  32.006 0.0000000000
133809  -41.458  30.809  31.677 0.0000000000
133810  -41.550  30.699  31.439 0.0000000000
133818  -37.958  31.275  31.553 0.0000000000
133819  -38.649  31.478  31.689 0.0000000000
133820  -39.773  31.476  31.795 0.0000000000
133821  -40.598  31.368  31.367 0.0000000000
133823  -41.546  30.938  31.151 0.0000000000
133838  -40.013  31.763  30.524 0.0000000000
133839  -40.652  31.450  30.549 0.0000000000
133840  -41.436  31.152  30.570 0.0000000000
133841  -42.012  30.953  30.195 0.0000000000
133851  -36.035  32.132  29.255 0.0000000000
133857  -41.178  31.227  29.852 0.0000000000
133862  -35.619  31.841  28.595 0.0000000000
133864  -37.525  31.253  28.345 0.0000000000
133868  -41.657  31.047  29.218 0.0000000000
133869  -41.972  30.919  29.293 0.0000000000
133873  -37.231  30.911  27.867 0.0000000000
133898  -38.557  31.786  23.608 0.0000000000
134513  -39.945  31.825  31.404 0.0000000000
134526  -39.750  32.229  31.077 0.0000000000
134542  -39.403  32.209  30.433 0.0000000000
135145  -30.359  33.696  29.301 0.0000000000
135154  -28.921  34.239  28.761 0.0000000000
135155  -29.379  34.042  28.780 0.0000000000
135767  -30.434  34.151  29.017 0.0000000000
135779  -32.256  34.828  27.627 0.0000000000
135780  -32.726  34.495  27.275 0.0000000000
135790  -34.585  33.993  26.211 0.0000000000
135817  -41.436  35.350  23.581 0.0000000000
136382  -33.308  36.115  27.070 0.0000000000
136384  -33.045  35.206  26.953 0.0000000000
136390  -35.155  34.989  25.850 0.0000000000
136401  -40.161  35.603  24.559 0.0000000000
136404  -41.821  36.672  24.199 0.0000000000
136411  -41.387  35.629  23.989 0.0000000000
136413  -41.966  36.392  23.919 0.0000000000
136426  -42.852  35.687  21.709 0.0000000000
136449  -42.880  34.276  20.626 0.0000000000
136937  -35.239  36.674  26.183 0.0000000000
136951  -41.655  37.062  24.566 0.0000000000
136962  -42.862  35.795  21.531 0.0000000000
136983  -42.337  35.659  20.536 0.0000000000
137407  -31.015  37.864  28.802 0.0000000000
137442  -42.264  37.674  24.467 0.0000000000
137931  -30.159  38.844  30.762 0.0000000000
137954  -32.604  38.111  28.049 0.0000000000
138508  -30.839  39.084  29.764 0.0000000000
150224  -42.149  31.235  21.211 0.0000000000
150227  -42.773  34.052  20.679 0.0000000000
150232  -42.127  33.851  21.635 0.0000000000
150234  -42.568  34.179  20.125 0.0000000000
150236  -42.515  32.907  20.830 0.0000000000
150243  -42.692  33.764  20.749 0.0000000000
150245  -42.692  33.599  20.904 0.0000000000
