#!ascii label  , from subject 4108 vox2ras=TkReg
1184
63328  -37.644  -37.484  39.161 0.0000000000
58756  -16.023  -41.319  40.120 0.0000000000
59942  -27.935  -42.077  37.871 0.0000000000
90948  -38.230  -14.590  26.664 0.0000000000
97239  -41.946  -9.309  23.273 0.0000000000
55272  -7.680  -44.085  48.693 0.0000000000
87407  -34.945  -18.034  28.849 0.0000000000
68128  -37.225  -33.373  37.850 0.0000000000
58780  -34.166  -42.596  38.593 0.0000000000
57574  -12.097  -42.286  44.358 0.0000000000
51883  -13.227  -47.715  47.429 0.0000000000
62249  -34.258  -38.239  36.745 0.0000000000
66970  -33.314  -35.075  36.648 0.0000000000
61013  -21.643  -38.754  39.059 0.0000000000
61034  -30.133  -39.020  37.682 0.0000000000
75473  -32.326  -27.157  28.597 0.0000000000
81540  -36.117  -22.607  27.987 0.0000000000
83896  -40.065  -20.427  26.491 0.0000000000
46153  -4.761  -52.493  51.699 0.0000000000
42770  -2.761  -55.462  55.032 0.0000000000
68134  -29.724  -33.480  37.501 0.0000000000
71816  -27.881  -30.514  34.773 0.0000000000
73081  -29.336  -29.799  30.953 0.0000000000
49455  -8.526  -50.187  49.636 0.0000000000
55388  -16.591  -44.395  42.401 0.0000000000
58705  -18.709  -41.576  42.248 0.0000000000
59934  -36.237  -40.581  38.772 0.0000000000
62099  -14.576  -38.216  43.214 0.0000000000
58722  -14.110  -42.035  42.488 0.0000000000
55347  -14.359  -44.606  43.894 0.0000000000
62177  -34.005  -38.282  39.426 0.0000000000
61062  -32.556  -38.998  37.520 0.0000000000
80302  -31.296  -23.363  29.423 0.0000000000
79128  -34.120  -24.542  28.514 0.0000000000
82698  -32.983  -21.344  29.208 0.0000000000
86247  -36.819  -18.418  26.895 0.0000000000
87455  -38.298  -17.460  25.703 0.0000000000
86253  -42.038  -18.490  26.184 0.0000000000
88620  -40.254  -16.046  24.676 0.0000000000
90969  -41.376  -14.407  24.214 0.0000000000
68109  -32.122  -34.245  39.382 0.0000000000
68136  -31.126  -34.790  37.007 0.0000000000
68106  -28.726  -34.014  39.711 0.0000000000
72979  -25.985  -29.636  37.278 0.0000000000
75348  -26.397  -27.370  35.710 0.0000000000
73046  -28.339  -29.443  33.613 0.0000000000
76606  -27.676  -26.640  32.945 0.0000000000
75434  -29.078  -27.487  30.993 0.0000000000
61017  -24.808  -41.296  37.999 0.0000000000
50649  -5.849  -48.663  49.986 0.0000000000
50683  -7.054  -47.537  48.623 0.0000000000
40321  -3.558  -57.667  55.646 0.0000000000
37785  -2.844  -59.291  57.272 0.0000000000
84959  -33.407  -19.090  30.328 0.0000000000
70615  -34.886  -32.092  38.996 0.0000000000
58792  -31.156  -42.286  38.389 0.0000000000
56449  -9.272  -43.392  46.174 0.0000000000
53031  -9.374  -46.335  46.599 0.0000000000
54175  -12.302  -46.211  45.584 0.0000000000
98371  -42.804  -8.205  22.527 0.0000000000
62231  -36.650  -38.478  37.137 0.0000000000
64574  -36.360  -36.580  36.055 0.0000000000
64572  -34.198  -36.602  36.415 0.0000000000
63275  -16.143  -37.248  40.450 0.0000000000
62168  -18.373  -38.942  39.315 0.0000000000
65748  -19.105  -35.818  38.597 0.0000000000
63345  -23.077  -36.213  38.037 0.0000000000
62223  -25.906  -38.185  36.578 0.0000000000
63324  -27.738  -36.487  38.686 0.0000000000
62245  -28.899  -38.969  36.202 0.0000000000
59959  -32.231  -40.720  36.772 0.0000000000
59961  -34.813  -40.878  36.664 0.0000000000
73098  -34.642  -29.851  30.075 0.0000000000
83866  -34.890  -20.324  27.977 0.0000000000
82734  -37.672  -21.465  27.035 0.0000000000
92252  -42.400  -13.022  24.015 0.0000000000
45071  -3.380  -53.700  53.356 0.0000000000
41566  -5.001  -56.071  54.715 0.0000000000
68158  -34.822  -34.110  35.118 0.0000000000
69419  -33.352  -32.726  36.332 0.0000000000
70629  -31.756  -31.732  38.024 0.0000000000
69375  -26.440  -31.917  38.993 0.0000000000
70646  -28.172  -31.884  35.875 0.0000000000
72959  -31.080  -30.059  37.042 0.0000000000
73006  -31.234  -30.057  35.538 0.0000000000
73049  -31.511  -30.835  33.567 0.0000000000
70727  -32.814  -31.552  31.353 0.0000000000
73117  -31.387  -29.340  29.477 0.0000000000
76643  -30.060  -26.116  29.869 0.0000000000
59872  -20.908  -40.467  42.263 0.0000000000
50619  -3.882  -47.879  52.218 0.0000000000
48293  -6.510  -50.936  50.445 0.0000000000
50669  -10.437  -49.287  48.775 0.0000000000
36643  -1.658  -60.120  58.287 0.0000000000
57637  -15.840  -42.970  40.782 0.0000000000
57616  -18.119  -42.923  42.029 0.0000000000
58741  -17.728  -41.850  40.448 0.0000000000
61025  -36.939  -39.239  39.697 0.0000000000
60964  -15.266  -39.572  41.149 0.0000000000
59846  -14.206  -40.181  42.861 0.0000000000
57636  -14.856  -42.605  41.396 0.0000000000
56541  -14.560  -43.948  41.392 0.0000000000
81510  -30.696  -22.357  30.717 0.0000000000
81522  -31.612  -22.409  29.522 0.0000000000
82683  -31.679  -21.199  30.644 0.0000000000
89728  -37.560  -15.535  27.486 0.0000000000
88592  -37.423  -17.110  26.549 0.0000000000
89747  -38.179  -15.630  25.960 0.0000000000
88606  -38.726  -16.254  25.118 0.0000000000
89748  -38.558  -15.341  25.427 0.0000000000
90967  -39.510  -14.709  24.666 0.0000000000
68088  -30.726  -33.933  40.520 0.0000000000
75334  -26.590  -27.239  36.855 0.0000000000
76565  -27.136  -26.523  34.148 0.0000000000
77821  -28.220  -25.253  34.434 0.0000000000
76588  -29.070  -25.782  33.302 0.0000000000
61033  -26.121  -41.203  37.194 0.0000000000
59931  -25.813  -42.004  39.304 0.0000000000
58788  -27.342  -42.423  39.435 0.0000000000
52997  -6.123  -46.049  49.766 0.0000000000
53013  -7.016  -45.588  48.241 0.0000000000
94815  -42.682  -10.507  22.732 0.0000000000
39022  -3.279  -58.783  56.548 0.0000000000
68113  -39.070  -33.654  39.286 0.0000000000
69383  -36.624  -32.950  37.970 0.0000000000
58779  -32.962  -43.011  38.571 0.0000000000
57664  -33.935  -43.262  39.454 0.0000000000
58674  -12.870  -40.939  44.748 0.0000000000
57551  -12.319  -41.124  46.347 0.0000000000
56414  -11.223  -42.121  47.595 0.0000000000
56451  -10.465  -42.966  45.336 0.0000000000
55317  -9.992  -44.246  45.252 0.0000000000
55344  -11.726  -43.819  44.159 0.0000000000
54195  -15.840  -45.819  45.029 0.0000000000
54177  -14.411  -46.146  45.732 0.0000000000
61092  -35.515  -38.943  36.553 0.0000000000
63375  -34.878  -37.455  36.253 0.0000000000
63374  -34.323  -37.302  37.098 0.0000000000
65688  -17.118  -34.684  40.853 0.0000000000
64506  -17.384  -35.801  39.335 0.0000000000
65707  -19.231  -34.595  40.588 0.0000000000
64530  -22.385  -34.816  38.650 0.0000000000
63320  -23.906  -35.380  39.223 0.0000000000
62197  -24.256  -37.962  37.246 0.0000000000
63347  -25.642  -36.348  37.700 0.0000000000
62176  -29.584  -37.940  38.874 0.0000000000
62199  -28.874  -37.780  37.662 0.0000000000
62225  -28.223  -38.269  36.641 0.0000000000
62246  -29.498  -38.860  36.612 0.0000000000
59979  -30.563  -40.322  36.494 0.0000000000
61086  -30.690  -39.669  36.648 0.0000000000
62248  -33.405  -38.675  36.694 0.0000000000
61089  -33.263  -39.230  36.246 0.0000000000
59984  -34.704  -39.564  36.473 0.0000000000
61039  -35.782  -39.825  37.342 0.0000000000
74272  -33.279  -28.913  29.163 0.0000000000
74257  -35.134  -28.899  30.186 0.0000000000
75461  -34.457  -27.513  29.572 0.0000000000
79129  -35.117  -24.548  28.383 0.0000000000
77904  -36.200  -25.508  28.696 0.0000000000
86182  -34.518  -18.572  29.998 0.0000000000
84982  -33.585  -19.371  29.310 0.0000000000
86215  -34.622  -18.702  28.487 0.0000000000
85022  -37.651  -19.371  26.465 0.0000000000
83879  -36.997  -20.510  27.059 0.0000000000
82748  -38.964  -20.968  26.301 0.0000000000
81563  -39.666  -22.638  27.318 0.0000000000
90979  -42.134  -13.732  23.942 0.0000000000
94784  -41.146  -11.995  24.721 0.0000000000
94785  -41.625  -11.365  24.402 0.0000000000
48261  -3.350  -50.528  52.928 0.0000000000
47157  -3.016  -51.728  53.345 0.0000000000
46152  -3.864  -52.673  52.482 0.0000000000
42787  -5.347  -55.570  54.198 0.0000000000
41540  -5.850  -56.944  56.411 0.0000000000
65798  -34.450  -35.768  35.173 0.0000000000
66991  -36.040  -35.203  35.787 0.0000000000
66981  -33.654  -34.671  35.658 0.0000000000
68135  -30.409  -34.008  37.000 0.0000000000
66979  -31.884  -33.848  36.076 0.0000000000
69416  -30.640  -33.123  36.568 0.0000000000
69398  -31.945  -32.262  37.537 0.0000000000
69397  -30.901  -32.394  37.017 0.0000000000
71739  -26.740  -30.493  39.764 0.0000000000
71790  -26.546  -30.602  35.754 0.0000000000
70660  -26.611  -31.313  36.225 0.0000000000
70662  -27.972  -31.202  35.362 0.0000000000
71777  -29.832  -31.112  36.029 0.0000000000
72981  -29.541  -30.792  35.522 0.0000000000
74170  -31.194  -29.893  36.169 0.0000000000
73004  -29.551  -30.431  35.145 0.0000000000
73068  -29.314  -29.851  32.318 0.0000000000
73048  -30.370  -30.370  33.290 0.0000000000
71845  -30.954  -31.078  32.532 0.0000000000
71847  -32.759  -31.461  32.946 0.0000000000
71884  -31.642  -31.121  31.083 0.0000000000
71906  -32.152  -30.597  30.395 0.0000000000
73094  -30.479  -29.903  30.038 0.0000000000
75435  -30.106  -26.676  31.696 0.0000000000
75444  -29.954  -27.006  30.467 0.0000000000
76632  -30.269  -26.134  31.220 0.0000000000
63294  -19.801  -38.098  39.326 0.0000000000
62132  -19.853  -39.554  40.532 0.0000000000
60969  -21.107  -39.740  40.710 0.0000000000
50650  -6.593  -49.207  49.603 0.0000000000
49452  -5.596  -49.441  50.340 0.0000000000
48309  -7.202  -50.527  50.102 0.0000000000
51881  -10.875  -47.625  47.079 0.0000000000
51864  -10.405  -48.109  47.601 0.0000000000
50688  -11.785  -48.835  48.521 0.0000000000
55322  -17.314  -45.206  44.743 0.0000000000
56472  -18.272  -43.489  44.084 0.0000000000
57577  -18.601  -42.628  43.800 0.0000000000
59825  -19.158  -41.061  43.794 0.0000000000
59933  -35.689  -41.198  38.561 0.0000000000
57666  -36.042  -42.329  39.673 0.0000000000
60916  -14.072  -39.091  44.516 0.0000000000
59823  -13.549  -40.395  43.815 0.0000000000
58702  -13.172  -41.968  43.436 0.0000000000
56470  -12.887  -43.599  43.638 0.0000000000
56496  -13.931  -43.550  43.110 0.0000000000
55348  -15.263  -45.198  43.616 0.0000000000
62230  -34.152  -37.919  37.857 0.0000000000
63367  -34.425  -37.195  38.088 0.0000000000
61019  -30.999  -39.217  39.204 0.0000000000
61061  -31.635  -39.332  37.396 0.0000000000
61063  -32.902  -38.815  38.124 0.0000000000
77899  -31.765  -25.368  28.595 0.0000000000
76661  -33.301  -26.570  28.649 0.0000000000
79114  -32.498  -23.926  28.722 0.0000000000
80304  -33.180  -23.313  28.681 0.0000000000
81538  -34.068  -22.380  28.540 0.0000000000
86233  -35.464  -18.440  27.748 0.0000000000
88583  -36.414  -17.328  27.435 0.0000000000
86248  -37.371  -18.398  26.431 0.0000000000
86250  -39.106  -18.708  25.885 0.0000000000
85025  -40.511  -19.481  26.325 0.0000000000
86265  -39.574  -18.054  25.568 0.0000000000
87470  -40.917  -17.298  25.433 0.0000000000
88622  -41.649  -16.202  24.957 0.0000000000
89761  -40.808  -15.349  24.552 0.0000000000
92239  -39.976  -14.173  24.671 0.0000000000
46154  -5.936  -52.929  51.595 0.0000000000
45082  -5.430  -53.426  52.083 0.0000000000
45075  -7.323  -53.912  53.050 0.0000000000
68126  -32.438  -34.628  38.266 0.0000000000
65770  -32.551  -34.725  36.922 0.0000000000
68125  -31.275  -34.383  38.109 0.0000000000
68124  -30.276  -33.778  38.313 0.0000000000
68123  -29.132  -33.650  38.397 0.0000000000
74128  -26.473  -28.862  38.669 0.0000000000
75329  -26.609  -28.055  37.679 0.0000000000
74180  -26.190  -28.610  35.902 0.0000000000
73017  -27.264  -29.634  34.617 0.0000000000
73045  -27.595  -29.400  33.951 0.0000000000
74192  -27.022  -28.530  34.098 0.0000000000
74232  -27.616  -28.131  32.765 0.0000000000
74244  -27.966  -28.577  31.813 0.0000000000
74253  -29.254  -28.728  30.300 0.0000000000
75421  -28.489  -26.927  31.815 0.0000000000
60993  -23.342  -40.576  38.649 0.0000000000
59894  -22.631  -41.507  40.655 0.0000000000
59916  -24.800  -42.224  40.050 0.0000000000
51846  -6.021  -47.189  49.649 0.0000000000
49466  -7.883  -49.375  49.228 0.0000000000
42777  -2.968  -56.249  54.955 0.0000000000
43929  -2.304  -55.334  56.260 0.0000000000
41539  -2.391  -56.819  56.093 0.0000000000
40294  -1.975  -57.626  57.324 0.0000000000
40281  -1.559  -57.519  58.048 0.0000000000
70599  -33.842  -31.363  39.018 0.0000000000
58804  -29.479  -42.123  37.746 0.0000000000
58776  -30.010  -42.408  39.443 0.0000000000
56397  -10.654  -43.186  48.212 0.0000000000
55298  -8.361  -43.489  46.938 0.0000000000
54159  -7.966  -45.047  47.218 0.0000000000
54172  -9.397  -45.364  46.123 0.0000000000
53052  -10.835  -46.363  46.198 0.0000000000
51897  -12.682  -47.523  46.641 0.0000000000
54193  -13.647  -45.613  44.944 0.0000000000
54176  -13.380  -46.349  45.556 0.0000000000
51884  -14.201  -47.427  48.009 0.0000000000
98370  -42.519  -8.627  22.600 0.0000000000
62232  -36.969  -38.197  37.785 0.0000000000
64555  -37.438  -36.719  37.841 0.0000000000
63368  -36.698  -37.922  36.831 0.0000000000
63383  -35.359  -37.039  35.886 0.0000000000
65785  -33.941  -35.782  37.059 0.0000000000
64566  -34.344  -36.509  37.485 0.0000000000
66959  -34.171  -35.143  37.976 0.0000000000
66958  -33.460  -34.949  37.693 0.0000000000
68110  -33.264  -34.097  39.104 0.0000000000
60965  -15.700  -39.106  40.462 0.0000000000
60988  -17.427  -39.829  39.623 0.0000000000
63315  -16.949  -37.567  39.004 0.0000000000
64527  -19.059  -36.773  38.402 0.0000000000
63342  -20.211  -37.002  38.295 0.0000000000
65728  -20.154  -34.511  39.731 0.0000000000
64551  -21.179  -36.000  37.943 0.0000000000
62194  -21.478  -37.724  37.960 0.0000000000
61030  -23.728  -38.740  37.472 0.0000000000
61031  -24.505  -39.311  37.223 0.0000000000
61056  -26.841  -40.391  36.606 0.0000000000
63323  -26.594  -36.171  38.885 0.0000000000
63348  -26.703  -36.671  37.662 0.0000000000
62224  -27.024  -38.722  36.409 0.0000000000
61058  -28.563  -40.630  36.894 0.0000000000
59956  -29.604  -41.298  37.112 0.0000000000
58806  -31.305  -41.726  37.467 0.0000000000
58794  -33.178  -42.144  37.846 0.0000000000
59981  -32.229  -40.035  36.410 0.0000000000
59960  -32.869  -40.621  36.421 0.0000000000
59943  -34.871  -41.307  37.303 0.0000000000
59944  -35.470  -40.681  37.701 0.0000000000
61040  -36.467  -39.359  37.783 0.0000000000
62114  -14.624  -37.948  41.811 0.0000000000
77886  -35.004  -26.143  28.870 0.0000000000
84981  -33.003  -19.915  29.590 0.0000000000
82716  -33.580  -21.010  28.790 0.0000000000
82718  -35.543  -21.499  27.875 0.0000000000
85005  -35.806  -19.201  27.583 0.0000000000
82732  -35.863  -20.998  27.639 0.0000000000
81560  -36.675  -22.228  27.784 0.0000000000
80334  -38.774  -23.118  27.402 0.0000000000
93536  -42.857  -12.189  23.629 0.0000000000
94794  -41.919  -10.743  23.892 0.0000000000
97238  -41.588  -9.471  23.990 0.0000000000
47141  -2.744  -52.092  55.078 0.0000000000
45065  -2.972  -53.783  54.134 0.0000000000
43955  -4.477  -54.342  53.108 0.0000000000
43945  -3.674  -54.733  53.632 0.0000000000
42778  -3.421  -55.789  54.375 0.0000000000
41551  -3.732  -56.821  54.980 0.0000000000
65787  -37.137  -35.643  36.958 0.0000000000
66972  -36.802  -34.876  37.013 0.0000000000
68137  -35.884  -33.593  37.023 0.0000000000
66980  -32.717  -34.052  36.015 0.0000000000
68147  -34.599  -33.537  35.593 0.0000000000
69401  -35.413  -33.045  37.066 0.0000000000
69400  -34.265  -32.265  37.448 0.0000000000
70613  -33.366  -31.718  38.134 0.0000000000
71754  -32.278  -30.772  38.550 0.0000000000
68105  -27.612  -33.713  40.016 0.0000000000
69378  -28.216  -33.453  37.956 0.0000000000
71763  -26.065  -30.740  37.786 0.0000000000
69393  -26.848  -32.572  37.745 0.0000000000
69395  -28.849  -33.175  37.030 0.0000000000
70626  -29.585  -32.310  36.490 0.0000000000
71766  -31.010  -30.959  37.779 0.0000000000
73020  -30.297  -30.314  34.464 0.0000000000
73021  -31.308  -30.388  34.582 0.0000000000
71908  -34.162  -30.858  30.176 0.0000000000
73119  -32.989  -29.678  29.310 0.0000000000
75458  -31.600  -27.835  28.766 0.0000000000
74268  -29.680  -28.540  29.765 0.0000000000
75457  -30.337  -27.451  29.171 0.0000000000
76659  -31.076  -26.076  28.657 0.0000000000
77884  -30.355  -25.077  29.662 0.0000000000
80291  -30.313  -23.591  30.708 0.0000000000
59891  -18.415  -40.668  40.586 0.0000000000
59870  -19.464  -40.603  42.015 0.0000000000
59874  -22.984  -41.272  42.087 0.0000000000
48276  -4.100  -50.542  52.126 0.0000000000
51816  -4.832  -48.110  51.132 0.0000000000
49441  -4.989  -49.690  50.878 0.0000000000
47174  -5.168  -51.462  51.074 0.0000000000
47176  -7.109  -52.023  51.045 0.0000000000
51862  -8.255  -47.144  47.606 0.0000000000
50685  -8.752  -48.332  48.000 0.0000000000
49468  -10.052  -49.859  49.250 0.0000000000
37772  -3.636  -60.198  58.669 0.0000000000
36651  -2.022  -59.660  58.170 0.0000000000
38985  -1.074  -58.263  58.536 0.0000000000
58740  -16.469  -42.094  40.434 0.0000000000
58757  -16.751  -41.273  40.099 0.0000000000
62180  -37.169  -38.634  39.389 0.0000000000
59868  -14.933  -40.398  41.552 0.0000000000
58739  -15.293  -41.623  40.802 0.0000000000
82682  -31.228  -21.537  31.141 0.0000000000
82696  -31.253  -21.851  30.242 0.0000000000
83833  -31.719  -20.951  31.069 0.0000000000
90947  -37.892  -15.059  27.121 0.0000000000
89737  -37.893  -15.436  26.584 0.0000000000
89738  -38.221  -15.095  26.067 0.0000000000
90959  -38.623  -14.593  25.911 0.0000000000
77802  -27.720  -25.519  34.836 0.0000000000
59953  -26.661  -41.439  37.450 0.0000000000
59941  -26.957  -42.047  38.497 0.0000000000
58789  -28.185  -42.352  38.847 0.0000000000
55271  -7.415  -44.320  49.187 0.0000000000
54145  -7.008  -44.805  48.877 0.0000000000
54146  -7.297  -44.796  47.911 0.0000000000
96048  -42.416  -10.032  22.966 0.0000000000
94816  -43.068  -10.875  22.530 0.0000000000
96049  -42.767  -10.035  22.290 0.0000000000
69384  -37.457  -33.189  38.199 0.0000000000
69364  -37.960  -32.794  38.856 0.0000000000
58673  -12.395  -41.526  44.597 0.0000000000
57564  -12.483  -41.131  45.303 0.0000000000
57563  -11.807  -41.591  45.149 0.0000000000
57562  -11.074  -42.129  45.171 0.0000000000
56468  -11.221  -42.886  44.332 0.0000000000
55318  -10.988  -44.200  44.598 0.0000000000
61091  -34.859  -38.956  36.526 0.0000000000
62250  -35.281  -38.338  36.358 0.0000000000
65689  -18.208  -34.191  41.249 0.0000000000
63296  -24.405  -35.542  40.070 0.0000000000
63321  -24.342  -35.347  38.908 0.0000000000
63346  -24.351  -36.602  37.776 0.0000000000
63322  -25.531  -35.660  38.904 0.0000000000
61018  -30.171  -38.836  38.690 0.0000000000
62200  -29.671  -38.421  38.005 0.0000000000
62227  -29.562  -38.566  37.211 0.0000000000
61059  -30.075  -39.143  36.927 0.0000000000
61090  -34.086  -39.102  36.384 0.0000000000
75459  -32.653  -27.938  28.808 0.0000000000
74273  -34.037  -28.232  29.491 0.0000000000
75460  -33.611  -27.551  28.983 0.0000000000
80317  -35.621  -23.599  28.252 0.0000000000
79130  -36.412  -24.782  28.533 0.0000000000
80318  -36.760  -23.630  28.146 0.0000000000
86200  -35.080  -17.963  29.481 0.0000000000
86199  -34.371  -18.652  29.459 0.0000000000
83895  -38.925  -20.332  26.287 0.0000000000
83894  -38.273  -19.902  26.390 0.0000000000
82736  -40.102  -21.466  26.957 0.0000000000
47165  -3.929  -51.563  52.323 0.0000000000
65791  -33.630  -35.141  36.116 0.0000000000
66982  -34.113  -35.248  35.385 0.0000000000
68143  -31.028  -33.528  36.289 0.0000000000
69396  -30.000  -32.990  36.720 0.0000000000
71791  -27.388  -30.559  35.088 0.0000000000
71792  -28.228  -30.760  35.031 0.0000000000
71776  -28.893  -31.127  35.544 0.0000000000
73003  -28.932  -30.642  35.230 0.0000000000
73018  -28.306  -30.199  34.534 0.0000000000
73080  -28.571  -29.334  31.690 0.0000000000
73069  -30.139  -30.467  31.912 0.0000000000
71864  -30.881  -30.950  31.494 0.0000000000
73082  -30.271  -30.453  30.969 0.0000000000
71883  -30.880  -30.582  30.713 0.0000000000
62150  -20.863  -38.479  39.854 0.0000000000
60990  -20.775  -39.162  40.161 0.0000000000
60991  -21.448  -39.164  39.737 0.0000000000
49454  -7.367  -49.714  49.596 0.0000000000
48310  -8.115  -50.719  50.118 0.0000000000
48311  -9.237  -51.015  50.214 0.0000000000
51882  -11.984  -47.997  46.905 0.0000000000
51865  -11.445  -48.387  47.731 0.0000000000
51866  -12.607  -48.335  48.451 0.0000000000
45059  -2.772  -53.619  55.164 0.0000000000
45051  -2.866  -53.363  56.054 0.0000000000
68130  -38.457  -34.331  38.701 0.0000000000
55371  -17.131  -44.826  43.447 0.0000000000
55350  -17.955  -44.504  44.146 0.0000000000
55372  -17.703  -44.055  43.374 0.0000000000
57617  -18.458  -42.213  41.909 0.0000000000
57595  -18.099  -42.999  42.999 0.0000000000
58689  -18.905  -41.685  43.277 0.0000000000
59847  -18.865  -40.839  42.720 0.0000000000
58782  -36.501  -41.577  39.201 0.0000000000
63240  -13.672  -37.323  43.457 0.0000000000
62084  -14.116  -38.038  43.842 0.0000000000
58704  -13.949  -40.939  42.796 0.0000000000
58703  -13.645  -41.484  43.188 0.0000000000
57594  -13.457  -42.497  43.194 0.0000000000
57614  -13.878  -42.616  42.655 0.0000000000
55387  -15.597  -44.612  42.209 0.0000000000
55369  -14.797  -44.580  42.782 0.0000000000
55370  -16.030  -45.244  43.048 0.0000000000
54225  -16.672  -45.325  43.787 0.0000000000
62201  -33.851  -38.220  38.838 0.0000000000
62202  -34.297  -37.704  38.710 0.0000000000
61022  -33.694  -38.588  39.710 0.0000000000
61038  -33.153  -38.662  38.757 0.0000000000
62229  -33.373  -38.491  37.674 0.0000000000
79125  -31.557  -24.706  28.923 0.0000000000
79126  -32.240  -24.642  28.625 0.0000000000
79113  -31.788  -24.041  29.019 0.0000000000
81523  -32.539  -22.308  29.174 0.0000000000
81524  -33.361  -22.318  28.832 0.0000000000
80305  -33.730  -22.875  28.598 0.0000000000
82699  -33.654  -21.690  28.743 0.0000000000
88567  -36.157  -17.094  27.777 0.0000000000
88568  -36.464  -16.346  28.006 0.0000000000
87454  -37.675  -17.587  26.204 0.0000000000
86249  -38.170  -18.441  25.978 0.0000000000
86264  -38.801  -18.032  25.582 0.0000000000
88619  -39.439  -16.004  24.604 0.0000000000
88607  -39.662  -16.663  24.837 0.0000000000
88608  -40.557  -16.682  25.048 0.0000000000
89760  -39.890  -15.417  24.284 0.0000000000
92219  -39.305  -13.232  25.918 0.0000000000
92231  -39.617  -13.685  25.256 0.0000000000
68107  -29.940  -33.864  39.503 0.0000000000
75347  -26.308  -27.971  36.513 0.0000000000
74181  -26.728  -28.511  35.055 0.0000000000
76586  -27.456  -26.265  33.527 0.0000000000
75398  -27.326  -27.412  33.452 0.0000000000
75420  -27.677  -27.353  32.273 0.0000000000
74243  -27.631  -28.118  32.162 0.0000000000
75433  -28.170  -27.809  31.562 0.0000000000
76607  -28.266  -26.435  32.570 0.0000000000
76608  -28.985  -26.503  32.478 0.0000000000
61016  -24.084  -40.895  38.272 0.0000000000
60994  -23.524  -40.925  38.955 0.0000000000
59929  -24.205  -41.479  38.763 0.0000000000
59932  -26.553  -42.222  39.840 0.0000000000
59917  -25.684  -42.322  40.518 0.0000000000
51847  -6.545  -46.984  48.977 0.0000000000
50666  -6.879  -48.480  49.109 0.0000000000
50684  -7.636  -47.928  48.217 0.0000000000
41550  -2.854  -56.949  55.341 0.0000000000
40320  -2.820  -57.533  55.856 0.0000000000
39011  -3.267  -59.236  57.033 0.0000000000
39021  -2.825  -58.378  56.493 0.0000000000
39010  -2.545  -58.674  56.994 0.0000000000
38999  -1.815  -58.447  57.639 0.0000000000
69362  -35.737  -32.217  39.065 0.0000000000
70601  -35.505  -31.975  39.433 0.0000000000
70600  -34.714  -31.578  39.287 0.0000000000
58805  -30.411  -41.948  37.583 0.0000000000
58791  -30.234  -42.334  38.570 0.0000000000
58777  -30.924  -42.388  39.324 0.0000000000
56433  -10.159  -42.335  46.567 0.0000000000
56413  -10.599  -42.952  47.394 0.0000000000
56432  -9.751  -42.975  46.733 0.0000000000
56412  -9.881  -43.052  47.517 0.0000000000
56431  -9.078  -43.110  46.821 0.0000000000
55299  -8.797  -44.171  46.168 0.0000000000
55316  -9.360  -43.921  45.705 0.0000000000
54190  -10.763  -45.098  45.136 0.0000000000
54173  -10.204  -45.461  45.658 0.0000000000
54174  -11.284  -45.861  45.678 0.0000000000
53053  -11.888  -46.904  46.233 0.0000000000
55346  -13.363  -44.298  44.015 0.0000000000
55320  -12.993  -44.903  44.413 0.0000000000
55321  -13.809  -44.966  44.436 0.0000000000
53056  -15.159  -46.545  46.696 0.0000000000
53055  -14.114  -46.702  46.538 0.0000000000
64573  -34.742  -36.821  35.845 0.0000000000
64581  -34.326  -36.350  35.609 0.0000000000
64554  -34.547  -36.464  38.456 0.0000000000
66944  -34.291  -34.818  39.012 0.0000000000
66943  -33.718  -34.634  38.565 0.0000000000
62146  -15.884  -38.190  39.905 0.0000000000
63292  -16.682  -37.147  39.793 0.0000000000
65726  -18.246  -35.511  38.830 0.0000000000
64526  -17.992  -36.684  38.434 0.0000000000
65747  -18.630  -36.186  38.541 0.0000000000
63318  -19.826  -37.478  38.656 0.0000000000
64528  -19.721  -36.412  38.316 0.0000000000
64553  -22.704  -35.557  38.466 0.0000000000
64529  -21.597  -35.211  38.272 0.0000000000
64552  -22.116  -35.822  38.234 0.0000000000
63344  -21.796  -36.765  37.674 0.0000000000
62195  -22.230  -37.700  37.640 0.0000000000
62173  -22.439  -38.688  38.054 0.0000000000
62196  -23.198  -37.962  37.420 0.0000000000
62222  -25.103  -38.066  36.971 0.0000000000
61054  -25.331  -38.710  36.921 0.0000000000
61055  -25.773  -39.355  36.721 0.0000000000
62174  -28.311  -36.316  39.932 0.0000000000
62152  -27.725  -37.202  40.844 0.0000000000
63299  -27.368  -36.244  39.922 0.0000000000
63298  -26.394  -36.594  40.515 0.0000000000
63349  -27.656  -37.095  37.454 0.0000000000
62244  -27.989  -39.214  36.191 0.0000000000
61083  -27.702  -39.938  36.503 0.0000000000
61084  -28.693  -39.944  36.652 0.0000000000
59977  -29.004  -40.733  36.874 0.0000000000
59978  -29.676  -40.497  36.665 0.0000000000
59958  -31.384  -40.846  36.965 0.0000000000
58807  -32.206  -41.577  37.272 0.0000000000
61087  -31.511  -39.627  36.714 0.0000000000
61088  -32.365  -39.316  36.587 0.0000000000
59983  -34.147  -40.107  36.237 0.0000000000
59982  -33.070  -40.013  36.216 0.0000000000
58818  -34.297  -40.954  36.193 0.0000000000
58809  -34.246  -41.318  36.732 0.0000000000
58796  -35.081  -41.325  38.067 0.0000000000
61065  -36.026  -39.176  36.948 0.0000000000
62203  -36.867  -38.746  38.347 0.0000000000
64457  -15.827  -35.499  41.639 0.0000000000
63251  -14.849  -36.623  42.197 0.0000000000
63262  -15.487  -36.923  41.299 0.0000000000
62129  -15.385  -38.003  40.809 0.0000000000
71909  -35.108  -30.657  30.425 0.0000000000
75446  -35.609  -27.827  30.138 0.0000000000
74258  -36.237  -28.857  30.443 0.0000000000
77901  -33.696  -25.416  28.538 0.0000000000
76662  -34.182  -26.076  28.686 0.0000000000
77902  -34.623  -25.372  28.544 0.0000000000
84936  -32.688  -19.342  30.927 0.0000000000
84958  -32.771  -19.624  30.095 0.0000000000
84993  -34.192  -19.470  28.435 0.0000000000
83865  -33.824  -20.294  28.512 0.0000000000
82717  -34.343  -21.388  28.352 0.0000000000
86234  -36.211  -18.480  27.364 0.0000000000
82733  -36.526  -21.422  27.507 0.0000000000
81561  -37.448  -22.391  27.497 0.0000000000
80333  -38.108  -22.872  27.374 0.0000000000
81562  -38.396  -22.374  27.119 0.0000000000
81543  -40.421  -22.984  27.616 0.0000000000
86252  -40.982  -18.675  26.060 0.0000000000
92251  -42.039  -13.317  24.048 0.0000000000
90980  -42.932  -13.782  23.949 0.0000000000
92253  -43.446  -13.163  23.778 0.0000000000
94786  -42.271  -11.707  23.893 0.0000000000
96030  -41.659  -10.329  24.274 0.0000000000
96031  -42.017  -10.149  23.620 0.0000000000
47156  -2.940  -52.462  53.588 0.0000000000
47150  -2.616  -51.290  54.740 0.0000000000
46143  -2.976  -52.989  53.815 0.0000000000
46136  -2.849  -52.875  54.677 0.0000000000
45074  -6.023  -54.059  52.647 0.0000000000
45073  -4.971  -53.943  52.568 0.0000000000
43956  -5.444  -54.568  53.099 0.0000000000
43946  -4.852  -55.079  53.533 0.0000000000
42786  -4.392  -55.652  54.079 0.0000000000
41565  -4.228  -56.272  54.569 0.0000000000
41552  -4.741  -56.756  55.109 0.0000000000
40310  -5.299  -57.757  56.392 0.0000000000
63377  -36.844  -36.916  36.557 0.0000000000
64567  -37.293  -36.477  37.109 0.0000000000
64575  -36.857  -36.186  36.496 0.0000000000
68159  -35.343  -34.483  35.407 0.0000000000
66984  -36.368  -35.053  36.273 0.0000000000
66983  -35.871  -34.661  35.884 0.0000000000
68149  -36.198  -34.479  36.556 0.0000000000
68148  -35.571  -33.839  36.150 0.0000000000
65782  -32.038  -35.045  36.883 0.0000000000
66969  -32.748  -34.592  36.559 0.0000000000
66968  -31.955  -34.604  36.588 0.0000000000
68145  -32.472  -33.179  35.588 0.0000000000
69420  -34.377  -33.029  36.307 0.0000000000
69380  -32.607  -32.000  37.877 0.0000000000
69379  -32.293  -32.024  37.963 0.0000000000
70612  -32.356  -31.639  38.216 0.0000000000
70611  -31.731  -31.273  38.221 0.0000000000
69361  -26.828  -32.080  39.593 0.0000000000
69340  -27.436  -32.219  40.215 0.0000000000
68121  -27.166  -33.139  39.307 0.0000000000
68122  -28.036  -33.586  38.934 0.0000000000
69376  -26.686  -32.624  38.722 0.0000000000
72958  -26.065  -29.625  38.297 0.0000000000
70645  -27.166  -31.988  36.430 0.0000000000
70625  -26.797  -32.082  37.156 0.0000000000
69413  -27.322  -32.433  37.062 0.0000000000
69394  -27.731  -32.979  37.392 0.0000000000
69414  -27.976  -32.556  36.616 0.0000000000
69415  -28.773  -32.424  36.295 0.0000000000
71778  -30.272  -30.888  36.563 0.0000000000
71764  -29.995  -31.418  36.637 0.0000000000
71765  -30.726  -30.772  37.294 0.0000000000
71753  -31.377  -30.631  38.024 0.0000000000
72941  -31.487  -29.977  37.594 0.0000000000
72983  -31.057  -30.034  35.861 0.0000000000
73019  -29.364  -30.056  34.414 0.0000000000
73047  -29.350  -29.781  33.463 0.0000000000
73022  -32.468  -30.431  34.391 0.0000000000
70712  -32.530  -31.589  31.747 0.0000000000
71848  -33.660  -31.563  33.189 0.0000000000
71867  -33.333  -31.746  32.006 0.0000000000
71887  -34.743  -31.677  31.157 0.0000000000
71886  -33.447  -31.471  30.853 0.0000000000
73095  -31.707  -30.020  29.872 0.0000000000
73096  -32.655  -30.133  29.707 0.0000000000
73118  -32.343  -29.498  29.376 0.0000000000
74271  -32.049  -28.712  29.069 0.0000000000
75443  -29.478  -27.844  29.856 0.0000000000
76658  -30.488  -26.431  29.065 0.0000000000
75471  -30.757  -26.736  28.782 0.0000000000
76644  -30.504  -25.752  29.157 0.0000000000
79102  -30.157  -24.243  31.219 0.0000000000
61011  -17.424  -39.084  39.449 0.0000000000
59910  -17.626  -40.468  40.022 0.0000000000
62147  -18.966  -39.672  39.812 0.0000000000
60949  -20.617  -40.135  41.467 0.0000000000
60948  -19.929  -40.047  41.339 0.0000000000
59871  -20.122  -40.477  42.248 0.0000000000
59849  -20.363  -40.629  43.208 0.0000000000
59850  -21.261  -40.709  43.180 0.0000000000
59895  -23.822  -41.861  41.027 0.0000000000
58762  -29.722  -42.896  40.107 0.0000000000
49430  -3.593  -49.735  52.569 0.0000000000
49431  -4.093  -49.398  51.818 0.0000000000
51832  -5.067  -48.034  50.574 0.0000000000
51817  -5.071  -47.295  51.394 0.0000000000
49442  -5.743  -50.166  50.365 0.0000000000
48292  -5.439  -50.797  50.647 0.0000000000
47175  -6.019  -51.698  50.821 0.0000000000
46162  -6.358  -52.415  51.239 0.0000000000
53030  -8.467  -46.124  47.076 0.0000000000
51879  -9.065  -46.960  47.122 0.0000000000
50686  -9.877  -48.614  48.099 0.0000000000
50668  -9.379  -49.128  48.635 0.0000000000
36644  -2.463  -60.695  58.556 0.0000000000
37777  -1.533  -59.082  58.009 0.0000000000
37771  -1.001  -59.116  58.177 0.0000000000
56543  -16.295  -43.895  41.482 0.0000000000
56521  -17.493  -43.739  42.388 0.0000000000
57638  -17.276  -43.189  41.074 0.0000000000
58724  -18.144  -42.480  41.260 0.0000000000
58725  -18.540  -41.756  41.276 0.0000000000
61024  -36.709  -39.518  39.004 0.0000000000
60944  -15.068  -39.203  42.218 0.0000000000
62113  -15.028  -38.387  42.829 0.0000000000
58723  -14.173  -41.449  41.987 0.0000000000
57615  -14.028  -42.607  41.855 0.0000000000
56542  -15.185  -43.640  41.208 0.0000000000
81521  -30.813  -22.671  29.877 0.0000000000
82697  -32.077  -21.373  29.916 0.0000000000
88584  -37.012  -16.724  27.192 0.0000000000
88585  -37.567  -15.996  26.835 0.0000000000
88593  -37.923  -16.481  26.112 0.0000000000
88594  -38.461  -16.886  25.485 0.0000000000
88605  -38.318  -15.916  25.628 0.0000000000
89759  -39.213  -15.462  24.575 0.0000000000
90960  -39.083  -14.635  25.328 0.0000000000
92230  -39.076  -14.178  25.734 0.0000000000
68108  -31.068  -33.796  39.396 0.0000000000
68087  -29.486  -33.860  40.783 0.0000000000
76540  -27.134  -26.141  35.141 0.0000000000
75371  -26.854  -27.384  34.577 0.0000000000
77820  -27.499  -25.694  34.167 0.0000000000
76587  -28.010  -25.948  33.181 0.0000000000
77841  -28.713  -25.207  33.902 0.0000000000
59939  -25.202  -41.414  37.973 0.0000000000
59930  -24.809  -41.698  38.696 0.0000000000
59940  -25.852  -41.552  38.064 0.0000000000
52998  -6.487  -45.815  48.857 0.0000000000
51861  -7.185  -46.720  48.256 0.0000000000
94796  -43.387  -11.702  22.894 0.0000000000
40309  -4.298  -58.613  56.454 0.0000000000
40308  -3.159  -58.197  56.129 0.0000000000
39023  -3.732  -59.092  56.818 0.0000000000
39012  -4.032  -59.508  57.439 0.0000000000
37786  -3.220  -59.616  57.538 0.0000000000
69363  -36.470  -32.203  39.228 0.0000000000
69382  -35.302  -32.342  38.436 0.0000000000
58793  -32.097  -42.254  38.124 0.0000000000
58778  -31.908  -42.718  39.164 0.0000000000
57663  -32.860  -43.357  39.448 0.0000000000
56556  -34.298  -43.845  40.688 0.0000000000
58675  -13.834  -40.911  44.919 0.0000000000
58663  -14.024  -41.103  46.028 0.0000000000
57552  -13.444  -40.842  47.000 0.0000000000
57539  -12.577  -40.835  47.843 0.0000000000
57538  -11.697  -41.394  47.216 0.0000000000
57549  -10.655  -42.021  45.913 0.0000000000
56450  -9.743  -43.248  45.903 0.0000000000
54191  -11.659  -45.289  45.042 0.0000000000
54212  -15.219  -45.400  44.315 0.0000000000
54194  -14.665  -45.543  44.868 0.0000000000
54178  -15.469  -45.974  45.898 0.0000000000
62251  -35.994  -38.609  36.476 0.0000000000
64472  -16.640  -35.530  40.916 0.0000000000
64487  -16.900  -36.267  40.223 0.0000000000
65705  -17.055  -35.319  40.333 0.0000000000
65706  -17.865  -34.831  39.955 0.0000000000
65727  -19.042  -34.914  39.296 0.0000000000
65751  -22.070  -34.299  39.555 0.0000000000
64507  -22.941  -34.616  39.765 0.0000000000
64531  -23.270  -35.202  38.920 0.0000000000
63363  -24.935  -37.103  37.100 0.0000000000
63364  -25.802  -37.211  36.967 0.0000000000
62154  -29.433  -37.579  39.810 0.0000000000
62175  -28.998  -36.805  38.990 0.0000000000
63325  -28.240  -37.177  38.119 0.0000000000
63350  -28.231  -37.368  37.585 0.0000000000
62226  -29.030  -38.412  36.752 0.0000000000
61085  -29.726  -39.578  36.606 0.0000000000
59980  -31.410  -40.181  36.398 0.0000000000
62247  -32.807  -38.794  36.676 0.0000000000
59962  -35.062  -40.117  36.823 0.0000000000
61064  -35.364  -39.470  36.702 0.0000000000
74255  -33.689  -29.289  29.462 0.0000000000
74256  -34.145  -29.022  29.728 0.0000000000
75445  -34.639  -28.125  30.032 0.0000000000
75462  -34.984  -27.547  29.958 0.0000000000
77903  -35.566  -25.437  28.570 0.0000000000
84960  -34.357  -18.892  30.415 0.0000000000
84983  -33.876  -18.901  29.877 0.0000000000
86198  -34.007  -19.012  29.234 0.0000000000
86214  -34.097  -19.008  28.949 0.0000000000
84994  -34.758  -19.297  27.947 0.0000000000
85021  -37.087  -18.902  26.659 0.0000000000
85006  -36.713  -19.387  27.055 0.0000000000
85007  -37.321  -19.946  26.798 0.0000000000
83880  -38.012  -20.497  26.611 0.0000000000
82735  -38.845  -21.503  26.609 0.0000000000
81564  -40.679  -22.251  27.493 0.0000000000
92240  -40.492  -13.671  24.474 0.0000000000
92241  -41.574  -13.216  24.192 0.0000000000
92242  -41.921  -12.690  24.181 0.0000000000
93529  -42.143  -12.206  24.163 0.0000000000
93528  -41.541  -12.345  24.395 0.0000000000
94773  -41.139  -11.057  25.023 0.0000000000
46144  -3.231  -52.874  53.107 0.0000000000
41553  -5.779  -56.458  55.421 0.0000000000
64583  -35.863  -36.136  35.556 0.0000000000
65793  -36.401  -35.736  36.045 0.0000000000
65799  -35.276  -35.654  35.227 0.0000000000
66989  -34.665  -34.939  35.109 0.0000000000
66988  -34.265  -34.449  35.134 0.0000000000
66967  -31.230  -34.183  36.430 0.0000000000
66978  -31.416  -33.737  36.114 0.0000000000
68144  -31.604  -33.249  35.787 0.0000000000
69432  -31.814  -32.775  35.850 0.0000000000
69418  -32.287  -32.651  36.249 0.0000000000
69417  -31.364  -32.701  36.327 0.0000000000
70596  -26.420  -31.293  39.324 0.0000000000
73001  -26.151  -29.637  36.262 0.0000000000
71775  -26.185  -30.603  36.687 0.0000000000
70661  -27.214  -31.416  35.624 0.0000000000
70647  -29.216  -31.706  36.140 0.0000000000
72982  -30.581  -30.421  36.113 0.0000000000
74153  -31.319  -29.725  36.571 0.0000000000
73005  -30.402  -30.318  35.246 0.0000000000
73067  -28.417  -29.210  32.594 0.0000000000
71846  -31.875  -31.351  32.795 0.0000000000
70710  -31.819  -31.467  31.751 0.0000000000
70726  -32.209  -31.465  31.396 0.0000000000
71885  -32.552  -31.219  30.848 0.0000000000
71905  -31.263  -30.449  30.423 0.0000000000
73116  -30.767  -29.160  29.530 0.0000000000
77874  -30.253  -25.173  30.872 0.0000000000
63293  -19.513  -38.460  39.480 0.0000000000
62148  -19.403  -39.141  39.781 0.0000000000
62149  -20.141  -38.730  40.001 0.0000000000
60968  -20.413  -39.591  40.689 0.0000000000
60950  -21.196  -40.280  41.454 0.0000000000
49453  -6.380  -49.845  49.974 0.0000000000
48294  -7.635  -51.293  50.596 0.0000000000
53032  -10.371  -46.819  46.628 0.0000000000
51880  -9.924  -47.271  47.093 0.0000000000
50687  -10.920  -48.907  48.197 0.0000000000
68129  -37.913  -33.712  38.209 0.0000000000
54197  -17.712  -45.184  45.685 0.0000000000
55323  -17.954  -44.976  45.061 0.0000000000
56452  -18.458  -44.121  44.963 0.0000000000
56453  -18.674  -43.263  45.047 0.0000000000
56497  -17.949  -43.449  43.297 0.0000000000
57576  -18.134  -43.082  43.578 0.0000000000
58781  -35.269  -41.941  38.794 0.0000000000
57665  -35.037  -42.791  39.572 0.0000000000
60930  -14.877  -39.047  43.585 0.0000000000
59824  -13.998  -39.819  44.086 0.0000000000
59804  -13.670  -40.297  44.521 0.0000000000
58688  -13.112  -40.821  44.078 0.0000000000
58687  -12.837  -41.624  43.961 0.0000000000
57592  -12.439  -42.601  43.801 0.0000000000
56469  -12.068  -43.168  43.687 0.0000000000
56495  -13.211  -43.145  43.368 0.0000000000
56471  -13.575  -43.814  43.618 0.0000000000
56518  -14.128  -43.684  42.053 0.0000000000
54213  -16.137  -45.605  44.149 0.0000000000
54196  -17.052  -45.539  45.145 0.0000000000
61035  -30.879  -39.287  38.086 0.0000000000
61036  -31.757  -39.309  38.371 0.0000000000
61037  -32.539  -39.088  38.616 0.0000000000
62228  -32.986  -38.688  37.068 0.0000000000
76660  -32.087  -26.267  28.499 0.0000000000
77900  -32.724  -25.458  28.493 0.0000000000
79127  -33.182  -24.460  28.518 0.0000000000
80303  -32.133  -23.216  29.027 0.0000000000
80315  -33.723  -23.954  28.590 0.0000000000
80316  -34.321  -23.475  28.465 0.0000000000
81539  -34.979  -22.506  28.169 0.0000000000
87428  -35.437  -17.703  28.218 0.0000000000
87445  -35.980  -17.772  27.581 0.0000000000
87446  -36.542  -17.714  27.164 0.0000000000
87453  -37.109  -17.652  26.713 0.0000000000
85023  -38.587  -19.388  26.148 0.0000000000
85024  -39.538  -19.510  26.166 0.0000000000
86251  -40.017  -18.703  26.049 0.0000000000
86266  -40.477  -17.995  25.714 0.0000000000
87468  -39.002  -17.335  25.128 0.0000000000
87469  -40.043  -17.384  25.202 0.0000000000
86267  -41.370  -17.895  25.821 0.0000000000
90968  -40.304  -14.621  24.360 0.0000000000
92232  -40.222  -13.150  24.840 0.0000000000
45083  -6.385  -53.489  52.224 0.0000000000
66957  -32.758  -34.661  37.322 0.0000000000
66956  -31.903  -35.025  37.363 0.0000000000
74152  -26.659  -28.246  38.361 0.0000000000
74151  -26.273  -28.532  37.824 0.0000000000
75333  -26.476  -28.014  37.280 0.0000000000
74169  -26.177  -28.723  36.836 0.0000000000
73002  -26.648  -29.604  35.395 0.0000000000
74212  -27.537  -28.653  33.417 0.0000000000
74213  -27.922  -28.798  32.961 0.0000000000
74233  -27.810  -28.592  32.423 0.0000000000
74245  -28.549  -28.660  31.060 0.0000000000
75422  -29.420  -26.703  31.991 0.0000000000
75423  -30.325  -26.895  32.596 0.0000000000
61014  -22.128  -39.314  39.005 0.0000000000
59913  -22.071  -39.951  39.548 0.0000000000
59914  -22.760  -40.712  39.289 0.0000000000
59915  -23.712  -41.705  39.371 0.0000000000
51833  -5.543  -47.388  50.405 0.0000000000
50665  -6.043  -47.942  49.747 0.0000000000
49465  -7.366  -49.211  49.271 0.0000000000
51867  -13.744  -47.794  48.739 0.0000000000
43930  -2.464  -54.522  55.938 0.0000000000
42769  -2.528  -55.904  55.705 0.0000000000
42761  -2.170  -55.916  56.546 0.0000000000
40307  -2.427  -57.755  56.472 0.0000000000
41529  -2.045  -56.735  56.958 0.0000000000
41521  -1.704  -56.567  57.942 0.0000000000
84937  -33.632  -19.357  31.205 0.0000000000
86183  -35.000  -18.319  30.145 0.0000000000
87395  -35.710  -17.601  29.910 0.0000000000
71742  -33.604  -30.654  39.064 0.0000000000
58803  -28.685  -42.256  38.005 0.0000000000
58790  -29.295  -42.358  38.718 0.0000000000
56396  -9.833  -43.185  48.321 0.0000000000
56395  -9.043  -43.167  48.421 0.0000000000
55283  -7.833  -43.892  47.621 0.0000000000
55284  -8.216  -44.351  46.825 0.0000000000
54160  -8.660  -45.264  46.611 0.0000000000
55300  -9.520  -44.663  45.752 0.0000000000
53051  -10.004  -46.133  46.171 0.0000000000
53033  -11.196  -47.087  46.669 0.0000000000
55345  -12.499  -44.089  44.030 0.0000000000
55319  -12.067  -44.667  44.492 0.0000000000
54192  -12.644  -45.599  44.892 0.0000000000
53054  -13.097  -47.053  46.338 0.0000000000
53034  -13.340  -47.368  46.914 0.0000000000
97256  -42.366  -9.194  22.636 0.0000000000
62204  -37.275  -38.012  38.357 0.0000000000
63352  -37.472  -37.271  38.253 0.0000000000
63369  -37.106  -37.557  37.283 0.0000000000
63376  -36.203  -37.673  36.186 0.0000000000
63384  -35.828  -36.804  35.708 0.0000000000
64582  -35.128  -36.440  35.381 0.0000000000
65792  -33.888  -35.637  35.933 0.0000000000
65784  -33.676  -35.376  36.535 0.0000000000
65752  -34.463  -35.661  38.893 0.0000000000
65771  -34.347  -35.869  37.939 0.0000000000
66971  -33.694  -35.281  37.185 0.0000000000
68127  -33.175  -34.587  38.197 0.0000000000
68090  -32.859  -34.057  40.440 0.0000000000
59888  -15.736  -40.387  40.431 0.0000000000
59909  -16.699  -40.358  39.928 0.0000000000
60987  -16.528  -39.161  39.680 0.0000000000
61010  -16.958  -38.682  39.430 0.0000000000
62167  -17.322  -38.407  39.118 0.0000000000
64505  -17.006  -36.657  39.086 0.0000000000
64525  -17.370  -37.185  38.619 0.0000000000
63317  -18.996  -37.982  38.676 0.0000000000
62171  -21.142  -38.130  38.956 0.0000000000
65750  -21.178  -34.442  38.820 0.0000000000
65749  -19.995  -35.171  38.397 0.0000000000
64550  -20.348  -36.227  38.013 0.0000000000
63343  -20.816  -37.189  37.918 0.0000000000
62172  -21.760  -38.471  38.369 0.0000000000
61015  -23.112  -39.629  38.193 0.0000000000
61032  -25.305  -40.800  37.296 0.0000000000
59954  -27.496  -41.400  37.328 0.0000000000
63366  -27.570  -37.733  36.757 0.0000000000
63365  -26.772  -37.434  36.713 0.0000000000
61082  -27.307  -39.984  36.459 0.0000000000
61057  -27.993  -40.562  36.905 0.0000000000
59955  -28.587  -41.376  37.294 0.0000000000
59957  -30.504  -41.081  37.001 0.0000000000
61060  -30.802  -39.383  37.210 0.0000000000
58808  -33.221  -41.436  36.876 0.0000000000
58795  -34.315  -41.755  37.740 0.0000000000
59945  -36.097  -39.979  38.154 0.0000000000
62179  -36.816  -38.938  38.943 0.0000000000
63241  -14.255  -36.599  43.241 0.0000000000
62100  -14.382  -37.685  42.639 0.0000000000
60945  -15.272  -38.747  41.306 0.0000000000
73099  -35.641  -29.779  30.480 0.0000000000
76645  -33.718  -26.974  28.895 0.0000000000
76646  -34.233  -26.813  29.070 0.0000000000
76647  -35.399  -26.959  29.631 0.0000000000
77887  -35.965  -26.147  28.864 0.0000000000
83834  -32.055  -20.286  30.728 0.0000000000
83852  -32.626  -20.434  29.790 0.0000000000
83853  -33.208  -20.367  29.168 0.0000000000
86216  -35.055  -18.334  28.141 0.0000000000
85004  -35.219  -19.047  27.769 0.0000000000
83877  -35.288  -19.621  27.734 0.0000000000
83878  -35.929  -20.279  27.522 0.0000000000
83867  -35.542  -20.771  27.758 0.0000000000
82719  -36.203  -21.960  27.736 0.0000000000
81541  -37.004  -22.838  27.938 0.0000000000
80319  -37.889  -23.529  27.716 0.0000000000
93537  -43.864  -12.560  23.201 0.0000000000
94795  -42.422  -11.061  23.331 0.0000000000
98347  -41.383  -8.538  24.647 0.0000000000
43938  -2.843  -54.690  54.588 0.0000000000
45081  -4.495  -53.255  52.263 0.0000000000
45072  -4.035  -53.530  52.781 0.0000000000
43954  -3.905  -54.072  53.221 0.0000000000
40322  -4.501  -57.589  55.554 0.0000000000
40323  -5.267  -57.167  55.694 0.0000000000
65794  -36.790  -35.755  36.507 0.0000000000
68138  -36.665  -33.834  37.280 0.0000000000
68157  -34.066  -33.998  35.059 0.0000000000
68146  -33.584  -33.538  35.606 0.0000000000
69421  -35.042  -33.249  36.147 0.0000000000
69402  -36.161  -33.332  37.316 0.0000000000
69381  -34.615  -32.206  38.128 0.0000000000
69399  -33.072  -32.238  37.325 0.0000000000
70630  -33.672  -32.015  37.704 0.0000000000
70614  -34.346  -31.930  38.444 0.0000000000
70598  -33.051  -31.087  38.637 0.0000000000
68086  -28.392  -33.480  40.650 0.0000000000
69341  -27.620  -31.833  40.682 0.0000000000
68085  -27.827  -32.708  40.544 0.0000000000
71750  -26.312  -30.478  38.930 0.0000000000
70610  -26.274  -31.384  38.520 0.0000000000
70624  -26.410  -31.745  37.735 0.0000000000
69392  -26.438  -32.090  38.325 0.0000000000
70627  -30.378  -31.862  37.048 0.0000000000
70628  -31.217  -31.487  37.649 0.0000000000
72927  -32.666  -30.313  38.618 0.0000000000
71907  -33.094  -30.785  30.158 0.0000000000
73097  -33.642  -29.908  29.527 0.0000000000
73093  -29.648  -29.451  30.224 0.0000000000
74254  -29.825  -29.105  29.923 0.0000000000
74269  -30.235  -28.742  29.502 0.0000000000
75456  -29.833  -28.167  29.455 0.0000000000
74270  -31.029  -28.582  29.154 0.0000000000
75472  -31.330  -26.942  28.595 0.0000000000
77885  -31.020  -25.196  29.032 0.0000000000
79112  -31.021  -24.335  29.480 0.0000000000
79111  -30.414  -24.327  30.279 0.0000000000
80301  -30.643  -23.540  29.953 0.0000000000
81520  -30.479  -23.002  30.415 0.0000000000
81499  -30.660  -22.469  31.757 0.0000000000
58758  -17.334  -40.976  40.168 0.0000000000
59890  -17.859  -40.903  40.475 0.0000000000
59869  -18.820  -40.837  41.438 0.0000000000
62131  -19.368  -39.858  40.438 0.0000000000
60946  -19.048  -40.449  41.121 0.0000000000
59848  -19.523  -40.606  43.080 0.0000000000
59893  -21.990  -40.597  40.378 0.0000000000
60970  -21.506  -40.301  40.904 0.0000000000
59873  -21.839  -40.750  41.796 0.0000000000
59851  -22.196  -41.047  43.169 0.0000000000
58775  -29.028  -42.746  39.444 0.0000000000
58774  -27.983  -42.821  39.737 0.0000000000
49422  -3.012  -49.413  53.358 0.0000000000
47166  -4.562  -51.433  51.593 0.0000000000
50634  -4.602  -48.631  51.413 0.0000000000
50648  -5.171  -48.784  50.730 0.0000000000
48277  -4.661  -50.568  51.292 0.0000000000
46160  -5.001  -51.908  51.356 0.0000000000
46161  -5.534  -52.196  51.214 0.0000000000
47177  -8.152  -51.980  51.214 0.0000000000
53014  -7.561  -45.923  47.561 0.0000000000
51863  -9.365  -47.797  47.494 0.0000000000
50667  -8.206  -48.910  48.623 0.0000000000
49467  -8.948  -49.693  49.142 0.0000000000
50671  -12.280  -48.854  49.287 0.0000000000
49456  -9.670  -50.459  49.728 0.0000000000
97257  -42.734  -9.142  22.145 0.0000000000
37780  -3.884  -59.919  58.293 0.0000000000
37779  -3.174  -60.072  58.191 0.0000000000
36645  -3.319  -60.643  58.972 0.0000000000
36653  -2.845  -60.391  58.509 0.0000000000
37778  -2.434  -59.400  57.749 0.0000000000
38998  -1.362  -58.164  58.160 0.0000000000
35548  -1.292  -60.713  58.221 0.0000000000
36642  -0.882  -60.058  58.104 0.0000000000
38984  -0.599  -58.188  58.648 0.0000000000
36652  -2.429  -60.059  58.291 0.0000000000
37787  -3.581  -59.789  57.856 0.0000000000
45080  -4.100  -53.168  52.469 0.0000000000
47149  -2.757  -52.250  54.193 0.0000000000
51898  -13.121  -47.458  46.799 0.0000000000
53035  -13.805  -47.200  47.157 0.0000000000
54214  -16.939  -45.338  44.375 0.0000000000
54226  -17.082  -45.215  43.974 0.0000000000
55349  -17.422  -45.068  44.295 0.0000000000
55386  -14.805  -44.433  41.796 0.0000000000
55389  -17.231  -44.266  42.904 0.0000000000
55399  -14.967  -44.179  41.350 0.0000000000
55400  -15.470  -44.269  41.562 0.0000000000
55401  -16.000  -44.365  41.864 0.0000000000
56410  -8.460  -43.111  47.720 0.0000000000
56411  -9.192  -43.041  47.682 0.0000000000
56430  -8.749  -43.104  47.269 0.0000000000
56434  -11.062  -41.970  46.707 0.0000000000
56473  -18.580  -42.948  44.476 0.0000000000
56494  -12.654  -42.979  43.499 0.0000000000
56519  -14.447  -43.318  41.440 0.0000000000
56520  -16.842  -43.964  41.993 0.0000000000
56544  -16.989  -43.726  41.713 0.0000000000
57550  -11.422  -41.697  46.093 0.0000000000
57573  -11.507  -42.178  44.690 0.0000000000
57575  -12.586  -42.203  44.033 0.0000000000
57593  -12.863  -42.406  43.556 0.0000000000
57596  -18.531  -42.332  42.723 0.0000000000
58662  -13.160  -40.879  45.748 0.0000000000
58676  -14.142  -40.821  45.551 0.0000000000
58686  -12.539  -41.958  44.307 0.0000000000
58742  -18.313  -41.207  40.814 0.0000000000
58773  -27.111  -42.570  40.271 0.0000000000
58817  -33.617  -40.902  36.148 0.0000000000
59845  -13.808  -40.719  43.162 0.0000000000
59875  -23.976  -41.697  42.327 0.0000000000
59889  -16.145  -39.753  40.115 0.0000000000
59892  -21.628  -39.921  40.175 0.0000000000
59908  -16.262  -40.867  39.975 0.0000000000
59911  -18.060  -40.533  40.251 0.0000000000
59912  -21.759  -39.651  39.765 0.0000000000
59927  -22.220  -39.728  39.222 0.0000000000
59928  -22.422  -39.897  39.041 0.0000000000
60947  -19.342  -40.267  41.176 0.0000000000
60966  -18.986  -40.310  40.689 0.0000000000
60967  -19.300  -40.109  40.807 0.0000000000
60989  -18.370  -40.119  39.843 0.0000000000
60992  -21.855  -39.530  39.530 0.0000000000
61012  -17.919  -39.513  39.516 0.0000000000
61023  -34.117  -38.461  40.168 0.0000000000
62085  -13.903  -37.737  42.955 0.0000000000
62115  -19.467  -39.954  40.902 0.0000000000
62116  -19.635  -39.854  40.941 0.0000000000
62130  -18.992  -40.062  40.124 0.0000000000
62166  -16.574  -38.167  39.387 0.0000000000
62169  -19.102  -38.640  39.291 0.0000000000
62170  -20.395  -38.022  39.363 0.0000000000
62198  -28.170  -37.518  37.109 0.0000000000
62243  -27.350  -39.625  36.382 0.0000000000
63276  -16.574  -36.857  40.300 0.0000000000
63291  -16.342  -37.659  39.778 0.0000000000
63295  -24.125  -35.449  39.742 0.0000000000
63314  -16.613  -37.620  39.464 0.0000000000
63316  -17.799  -37.912  38.489 0.0000000000
63319  -20.477  -37.620  38.650 0.0000000000
64458  -16.545  -34.917  41.301 0.0000000000
64471  -16.266  -36.374  40.900 0.0000000000
64486  -16.484  -36.700  40.526 0.0000000000
64488  -17.222  -35.525  39.963 0.0000000000
65767  -20.584  -35.627  38.069 0.0000000000
65768  -20.910  -35.238  38.245 0.0000000000
65769  -32.277  -34.879  37.070 0.0000000000
65783  -32.278  -34.747  36.829 0.0000000000
65786  -36.704  -35.422  36.559 0.0000000000
65800  -35.839  -35.561  35.572 0.0000000000
66990  -35.536  -35.069  35.419 0.0000000000
68084  -27.544  -32.594  40.287 0.0000000000
68104  -27.318  -32.791  40.077 0.0000000000
68155  -31.978  -32.909  35.570 0.0000000000
68156  -32.232  -32.848  35.722 0.0000000000
69360  -26.550  -31.779  39.322 0.0000000000
69377  -27.376  -33.197  38.304 0.0000000000
69433  -32.090  -32.747  35.795 0.0000000000
70597  -26.682  -31.334  39.778 0.0000000000
70631  -33.959  -31.808  37.856 0.0000000000
70644  -26.482  -31.451  36.987 0.0000000000
70711  -32.016  -31.523  31.756 0.0000000000
70725  -31.862  -31.424  31.592 0.0000000000
71738  -26.439  -30.749  39.367 0.0000000000
71752  -31.158  -30.366  37.606 0.0000000000
71815  -27.683  -30.271  34.688 0.0000000000
71865  -31.594  -31.526  31.892 0.0000000000
71866  -32.328  -31.589  32.191 0.0000000000
71904  -30.860  -30.322  30.399 0.0000000000
72940  -31.096  -30.246  37.400 0.0000000000
72980  -29.136  -30.834  35.419 0.0000000000
73050  -32.346  -31.008  33.497 0.0000000000
74154  -31.615  -29.045  36.887 0.0000000000
75432  -27.724  -27.952  31.850 0.0000000000
75474  -32.990  -27.321  28.675 0.0000000000
77839  -27.741  -25.779  33.610 0.0000000000
77840  -28.176  -25.471  33.696 0.0000000000
81509  -30.400  -22.961  31.083 0.0000000000
81542  -40.049  -23.024  27.601 0.0000000000
82749  -39.440  -21.004  26.380 0.0000000000
83811  -31.778  -20.768  31.636 0.0000000000
83881  -38.659  -20.841  26.427 0.0000000000
86232  -34.941  -18.728  27.944 0.0000000000
87427  -35.015  -18.207  28.422 0.0000000000
88618  -39.002  -15.884  24.713 0.0000000000
88621  -41.091  -16.059  24.925 0.0000000000
89749  -38.958  -15.127  24.897 0.0000000000
89758  -38.829  -15.621  24.893 0.0000000000
