#!ascii label  , from subject 4108 vox2ras=TkReg
1299
49393  -4.784  -47.476  57.708 0.0000000000
60957  -34.526  -38.760  42.539 0.0000000000
69304  -29.955  -33.395  43.024 0.0000000000
64401  -23.810  -35.264  47.553 0.0000000000
83793  -31.740  -21.120  32.275 0.0000000000
77803  -28.137  -25.133  35.572 0.0000000000
60867  -34.167  -38.599  48.213 0.0000000000
60917  -28.846  -38.692  45.056 0.0000000000
83799  -38.444  -18.938  33.569 0.0000000000
87413  -41.212  -17.428  29.267 0.0000000000
93493  -43.476  -13.185  29.333 0.0000000000
75240  -29.701  -26.966  45.578 0.0000000000
72926  -27.346  -28.994  39.951 0.0000000000
77715  -32.586  -25.436  41.673 0.0000000000
76489  -35.243  -25.111  37.931 0.0000000000
65625  -14.215  -34.425  46.720 0.0000000000
48175  -3.848  -50.150  61.325 0.0000000000
66909  -34.398  -34.844  41.696 0.0000000000
72851  -32.349  -30.551  47.529 0.0000000000
65676  -18.559  -33.873  42.613 0.0000000000
63297  -25.120  -35.965  40.245 0.0000000000
94772  -40.541  -11.627  25.316 0.0000000000
98325  -44.184  -8.753  30.339 0.0000000000
76609  -31.380  -26.370  32.621 0.0000000000
79070  -36.551  -22.747  35.901 0.0000000000
52940  -5.667  -45.652  53.545 0.0000000000
41514  -1.064  -56.394  59.167 0.0000000000
83838  -40.302  -18.099  31.715 0.0000000000
76433  -31.122  -25.400  43.487 0.0000000000
59805  -13.736  -40.192  45.147 0.0000000000
49360  -4.938  -49.102  60.392 0.0000000000
64532  -34.874  -36.439  39.412 0.0000000000
63281  -35.739  -36.974  41.714 0.0000000000
65662  -21.376  -34.078  44.180 0.0000000000
65730  -22.373  -34.190  40.561 0.0000000000
64460  -24.180  -35.259  43.411 0.0000000000
60934  -31.367  -39.228  43.296 0.0000000000
62136  -29.459  -37.872  40.671 0.0000000000
60996  -31.372  -39.105  40.333 0.0000000000
63196  -21.658  -36.412  48.959 0.0000000000
64396  -18.484  -35.574  46.939 0.0000000000
89727  -37.000  -16.095  27.738 0.0000000000
92219  -39.305  -13.232  25.918 0.0000000000
95968  -43.675  -10.949  31.080 0.0000000000
75331  -27.173  -26.390  38.232 0.0000000000
76589  -29.971  -26.475  33.697 0.0000000000
76548  -36.358  -24.766  36.450 0.0000000000
56384  -12.441  -43.266  49.011 0.0000000000
55209  -10.609  -43.949  51.561 0.0000000000
54057  -8.931  -42.978  54.537 0.0000000000
54105  -6.772  -45.284  51.613 0.0000000000
42753  -1.830  -55.703  57.442 0.0000000000
60908  -34.155  -38.943  45.463 0.0000000000
63246  -36.143  -36.817  44.671 0.0000000000
64405  -36.352  -36.588  47.738 0.0000000000
64361  -26.557  -36.129  49.171 0.0000000000
63233  -26.433  -36.784  45.461 0.0000000000
62021  -28.616  -37.802  48.032 0.0000000000
60889  -31.112  -39.162  46.522 0.0000000000
82671  -34.975  -20.660  32.980 0.0000000000
84962  -36.269  -18.206  31.391 0.0000000000
87410  -38.476  -16.720  30.257 0.0000000000
89715  -39.452  -15.369  29.193 0.0000000000
92196  -40.539  -13.571  29.006 0.0000000000
89718  -42.623  -15.673  29.302 0.0000000000
72879  -28.321  -29.996  44.707 0.0000000000
71719  -27.492  -30.708  42.421 0.0000000000
75265  -29.056  -27.639  42.762 0.0000000000
75297  -29.207  -26.481  41.270 0.0000000000
77743  -30.686  -24.890  39.348 0.0000000000
77782  -31.701  -24.665  36.547 0.0000000000
77734  -34.368  -24.744  39.655 0.0000000000
63173  -13.562  -37.264  49.030 0.0000000000
57540  -13.715  -41.634  47.555 0.0000000000
100530  -42.991  -6.643  25.639 0.0000000000
47092  -2.883  -50.310  61.936 0.0000000000
68111  -34.037  -34.189  39.272 0.0000000000
69327  -32.745  -33.656  42.350 0.0000000000
66882  -35.240  -34.626  44.451 0.0000000000
70516  -33.595  -33.363  45.144 0.0000000000
70513  -30.748  -32.248  44.842 0.0000000000
74023  -30.595  -29.053  47.526 0.0000000000
63266  -26.248  -38.007  42.392 0.0000000000
65589  -16.893  -34.416  49.436 0.0000000000
65641  -15.510  -34.247  45.049 0.0000000000
94746  -40.572  -11.368  28.728 0.0000000000
97211  -41.553  -9.476  28.134 0.0000000000
99413  -41.989  -7.797  27.576 0.0000000000
100512  -44.507  -6.845  29.784 0.0000000000
49416  -2.657  -49.111  54.292 0.0000000000
48220  -3.660  -50.433  56.398 0.0000000000
79091  -31.679  -24.326  32.767 0.0000000000
75375  -33.681  -27.239  34.597 0.0000000000
77842  -34.680  -24.966  34.060 0.0000000000
80264  -34.775  -22.677  33.938 0.0000000000
82643  -37.092  -20.487  35.293 0.0000000000
51757  -5.675  -46.045  56.010 0.0000000000
46107  -3.057  -51.729  58.484 0.0000000000
45022  -1.787  -53.091  59.398 0.0000000000
43882  -0.947  -53.537  60.170 0.0000000000
49372  -4.902  -47.957  59.156 0.0000000000
60999  -33.987  -38.826  40.632 0.0000000000
63300  -35.177  -37.601  40.445 0.0000000000
62137  -34.947  -38.281  42.031 0.0000000000
65646  -22.614  -35.084  45.416 0.0000000000
65680  -23.036  -34.022  43.799 0.0000000000
65648  -24.334  -34.423  45.390 0.0000000000
59880  -32.458  -39.724  42.940 0.0000000000
60954  -31.568  -39.332  42.378 0.0000000000
60975  -32.852  -39.381  41.476 0.0000000000
61021  -32.894  -39.197  39.548 0.0000000000
64359  -24.295  -36.095  49.872 0.0000000000
63178  -23.430  -36.511  50.138 0.0000000000
64400  -22.909  -34.857  47.783 0.0000000000
64417  -22.078  -35.329  47.126 0.0000000000
92218  -38.857  -13.729  26.274 0.0000000000
69343  -31.335  -33.920  41.358 0.0000000000
69324  -29.531  -33.416  41.959 0.0000000000
77758  -27.763  -24.663  37.294 0.0000000000
76540  -27.134  -26.141  35.141 0.0000000000
77822  -29.190  -25.239  34.487 0.0000000000
56381  -9.652  -43.320  49.068 0.0000000000
55235  -11.238  -43.746  50.790 0.0000000000
55233  -9.372  -44.100  50.398 0.0000000000
54107  -8.599  -44.501  51.813 0.0000000000
55252  -7.132  -44.377  49.646 0.0000000000
60881  -34.345  -38.534  47.195 0.0000000000
62058  -35.793  -37.883  46.260 0.0000000000
62042  -35.720  -37.742  47.599 0.0000000000
64323  -27.694  -36.304  50.852 0.0000000000
63181  -27.836  -36.814  48.953 0.0000000000
63183  -29.167  -37.231  49.864 0.0000000000
60850  -32.945  -38.465  48.898 0.0000000000
60864  -31.578  -38.768  48.249 0.0000000000
60879  -32.741  -39.129  47.280 0.0000000000
60891  -33.035  -39.203  46.318 0.0000000000
82673  -37.033  -19.685  33.763 0.0000000000
84920  -36.027  -18.838  32.728 0.0000000000
83817  -37.643  -18.463  32.878 0.0000000000
86188  -40.752  -18.429  30.571 0.0000000000
86187  -38.945  -18.327  30.560 0.0000000000
87412  -40.094  -17.468  29.638 0.0000000000
88550  -38.902  -16.299  30.054 0.0000000000
88570  -40.854  -16.383  28.730 0.0000000000
89716  -40.568  -15.298  29.018 0.0000000000
88571  -41.865  -16.320  28.808 0.0000000000
74041  -29.255  -28.348  45.473 0.0000000000
74066  -28.251  -29.204  43.862 0.0000000000
75253  -29.306  -27.124  44.279 0.0000000000
76448  -32.038  -25.877  42.789 0.0000000000
76461  -30.914  -26.249  41.569 0.0000000000
76473  -30.734  -26.039  40.831 0.0000000000
76480  -29.749  -24.959  40.825 0.0000000000
77732  -31.677  -25.258  40.158 0.0000000000
77744  -32.127  -24.904  38.819 0.0000000000
77723  -32.864  -25.107  40.958 0.0000000000
66839  -14.286  -33.892  49.478 0.0000000000
64351  -14.211  -35.407  50.043 0.0000000000
64374  -13.910  -35.675  48.467 0.0000000000
58664  -14.107  -40.742  46.137 0.0000000000
100524  -44.241  -6.100  27.629 0.0000000000
101624  -44.680  -5.389  26.546 0.0000000000
47093  -3.354  -50.337  62.239 0.0000000000
65731  -35.115  -35.542  40.257 0.0000000000
65752  -34.463  -35.661  38.893 0.0000000000
66908  -34.127  -34.490  40.822 0.0000000000
68090  -32.859  -34.057  40.440 0.0000000000
68071  -33.488  -34.150  41.886 0.0000000000
65649  -34.511  -35.808  45.877 0.0000000000
64450  -36.165  -36.097  44.531 0.0000000000
68026  -35.892  -33.903  45.742 0.0000000000
70479  -33.526  -31.679  47.485 0.0000000000
70503  -33.911  -32.841  46.079 0.0000000000
71673  -32.428  -32.112  46.618 0.0000000000
70514  -31.602  -32.851  45.000 0.0000000000
71672  -31.500  -31.390  46.672 0.0000000000
72859  -30.461  -30.480  46.425 0.0000000000
74024  -31.283  -29.863  47.595 0.0000000000
64508  -24.144  -34.875  39.810 0.0000000000
62072  -27.652  -37.483  45.514 0.0000000000
62101  -26.166  -37.504  44.417 0.0000000000
62103  -27.657  -38.162  43.756 0.0000000000
62153  -28.857  -37.140  40.372 0.0000000000
64354  -18.316  -35.929  49.614 0.0000000000
65643  -18.400  -34.079  44.875 0.0000000000
65628  -17.942  -34.395  45.905 0.0000000000
65659  -17.700  -33.844  43.678 0.0000000000
65674  -15.870  -34.731  42.448 0.0000000000
92185  -41.497  -13.498  29.565 0.0000000000
93490  -40.416  -12.573  28.935 0.0000000000
94735  -41.720  -11.905  29.742 0.0000000000
97202  -43.491  -9.898  30.390 0.0000000000
97201  -42.728  -10.251  29.866 0.0000000000
98323  -42.960  -9.378  29.616 0.0000000000
98331  -41.607  -8.669  27.712 0.0000000000
99409  -43.186  -7.910  29.003 0.0000000000
100518  -43.335  -6.914  28.401 0.0000000000
99405  -43.967  -7.955  29.933 0.0000000000
72906  -27.076  -29.781  41.620 0.0000000000
70580  -26.981  -31.378  40.286 0.0000000000
79103  -30.336  -24.783  31.599 0.0000000000
77868  -31.721  -25.018  32.464 0.0000000000
77763  -33.594  -24.802  37.333 0.0000000000
76545  -32.485  -26.343  35.737 0.0000000000
76521  -34.268  -26.364  36.708 0.0000000000
77825  -36.698  -23.964  36.197 0.0000000000
76570  -35.317  -25.383  34.932 0.0000000000
77844  -35.354  -23.999  34.964 0.0000000000
79079  -34.500  -23.632  33.899 0.0000000000
80249  -35.320  -22.831  35.249 0.0000000000
81489  -35.711  -21.606  34.900 0.0000000000
81474  -36.712  -21.597  35.696 0.0000000000
54055  -7.186  -44.348  53.877 0.0000000000
52925  -6.291  -44.796  54.442 0.0000000000
52908  -5.974  -45.469  56.286 0.0000000000
51782  -5.472  -45.865  54.240 0.0000000000
50608  -4.277  -46.851  54.074 0.0000000000
51800  -4.562  -46.834  52.370 0.0000000000
46129  -3.037  -52.572  55.706 0.0000000000
46121  -3.398  -52.045  57.156 0.0000000000
45045  -2.666  -53.397  56.845 0.0000000000
41521  -1.704  -56.567  57.942 0.0000000000
43903  -2.182  -54.174  59.044 0.0000000000
42736  -1.744  -54.945  59.415 0.0000000000
43884  -1.489  -52.961  59.713 0.0000000000
42735  -1.223  -55.248  59.799 0.0000000000
63161  -30.063  -37.352  50.775 0.0000000000
83783  -39.942  -18.419  33.913 0.0000000000
83818  -38.806  -18.433  32.648 0.0000000000
83802  -41.263  -17.939  33.008 0.0000000000
76418  -30.279  -26.005  44.510 0.0000000000
63229  -13.692  -36.892  44.230 0.0000000000
62052  -13.580  -38.045  46.002 0.0000000000
49344  -5.928  -48.951  61.663 0.0000000000
48183  -4.327  -49.616  60.873 0.0000000000
62202  -34.297  -37.704  38.710 0.0000000000
63327  -35.318  -36.579  40.049 0.0000000000
65712  -35.616  -35.752  41.947 0.0000000000
72830  -32.284  -29.619  48.554 0.0000000000
65677  -19.908  -33.801  42.998 0.0000000000
65708  -20.437  -34.478  41.050 0.0000000000
65692  -21.917  -33.828  42.502 0.0000000000
64473  -24.003  -33.849  41.920 0.0000000000
63263  -24.562  -35.615  41.586 0.0000000000
60932  -29.620  -39.268  43.826 0.0000000000
60951  -28.850  -39.170  43.043 0.0000000000
60953  -30.633  -39.176  42.472 0.0000000000
60973  -30.874  -39.113  41.349 0.0000000000
61036  -31.757  -39.309  38.371 0.0000000000
63174  -20.082  -36.339  49.567 0.0000000000
64355  -19.335  -36.219  49.356 0.0000000000
64378  -20.600  -36.049  48.387 0.0000000000
64431  -20.210  -35.217  45.413 0.0000000000
88547  -35.972  -16.875  28.420 0.0000000000
94762  -39.824  -12.121  26.135 0.0000000000
93482  -45.001  -12.752  30.207 0.0000000000
94737  -43.363  -12.155  30.572 0.0000000000
74130  -27.592  -27.985  39.245 0.0000000000
75422  -29.420  -26.703  31.991 0.0000000000
75400  -30.736  -26.988  33.669 0.0000000000
77749  -37.433  -25.238  38.699 0.0000000000
76503  -36.393  -25.488  37.420 0.0000000000
77764  -38.173  -24.629  37.935 0.0000000000
58614  -14.124  -41.823  49.848 0.0000000000
57487  -13.894  -42.287  51.127 0.0000000000
55166  -11.317  -42.454  53.725 0.0000000000
55164  -9.547  -42.624  52.675 0.0000000000
54092  -8.015  -44.560  52.481 0.0000000000
54090  -6.703  -45.531  52.126 0.0000000000
52955  -5.214  -46.407  52.059 0.0000000000
52981  -5.957  -46.312  50.641 0.0000000000
60936  -34.340  -38.851  43.667 0.0000000000
60937  -34.979  -38.309  43.465 0.0000000000
62090  -34.856  -36.813  44.743 0.0000000000
63224  -36.161  -37.166  46.046 0.0000000000
64382  -24.582  -35.835  48.470 0.0000000000
64420  -25.272  -35.166  46.031 0.0000000000
64384  -26.485  -36.188  48.088 0.0000000000
63213  -27.535  -37.249  47.231 0.0000000000
60886  -28.824  -38.281  46.351 0.0000000000
62024  -30.530  -37.992  48.910 0.0000000000
60876  -30.020  -38.815  47.632 0.0000000000
60904  -30.346  -39.176  45.675 0.0000000000
60905  -31.312  -39.280  45.477 0.0000000000
59835  -32.593  -39.313  44.052 0.0000000000
64337  -25.333  -36.349  50.616 0.0000000000
82669  -33.767  -21.030  32.199 0.0000000000
83812  -32.692  -19.969  31.692 0.0000000000
83814  -35.184  -20.396  31.907 0.0000000000
84961  -35.384  -18.837  30.859 0.0000000000
86184  -35.963  -17.941  30.669 0.0000000000
83836  -38.808  -18.368  31.807 0.0000000000
86185  -37.146  -17.612  30.979 0.0000000000
87409  -36.227  -16.971  29.665 0.0000000000
88548  -36.514  -16.170  29.088 0.0000000000
89713  -37.510  -15.459  28.300 0.0000000000
90923  -38.475  -14.564  28.224 0.0000000000
92210  -38.790  -13.453  27.890 0.0000000000
90925  -40.014  -14.372  29.050 0.0000000000
90926  -41.231  -14.239  29.180 0.0000000000
92198  -43.045  -13.827  29.390 0.0000000000
88553  -42.980  -16.535  29.379 0.0000000000
92187  -44.540  -13.535  29.249 0.0000000000
70528  -29.587  -32.037  44.294 0.0000000000
70546  -28.209  -31.801  42.932 0.0000000000
71706  -27.749  -30.984  43.315 0.0000000000
72907  -27.363  -29.092  42.432 0.0000000000
74077  -28.081  -28.039  41.856 0.0000000000
76432  -29.917  -25.975  43.277 0.0000000000
75281  -29.499  -27.022  41.695 0.0000000000
75313  -28.226  -26.960  40.428 0.0000000000
75326  -27.719  -25.961  39.920 0.0000000000
76497  -27.881  -24.328  38.644 0.0000000000
77780  -28.983  -24.445  36.631 0.0000000000
77781  -30.404  -24.757  36.637 0.0000000000
77761  -31.160  -24.779  37.861 0.0000000000
77745  -33.563  -24.461  38.497 0.0000000000
77746  -34.830  -24.754  38.683 0.0000000000
77725  -35.225  -24.656  40.534 0.0000000000
77736  -36.388  -24.926  39.434 0.0000000000
61981  -12.945  -38.058  50.104 0.0000000000
62037  -13.033  -37.986  47.043 0.0000000000
60858  -12.307  -38.958  48.628 0.0000000000
58629  -13.197  -41.329  49.323 0.0000000000
57518  -13.257  -42.548  48.691 0.0000000000
68069  -32.103  -33.665  41.324 0.0000000000
69305  -31.097  -33.514  43.006 0.0000000000
63268  -36.061  -36.715  43.055 0.0000000000
65695  -35.999  -35.553  42.777 0.0000000000
68053  -34.764  -34.257  43.655 0.0000000000
69291  -34.986  -33.377  44.364 0.0000000000
69309  -34.012  -33.705  43.636 0.0000000000
69288  -32.925  -33.482  43.722 0.0000000000
70530  -31.470  -33.008  44.036 0.0000000000
70529  -30.587  -32.482  44.168 0.0000000000
71680  -29.459  -30.677  45.322 0.0000000000
72858  -29.884  -29.410  46.024 0.0000000000
74031  -29.665  -28.199  46.726 0.0000000000
74006  -31.422  -28.158  48.556 0.0000000000
75220  -30.624  -27.369  48.049 0.0000000000
63231  -25.545  -35.954  44.722 0.0000000000
63252  -24.822  -36.667  43.367 0.0000000000
63279  -25.394  -36.782  41.405 0.0000000000
62134  -27.631  -38.248  41.683 0.0000000000
63299  -27.368  -36.244  39.922 0.0000000000
65575  -16.518  -34.119  50.418 0.0000000000
65613  -15.180  -33.687  47.732 0.0000000000
64395  -17.330  -35.080  47.704 0.0000000000
65614  -16.512  -34.093  47.182 0.0000000000
65640  -14.629  -34.712  45.803 0.0000000000
64430  -14.910  -35.355  43.924 0.0000000000
93502  -38.930  -12.817  27.602 0.0000000000
94755  -39.487  -11.984  27.126 0.0000000000
94756  -39.930  -11.229  27.729 0.0000000000
95977  -42.624  -10.900  29.988 0.0000000000
97206  -41.028  -10.500  28.397 0.0000000000
96005  -40.249  -10.532  27.254 0.0000000000
97218  -40.521  -9.788  26.809 0.0000000000
98340  -40.923  -9.041  25.454 0.0000000000
98347  -41.383  -8.538  24.647 0.0000000000
99416  -41.957  -7.173  26.625 0.0000000000
100523  -43.383  -6.466  27.635 0.0000000000
50584  -4.402  -47.592  56.567 0.0000000000
48221  -4.048  -49.514  56.908 0.0000000000
48232  -2.616  -50.065  55.612 0.0000000000
68067  -28.282  -32.813  41.054 0.0000000000
80260  -31.302  -22.659  32.550 0.0000000000
76543  -30.650  -25.853  35.268 0.0000000000
75373  -31.481  -26.774  34.573 0.0000000000
75425  -32.494  -26.796  33.322 0.0000000000
75353  -34.923  -26.545  35.544 0.0000000000
75404  -34.412  -26.451  34.290 0.0000000000
76611  -33.290  -26.003  33.526 0.0000000000
79077  -32.584  -24.259  33.348 0.0000000000
80262  -32.859  -23.108  33.490 0.0000000000
81486  -33.508  -22.219  33.021 0.0000000000
81502  -34.874  -21.302  33.327 0.0000000000
82658  -36.371  -20.549  34.766 0.0000000000
83781  -38.190  -19.579  34.411 0.0000000000
51729  -7.139  -46.613  58.481 0.0000000000
52899  -6.630  -45.748  57.088 0.0000000000
50585  -4.983  -46.776  56.737 0.0000000000
50600  -4.383  -46.857  55.124 0.0000000000
49423  -3.479  -48.714  52.815 0.0000000000
48210  -4.189  -49.552  57.968 0.0000000000
48191  -4.109  -50.554  59.408 0.0000000000
47122  -3.542  -51.092  59.733 0.0000000000
45038  -2.531  -53.230  57.778 0.0000000000
45023  -2.125  -52.578  59.182 0.0000000000
46087  -2.866  -50.907  60.229 0.0000000000
46076  -2.015  -51.192  60.493 0.0000000000
46075  -1.607  -51.406  60.668 0.0000000000
41513  -0.436  -56.461  59.398 0.0000000000
41505  -0.084  -55.631  60.024 0.0000000000
50567  -5.673  -47.494  58.365 0.0000000000
49383  -4.814  -47.619  58.297 0.0000000000
60977  -34.360  -38.537  41.407 0.0000000000
65617  -23.352  -34.634  47.147 0.0000000000
65647  -23.564  -34.666  45.584 0.0000000000
65633  -24.007  -34.513  46.274 0.0000000000
60956  -33.346  -39.378  42.800 0.0000000000
60976  -33.786  -39.150  41.538 0.0000000000
60998  -33.278  -39.159  40.539 0.0000000000
64381  -23.547  -35.801  48.525 0.0000000000
64418  -22.465  -34.855  47.502 0.0000000000
90948  -38.230  -14.590  26.664 0.0000000000
69325  -30.770  -33.882  42.214 0.0000000000
69342  -30.395  -34.014  41.421 0.0000000000
77779  -27.943  -24.798  36.813 0.0000000000
76516  -27.551  -25.651  36.583 0.0000000000
77821  -28.220  -25.253  34.434 0.0000000000
56380  -8.894  -43.411  49.116 0.0000000000
55255  -9.532  -43.630  49.740 0.0000000000
56379  -8.228  -43.631  49.157 0.0000000000
55232  -8.492  -44.219  50.337 0.0000000000
62041  -35.105  -38.237  46.903 0.0000000000
62025  -35.059  -38.311  48.103 0.0000000000
63141  -28.571  -36.415  51.204 0.0000000000
63159  -28.634  -36.761  50.200 0.0000000000
63160  -29.296  -37.045  50.605 0.0000000000
60851  -33.711  -38.427  48.902 0.0000000000
60866  -33.307  -38.800  48.124 0.0000000000
60880  -33.667  -39.054  47.269 0.0000000000
63123  -28.182  -36.505  52.254 0.0000000000
82674  -37.916  -19.007  33.416 0.0000000000
86204  -41.787  -18.484  29.899 0.0000000000
86203  -40.574  -18.237  30.192 0.0000000000
88552  -40.450  -17.018  29.094 0.0000000000
87430  -42.042  -17.055  28.827 0.0000000000
76462  -31.907  -25.830  41.791 0.0000000000
77722  -32.079  -25.426  41.187 0.0000000000
76482  -31.159  -25.742  40.473 0.0000000000
65612  -13.433  -34.087  47.792 0.0000000000
65602  -13.662  -34.448  48.931 0.0000000000
64394  -13.602  -35.537  47.177 0.0000000000
101613  -44.810  -5.779  28.538 0.0000000000
100528  -44.236  -5.735  26.944 0.0000000000
101620  -44.847  -5.533  27.589 0.0000000000
48176  -4.594  -49.778  61.788 0.0000000000
48168  -4.092  -50.211  62.210 0.0000000000
48159  -4.056  -50.330  63.132 0.0000000000
47103  -3.434  -50.349  61.721 0.0000000000
66926  -34.794  -34.880  40.581 0.0000000000
68072  -33.925  -34.655  42.470 0.0000000000
66872  -35.023  -34.357  45.972 0.0000000000
68017  -36.057  -33.773  46.354 0.0000000000
71651  -33.283  -31.082  47.677 0.0000000000
70491  -33.257  -32.220  46.799 0.0000000000
71662  -32.560  -31.216  47.237 0.0000000000
71661  -31.965  -31.021  47.000 0.0000000000
72850  -31.748  -30.566  47.182 0.0000000000
72842  -31.988  -30.106  47.857 0.0000000000
65689  -18.208  -34.191  41.249 0.0000000000
62073  -28.249  -38.128  45.290 0.0000000000
62088  -27.593  -37.933  44.704 0.0000000000
62089  -28.401  -38.175  44.317 0.0000000000
65675  -16.905  -34.295  42.090 0.0000000000
93492  -42.892  -13.243  29.810 0.0000000000
93479  -42.163  -12.748  30.002 0.0000000000
97203  -44.064  -9.365  30.451 0.0000000000
98324  -43.586  -8.910  30.030 0.0000000000
98328  -43.162  -8.682  29.452 0.0000000000
99404  -43.476  -8.374  29.629 0.0000000000
99400  -44.650  -8.325  30.546 0.0000000000
72917  -26.883  -29.233  40.742 0.0000000000
71740  -27.068  -29.817  40.214 0.0000000000
72925  -27.055  -29.648  39.807 0.0000000000
75436  -30.610  -26.567  32.395 0.0000000000
76621  -30.306  -26.235  31.753 0.0000000000
76622  -30.878  -26.102  32.170 0.0000000000
76633  -30.414  -25.518  31.661 0.0000000000
76623  -31.622  -25.498  32.418 0.0000000000
76488  -34.372  -24.898  37.680 0.0000000000
76500  -33.901  -25.738  37.122 0.0000000000
76501  -34.688  -25.587  37.168 0.0000000000
79057  -36.859  -23.434  36.265 0.0000000000
77824  -36.075  -23.953  35.888 0.0000000000
79069  -35.901  -23.344  35.655 0.0000000000
79068  -35.290  -23.433  35.156 0.0000000000
80250  -36.147  -22.290  35.420 0.0000000000
80237  -37.107  -22.346  36.185 0.0000000000
52941  -6.486  -45.187  53.485 0.0000000000
54044  -7.263  -44.181  54.880 0.0000000000
52924  -6.093  -45.638  54.299 0.0000000000
51781  -4.886  -46.308  53.564 0.0000000000
52939  -5.158  -46.062  52.818 0.0000000000
45051  -2.866  -53.363  56.054 0.0000000000
41515  -1.414  -56.157  58.669 0.0000000000
42744  -1.412  -55.630  59.145 0.0000000000
76410  -32.093  -25.377  45.466 0.0000000000
62084  -14.116  -38.038  43.842 0.0000000000
49361  -5.175  -48.328  59.996 0.0000000000
50545  -5.987  -48.098  61.283 0.0000000000
49352  -5.610  -48.681  60.820 0.0000000000
49351  -5.115  -49.230  61.307 0.0000000000
62177  -34.005  -38.282  39.426 0.0000000000
62156  -35.422  -37.513  41.124 0.0000000000
63301  -35.548  -36.935  40.679 0.0000000000
64492  -35.640  -36.258  41.361 0.0000000000
65661  -20.371  -34.165  44.134 0.0000000000
65678  -21.058  -33.753  43.299 0.0000000000
64447  -23.713  -34.642  44.005 0.0000000000
65693  -23.010  -33.595  42.763 0.0000000000
64459  -23.774  -34.354  43.066 0.0000000000
64474  -24.288  -35.207  42.337 0.0000000000
60933  -30.558  -39.214  43.552 0.0000000000
60974  -31.898  -39.228  41.383 0.0000000000
60995  -30.333  -38.343  40.072 0.0000000000
61019  -30.999  -39.217  39.204 0.0000000000
61020  -31.963  -39.197  39.440 0.0000000000
61038  -33.153  -38.662  38.757 0.0000000000
63177  -22.593  -36.406  49.682 0.0000000000
63154  -22.862  -37.014  50.546 0.0000000000
63153  -22.122  -36.787  50.333 0.0000000000
63152  -21.297  -36.931  50.387 0.0000000000
63175  -20.840  -36.379  49.419 0.0000000000
64356  -20.064  -36.173  49.016 0.0000000000
63195  -21.155  -36.228  48.779 0.0000000000
65630  -21.384  -35.357  45.901 0.0000000000
64416  -20.999  -35.502  46.367 0.0000000000
65645  -21.128  -34.918  45.251 0.0000000000
65644  -19.649  -34.666  44.994 0.0000000000
88568  -36.464  -16.346  28.006 0.0000000000
75325  -27.407  -27.193  39.239 0.0000000000
75324  -27.452  -27.731  38.573 0.0000000000
75330  -26.945  -27.600  37.993 0.0000000000
75399  -29.672  -26.843  33.002 0.0000000000
75423  -30.325  -26.895  32.596 0.0000000000
77739  -38.087  -24.016  38.732 0.0000000000
77750  -38.040  -24.815  38.431 0.0000000000
79027  -38.123  -23.451  37.374 0.0000000000
57504  -13.328  -42.855  49.591 0.0000000000
57486  -13.345  -42.849  50.497 0.0000000000
56366  -12.680  -43.266  50.229 0.0000000000
55210  -11.616  -44.043  51.961 0.0000000000
55165  -10.498  -42.288  53.176 0.0000000000
55185  -9.867  -43.565  52.054 0.0000000000
54106  -7.512  -44.683  51.578 0.0000000000
54091  -7.198  -45.011  52.238 0.0000000000
52970  -6.265  -45.843  51.583 0.0000000000
52982  -6.206  -45.564  51.124 0.0000000000
60923  -34.160  -38.713  44.614 0.0000000000
60924  -34.453  -37.784  44.421 0.0000000000
60909  -34.411  -38.131  45.396 0.0000000000
63215  -36.183  -37.203  47.114 0.0000000000
64360  -25.457  -36.040  49.473 0.0000000000
64383  -25.613  -36.010  48.307 0.0000000000
63200  -28.313  -37.262  48.473 0.0000000000
63199  -27.619  -37.049  48.173 0.0000000000
63214  -28.075  -37.447  47.834 0.0000000000
62039  -28.268  -37.829  47.255 0.0000000000
62040  -28.928  -38.199  47.527 0.0000000000
61984  -31.194  -38.220  50.308 0.0000000000
61983  -30.460  -37.919  50.135 0.0000000000
60878  -31.812  -39.149  47.378 0.0000000000
60877  -30.877  -39.192  47.609 0.0000000000
60888  -30.141  -39.114  46.696 0.0000000000
60907  -33.344  -39.227  45.373 0.0000000000
59815  -32.837  -39.324  44.703 0.0000000000
60922  -33.670  -39.117  44.747 0.0000000000
60935  -33.623  -39.079  43.954 0.0000000000
64322  -26.941  -36.240  50.910 0.0000000000
64338  -26.293  -36.095  50.242 0.0000000000
82670  -34.479  -21.040  32.232 0.0000000000
83813  -33.975  -20.344  31.723 0.0000000000
84940  -36.427  -18.236  32.224 0.0000000000
84939  -35.611  -19.132  31.832 0.0000000000
83819  -39.847  -18.168  32.371 0.0000000000
83837  -39.611  -18.250  31.645 0.0000000000
87398  -38.550  -17.631  30.322 0.0000000000
86186  -38.331  -17.778  30.820 0.0000000000
87397  -37.980  -17.075  30.549 0.0000000000
87396  -36.663  -17.154  30.386 0.0000000000
88538  -37.283  -16.726  30.313 0.0000000000
88537  -36.830  -16.605  29.914 0.0000000000
88549  -37.730  -16.271  29.924 0.0000000000
89698  -39.253  -15.869  29.713 0.0000000000
89697  -38.508  -15.667  29.503 0.0000000000
89714  -38.269  -15.119  28.545 0.0000000000
90924  -39.008  -14.448  28.666 0.0000000000
89717  -41.586  -15.410  29.015 0.0000000000
90927  -42.283  -14.547  29.535 0.0000000000
90913  -41.748  -13.983  29.552 0.0000000000
90915  -44.321  -14.675  29.323 0.0000000000
71690  -29.210  -30.996  44.944 0.0000000000
71707  -28.293  -31.172  44.086 0.0000000000
72895  -28.142  -30.086  44.011 0.0000000000
74052  -28.867  -28.436  43.432 0.0000000000
74065  -28.258  -28.451  42.897 0.0000000000
76460  -30.044  -26.274  41.477 0.0000000000
76446  -29.957  -26.586  42.228 0.0000000000
75296  -28.923  -27.523  41.217 0.0000000000
75314  -29.008  -25.771  41.130 0.0000000000
76487  -30.308  -24.738  40.165 0.0000000000
76486  -29.448  -24.420  39.809 0.0000000000
77742  -29.970  -24.375  39.195 0.0000000000
77760  -29.515  -24.377  38.316 0.0000000000
77733  -33.076  -24.701  39.822 0.0000000000
77718  -36.224  -24.463  41.256 0.0000000000
78974  -36.806  -24.140  40.575 0.0000000000
77726  -36.231  -24.476  40.164 0.0000000000
77728  -37.310  -24.304  39.538 0.0000000000
64352  -14.202  -36.195  49.569 0.0000000000
63149  -13.846  -37.152  50.308 0.0000000000
61968  -13.586  -38.029  51.171 0.0000000000
60901  -13.474  -39.130  45.432 0.0000000000
60885  -12.906  -39.101  46.428 0.0000000000
58651  -14.138  -41.134  46.928 0.0000000000
59773  -12.875  -39.975  47.103 0.0000000000
58640  -13.902  -40.793  48.227 0.0000000000
59758  -12.291  -40.256  48.591 0.0000000000
58628  -14.212  -41.679  48.769 0.0000000000
57528  -12.974  -41.716  48.257 0.0000000000
47091  -2.447  -50.191  61.679 0.0000000000
68110  -33.264  -34.097  39.104 0.0000000000
68070  -32.503  -33.698  41.403 0.0000000000
69326  -31.866  -33.630  41.831 0.0000000000
69306  -31.885  -33.485  43.058 0.0000000000
63245  -35.358  -36.788  44.152 0.0000000000
63254  -35.383  -36.910  43.325 0.0000000000
63255  -36.113  -36.702  43.857 0.0000000000
65681  -36.022  -35.250  43.981 0.0000000000
66894  -35.073  -34.768  43.425 0.0000000000
68035  -35.014  -33.951  44.183 0.0000000000
70517  -34.397  -33.091  45.317 0.0000000000
69279  -34.315  -33.318  44.658 0.0000000000
69290  -34.467  -33.492  44.118 0.0000000000
69289  -33.755  -33.420  44.042 0.0000000000
69308  -33.405  -33.841  43.040 0.0000000000
70532  -33.061  -33.390  44.428 0.0000000000
71691  -30.083  -31.695  44.678 0.0000000000
71681  -29.990  -31.141  45.559 0.0000000000
74032  -30.209  -29.470  46.788 0.0000000000
72868  -29.975  -30.199  45.773 0.0000000000
75206  -32.276  -28.102  49.240 0.0000000000
74007  -31.803  -28.591  48.711 0.0000000000
76392  -30.601  -26.193  47.330 0.0000000000
65709  -21.608  -34.240  41.412 0.0000000000
65729  -21.277  -34.191  40.185 0.0000000000
64436  -25.597  -35.809  45.689 0.0000000000
64435  -25.641  -35.142  45.108 0.0000000000
63232  -25.930  -36.207  45.174 0.0000000000
62117  -25.909  -38.138  43.825 0.0000000000
63253  -25.469  -37.270  43.949 0.0000000000
63265  -25.594  -37.470  42.733 0.0000000000
63280  -26.251  -37.468  41.761 0.0000000000
60971  -28.958  -39.125  42.044 0.0000000000
62120  -28.323  -38.639  42.330 0.0000000000
62135  -28.645  -38.225  41.284 0.0000000000
65603  -15.966  -33.603  48.976 0.0000000000
64377  -19.443  -36.190  48.204 0.0000000000
64376  -18.242  -36.028  48.407 0.0000000000
65642  -17.070  -33.670  44.893 0.0000000000
65627  -16.696  -33.850  46.086 0.0000000000
65626  -15.491  -34.141  46.439 0.0000000000
92195  -39.452  -13.470  28.464 0.0000000000
93489  -39.590  -12.705  28.312 0.0000000000
94734  -40.950  -11.946  29.458 0.0000000000
94745  -39.637  -12.011  28.195 0.0000000000
94724  -43.760  -11.604  31.197 0.0000000000
94736  -42.519  -11.665  30.051 0.0000000000
95978  -43.175  -10.962  30.590 0.0000000000
97208  -42.333  -9.756  28.869 0.0000000000
97207  -41.561  -10.225  28.557 0.0000000000
97210  -40.809  -9.983  27.898 0.0000000000
98330  -40.975  -9.199  27.367 0.0000000000
99412  -41.527  -8.209  27.250 0.0000000000
98335  -41.187  -8.546  26.916 0.0000000000
99415  -41.438  -7.884  26.701 0.0000000000
98341  -41.074  -8.385  25.951 0.0000000000
99418  -41.562  -7.679  25.713 0.0000000000
99410  -43.817  -7.211  29.191 0.0000000000
100519  -44.207  -6.563  28.604 0.0000000000
101605  -44.748  -6.101  29.327 0.0000000000
49410  -3.109  -48.684  55.277 0.0000000000
49402  -4.078  -48.603  56.269 0.0000000000
49409  -2.570  -49.449  54.873 0.0000000000
70566  -27.921  -31.620  42.177 0.0000000000
69323  -28.405  -32.453  41.857 0.0000000000
70565  -27.545  -31.473  41.459 0.0000000000
79090  -30.502  -24.219  32.028 0.0000000000
80277  -30.363  -23.477  31.541 0.0000000000
81498  -30.452  -22.974  31.450 0.0000000000
80278  -30.941  -23.394  32.369 0.0000000000
77805  -30.496  -25.206  35.775 0.0000000000
76517  -31.178  -25.321  35.870 0.0000000000
75351  -33.215  -26.977  35.614 0.0000000000
75350  -32.212  -26.664  35.112 0.0000000000
75374  -32.598  -27.118  34.589 0.0000000000
75401  -31.946  -27.053  33.807 0.0000000000
75402  -33.031  -27.154  33.895 0.0000000000
76524  -36.722  -25.258  36.888 0.0000000000
76523  -35.833  -25.657  36.591 0.0000000000
75354  -35.311  -25.806  35.817 0.0000000000
76592  -35.030  -25.282  34.417 0.0000000000
76569  -34.804  -25.999  34.582 0.0000000000
76591  -34.182  -25.863  34.184 0.0000000000
76590  -33.800  -26.243  33.879 0.0000000000
76612  -33.974  -25.226  33.877 0.0000000000
77856  -32.397  -25.093  32.861 0.0000000000
77857  -33.355  -24.829  33.593 0.0000000000
79078  -33.610  -23.876  33.720 0.0000000000
80263  -33.920  -22.877  33.680 0.0000000000
81485  -32.566  -22.279  32.909 0.0000000000
81487  -34.407  -21.936  33.330 0.0000000000
82642  -36.566  -20.962  35.391 0.0000000000
82657  -35.621  -20.937  34.501 0.0000000000
51747  -6.387  -46.485  56.681 0.0000000000
51737  -6.395  -47.064  56.954 0.0000000000
51746  -5.877  -46.768  56.590 0.0000000000
50592  -4.530  -46.989  55.976 0.0000000000
50620  -4.247  -47.047  53.135 0.0000000000
50607  -3.704  -47.649  53.432 0.0000000000
48209  -4.072  -50.527  57.360 0.0000000000
46114  -3.117  -52.011  57.807 0.0000000000
47130  -3.729  -51.432  57.856 0.0000000000
47126  -3.702  -51.242  58.896 0.0000000000
46102  -2.997  -51.514  59.271 0.0000000000
43920  -2.003  -55.003  56.855 0.0000000000
43921  -2.296  -54.093  57.275 0.0000000000
43912  -1.951  -54.668  57.910 0.0000000000
45030  -2.122  -53.310  59.028 0.0000000000
45015  -2.007  -52.199  59.606 0.0000000000
46094  -2.504  -51.878  59.571 0.0000000000
46086  -2.343  -51.344  60.176 0.0000000000
46077  -2.331  -50.899  60.659 0.0000000000
46085  -1.961  -51.679  60.114 0.0000000000
43883  -1.222  -53.289  60.008 0.0000000000
45013  -1.452  -52.250  60.183 0.0000000000
46084  -1.202  -51.965  60.607 0.0000000000
46074  -1.197  -51.399  60.976 0.0000000000
40267  -0.168  -57.223  59.059 0.0000000000
41506  -0.307  -55.983  60.016 0.0000000000
49371  -4.819  -49.007  59.472 0.0000000000
62178  -34.461  -38.004  39.754 0.0000000000
61000  -34.333  -38.359  40.603 0.0000000000
62155  -34.931  -38.080  41.009 0.0000000000
62138  -35.411  -37.715  41.866 0.0000000000
65663  -22.222  -34.328  44.466 0.0000000000
65664  -23.151  -34.545  44.658 0.0000000000
64433  -24.008  -34.593  44.772 0.0000000000
64448  -24.395  -35.118  44.209 0.0000000000
59856  -31.862  -39.719  43.137 0.0000000000
60955  -32.351  -39.515  42.259 0.0000000000
60997  -32.364  -39.219  40.458 0.0000000000
63156  -24.550  -36.777  50.735 0.0000000000
64357  -22.778  -36.282  49.216 0.0000000000
64380  -22.521  -36.117  48.634 0.0000000000
64379  -21.529  -36.003  48.343 0.0000000000
64399  -22.118  -35.359  47.842 0.0000000000
65631  -21.988  -35.405  46.143 0.0000000000
89728  -37.560  -15.535  27.486 0.0000000000
76496  -27.468  -25.187  37.651 0.0000000000
76495  -27.007  -26.350  37.285 0.0000000000
76515  -26.966  -26.390  36.254 0.0000000000
76588  -29.070  -25.782  33.302 0.0000000000
76566  -29.876  -25.802  34.053 0.0000000000
56382  -10.443  -43.316  49.031 0.0000000000
56365  -11.811  -43.507  49.952 0.0000000000
55256  -10.175  -43.467  49.647 0.0000000000
55234  -10.263  -43.776  50.470 0.0000000000
55208  -9.832  -44.108  51.251 0.0000000000
54108  -9.417  -44.265  51.861 0.0000000000
55207  -9.013  -44.315  51.113 0.0000000000
55206  -8.119  -44.447  50.998 0.0000000000
54120  -6.503  -44.911  50.840 0.0000000000
54133  -6.050  -45.341  50.227 0.0000000000
54134  -6.283  -44.916  49.698 0.0000000000
60893  -34.299  -38.294  46.275 0.0000000000
64339  -27.304  -36.187  50.101 0.0000000000
64362  -27.417  -36.323  49.299 0.0000000000
63158  -28.009  -36.523  49.714 0.0000000000
63182  -28.625  -37.116  49.297 0.0000000000
62000  -28.914  -37.554  48.636 0.0000000000
60848  -31.454  -38.060  48.741 0.0000000000
60849  -32.150  -38.379  48.844 0.0000000000
60865  -32.435  -38.979  48.198 0.0000000000
60890  -32.066  -39.233  46.377 0.0000000000
60892  -33.959  -39.083  46.325 0.0000000000
63140  -27.555  -36.379  51.537 0.0000000000
82672  -35.641  -20.274  33.886 0.0000000000
83815  -35.537  -19.558  32.925 0.0000000000
83816  -36.412  -19.214  33.510 0.0000000000
83797  -36.677  -18.721  33.254 0.0000000000
84941  -37.089  -18.088  32.696 0.0000000000
84966  -40.504  -18.356  30.975 0.0000000000
84965  -39.527  -18.337  30.865 0.0000000000
84984  -39.933  -18.399  30.395 0.0000000000
86202  -39.541  -18.196  30.114 0.0000000000
87411  -39.030  -17.309  30.008 0.0000000000
88551  -39.808  -16.478  29.429 0.0000000000
88569  -40.187  -15.903  29.059 0.0000000000
74053  -28.772  -28.627  44.429 0.0000000000
75252  -29.086  -27.758  43.542 0.0000000000
76447  -30.961  -25.906  42.459 0.0000000000
76472  -29.889  -26.010  40.688 0.0000000000
76481  -30.695  -25.425  40.262 0.0000000000
77731  -31.005  -25.221  39.898 0.0000000000
66825  -14.666  -34.436  50.691 0.0000000000
65601  -14.129  -34.660  49.671 0.0000000000
64373  -14.081  -35.248  49.304 0.0000000000
59788  -13.476  -40.025  46.093 0.0000000000
56415  -12.003  -41.468  48.100 0.0000000000
100527  -43.563  -6.155  26.621 0.0000000000
100531  -43.531  -6.122  25.588 0.0000000000
101623  -44.015  -5.794  26.251 0.0000000000
101627  -44.092  -5.675  25.553 0.0000000000
64533  -35.168  -36.092  39.966 0.0000000000
65753  -34.862  -35.775  39.653 0.0000000000
66945  -34.708  -35.159  39.696 0.0000000000
66925  -34.277  -34.588  39.909 0.0000000000
68091  -33.805  -34.015  40.186 0.0000000000
64437  -35.335  -36.571  45.720 0.0000000000
65665  -34.932  -35.355  45.058 0.0000000000
66871  -35.279  -34.537  45.138 0.0000000000
68025  -36.016  -33.956  45.005 0.0000000000
70492  -34.320  -32.212  47.014 0.0000000000
70502  -33.002  -32.571  45.866 0.0000000000
70515  -32.572  -33.169  45.157 0.0000000000
70501  -31.993  -32.459  45.896 0.0000000000
70500  -31.007  -32.013  45.740 0.0000000000
71671  -30.599  -31.391  46.249 0.0000000000
72849  -30.919  -30.000  47.043 0.0000000000
75187  -32.060  -27.284  49.320 0.0000000000
64489  -23.443  -34.302  40.812 0.0000000000
62071  -27.133  -36.930  45.698 0.0000000000
63244  -26.329  -36.681  44.996 0.0000000000
62087  -26.722  -37.242  44.916 0.0000000000
62102  -26.752  -38.152  44.272 0.0000000000
62118  -26.652  -38.206  43.132 0.0000000000
64353  -17.694  -35.169  50.058 0.0000000000
65629  -18.810  -34.775  45.505 0.0000000000
65658  -16.175  -34.474  43.571 0.0000000000
64458  -16.545  -34.917  41.301 0.0000000000
93491  -40.946  -13.180  29.259 0.0000000000
93478  -41.201  -12.601  29.561 0.0000000000
97212  -42.076  -9.054  28.336 0.0000000000
98332  -42.231  -8.528  28.107 0.0000000000
99408  -42.589  -8.094  28.277 0.0000000000
100517  -42.646  -7.247  28.029 0.0000000000
100508  -44.694  -7.504  30.422 0.0000000000
49422  -3.012  -49.413  53.358 0.0000000000
48247  -2.499  -50.200  54.108 0.0000000000
71718  -27.195  -30.642  41.608 0.0000000000
71731  -26.881  -30.588  40.814 0.0000000000
71730  -26.801  -30.848  40.317 0.0000000000
77875  -30.352  -25.136  31.614 0.0000000000
77867  -30.943  -25.079  32.096 0.0000000000
77783  -32.564  -25.105  36.473 0.0000000000
76518  -32.074  -25.613  36.005 0.0000000000
76499  -33.192  -25.467  36.810 0.0000000000
76520  -33.468  -26.398  36.379 0.0000000000
75336  -33.907  -26.786  36.072 0.0000000000
77806  -36.465  -24.244  36.225 0.0000000000
76547  -35.527  -25.006  36.070 0.0000000000
76571  -35.504  -24.680  35.511 0.0000000000
76593  -35.389  -24.707  34.863 0.0000000000
77843  -35.176  -24.574  34.392 0.0000000000
77858  -34.232  -24.470  33.893 0.0000000000
77860  -35.172  -24.099  34.422 0.0000000000
79080  -35.038  -23.451  34.522 0.0000000000
80265  -35.211  -22.401  34.642 0.0000000000
80266  -35.581  -22.289  35.081 0.0000000000
81464  -37.084  -21.279  36.101 0.0000000000
54056  -8.017  -43.580  54.220 0.0000000000
52916  -6.394  -44.645  55.543 0.0000000000
52915  -5.766  -45.387  55.182 0.0000000000
51767  -5.504  -45.863  54.997 0.0000000000
51766  -4.986  -46.323  54.625 0.0000000000
50619  -3.882  -47.879  52.218 0.0000000000
46130  -3.294  -52.003  56.433 0.0000000000
47134  -3.716  -51.363  56.798 0.0000000000
46113  -2.994  -52.662  57.424 0.0000000000
42745  -1.698  -55.396  58.526 0.0000000000
43895  -1.790  -53.902  60.030 0.0000000000
45014  -1.786  -52.358  59.817 0.0000000000
43894  -1.088  -54.342  60.337 0.0000000000
63142  -29.567  -36.893  51.433 0.0000000000
62005  -32.518  -38.096  49.663 0.0000000000
83800  -39.382  -18.428  33.177 0.0000000000
83801  -40.353  -18.136  33.050 0.0000000000
83820  -40.799  -17.930  32.273 0.0000000000
86190  -42.234  -19.115  30.796 0.0000000000
87414  -42.382  -17.794  29.296 0.0000000000
76409  -30.698  -25.881  45.795 0.0000000000
76419  -31.539  -25.475  44.572 0.0000000000
76434  -32.337  -25.779  43.688 0.0000000000
77716  -33.721  -25.229  42.146 0.0000000000
64413  -13.734  -35.558  45.991 0.0000000000
63210  -13.822  -36.863  46.617 0.0000000000
63220  -13.991  -36.865  45.471 0.0000000000
62070  -13.986  -38.050  44.946 0.0000000000
49343  -5.301  -49.334  62.193 0.0000000000
63351  -34.656  -37.182  39.022 0.0000000000
63326  -35.196  -37.209  39.793 0.0000000000
64510  -35.410  -36.134  40.569 0.0000000000
65711  -35.245  -35.451  41.223 0.0000000000
65694  -35.117  -35.214  42.293 0.0000000000
65690  -19.542  -34.019  41.729 0.0000000000
65691  -20.763  -34.379  42.313 0.0000000000
65679  -22.114  -33.857  43.519 0.0000000000
65710  -22.766  -33.458  41.549 0.0000000000
64490  -24.456  -34.864  41.085 0.0000000000
63278  -24.649  -36.013  41.084 0.0000000000
60918  -29.551  -39.154  44.862 0.0000000000
60931  -28.710  -39.097  44.098 0.0000000000
60952  -29.721  -39.250  42.715 0.0000000000
60972  -29.784  -38.742  41.501 0.0000000000
61037  -32.539  -39.088  38.616 0.0000000000
64335  -19.009  -36.415  50.206 0.0000000000
64397  -20.061  -36.052  47.165 0.0000000000
64398  -21.254  -35.773  47.538 0.0000000000
64415  -19.619  -35.532  45.910 0.0000000000
65660  -19.112  -33.950  43.930 0.0000000000
87408  -35.593  -17.265  29.098 0.0000000000
94771  -40.034  -12.284  25.565 0.0000000000
93481  -44.010  -12.691  29.637 0.0000000000
93480  -43.114  -12.692  30.021 0.0000000000
94738  -44.235  -12.364  30.698 0.0000000000
72939  -27.262  -28.362  39.515 0.0000000000
72938  -26.861  -29.249  39.372 0.0000000000
74129  -26.967  -28.054  38.960 0.0000000000
75424  -31.315  -26.779  32.865 0.0000000000
77748  -36.654  -25.268  38.780 0.0000000000
76490  -36.113  -25.191  38.046 0.0000000000
76491  -36.924  -25.536  38.099 0.0000000000
76504  -37.170  -25.377  37.486 0.0000000000
76525  -37.288  -24.830  37.097 0.0000000000
77784  -37.852  -24.330  37.383 0.0000000000
77807  -37.279  -24.216  36.518 0.0000000000
79043  -37.768  -23.438  36.999 0.0000000000
79058  -37.446  -22.899  36.658 0.0000000000
80238  -37.575  -22.390  36.692 0.0000000000
56348  -12.088  -43.631  50.876 0.0000000000
56349  -12.855  -43.309  51.512 0.0000000000
54074  -8.675  -42.945  53.451 0.0000000000
54093  -9.061  -43.934  52.702 0.0000000000
54073  -8.020  -43.959  53.295 0.0000000000
54072  -7.220  -44.642  52.974 0.0000000000
52956  -5.987  -45.766  52.469 0.0000000000
52969  -5.678  -46.497  51.422 0.0000000000
40280  -1.203  -57.444  58.635 0.0000000000
60958  -35.075  -38.471  42.873 0.0000000000
62105  -34.632  -37.123  43.685 0.0000000000
62074  -34.879  -37.438  45.436 0.0000000000
62075  -35.806  -37.469  45.323 0.0000000000
63234  -36.138  -37.103  45.275 0.0000000000
63201  -36.229  -36.969  48.351 0.0000000000
65634  -24.634  -34.843  46.298 0.0000000000
64402  -24.824  -35.579  47.113 0.0000000000
64403  -25.790  -36.177  47.378 0.0000000000
63211  -26.127  -36.597  46.737 0.0000000000
63180  -27.206  -36.426  48.559 0.0000000000
63198  -26.985  -36.761  47.773 0.0000000000
63223  -27.132  -37.098  46.705 0.0000000000
62054  -27.568  -37.113  46.323 0.0000000000
62055  -28.311  -38.008  46.351 0.0000000000
60902  -28.875  -38.372  45.925 0.0000000000
61982  -29.814  -37.488  49.983 0.0000000000
62001  -29.486  -37.611  49.155 0.0000000000
62022  -29.379  -38.102  48.282 0.0000000000
60847  -31.114  -37.885  48.703 0.0000000000
60862  -29.907  -38.366  48.151 0.0000000000
60875  -29.533  -38.394  47.728 0.0000000000
60887  -29.186  -38.537  46.789 0.0000000000
60903  -29.471  -38.922  45.843 0.0000000000
60919  -30.478  -39.264  44.632 0.0000000000
60920  -31.473  -39.269  44.355 0.0000000000
60906  -32.334  -39.335  45.289 0.0000000000
60921  -32.238  -39.381  44.443 0.0000000000
59834  -31.955  -39.519  43.830 0.0000000000
59858  -32.992  -39.347  43.631 0.0000000000
63157  -25.170  -36.822  51.037 0.0000000000
64336  -24.751  -36.400  50.416 0.0000000000
83794  -32.362  -20.739  32.295 0.0000000000
83811  -31.778  -20.768  31.636 0.0000000000
83795  -33.175  -20.576  32.208 0.0000000000
84938  -34.741  -19.649  31.183 0.0000000000
84960  -34.357  -18.892  30.415 0.0000000000
83835  -38.310  -18.103  31.957 0.0000000000
84963  -37.560  -17.714  31.845 0.0000000000
84964  -38.648  -18.172  31.257 0.0000000000
87395  -35.710  -17.601  29.910 0.0000000000
89695  -37.115  -15.723  28.646 0.0000000000
89696  -37.586  -15.698  29.007 0.0000000000
89712  -36.998  -15.842  28.190 0.0000000000
89729  -37.794  -15.145  27.978 0.0000000000
90937  -37.847  -15.118  27.370 0.0000000000
90938  -38.102  -14.739  27.595 0.0000000000
92209  -38.538  -13.673  27.281 0.0000000000
92194  -38.671  -14.036  28.025 0.0000000000
90912  -41.513  -13.899  29.407 0.0000000000
92186  -42.287  -13.665  29.802 0.0000000000
87431  -42.738  -17.141  28.985 0.0000000000
88572  -42.487  -16.557  28.952 0.0000000000
90928  -43.491  -14.703  29.222 0.0000000000
92199  -43.693  -13.758  28.977 0.0000000000
93494  -43.994  -13.214  28.903 0.0000000000
70547  -29.179  -32.445  43.551 0.0000000000
69303  -29.082  -32.670  42.667 0.0000000000
72894  -27.852  -29.949  43.340 0.0000000000
72918  -27.301  -28.556  41.400 0.0000000000
74088  -27.547  -28.359  40.492 0.0000000000
76431  -29.174  -26.816  43.016 0.0000000000
76445  -29.397  -27.057  42.477 0.0000000000
75266  -29.430  -27.240  42.187 0.0000000000
75280  -29.069  -27.814  42.031 0.0000000000
74089  -28.144  -27.945  40.889 0.0000000000
74108  -28.000  -27.815  40.339 0.0000000000
75312  -28.045  -27.422  39.679 0.0000000000
76484  -27.304  -25.567  38.991 0.0000000000
76479  -28.549  -25.348  40.533 0.0000000000
76485  -27.996  -24.728  39.783 0.0000000000
77759  -28.149  -24.304  37.511 0.0000000000
77804  -29.704  -25.221  35.599 0.0000000000
77762  -32.586  -24.572  37.419 0.0000000000
77724  -34.036  -24.769  40.819 0.0000000000
77735  -35.475  -24.779  39.542 0.0000000000
77747  -35.800  -25.017  38.748 0.0000000000
77737  -37.192  -25.056  39.422 0.0000000000
77738  -37.686  -24.445  39.053 0.0000000000
63194  -13.499  -36.899  47.738 0.0000000000
62020  -12.670  -37.965  48.158 0.0000000000
60872  -12.386  -39.073  47.584 0.0000000000
61999  -12.734  -38.293  49.126 0.0000000000
60844  -12.459  -39.263  49.734 0.0000000000
57519  -13.947  -42.315  49.170 0.0000000000
56399  -12.328  -42.479  48.140 0.0000000000
56398  -11.546  -43.172  48.058 0.0000000000
56383  -11.323  -43.343  49.017 0.0000000000
68089  -31.853  -33.869  40.786 0.0000000000
69344  -31.786  -33.752  41.326 0.0000000000
62122  -35.323  -37.907  42.850 0.0000000000
63267  -35.647  -37.147  42.523 0.0000000000
63282  -35.991  -36.705  42.421 0.0000000000
64462  -36.164  -36.115  43.464 0.0000000000
64476  -36.113  -36.285  42.759 0.0000000000
64493  -35.956  -36.272  42.134 0.0000000000
66893  -34.455  -34.823  42.686 0.0000000000
69281  -35.591  -33.181  44.794 0.0000000000
69280  -34.957  -32.864  44.794 0.0000000000
68034  -34.657  -33.687  44.030 0.0000000000
68052  -34.237  -34.129  43.307 0.0000000000
68051  -33.652  -34.185  42.783 0.0000000000
69307  -32.624  -33.635  43.124 0.0000000000
70531  -32.292  -33.287  44.283 0.0000000000
69287  -32.207  -33.447  43.617 0.0000000000
70549  -31.120  -33.111  43.621 0.0000000000
70548  -30.308  -32.905  43.711 0.0000000000
72867  -29.238  -29.924  45.415 0.0000000000
74020  -31.439  -29.275  48.130 0.0000000000
75205  -31.504  -27.721  48.746 0.0000000000
75221  -30.989  -27.609  48.445 0.0000000000
74022  -30.299  -28.016  47.709 0.0000000000
75225  -30.139  -27.295  47.298 0.0000000000
75231  -30.033  -26.842  46.533 0.0000000000
64419  -24.961  -34.475  45.643 0.0000000000
64434  -24.873  -34.623  44.794 0.0000000000
64461  -24.708  -35.812  43.771 0.0000000000
63243  -25.946  -36.794  44.651 0.0000000000
63242  -25.140  -36.381  44.235 0.0000000000
64475  -24.646  -35.835  43.021 0.0000000000
63264  -24.848  -36.261  42.226 0.0000000000
62104  -28.363  -38.434  43.357 0.0000000000
62119  -27.618  -38.346  42.733 0.0000000000
62133  -26.835  -38.205  42.116 0.0000000000
62152  -27.725  -37.202  40.844 0.0000000000
62151  -26.913  -37.702  41.316 0.0000000000
63298  -26.394  -36.594  40.515 0.0000000000
66818  -15.990  -34.050  50.594 0.0000000000
66827  -15.363  -33.888  49.603 0.0000000000
66840  -14.753  -33.433  48.773 0.0000000000
64375  -17.503  -35.173  48.911 0.0000000000
65615  -17.378  -34.543  46.736 0.0000000000
65604  -16.689  -34.155  48.314 0.0000000000
64429  -14.278  -35.575  44.888 0.0000000000
63230  -14.278  -36.099  44.057 0.0000000000
64446  -15.174  -35.443  42.784 0.0000000000
93508  -38.705  -13.174  26.970 0.0000000000
93509  -39.230  -12.819  26.524 0.0000000000
94763  -39.981  -11.293  26.596 0.0000000000
94748  -41.998  -11.389  29.605 0.0000000000
94747  -41.484  -11.347  29.278 0.0000000000
95988  -42.124  -10.796  29.334 0.0000000000
95986  -40.884  -10.844  28.513 0.0000000000
95996  -40.516  -10.692  28.147 0.0000000000
96012  -40.445  -10.579  26.157 0.0000000000
96013  -40.943  -10.638  25.406 0.0000000000
97224  -40.875  -9.803  25.694 0.0000000000
98334  -40.821  -9.089  26.371 0.0000000000
97231  -41.011  -9.430  25.246 0.0000000000
99419  -42.312  -7.146  25.647 0.0000000000
100526  -42.788  -6.696  26.597 0.0000000000
101617  -42.629  -6.741  27.803 0.0000000000
101619  -43.572  -6.528  27.745 0.0000000000
50575  -4.712  -47.320  57.270 0.0000000000
49392  -4.285  -48.253  57.496 0.0000000000
48233  -3.556  -49.490  56.119 0.0000000000
47150  -2.616  -51.290  54.740 0.0000000000
47142  -3.046  -51.385  55.893 0.0000000000
68068  -28.763  -33.319  41.353 0.0000000000
71751  -26.604  -29.960  39.249 0.0000000000
82652  -31.608  -21.651  32.403 0.0000000000
76542  -30.014  -25.728  34.782 0.0000000000
76567  -30.604  -26.393  34.396 0.0000000000
76544  -31.607  -26.235  35.320 0.0000000000
76568  -31.016  -26.492  34.987 0.0000000000
75372  -30.874  -26.911  34.258 0.0000000000
76522  -34.961  -25.991  36.677 0.0000000000
75337  -34.597  -26.596  36.131 0.0000000000
75352  -34.249  -27.116  35.446 0.0000000000
75377  -35.147  -26.051  35.121 0.0000000000
75376  -34.667  -26.873  34.643 0.0000000000
75426  -33.233  -26.808  33.583 0.0000000000
76610  -31.959  -26.144  32.763 0.0000000000
79092  -32.190  -23.656  33.298 0.0000000000
81501  -32.269  -22.843  33.277 0.0000000000
82653  -32.170  -21.515  32.600 0.0000000000
82654  -33.089  -21.371  32.630 0.0000000000
82656  -34.482  -21.265  32.925 0.0000000000
81503  -35.153  -20.950  33.556 0.0000000000
81488  -35.221  -21.542  33.979 0.0000000000
82659  -37.576  -19.856  34.095 0.0000000000
81465  -37.461  -21.795  36.492 0.0000000000
50577  -6.209  -47.321  57.886 0.0000000000
51738  -6.918  -47.021  57.440 0.0000000000
50576  -5.726  -47.293  57.443 0.0000000000
50591  -4.052  -47.715  55.635 0.0000000000
50599  -3.635  -47.544  54.605 0.0000000000
49417  -3.129  -48.408  53.928 0.0000000000
51799  -4.505  -47.722  51.659 0.0000000000
49382  -4.496  -48.691  58.600 0.0000000000
48201  -4.385  -49.719  58.964 0.0000000000
48200  -4.138  -50.558  58.411 0.0000000000
48192  -4.403  -49.755  59.920 0.0000000000
48182  -3.846  -50.470  60.362 0.0000000000
46106  -2.674  -52.423  58.161 0.0000000000
43913  -2.354  -53.838  58.272 0.0000000000
45031  -2.287  -53.013  58.589 0.0000000000
46101  -2.563  -52.172  58.911 0.0000000000
46095  -2.903  -51.271  59.887 0.0000000000
47117  -3.235  -50.874  60.200 0.0000000000
47111  -3.041  -50.575  60.740 0.0000000000
47110  -2.585  -50.726  60.763 0.0000000000
47102  -2.835  -50.620  61.141 0.0000000000
47101  -2.275  -50.656  61.058 0.0000000000
45006  -1.779  -51.926  60.129 0.0000000000
45005  -1.690  -51.689  60.384 0.0000000000
47100  -1.814  -50.781  61.141 0.0000000000
40268  -0.793  -57.382  59.045 0.0000000000
41507  -0.723  -55.893  59.750 0.0000000000
42734  -0.575  -55.260  60.060 0.0000000000
43893  -0.508  -54.322  60.140 0.0000000000
41520  -1.377  -56.823  58.518 0.0000000000
43904  -2.256  -53.603  58.767 0.0000000000
45012  -1.133  -52.590  60.070 0.0000000000
46120  -3.116  -52.686  56.604 0.0000000000
47094  -3.727  -50.333  62.368 0.0000000000
48169  -4.838  -49.951  62.685 0.0000000000
51756  -5.125  -46.391  55.755 0.0000000000
52909  -6.586  -44.651  56.637 0.0000000000
52957  -6.672  -45.165  52.636 0.0000000000
54119  -6.063  -45.645  50.555 0.0000000000
54121  -7.278  -44.381  50.873 0.0000000000
55230  -6.826  -44.359  50.310 0.0000000000
55231  -7.625  -44.283  50.297 0.0000000000
55253  -7.930  -44.153  49.561 0.0000000000
55254  -8.764  -43.889  49.688 0.0000000000
56364  -10.896  -43.497  49.836 0.0000000000
56394  -8.223  -43.317  48.487 0.0000000000
57505  -13.675  -42.337  50.044 0.0000000000
57529  -13.994  -42.134  48.223 0.0000000000
58639  -14.201  -41.391  47.791 0.0000000000
58652  -14.188  -40.653  47.076 0.0000000000
59816  -33.280  -39.242  44.784 0.0000000000
59836  -33.175  -39.206  44.310 0.0000000000
59857  -32.430  -39.588  43.488 0.0000000000
59879  -32.020  -39.673  42.679 0.0000000000
59881  -32.792  -39.541  43.220 0.0000000000
60861  -29.626  -38.311  48.057 0.0000000000
60863  -30.764  -38.224  48.375 0.0000000000
62002  -30.214  -37.945  49.380 0.0000000000
62023  -30.054  -38.115  48.748 0.0000000000
62038  -27.916  -37.567  46.780 0.0000000000
62053  -27.224  -36.837  46.082 0.0000000000
62056  -28.678  -38.166  46.982 0.0000000000
62057  -34.801  -37.830  46.113 0.0000000000
62086  -26.302  -37.153  44.656 0.0000000000
62091  -35.864  -37.257  44.685 0.0000000000
62121  -35.005  -38.414  42.567 0.0000000000
63176  -21.768  -36.435  49.715 0.0000000000
63179  -23.979  -36.586  50.400 0.0000000000
63197  -22.136  -36.386  49.239 0.0000000000
63212  -26.730  -37.020  47.054 0.0000000000
63221  -25.854  -36.580  45.901 0.0000000000
63222  -26.771  -36.859  46.238 0.0000000000
63277  -24.557  -35.525  41.145 0.0000000000
64320  -25.715  -36.403  51.043 0.0000000000
64331  -14.310  -35.386  50.824 0.0000000000
64340  -28.054  -36.391  50.431 0.0000000000
64358  -23.199  -36.208  49.346 0.0000000000
64404  -26.432  -36.519  47.407 0.0000000000
64414  -18.670  -35.128  46.036 0.0000000000
64421  -25.475  -36.041  46.460 0.0000000000
64432  -20.490  -35.362  45.735 0.0000000000
64449  -25.146  -35.428  44.383 0.0000000000
64491  -24.547  -35.469  40.772 0.0000000000
64509  -24.518  -35.170  40.403 0.0000000000
65574  -14.414  -34.848  51.040 0.0000000000
65587  -14.282  -34.827  50.388 0.0000000000
65588  -16.288  -34.119  49.904 0.0000000000
65616  -23.041  -34.429  47.399 0.0000000000
65618  -24.067  -34.894  46.817 0.0000000000
65632  -22.924  -34.696  46.873 0.0000000000
65666  -34.481  -35.210  45.970 0.0000000000
66816  -14.771  -34.446  51.397 0.0000000000
66819  -16.612  -34.122  50.694 0.0000000000
66838  -14.446  -34.389  50.056 0.0000000000
66850  -13.808  -33.624  48.652 0.0000000000
66851  -14.221  -33.540  48.175 0.0000000000
68066  -28.141  -32.572  40.834 0.0000000000
69322  -28.149  -32.197  40.991 0.0000000000
69328  -33.211  -33.852  42.422 0.0000000000
70581  -27.152  -31.385  40.861 0.0000000000
72860  -31.128  -30.636  46.892 0.0000000000
72937  -26.462  -29.635  38.920 0.0000000000
74018  -30.572  -27.865  48.026 0.0000000000
74019  -30.950  -28.206  48.275 0.0000000000
74107  -27.788  -27.932  39.787 0.0000000000
75335  -33.551  -26.759  36.020 0.0000000000
75338  -35.129  -26.181  36.175 0.0000000000
75349  -31.767  -26.588  34.992 0.0000000000
75378  -35.372  -25.381  35.455 0.0000000000
75403  -33.979  -26.849  33.797 0.0000000000
76474  -31.439  -25.831  40.951 0.0000000000
76492  -37.661  -25.373  38.047 0.0000000000
76493  -38.069  -25.093  37.979 0.0000000000
76498  -28.700  -24.342  39.188 0.0000000000
76502  -35.519  -25.488  37.313 0.0000000000
76505  -37.725  -24.967  37.641 0.0000000000
76519  -32.735  -26.009  36.345 0.0000000000
76541  -27.416  -25.788  35.905 0.0000000000
76546  -32.982  -26.471  36.032 0.0000000000
76549  -36.947  -24.796  36.681 0.0000000000
76572  -35.899  -24.429  36.106 0.0000000000
77714  -32.192  -25.543  41.552 0.0000000000
77727  -36.837  -24.524  39.779 0.0000000000
77808  -37.808  -23.918  37.077 0.0000000000
77823  -35.554  -24.239  35.338 0.0000000000
77845  -35.669  -23.881  35.480 0.0000000000
77859  -34.947  -24.231  34.047 0.0000000000
78992  -38.005  -23.825  39.097 0.0000000000
79028  -38.415  -23.283  37.611 0.0000000000
79042  -37.382  -23.725  36.514 0.0000000000
79056  -36.295  -23.580  35.932 0.0000000000
79076  -32.253  -24.592  32.961 0.0000000000
79089  -30.175  -24.012  31.644 0.0000000000
80222  -37.869  -22.731  37.048 0.0000000000
80251  -36.697  -22.282  35.778 0.0000000000
80261  -31.664  -22.651  32.869 0.0000000000
80279  -31.704  -23.185  33.062 0.0000000000
80280  -32.245  -23.213  33.365 0.0000000000
81473  -36.284  -21.397  35.300 0.0000000000
81483  -31.248  -22.066  32.338 0.0000000000
81484  -31.781  -22.191  32.711 0.0000000000
81500  -31.967  -22.581  33.075 0.0000000000
82633  -37.089  -20.528  35.986 0.0000000000
82655  -33.966  -21.489  32.689 0.0000000000
82668  -31.225  -21.491  31.988 0.0000000000
83768  -40.281  -18.460  34.270 0.0000000000
83779  -36.216  -19.064  33.325 0.0000000000
83780  -36.376  -19.091  33.367 0.0000000000
83796  -36.073  -19.072  33.275 0.0000000000
83798  -37.100  -18.347  33.087 0.0000000000
84904  -36.219  -18.875  33.156 0.0000000000
84905  -36.432  -18.775  33.216 0.0000000000
84921  -36.604  -18.450  32.942 0.0000000000
84922  -36.953  -18.196  32.964 0.0000000000
84985  -40.133  -18.464  30.567 0.0000000000
86189  -41.217  -18.580  30.593 0.0000000000
86201  -38.807  -18.035  30.180 0.0000000000
87429  -41.488  -16.831  28.773 0.0000000000
88539  -42.917  -15.998  29.871 0.0000000000
90929  -44.073  -14.094  28.927 0.0000000000
92197  -41.084  -13.621  29.189 0.0000000000
92200  -44.099  -13.642  28.895 0.0000000000
93477  -40.833  -12.362  29.387 0.0000000000
93501  -38.710  -13.236  27.285 0.0000000000
95987  -41.336  -10.857  28.759 0.0000000000
97225  -41.148  -10.177  25.234 0.0000000000
97232  -41.239  -9.690  24.853 0.0000000000
98327  -42.650  -8.791  28.820 0.0000000000
100516  -42.404  -7.136  27.901 0.0000000000
100521  -42.365  -6.908  27.765 0.0000000000
100522  -42.512  -6.851  27.467 0.0000000000
101610  -42.534  -6.939  27.921 0.0000000000
101611  -42.890  -6.731  28.035 0.0000000000
101612  -43.431  -6.628  27.890 0.0000000000
101618  -43.112  -6.585  27.742 0.0000000000
