#!ascii label  , from subject 4108 vox2ras=TkReg
1384
61355  26.635  -38.615  43.777 0.0000000000
61258  40.669  -39.132  51.911 0.0000000000
84692  45.410  -20.420  32.025 0.0000000000
74187  38.761  -30.319  39.914 0.0000000000
68280  47.169  -34.507  45.506 0.0000000000
92860  52.883  -13.576  25.275 0.0000000000
79072  46.897  -24.037  32.973 0.0000000000
77865  41.760  -24.923  33.178 0.0000000000
61329  21.144  -38.496  45.433 0.0000000000
59026  34.104  -41.916  46.098 0.0000000000
64924  37.031  -36.456  47.229 0.0000000000
60303  30.990  -41.653  39.662 0.0000000000
86999  50.546  -17.288  28.489 0.0000000000
58956  29.152  -41.524  49.211 0.0000000000
62486  24.675  -38.476  50.793 0.0000000000
89336  49.830  -15.292  33.649 0.0000000000
61263  18.338  -38.380  52.353 0.0000000000
56592  15.544  -43.478  52.254 0.0000000000
77776  40.852  -25.358  39.947 0.0000000000
72808  43.098  -31.511  42.606 0.0000000000
65025  43.309  -36.923  40.363 0.0000000000
63795  41.227  -37.852  43.842 0.0000000000
79018  46.995  -24.431  35.518 0.0000000000
77885  44.334  -25.219  32.661 0.0000000000
79020  44.049  -24.040  35.445 0.0000000000
80183  50.087  -23.123  35.851 0.0000000000
62601  24.640  -38.577  40.184 0.0000000000
61390  22.185  -40.255  42.027 0.0000000000
62548  24.570  -37.346  44.416 0.0000000000
57904  29.016  -41.658  43.945 0.0000000000
60236  32.662  -41.798  42.461 0.0000000000
60258  28.214  -40.427  41.618 0.0000000000
60307  26.430  -40.801  38.799 0.0000000000
85849  44.042  -18.605  30.310 0.0000000000
85816  47.938  -19.805  35.078 0.0000000000
86961  46.812  -17.914  33.604 0.0000000000
88169  46.690  -16.758  31.446 0.0000000000
62438  24.032  -38.051  54.762 0.0000000000
63676  22.020  -36.905  51.325 0.0000000000
64831  22.224  -36.838  55.434 0.0000000000
60022  15.955  -40.109  58.112 0.0000000000
58913  16.599  -40.610  54.519 0.0000000000
56572  14.154  -43.136  53.455 0.0000000000
54093  12.019  -45.771  53.741 0.0000000000
54073  11.496  -45.242  55.598 0.0000000000
74071  43.352  -30.779  46.268 0.0000000000
71618  45.216  -32.550  44.602 0.0000000000
69371  44.219  -34.212  41.507 0.0000000000
66127  46.596  -35.896  41.973 0.0000000000
66115  34.689  -36.245  44.632 0.0000000000
64938  39.310  -36.405  45.759 0.0000000000
64994  37.184  -35.971  41.918 0.0000000000
64992  38.791  -37.317  40.894 0.0000000000
76652  38.539  -27.627  39.904 0.0000000000
77802  38.469  -25.453  36.640 0.0000000000
74208  36.982  -29.371  37.643 0.0000000000
97561  53.803  -9.570  23.563 0.0000000000
94098  51.698  -12.569  23.988 0.0000000000
81346  47.152  -22.812  31.817 0.0000000000
79104  44.538  -24.794  31.167 0.0000000000
82417  48.598  -21.629  35.339 0.0000000000
61288  35.810  -38.836  51.280 0.0000000000
63688  37.857  -36.828  51.331 0.0000000000
62533  34.081  -38.456  47.910 0.0000000000
63815  32.878  -38.522  43.956 0.0000000000
63873  31.091  -38.168  39.872 0.0000000000
88164  53.011  -16.112  30.435 0.0000000000
87031  52.436  -17.962  27.804 0.0000000000
87067  52.569  -17.499  25.958 0.0000000000
89437  52.756  -17.102  24.385 0.0000000000
60133  27.427  -41.326  47.001 0.0000000000
62524  26.666  -38.288  47.131 0.0000000000
60088  27.099  -40.479  50.406 0.0000000000
56686  30.716  -42.577  47.178 0.0000000000
88166  50.693  -16.105  31.230 0.0000000000
63733  22.388  -36.704  47.975 0.0000000000
61291  19.806  -38.331  48.473 0.0000000000
58959  17.035  -41.206  48.918 0.0000000000
61239  18.947  -38.697  55.313 0.0000000000
58935  16.653  -41.030  52.416 0.0000000000
50615  9.550  -48.165  56.920 0.0000000000
77784  43.750  -25.596  38.632 0.0000000000
76638  39.757  -27.904  42.573 0.0000000000
74093  40.718  -29.682  45.119 0.0000000000
74152  40.904  -30.990  41.486 0.0000000000
70538  42.509  -33.195  40.286 0.0000000000
68359  43.666  -35.006  39.319 0.0000000000
65082  42.630  -37.096  36.783 0.0000000000
64891  41.211  -36.338  48.750 0.0000000000
63742  43.408  -36.772  46.421 0.0000000000
63772  44.429  -37.129  44.269 0.0000000000
62613  42.814  -38.602  41.378 0.0000000000
63885  40.949  -37.774  38.765 0.0000000000
79001  41.472  -24.805  36.301 0.0000000000
77868  38.151  -25.970  33.312 0.0000000000
78995  47.019  -24.403  36.412 0.0000000000
77800  45.657  -23.726  35.370 0.0000000000
78975  45.565  -23.770  37.169 0.0000000000
79016  48.448  -23.858  36.556 0.0000000000
62571  25.541  -38.307  41.899 0.0000000000
62572  24.479  -38.029  42.194 0.0000000000
62547  25.864  -37.763  44.138 0.0000000000
59071  27.111  -40.865  43.359 0.0000000000
59088  28.644  -41.352  43.002 0.0000000000
61371  27.321  -39.196  42.335 0.0000000000
61404  26.838  -39.514  40.763 0.0000000000
85842  44.104  -20.001  31.207 0.0000000000
84677  46.802  -20.232  33.801 0.0000000000
85828  46.986  -19.100  34.274 0.0000000000
85829  46.209  -19.174  33.613 0.0000000000
86963  45.513  -18.106  32.370 0.0000000000
57723  14.220  -40.826  56.857 0.0000000000
57733  14.619  -41.333  55.887 0.0000000000
56561  13.913  -42.916  54.714 0.0000000000
55351  13.133  -44.504  53.560 0.0000000000
55344  12.922  -44.242  54.729 0.0000000000
54084  11.760  -45.492  54.698 0.0000000000
71601  45.506  -32.261  46.245 0.0000000000
70491  45.695  -33.391  45.220 0.0000000000
69343  45.339  -34.496  43.677 0.0000000000
67209  45.500  -35.145  44.549 0.0000000000
62471  41.028  -37.446  52.183 0.0000000000
66131  33.595  -35.627  42.471 0.0000000000
66114  36.278  -35.817  43.775 0.0000000000
66130  35.017  -35.439  41.928 0.0000000000
66145  36.371  -35.739  40.175 0.0000000000
75500  38.439  -29.032  40.159 0.0000000000
75519  38.101  -28.631  39.206 0.0000000000
91691  53.967  -14.562  26.063 0.0000000000
92858  54.497  -13.115  25.866 0.0000000000
94092  54.469  -12.562  25.494 0.0000000000
95334  53.166  -11.942  24.764 0.0000000000
92868  51.995  -13.267  24.532 0.0000000000
80244  47.189  -23.942  31.878 0.0000000000
80261  45.343  -23.958  31.498 0.0000000000
79090  45.746  -24.154  32.156 0.0000000000
77864  42.763  -25.471  33.292 0.0000000000
77912  43.315  -25.789  31.573 0.0000000000
76714  42.280  -25.489  31.656 0.0000000000
79058  47.694  -23.396  34.368 0.0000000000
81326  47.578  -22.605  34.384 0.0000000000
82424  46.939  -22.114  34.002 0.0000000000
61358  21.094  -39.980  43.675 0.0000000000
60156  19.271  -40.164  45.670 0.0000000000
60132  34.200  -40.158  49.195 0.0000000000
61314  35.086  -38.817  49.679 0.0000000000
60172  32.881  -40.109  46.817 0.0000000000
59151  31.322  -41.790  40.560 0.0000000000
62582  32.801  -39.947  42.956 0.0000000000
62599  31.255  -39.675  42.181 0.0000000000
63834  30.909  -38.650  41.899 0.0000000000
61441  31.676  -40.120  39.755 0.0000000000
60321  29.602  -41.484  38.229 0.0000000000
70566  42.161  -33.722  38.215 0.0000000000
86983  51.593  -17.232  29.433 0.0000000000
86981  53.242  -17.041  29.351 0.0000000000
87014  51.103  -17.809  28.076 0.0000000000
87069  51.888  -17.937  25.453 0.0000000000
87082  52.507  -18.098  24.726 0.0000000000
88271  52.891  -17.453  24.818 0.0000000000
60112  27.636  -41.420  48.117 0.0000000000
60113  27.039  -41.021  48.511 0.0000000000
60087  27.711  -41.156  50.217 0.0000000000
57834  29.636  -42.891  47.943 0.0000000000
57850  28.484  -42.651  46.716 0.0000000000
89346  51.463  -15.475  32.316 0.0000000000
89347  50.168  -15.470  32.321 0.0000000000
88192  47.576  -16.845  30.340 0.0000000000
62497  25.581  -38.679  49.584 0.0000000000
63731  24.372  -37.581  47.338 0.0000000000
63689  24.255  -37.521  49.691 0.0000000000
63663  20.499  -37.846  51.918 0.0000000000
63692  21.062  -37.043  50.238 0.0000000000
61283  18.564  -38.485  49.918 0.0000000000
60097  18.488  -39.390  48.323 0.0000000000
61284  17.697  -38.761  50.495 0.0000000000
62413  18.168  -38.158  56.656 0.0000000000
57758  15.814  -41.877  52.946 0.0000000000
58927  17.228  -41.504  53.023 0.0000000000
57769  15.192  -41.761  52.715 0.0000000000
57786  16.019  -42.059  50.308 0.0000000000
77744  40.347  -26.815  42.526 0.0000000000
72793  42.921  -31.107  44.799 0.0000000000
74072  42.599  -30.604  45.884 0.0000000000
74108  41.592  -31.217  44.179 0.0000000000
74124  40.937  -30.783  43.080 0.0000000000
72809  41.832  -31.371  42.804 0.0000000000
72831  42.035  -31.497  40.952 0.0000000000
71636  42.914  -31.759  41.400 0.0000000000
67239  43.451  -35.142  41.294 0.0000000000
69383  43.460  -34.249  40.877 0.0000000000
66172  43.863  -35.959  39.381 0.0000000000
66187  43.393  -35.954  38.196 0.0000000000
65044  42.997  -37.204  39.002 0.0000000000
64895  37.664  -36.831  49.464 0.0000000000
64879  39.652  -35.931  50.346 0.0000000000
64908  38.824  -35.960  48.102 0.0000000000
64952  39.620  -37.143  44.595 0.0000000000
64936  41.398  -36.391  45.696 0.0000000000
63776  41.719  -36.839  44.394 0.0000000000
63757  43.861  -37.326  45.326 0.0000000000
63793  42.711  -37.122  43.625 0.0000000000
63809  43.306  -37.276  42.878 0.0000000000
63812  41.746  -38.098  42.900 0.0000000000
66159  38.268  -36.355  38.289 0.0000000000
65027  39.750  -37.291  39.284 0.0000000000
77785  42.697  -25.494  38.783 0.0000000000
78978  42.948  -25.093  36.977 0.0000000000
78964  41.300  -25.179  38.026 0.0000000000
76662  37.378  -27.542  35.801 0.0000000000
77823  37.970  -25.563  35.467 0.0000000000
96447  53.577  -9.902  21.687 0.0000000000
77834  47.162  -24.447  34.189 0.0000000000
77883  45.790  -24.327  33.122 0.0000000000
77836  46.005  -24.444  34.135 0.0000000000
77838  44.152  -24.624  34.234 0.0000000000
77839  43.183  -24.903  33.987 0.0000000000
80165  50.276  -23.189  36.916 0.0000000000
80202  48.481  -23.649  35.386 0.0000000000
62585  23.413  -38.797  41.399 0.0000000000
61356  22.499  -38.588  42.948 0.0000000000
62550  22.109  -37.807  45.272 0.0000000000
57901  31.619  -42.791  44.222 0.0000000000
59067  33.155  -42.183  44.250 0.0000000000
57948  31.022  -41.672  42.776 0.0000000000
59110  30.147  -41.410  41.816 0.0000000000
59154  28.953  -42.017  40.348 0.0000000000
60322  28.401  -41.250  38.039 0.0000000000
60281  27.044  -40.264  39.963 0.0000000000
61422  25.450  -39.855  39.611 0.0000000000
88219  49.467  -16.928  27.256 0.0000000000
58940  29.704  -40.707  51.064 0.0000000000
86942  48.827  -18.507  35.485 0.0000000000
88139  48.074  -17.502  35.064 0.0000000000
89338  48.133  -16.303  34.002 0.0000000000
88150  47.915  -16.517  33.030 0.0000000000
88151  46.787  -16.971  32.604 0.0000000000
86969  45.385  -17.501  31.376 0.0000000000
62464  24.627  -38.663  52.677 0.0000000000
62475  23.874  -38.286  51.954 0.0000000000
62457  23.755  -38.296  53.657 0.0000000000
63640  22.182  -37.831  53.649 0.0000000000
62458  20.594  -38.374  53.600 0.0000000000
60039  17.536  -39.583  56.557 0.0000000000
58898  16.407  -40.399  56.623 0.0000000000
57750  15.143  -42.057  53.797 0.0000000000
56583  15.072  -43.876  53.105 0.0000000000
55358  13.626  -45.159  52.783 0.0000000000
72775  44.449  -31.547  45.261 0.0000000000
72799  44.136  -32.187  44.002 0.0000000000
71634  43.934  -32.397  42.128 0.0000000000
70500  44.430  -33.445  42.926 0.0000000000
68308  45.817  -34.825  42.137 0.0000000000
65006  44.062  -35.795  42.196 0.0000000000
66106  35.234  -36.411  45.906 0.0000000000
64940  37.641  -36.200  46.596 0.0000000000
66104  37.254  -35.295  44.604 0.0000000000
64967  37.744  -35.812  43.688 0.0000000000
64966  38.755  -37.192  43.513 0.0000000000
63814  39.655  -37.856  42.686 0.0000000000
64993  37.977  -36.719  41.398 0.0000000000
66144  37.251  -36.124  39.677 0.0000000000
77777  39.310  -26.154  40.120 0.0000000000
77787  40.104  -25.048  38.728 0.0000000000
77788  38.830  -26.053  38.783 0.0000000000
75543  38.121  -27.872  36.979 0.0000000000
97552  54.751  -10.121  24.893 0.0000000000
96437  52.466  -11.089  24.120 0.0000000000
83544  46.077  -21.421  31.632 0.0000000000
83559  44.631  -21.815  31.261 0.0000000000
82443  45.212  -22.627  31.210 0.0000000000
77910  44.868  -24.679  32.197 0.0000000000
76752  43.477  -25.696  30.808 0.0000000000
82404  50.950  -21.730  36.392 0.0000000000
84658  51.110  -20.750  36.407 0.0000000000
85801  49.878  -19.974  36.621 0.0000000000
84661  48.872  -20.508  35.870 0.0000000000
83535  47.402  -21.139  33.892 0.0000000000
61278  37.755  -38.755  51.945 0.0000000000
62483  38.853  -37.701  52.027 0.0000000000
62496  36.866  -37.971  51.096 0.0000000000
63709  36.836  -37.825  49.525 0.0000000000
63744  35.673  -37.517  47.770 0.0000000000
61353  32.810  -40.221  44.821 0.0000000000
63763  32.976  -38.271  46.576 0.0000000000
64955  34.265  -37.225  45.589 0.0000000000
66116  34.091  -36.975  44.395 0.0000000000
66132  32.904  -37.190  42.237 0.0000000000
66149  31.551  -36.025  39.742 0.0000000000
87029  53.874  -17.501  27.939 0.0000000000
87052  51.770  -17.727  26.605 0.0000000000
85899  52.387  -17.580  26.845 0.0000000000
87066  53.215  -17.155  26.855 0.0000000000
88259  53.010  -16.902  26.230 0.0000000000
89425  53.123  -16.299  25.903 0.0000000000
90576  52.341  -15.725  24.997 0.0000000000
91698  51.907  -15.094  24.632 0.0000000000
60175  26.984  -40.378  45.106 0.0000000000
61328  27.298  -38.128  45.508 0.0000000000
61316  27.135  -39.086  47.043 0.0000000000
61304  26.480  -39.324  48.777 0.0000000000
61281  25.656  -39.384  50.670 0.0000000000
60070  28.150  -39.547  52.302 0.0000000000
61261  25.940  -39.782  53.007 0.0000000000
61244  26.241  -38.420  54.347 0.0000000000
60068  39.409  -40.453  51.831 0.0000000000
60085  36.570  -39.777  52.159 0.0000000000
58975  35.114  -41.264  51.302 0.0000000000
57846  32.819  -40.726  48.414 0.0000000000
56683  32.424  -41.850  48.083 0.0000000000
56717  32.461  -42.962  46.336 0.0000000000
57881  29.855  -43.189  44.907 0.0000000000
59027  27.652  -41.840  45.255 0.0000000000
90497  52.991  -14.900  32.208 0.0000000000
88165  52.118  -16.076  30.674 0.0000000000
88190  50.539  -16.804  29.993 0.0000000000
88167  49.350  -16.900  31.436 0.0000000000
88191  49.062  -17.039  30.063 0.0000000000
88205  49.499  -16.911  28.544 0.0000000000
63746  25.041  -37.535  46.111 0.0000000000
62537  23.069  -36.900  45.856 0.0000000000
62526  21.892  -37.718  47.286 0.0000000000
63691  22.222  -36.595  50.162 0.0000000000
62512  21.324  -37.025  48.072 0.0000000000
61319  20.709  -38.942  47.127 0.0000000000
60114  18.972  -39.764  47.479 0.0000000000
58979  17.939  -41.166  47.386 0.0000000000
63620  21.030  -38.143  55.416 0.0000000000
61254  18.699  -38.724  53.490 0.0000000000
60066  17.895  -40.139  53.291 0.0000000000
60073  17.282  -39.605  52.529 0.0000000000
58950  16.380  -41.047  50.193 0.0000000000
51843  10.081  -47.092  56.531 0.0000000000
78960  45.202  -24.727  37.777 0.0000000000
77763  41.626  -25.843  40.562 0.0000000000
77752  40.437  -26.520  41.700 0.0000000000
76646  39.039  -27.957  41.745 0.0000000000
75481  39.088  -29.488  41.326 0.0000000000
74110  40.494  -29.157  44.075 0.0000000000
74139  40.072  -30.119  42.245 0.0000000000
74153  40.083  -30.919  41.231 0.0000000000
72841  40.765  -31.421  40.371 0.0000000000
71667  41.537  -32.902  40.146 0.0000000000
70551  42.393  -33.892  39.148 0.0000000000
70527  43.586  -33.020  40.804 0.0000000000
70537  42.920  -33.974  40.074 0.0000000000
68360  43.624  -34.829  38.431 0.0000000000
67273  43.672  -35.295  37.516 0.0000000000
66204  43.190  -36.668  35.964 0.0000000000
66081  48.005  -35.972  45.711 0.0000000000
63672  39.951  -36.820  51.606 0.0000000000
63685  41.431  -35.923  49.970 0.0000000000
63683  43.485  -37.237  49.435 0.0000000000
64921  39.988  -36.351  46.911 0.0000000000
63725  42.529  -36.724  47.580 0.0000000000
63703  43.765  -37.094  48.342 0.0000000000
63722  44.200  -36.677  47.074 0.0000000000
64918  45.560  -36.283  46.467 0.0000000000
64933  45.741  -35.675  45.365 0.0000000000
64964  45.343  -36.295  43.695 0.0000000000
63826  43.508  -36.763  42.562 0.0000000000
63865  43.353  -37.717  40.387 0.0000000000
63831  40.418  -38.283  41.629 0.0000000000
63867  41.932  -38.516  39.837 0.0000000000
63883  42.544  -38.029  39.135 0.0000000000
63903  41.615  -37.998  38.140 0.0000000000
78977  43.764  -24.410  37.142 0.0000000000
79022  42.164  -24.221  35.495 0.0000000000
77841  41.008  -24.187  34.185 0.0000000000
79003  39.441  -24.805  36.616 0.0000000000
79042  39.793  -24.129  34.959 0.0000000000
77866  40.527  -24.457  33.212 0.0000000000
92869  51.401  -13.712  23.582 0.0000000000
78973  47.322  -24.332  37.573 0.0000000000
78996  46.125  -23.853  36.271 0.0000000000
78974  46.473  -24.392  37.224 0.0000000000
61372  26.495  -38.747  42.674 0.0000000000
62558  25.612  -38.178  43.033 0.0000000000
60197  27.057  -40.164  43.858 0.0000000000
60218  27.271  -40.136  42.827 0.0000000000
61354  27.272  -39.259  43.307 0.0000000000
84694  43.840  -20.317  31.037 0.0000000000
84693  44.393  -20.669  31.387 0.0000000000
84678  46.098  -20.304  32.869 0.0000000000
84679  45.217  -20.103  32.854 0.0000000000
85840  44.922  -19.854  32.544 0.0000000000
56535  13.830  -41.656  56.364 0.0000000000
56550  13.571  -42.584  55.857 0.0000000000
55343  13.326  -43.472  55.314 0.0000000000
55335  12.522  -43.905  55.799 0.0000000000
70482  46.239  -33.744  46.040 0.0000000000
70483  45.775  -33.356  46.541 0.0000000000
69328  46.458  -34.115  45.437 0.0000000000
68293  45.735  -34.573  44.772 0.0000000000
67208  46.051  -34.809  45.123 0.0000000000
62463  41.257  -38.917  52.643 0.0000000000
62472  40.329  -37.897  51.993 0.0000000000
66148  32.360  -35.729  41.238 0.0000000000
66147  34.041  -35.317  41.058 0.0000000000
67229  34.591  -34.873  40.053 0.0000000000
74168  38.581  -29.840  40.220 0.0000000000
74188  37.820  -29.967  39.913 0.0000000000
92851  53.722  -13.969  25.653 0.0000000000
92850  54.329  -13.789  25.989 0.0000000000
92859  53.947  -13.251  25.552 0.0000000000
94093  53.580  -12.589  25.154 0.0000000000
79088  47.215  -23.984  32.282 0.0000000000
79089  46.637  -24.212  32.353 0.0000000000
77887  42.316  -25.510  32.343 0.0000000000
77913  41.847  -25.309  31.671 0.0000000000
77888  41.224  -24.893  32.261 0.0000000000
79071  47.254  -23.750  33.619 0.0000000000
80225  47.719  -22.886  34.414 0.0000000000
80227  47.140  -23.717  33.258 0.0000000000
80242  47.187  -23.131  33.417 0.0000000000
61345  20.390  -39.572  44.544 0.0000000000
60155  19.624  -39.951  44.946 0.0000000000
61330  20.366  -39.405  45.866 0.0000000000
59013  33.118  -40.619  47.787 0.0000000000
60151  33.015  -40.155  47.709 0.0000000000
60173  33.416  -40.620  46.475 0.0000000000
60278  31.990  -41.227  40.830 0.0000000000
60302  31.542  -41.053  40.113 0.0000000000
61440  32.060  -39.754  40.585 0.0000000000
60319  31.383  -40.948  39.255 0.0000000000
60320  30.665  -41.155  38.545 0.0000000000
70565  42.630  -34.094  38.087 0.0000000000
86998  51.163  -17.546  28.966 0.0000000000
58978  28.251  -42.121  48.824 0.0000000000
60095  27.632  -41.410  49.160 0.0000000000
58957  28.482  -41.353  49.705 0.0000000000
57818  29.496  -42.134  48.760 0.0000000000
57835  28.658  -42.859  48.065 0.0000000000
89325  50.443  -15.334  34.707 0.0000000000
89335  51.091  -15.154  33.364 0.0000000000
90491  49.602  -15.338  32.946 0.0000000000
62485  25.200  -38.734  50.141 0.0000000000
62498  24.918  -38.251  49.599 0.0000000000
63664  19.617  -37.751  52.040 0.0000000000
62476  19.750  -37.474  51.264 0.0000000000
61274  18.392  -38.374  51.132 0.0000000000
62399  18.612  -37.653  57.873 0.0000000000
57770  15.098  -42.682  52.800 0.0000000000
57779  14.918  -42.590  52.223 0.0000000000
56605  15.180  -42.929  51.441 0.0000000000
72801  42.634  -31.408  43.852 0.0000000000
74107  42.338  -31.299  44.508 0.0000000000
74123  41.507  -31.268  43.425 0.0000000000
72821  42.284  -31.452  41.628 0.0000000000
66158  43.519  -35.670  40.870 0.0000000000
65042  43.610  -36.336  40.191 0.0000000000
65061  43.368  -36.617  38.667 0.0000000000
65043  43.586  -36.726  39.411 0.0000000000
64909  37.485  -36.541  48.556 0.0000000000
64894  38.260  -36.398  49.366 0.0000000000
63778  40.250  -37.364  44.469 0.0000000000
63777  40.849  -37.122  44.597 0.0000000000
63775  42.607  -36.900  44.487 0.0000000000
63811  42.326  -37.716  43.049 0.0000000000
63813  40.760  -38.217  42.813 0.0000000000
77775  42.099  -25.681  39.653 0.0000000000
77786  41.529  -25.544  38.783 0.0000000000
77815  47.214  -24.606  34.941 0.0000000000
77835  46.674  -24.541  34.213 0.0000000000
77816  46.551  -24.438  34.823 0.0000000000
77801  45.113  -23.606  35.373 0.0000000000
77818  44.857  -23.959  34.838 0.0000000000
77819  44.225  -24.310  34.834 0.0000000000
79040  43.398  -24.587  34.612 0.0000000000
79017  47.686  -24.106  35.841 0.0000000000
80185  48.324  -23.824  35.826 0.0000000000
80186  47.957  -23.960  35.519 0.0000000000
79038  47.777  -23.964  34.926 0.0000000000
62559  24.543  -37.710  43.289 0.0000000000
62573  23.337  -38.102  42.486 0.0000000000
62560  23.306  -37.663  43.512 0.0000000000
61343  22.386  -38.239  43.738 0.0000000000
62549  22.981  -37.472  44.603 0.0000000000
57903  29.797  -42.630  43.865 0.0000000000
57924  31.643  -42.460  43.362 0.0000000000
57926  30.111  -41.663  43.345 0.0000000000
59089  28.252  -40.856  42.389 0.0000000000
59111  29.213  -40.962  41.890 0.0000000000
59112  28.430  -41.190  41.387 0.0000000000
59134  29.818  -41.688  41.074 0.0000000000
59136  28.302  -41.580  40.939 0.0000000000
60280  27.909  -41.099  40.630 0.0000000000
62583  25.462  -38.531  40.833 0.0000000000
61421  26.310  -39.779  40.073 0.0000000000
62600  25.342  -38.891  40.017 0.0000000000
85803  48.588  -19.443  35.475 0.0000000000
86960  47.372  -17.920  34.337 0.0000000000
86952  47.952  -18.175  34.917 0.0000000000
89328  48.008  -16.607  34.570 0.0000000000
88140  47.641  -17.028  34.531 0.0000000000
85831  45.207  -18.664  32.173 0.0000000000
86970  45.232  -17.903  31.632 0.0000000000
86985  44.743  -18.013  30.792 0.0000000000
62447  24.546  -38.530  54.312 0.0000000000
62465  23.767  -38.324  52.835 0.0000000000
62448  23.703  -38.131  54.246 0.0000000000
63630  22.350  -37.432  54.337 0.0000000000
63641  21.278  -38.167  53.464 0.0000000000
63631  21.587  -37.942  54.297 0.0000000000
60032  16.111  -40.314  57.424 0.0000000000
60031  16.857  -39.927  57.347 0.0000000000
56560  14.584  -42.500  54.241 0.0000000000
57742  14.983  -41.807  54.878 0.0000000000
56571  14.733  -42.767  53.043 0.0000000000
55357  13.822  -43.903  52.673 0.0000000000
54092  12.787  -45.355  53.243 0.0000000000
52960  11.162  -46.093  55.132 0.0000000000
52952  10.883  -45.806  55.816 0.0000000000
71612  45.469  -32.464  45.323 0.0000000000
71602  45.251  -31.736  45.708 0.0000000000
71613  45.015  -31.962  44.801 0.0000000000
72791  44.204  -32.006  44.462 0.0000000000
71619  44.612  -32.494  44.072 0.0000000000
71625  44.278  -32.657  43.461 0.0000000000
70499  44.491  -33.204  43.402 0.0000000000
68298  45.484  -34.986  42.826 0.0000000000
67216  46.316  -35.656  41.804 0.0000000000
67227  45.434  -35.439  41.969 0.0000000000
66128  45.969  -36.229  42.071 0.0000000000
66105  36.003  -35.655  45.291 0.0000000000
66121  36.097  -35.965  42.508 0.0000000000
64968  37.068  -35.532  43.448 0.0000000000
64981  37.087  -35.799  42.927 0.0000000000
64980  37.834  -36.600  42.609 0.0000000000
77778  38.660  -26.726  39.427 0.0000000000
75530  37.715  -28.251  38.046 0.0000000000
75531  37.453  -28.603  37.131 0.0000000000
95335  52.334  -11.852  24.305 0.0000000000
96431  53.228  -11.163  24.868 0.0000000000
95337  51.731  -11.716  23.200 0.0000000000
94099  51.178  -12.754  22.986 0.0000000000
82434  46.609  -22.272  31.831 0.0000000000
82442  46.024  -22.458  31.499 0.0000000000
80262  44.400  -24.380  30.832 0.0000000000
79105  44.069  -25.039  30.523 0.0000000000
77884  45.170  -24.554  32.883 0.0000000000
76732  43.456  -25.788  31.062 0.0000000000
76753  42.660  -25.475  30.400 0.0000000000
80164  50.699  -22.727  36.655 0.0000000000
82394  51.304  -21.858  36.683 0.0000000000
81286  50.733  -22.331  36.305 0.0000000000
81300  49.239  -22.028  35.333 0.0000000000
82406  49.887  -21.641  35.813 0.0000000000
83521  49.801  -20.996  36.125 0.0000000000
84659  50.240  -20.541  36.406 0.0000000000
84649  49.772  -20.598  36.058 0.0000000000
83528  48.162  -21.156  35.284 0.0000000000
82432  47.160  -22.454  33.047 0.0000000000
82425  47.071  -21.845  33.279 0.0000000000
82433  47.039  -22.166  32.462 0.0000000000
83536  47.016  -21.149  33.029 0.0000000000
61279  36.988  -38.969  52.017 0.0000000000
61286  37.087  -38.179  51.471 0.0000000000
61287  36.468  -38.406  51.369 0.0000000000
62522  34.914  -38.337  48.674 0.0000000000
61313  35.631  -38.274  49.736 0.0000000000
62521  35.585  -38.245  49.059 0.0000000000
63728  35.996  -37.956  48.268 0.0000000000
63745  35.037  -37.708  47.837 0.0000000000
59085  33.078  -42.103  43.425 0.0000000000
60215  33.360  -40.845  44.496 0.0000000000
60235  33.085  -41.533  42.907 0.0000000000
63799  33.113  -38.983  43.962 0.0000000000
62569  33.074  -39.439  44.324 0.0000000000
63780  32.872  -37.988  45.744 0.0000000000
63779  33.549  -37.559  45.926 0.0000000000
64956  33.490  -37.517  45.516 0.0000000000
64982  32.750  -37.841  43.883 0.0000000000
64996  31.142  -38.016  41.484 0.0000000000
64995  31.547  -37.778  42.079 0.0000000000
65014  31.009  -37.077  40.948 0.0000000000
65013  32.046  -37.017  41.560 0.0000000000
60306  27.534  -41.146  39.213 0.0000000000
60323  27.277  -41.178  37.857 0.0000000000
89362  53.173  -15.572  30.682 0.0000000000
86996  52.968  -17.674  28.992 0.0000000000
86980  53.978  -16.855  29.265 0.0000000000
87011  53.445  -17.652  28.427 0.0000000000
87010  54.233  -17.209  28.434 0.0000000000
87030  53.128  -17.954  28.038 0.0000000000
87034  50.299  -17.365  26.638 0.0000000000
87033  51.062  -17.683  27.141 0.0000000000
85919  52.265  -18.017  25.675 0.0000000000
85900  52.149  -17.757  26.052 0.0000000000
85918  52.370  -17.644  26.021 0.0000000000
85917  52.683  -17.401  26.723 0.0000000000
87080  52.785  -17.225  25.921 0.0000000000
88260  52.903  -16.778  25.737 0.0000000000
89429  52.727  -16.633  24.937 0.0000000000
90575  52.845  -16.057  25.471 0.0000000000
89430  52.412  -16.397  24.464 0.0000000000
60154  26.908  -40.187  46.375 0.0000000000
61327  27.825  -38.722  45.659 0.0000000000
60096  26.836  -40.959  49.410 0.0000000000
61303  26.775  -40.006  48.376 0.0000000000
61289  26.646  -40.023  49.528 0.0000000000
61290  26.282  -39.192  49.639 0.0000000000
61280  26.431  -39.999  50.522 0.0000000000
58941  29.017  -40.575  51.504 0.0000000000
60071  26.892  -39.299  52.457 0.0000000000
60065  26.635  -38.571  53.404 0.0000000000
61252  26.041  -38.560  53.335 0.0000000000
60077  37.999  -40.091  52.173 0.0000000000
58976  34.214  -40.739  50.986 0.0000000000
56672  30.949  -42.474  48.224 0.0000000000
56685  31.413  -42.417  47.391 0.0000000000
56700  32.551  -42.191  46.908 0.0000000000
56702  31.266  -42.816  46.526 0.0000000000
56719  31.098  -43.147  45.717 0.0000000000
57865  29.781  -42.881  46.059 0.0000000000
59014  27.793  -42.058  46.346 0.0000000000
57867  28.283  -42.551  45.529 0.0000000000
60153  27.420  -41.198  45.917 0.0000000000
60174  27.344  -41.228  45.299 0.0000000000
82444  44.252  -22.749  30.916 0.0000000000
89364  51.762  -15.720  31.531 0.0000000000
88168  47.915  -16.563  31.474 0.0000000000
88207  46.969  -16.992  29.432 0.0000000000
88206  48.150  -16.872  29.103 0.0000000000
62535  26.066  -38.171  45.674 0.0000000000
63730  25.303  -38.056  46.949 0.0000000000
63732  23.310  -37.179  47.615 0.0000000000
63748  23.555  -37.299  46.768 0.0000000000
62525  22.737  -37.197  46.729 0.0000000000
63661  22.845  -37.707  52.202 0.0000000000
63675  23.467  -37.441  51.036 0.0000000000
62500  20.284  -37.519  49.277 0.0000000000
62499  21.133  -36.838  49.140 0.0000000000
62513  20.688  -37.874  48.410 0.0000000000
62527  21.107  -38.230  47.840 0.0000000000
61305  20.371  -38.843  47.932 0.0000000000
61320  19.967  -39.677  47.451 0.0000000000
61306  19.600  -39.298  48.115 0.0000000000
60098  17.405  -39.907  48.745 0.0000000000
60115  17.986  -40.141  47.690 0.0000000000
58958  17.541  -40.869  48.098 0.0000000000
57798  17.191  -42.333  48.718 0.0000000000
62425  19.194  -38.125  56.138 0.0000000000
62440  20.288  -38.644  55.234 0.0000000000
62450  20.082  -38.710  54.384 0.0000000000
61246  19.377  -39.164  54.531 0.0000000000
60040  17.183  -40.206  56.140 0.0000000000
60049  17.141  -40.108  54.978 0.0000000000
60067  17.419  -40.695  53.512 0.0000000000
60074  17.302  -40.664  52.745 0.0000000000
60082  16.631  -40.134  51.946 0.0000000000
60090  16.524  -40.057  50.684 0.0000000000
58942  16.076  -40.607  51.413 0.0000000000
54063  10.746  -45.617  57.119 0.0000000000
54052  10.642  -45.476  57.745 0.0000000000
52942  10.146  -46.654  57.719 0.0000000000
51844  9.765  -47.423  56.956 0.0000000000
77761  43.545  -26.349  40.269 0.0000000000
77751  41.361  -26.211  41.361 0.0000000000
77764  40.533  -26.126  40.846 0.0000000000
77753  39.780  -27.164  42.053 0.0000000000
75465  39.518  -28.972  42.525 0.0000000000
74092  41.412  -30.649  45.196 0.0000000000
74138  40.751  -30.825  42.047 0.0000000000
72842  40.160  -31.027  40.177 0.0000000000
72833  40.597  -31.175  40.638 0.0000000000
71648  42.506  -31.849  40.853 0.0000000000
71657  42.066  -32.461  40.425 0.0000000000
70539  41.923  -33.111  40.215 0.0000000000
70514  44.218  -32.899  41.658 0.0000000000
71646  43.736  -32.440  41.440 0.0000000000
70513  44.229  -33.559  41.458 0.0000000000
68347  43.451  -34.882  39.966 0.0000000000
69384  43.168  -34.289  40.173 0.0000000000
68348  43.484  -34.746  39.384 0.0000000000
69397  43.237  -34.454  39.231 0.0000000000
67272  43.825  -35.420  38.788 0.0000000000
65062  42.842  -36.879  37.963 0.0000000000
66188  42.892  -36.313  37.074 0.0000000000
65083  42.070  -37.688  36.614 0.0000000000
62494  38.081  -36.973  51.876 0.0000000000
63673  39.212  -36.892  51.997 0.0000000000
63687  38.808  -36.344  51.196 0.0000000000
64878  40.329  -35.701  49.818 0.0000000000
63684  42.463  -36.940  49.678 0.0000000000
63705  42.122  -36.471  48.699 0.0000000000
64939  38.243  -35.981  46.053 0.0000000000
64922  39.005  -36.146  46.902 0.0000000000
64919  42.026  -36.568  46.481 0.0000000000
63743  42.823  -36.714  46.696 0.0000000000
63724  43.301  -36.870  47.474 0.0000000000
63723  43.831  -36.841  47.288 0.0000000000
63741  43.800  -36.916  46.240 0.0000000000
63756  44.333  -37.074  45.141 0.0000000000
63739  44.760  -36.503  45.820 0.0000000000
63755  44.806  -36.649  44.914 0.0000000000
64950  45.225  -36.185  44.637 0.0000000000
64949  45.424  -35.651  44.266 0.0000000000
63771  44.864  -36.671  44.053 0.0000000000
62579  42.857  -37.766  42.279 0.0000000000
63808  43.748  -37.081  42.937 0.0000000000
62611  43.353  -37.861  41.694 0.0000000000
63847  43.460  -37.740  41.315 0.0000000000
63848  43.229  -38.449  40.847 0.0000000000
63852  39.409  -37.736  40.507 0.0000000000
63886  40.298  -37.468  38.813 0.0000000000
63869  40.246  -37.883  39.452 0.0000000000
63868  40.999  -38.226  39.660 0.0000000000
63884  41.708  -38.198  38.944 0.0000000000
63902  42.228  -38.104  38.369 0.0000000000
63904  41.099  -37.619  37.983 0.0000000000
77783  44.798  -25.568  38.496 0.0000000000
78961  44.255  -24.976  37.796 0.0000000000
79000  42.532  -24.642  36.232 0.0000000000
77821  41.842  -24.012  34.716 0.0000000000
79023  41.145  -24.204  35.523 0.0000000000
77792  39.161  -25.226  37.705 0.0000000000
77843  38.625  -25.375  34.311 0.0000000000
79043  38.900  -24.688  34.927 0.0000000000
77842  39.674  -24.550  34.107 0.0000000000
77867  39.365  -25.076  33.317 0.0000000000
97567  54.606  -9.463  22.170 0.0000000000
96456  53.808  -10.544  20.585 0.0000000000
96446  54.713  -10.057  21.188 0.0000000000
91704  51.576  -14.792  23.820 0.0000000000
90592  51.652  -15.309  23.356 0.0000000000
77799  46.459  -24.054  35.463 0.0000000000
78997  45.156  -23.320  36.096 0.0000000000
78994  47.992  -24.432  36.993 0.0000000000
57905  28.170  -41.759  43.948 0.0000000000
59069  28.359  -41.588  43.560 0.0000000000
59070  27.742  -41.433  43.377 0.0000000000
60237  27.833  -40.381  42.379 0.0000000000
60238  27.858  -39.752  42.008 0.0000000000
60259  27.839  -39.835  40.931 0.0000000000
61387  27.331  -39.337  41.512 0.0000000000
61388  26.505  -38.846  41.494 0.0000000000
85841  44.701  -19.323  31.589 0.0000000000
84668  47.430  -20.140  34.635 0.0000000000
85817  47.797  -19.097  34.812 0.0000000000
86962  46.040  -18.084  32.998 0.0000000000
85830  45.302  -19.224  32.853 0.0000000000
63616  24.713  -37.643  55.849 0.0000000000
63617  23.819  -37.366  55.325 0.0000000000
56549  14.302  -42.161  55.365 0.0000000000
55350  13.519  -43.670  54.064 0.0000000000
54083  12.466  -44.986  54.198 0.0000000000
54072  12.169  -44.700  55.193 0.0000000000
54061  11.843  -44.446  56.054 0.0000000000
71600  45.602  -32.784  46.874 0.0000000000
71611  45.468  -32.899  46.073 0.0000000000
70492  45.422  -32.887  44.815 0.0000000000
70498  45.238  -33.199  44.174 0.0000000000
70497  45.567  -33.620  44.387 0.0000000000
68294  45.439  -34.802  43.899 0.0000000000
67212  45.610  -35.447  43.178 0.0000000000
66122  34.883  -36.027  43.160 0.0000000000
66129  36.223  -35.704  41.312 0.0000000000
66146  35.367  -35.230  40.480 0.0000000000
67228  35.145  -35.012  39.942 0.0000000000
90569  54.310  -15.177  26.536 0.0000000000
90568  55.241  -15.107  26.657 0.0000000000
91690  54.726  -14.384  26.503 0.0000000000
95329  54.418  -11.393  25.389 0.0000000000
95333  54.155  -11.805  25.153 0.0000000000
94094  52.603  -12.584  24.720 0.0000000000
81361  47.265  -23.364  31.644 0.0000000000
81362  46.756  -23.096  31.486 0.0000000000
80259  47.046  -23.565  31.556 0.0000000000
80245  46.288  -23.951  31.920 0.0000000000
79091  45.044  -24.423  31.749 0.0000000000
77863  43.765  -25.276  33.346 0.0000000000
77886  43.355  -25.743  32.396 0.0000000000
76713  42.720  -25.632  31.651 0.0000000000
80200  49.449  -22.999  34.994 0.0000000000
81299  49.952  -22.395  35.594 0.0000000000
81312  48.805  -22.504  34.787 0.0000000000
81313  48.477  -22.111  34.990 0.0000000000
82423  47.877  -21.867  34.741 0.0000000000
81327  47.038  -22.662  33.882 0.0000000000
81344  47.173  -22.891  33.315 0.0000000000
61357  21.786  -39.145  43.336 0.0000000000
60178  18.503  -40.716  45.092 0.0000000000
60157  18.345  -40.600  45.842 0.0000000000
60110  35.028  -40.064  50.212 0.0000000000
61302  35.208  -39.258  50.399 0.0000000000
60131  34.667  -39.527  49.452 0.0000000000
61315  34.412  -39.097  48.806 0.0000000000
61326  33.327  -39.201  48.176 0.0000000000
59131  32.110  -41.895  41.770 0.0000000000
61386  32.954  -40.782  42.725 0.0000000000
60277  32.126  -41.266  41.538 0.0000000000
62598  31.719  -39.897  43.031 0.0000000000
63816  32.347  -38.873  43.718 0.0000000000
63833  31.087  -38.710  43.059 0.0000000000
62636  31.486  -39.119  40.261 0.0000000000
62637  31.551  -39.126  39.114 0.0000000000
61458  31.231  -40.167  38.637 0.0000000000
60331  30.211  -40.905  37.418 0.0000000000
70552  41.679  -33.441  39.423 0.0000000000
88188  52.695  -16.536  29.902 0.0000000000
86982  52.403  -17.227  29.449 0.0000000000
86997  52.108  -17.950  29.105 0.0000000000
87013  51.881  -18.021  28.355 0.0000000000
87053  50.979  -17.720  26.068 0.0000000000
87068  52.549  -17.958  25.481 0.0000000000
87081  52.955  -17.849  25.369 0.0000000000
88272  52.523  -17.835  24.178 0.0000000000
88283  52.669  -17.284  24.119 0.0000000000
60134  27.007  -40.563  47.552 0.0000000000
57833  30.266  -42.573  47.758 0.0000000000
57849  29.198  -43.104  46.966 0.0000000000
58999  27.922  -42.212  47.558 0.0000000000
89334  51.990  -15.184  32.782 0.0000000000
89365  51.056  -15.727  31.838 0.0000000000
88148  50.085  -15.928  31.773 0.0000000000
88193  46.447  -16.936  30.480 0.0000000000
62510  25.778  -38.532  48.356 0.0000000000
63710  25.049  -37.953  47.808 0.0000000000
63711  24.623  -37.692  48.540 0.0000000000
63712  23.374  -37.062  48.781 0.0000000000
63662  21.544  -37.599  52.052 0.0000000000
63677  20.777  -37.236  51.212 0.0000000000
62488  19.950  -37.303  50.264 0.0000000000
62501  19.372  -37.976  49.468 0.0000000000
61292  18.877  -38.686  48.777 0.0000000000
61293  18.186  -39.278  49.441 0.0000000000
60089  17.206  -39.496  49.968 0.0000000000
63593  20.093  -37.512  57.105 0.0000000000
61230  18.599  -38.499  55.805 0.0000000000
58921  16.247  -41.200  53.977 0.0000000000
58920  16.853  -41.027  53.671 0.0000000000
58928  16.492  -41.537  53.197 0.0000000000
58936  16.311  -41.530  52.860 0.0000000000
58943  15.562  -40.967  52.160 0.0000000000
58951  15.757  -41.257  51.076 0.0000000000
57778  15.200  -41.909  51.473 0.0000000000
77743  41.207  -26.453  42.234 0.0000000000
76629  40.917  -26.744  43.132 0.0000000000
76630  40.219  -27.473  43.199 0.0000000000
75452  40.211  -28.535  43.206 0.0000000000
72776  43.644  -30.957  45.621 0.0000000000
72777  42.880  -30.926  45.325 0.0000000000
74091  42.251  -31.109  45.057 0.0000000000
74109  40.694  -30.330  44.200 0.0000000000
72810  41.172  -31.116  42.445 0.0000000000
72822  41.381  -31.141  41.868 0.0000000000
72832  41.320  -31.213  40.907 0.0000000000
71647  43.210  -32.234  41.006 0.0000000000
68324  43.901  -34.478  41.392 0.0000000000
68335  43.395  -34.728  41.045 0.0000000000
67255  43.585  -35.255  40.091 0.0000000000
66186  43.811  -35.784  38.747 0.0000000000
66173  43.693  -36.341  38.864 0.0000000000
63707  37.774  -36.870  50.388 0.0000000000
63706  38.541  -36.391  50.120 0.0000000000
64893  39.272  -35.853  49.498 0.0000000000
64892  40.382  -36.156  48.889 0.0000000000
64937  40.485  -36.694  45.486 0.0000000000
63760  41.590  -36.607  45.109 0.0000000000
63759  42.482  -36.718  45.569 0.0000000000
63758  43.322  -37.069  45.429 0.0000000000
63774  43.343  -37.177  44.490 0.0000000000
63773  43.918  -37.408  44.409 0.0000000000
63791  43.905  -37.304  43.588 0.0000000000
63792  43.351  -37.224  43.632 0.0000000000
62581  42.155  -38.063  42.669 0.0000000000
62594  42.147  -38.209  42.219 0.0000000000
65029  38.060  -36.308  39.204 0.0000000000
65010  39.125  -37.271  39.973 0.0000000000
65028  38.924  -36.809  38.998 0.0000000000
65047  39.824  -37.322  38.203 0.0000000000
65046  40.562  -37.520  38.221 0.0000000000
65066  39.880  -37.096  37.088 0.0000000000
78962  43.297  -25.217  37.887 0.0000000000
78963  42.278  -25.342  37.950 0.0000000000
78979  41.871  -25.242  37.090 0.0000000000
78980  40.680  -24.970  37.409 0.0000000000
76661  37.833  -26.846  36.201 0.0000000000
76673  37.348  -26.303  35.645 0.0000000000
96440  53.053  -9.803  22.844 0.0000000000
97568  53.860  -9.406  22.659 0.0000000000
77881  46.965  -24.308  33.394 0.0000000000
79073  46.720  -24.230  32.672 0.0000000000
77860  46.269  -24.372  33.588 0.0000000000
77861  45.522  -24.394  33.492 0.0000000000
77862  44.680  -24.757  33.416 0.0000000000
77817  45.839  -24.069  34.688 0.0000000000
77837  45.166  -24.252  34.025 0.0000000000
77840  42.272  -24.626  33.911 0.0000000000
79015  48.992  -23.578  37.038 0.0000000000
80184  49.195  -23.551  36.229 0.0000000000
80201  49.013  -23.448  35.066 0.0000000000
79037  48.359  -23.478  34.879 0.0000000000
79059  47.287  -24.120  33.828 0.0000000000
61373  22.424  -39.071  41.992 0.0000000000
61374  22.143  -39.653  42.691 0.0000000000
61344  21.569  -38.556  44.316 0.0000000000
57899  33.229  -42.621  44.964 0.0000000000
59046  33.871  -41.950  45.140 0.0000000000
57900  32.581  -42.914  44.394 0.0000000000
59087  31.917  -42.469  42.568 0.0000000000
57927  29.490  -41.344  42.850 0.0000000000
57949  30.249  -41.418  42.518 0.0000000000
59109  30.990  -41.587  41.943 0.0000000000
59133  30.760  -42.041  41.246 0.0000000000
59152  30.440  -42.042  40.373 0.0000000000
60304  30.034  -41.981  39.394 0.0000000000
60305  28.761  -41.646  39.744 0.0000000000
87015  50.396  -17.320  27.710 0.0000000000
58948  29.537  -40.760  49.923 0.0000000000
57784  30.269  -41.294  50.592 0.0000000000
88132  49.953  -17.649  36.254 0.0000000000
88133  49.305  -18.059  35.838 0.0000000000
86943  48.412  -18.639  35.196 0.0000000000
86951  48.376  -18.062  35.220 0.0000000000
89326  49.537  -16.371  34.910 0.0000000000
89327  48.529  -16.476  34.635 0.0000000000
89337  48.930  -15.776  33.736 0.0000000000
89348  49.000  -15.769  32.800 0.0000000000
89349  48.465  -16.083  33.376 0.0000000000
88152  45.952  -17.308  32.226 0.0000000000
88170  45.690  -17.232  31.399 0.0000000000
88194  45.729  -17.162  30.565 0.0000000000
62474  24.725  -38.649  51.913 0.0000000000
62487  24.174  -38.245  51.405 0.0000000000
63639  22.961  -38.050  53.983 0.0000000000
63649  22.916  -38.042  53.181 0.0000000000
63650  21.985  -37.892  52.847 0.0000000000
63651  21.051  -38.187  52.616 0.0000000000
63652  20.086  -38.119  52.649 0.0000000000
62466  19.037  -37.794  52.781 0.0000000000
61224  17.168  -39.412  57.355 0.0000000000
58906  16.545  -40.476  55.565 0.0000000000
58914  16.040  -40.911  54.988 0.0000000000
57741  15.634  -41.490  54.411 0.0000000000
57759  15.207  -42.296  52.829 0.0000000000
56582  15.560  -43.454  52.860 0.0000000000
56593  15.690  -44.147  52.711 0.0000000000
55366  13.682  -45.356  52.069 0.0000000000
72760  44.750  -31.414  46.496 0.0000000000
72792  43.577  -31.528  44.637 0.0000000000
72800  43.638  -31.936  43.662 0.0000000000
71627  43.636  -31.989  42.480 0.0000000000
71626  43.963  -32.371  42.998 0.0000000000
70506  44.295  -33.033  42.591 0.0000000000
69357  44.429  -33.463  42.066 0.0000000000
69337  44.829  -33.852  43.533 0.0000000000
68300  44.815  -34.447  42.672 0.0000000000
69370  44.615  -34.555  42.015 0.0000000000
68323  44.549  -34.920  41.910 0.0000000000
66157  43.716  -35.401  41.639 0.0000000000
65024  43.153  -36.159  41.001 0.0000000000
66086  36.469  -36.473  46.997 0.0000000000
66094  37.123  -36.042  45.978 0.0000000000
66093  37.864  -35.610  45.234 0.0000000000
66103  37.873  -35.631  44.713 0.0000000000
64953  38.383  -36.215  44.740 0.0000000000
64965  39.522  -37.475  43.861 0.0000000000
63797  39.551  -37.584  43.468 0.0000000000
64979  38.864  -37.121  42.052 0.0000000000
65012  37.321  -35.979  40.762 0.0000000000
65011  38.121  -36.790  40.123 0.0000000000
76658  38.375  -26.696  37.602 0.0000000000
76655  38.157  -27.226  38.881 0.0000000000
97557  53.860  -9.808  24.120 0.0000000000
96430  54.230  -10.609  25.110 0.0000000000
96436  53.219  -10.172  24.150 0.0000000000
95341  51.427  -11.874  22.074 0.0000000000
84691  46.255  -20.700  32.055 0.0000000000
83545  45.247  -21.254  31.523 0.0000000000
83558  45.482  -21.931  31.432 0.0000000000
81363  45.803  -23.207  31.452 0.0000000000
81364  44.729  -23.527  30.979 0.0000000000
77909  45.836  -24.176  32.581 0.0000000000
77933  44.523  -25.100  31.527 0.0000000000
77911  44.078  -25.639  31.743 0.0000000000
77934  44.046  -25.578  30.907 0.0000000000
77946  43.644  -25.357  30.394 0.0000000000
81298  50.557  -22.056  36.085 0.0000000000
83519  51.039  -21.196  36.251 0.0000000000
85787  50.132  -19.704  36.556 0.0000000000
85802  49.357  -19.972  36.236 0.0000000000
84667  48.049  -20.368  35.247 0.0000000000
83534  47.641  -21.454  34.470 0.0000000000
83529  47.679  -20.890  34.725 0.0000000000
61269  39.320  -39.148  51.808 0.0000000000
62473  39.677  -38.365  51.721 0.0000000000
61277  38.491  -38.449  52.062 0.0000000000
62484  38.021  -38.075  52.159 0.0000000000
62495  37.419  -37.576  51.461 0.0000000000
61301  35.675  -38.480  50.546 0.0000000000
62508  36.789  -37.803  50.333 0.0000000000
62507  37.209  -37.483  50.392 0.0000000000
63708  37.166  -37.417  49.505 0.0000000000
64911  36.388  -37.512  48.249 0.0000000000
64925  35.993  -36.900  47.568 0.0000000000
60195  33.459  -40.924  45.318 0.0000000000
61340  32.638  -40.012  46.028 0.0000000000
62545  33.011  -38.545  47.292 0.0000000000
61369  33.467  -40.310  44.056 0.0000000000
62557  32.254  -39.171  45.210 0.0000000000
63762  33.755  -37.705  46.792 0.0000000000
64926  35.490  -37.328  47.495 0.0000000000
64941  35.672  -36.711  46.845 0.0000000000
64969  34.229  -37.081  44.795 0.0000000000
66123  33.598  -36.748  43.641 0.0000000000
64983  32.037  -37.813  43.193 0.0000000000
72850  39.405  -30.846  39.707 0.0000000000
87028  54.763  -16.937  28.043 0.0000000000
87032  51.746  -17.872  27.559 0.0000000000
85882  52.458  -17.760  27.365 0.0000000000
85898  52.918  -17.533  27.333 0.0000000000
85897  53.417  -17.533  27.624 0.0000000000
87049  54.546  -16.964  27.843 0.0000000000
88245  54.542  -16.729  27.702 0.0000000000
88258  54.151  -16.441  27.247 0.0000000000
89424  53.662  -16.091  26.503 0.0000000000
88246  53.220  -16.637  26.279 0.0000000000
90570  53.261  -15.445  25.936 0.0000000000
90571  52.710  -15.109  25.666 0.0000000000
91692  53.153  -14.541  25.736 0.0000000000
91697  52.390  -14.687  25.303 0.0000000000
90577  52.003  -15.493  24.583 0.0000000000
61341  27.456  -39.166  44.387 0.0000000000
61342  26.947  -38.389  44.864 0.0000000000
62523  27.595  -37.902  46.453 0.0000000000
61317  26.614  -38.988  47.892 0.0000000000
61282  25.306  -39.372  51.321 0.0000000000
58949  28.786  -40.769  50.600 0.0000000000
60079  28.068  -40.466  51.292 0.0000000000
60080  27.186  -39.820  51.348 0.0000000000
61271  26.280  -40.103  51.554 0.0000000000
61272  25.591  -40.018  51.824 0.0000000000
61273  25.270  -39.323  51.924 0.0000000000
61262  25.300  -39.119  52.721 0.0000000000
61245  25.459  -38.684  53.888 0.0000000000
61238  25.515  -38.652  54.681 0.0000000000
62436  26.054  -38.235  55.698 0.0000000000
62437  24.920  -38.478  55.428 0.0000000000
61270  38.519  -39.488  51.875 0.0000000000
60084  37.332  -39.359  52.122 0.0000000000
60094  35.718  -39.899  51.497 0.0000000000
60086  36.012  -40.548  51.810 0.0000000000
58974  34.965  -40.689  51.345 0.0000000000
60111  34.625  -40.400  50.638 0.0000000000
59012  33.361  -40.317  48.668 0.0000000000
57862  33.156  -41.128  47.460 0.0000000000
56682  32.566  -41.382  48.527 0.0000000000
56699  32.809  -41.795  47.648 0.0000000000
57864  33.026  -42.751  46.327 0.0000000000
57879  31.764  -42.957  45.130 0.0000000000
57880  30.885  -43.235  44.866 0.0000000000
57882  28.836  -42.922  44.573 0.0000000000
57866  28.999  -43.106  45.782 0.0000000000
57883  28.156  -42.258  44.509 0.0000000000
59047  27.683  -41.664  44.350 0.0000000000
84706  43.989  -21.341  31.128 0.0000000000
89344  53.563  -14.814  31.346 0.0000000000
89363  52.676  -15.637  31.117 0.0000000000
89345  52.478  -15.360  32.046 0.0000000000
88189  51.681  -16.597  30.033 0.0000000000
88204  50.224  -16.974  29.202 0.0000000000
90499  49.486  -15.527  32.725 0.0000000000
88149  49.449  -16.045  31.945 0.0000000000
62536  24.390  -37.143  45.484 0.0000000000
63747  24.307  -37.379  46.398 0.0000000000
62538  21.969  -37.699  46.169 0.0000000000
61318  21.017  -38.312  46.411 0.0000000000
63690  23.370  -36.858  49.870 0.0000000000
63713  22.250  -36.353  48.924 0.0000000000
61331  20.059  -39.865  46.620 0.0000000000
60135  19.228  -40.143  46.695 0.0000000000
60136  18.399  -40.656  46.890 0.0000000000
59000  18.023  -41.317  46.856 0.0000000000
63619  21.514  -37.323  55.214 0.0000000000
62439  21.144  -38.185  54.911 0.0000000000
62459  19.832  -38.414  53.600 0.0000000000
61231  18.119  -38.888  55.930 0.0000000000
61240  18.797  -39.495  55.270 0.0000000000
60058  17.088  -40.351  54.098 0.0000000000
60057  17.923  -40.187  54.254 0.0000000000
61247  18.861  -40.097  54.735 0.0000000000
61255  19.000  -40.117  53.703 0.0000000000
61264  18.208  -39.396  52.987 0.0000000000
61275  17.588  -38.705  51.887 0.0000000000
60081  17.038  -39.352  51.256 0.0000000000
60099  16.808  -40.324  49.633 0.0000000000
57785  16.695  -41.905  49.508 0.0000000000
54062  11.257  -45.039  56.630 0.0000000000
52953  10.525  -46.275  56.394 0.0000000000
51855  10.376  -47.371  55.892 0.0000000000
52941  10.344  -46.391  57.234 0.0000000000
78959  46.055  -24.658  37.842 0.0000000000
77774  43.168  -25.905  39.509 0.0000000000
77765  39.751  -26.973  41.125 0.0000000000
76651  38.972  -27.376  40.752 0.0000000000
76647  38.666  -28.432  40.772 0.0000000000
75482  38.679  -29.143  40.689 0.0000000000
75499  38.749  -29.581  40.573 0.0000000000
75437  40.349  -28.120  44.046 0.0000000000
74125  40.448  -29.609  43.154 0.0000000000
74167  39.331  -30.204  40.368 0.0000000000
71659  40.423  -31.800  40.002 0.0000000000
71658  41.203  -32.118  40.247 0.0000000000
71668  41.056  -32.942  39.805 0.0000000000
70564  42.891  -34.320  37.984 0.0000000000
71635  43.415  -31.922  41.803 0.0000000000
70528  43.052  -32.680  40.668 0.0000000000
70526  43.584  -33.783  40.930 0.0000000000
70536  43.231  -34.053  40.544 0.0000000000
70550  42.844  -34.267  38.713 0.0000000000
69404  43.201  -34.503  37.928 0.0000000000
68371  43.615  -34.707  36.990 0.0000000000
66203  43.387  -35.825  36.593 0.0000000000
67194  47.809  -35.025  45.482 0.0000000000
63660  40.757  -37.060  51.854 0.0000000000
63671  41.034  -36.278  51.382 0.0000000000
63686  40.191  -36.032  50.784 0.0000000000
63670  42.083  -36.700  50.905 0.0000000000
64923  38.054  -36.191  47.228 0.0000000000
66076  39.454  -36.229  47.802 0.0000000000
64906  40.718  -36.408  47.796 0.0000000000
64920  41.092  -36.383  46.636 0.0000000000
64905  41.657  -36.494  47.648 0.0000000000
63704  42.966  -37.013  48.524 0.0000000000
63682  44.330  -37.214  49.189 0.0000000000
63702  44.325  -36.891  48.111 0.0000000000
63740  44.096  -36.694  46.037 0.0000000000
63721  44.800  -36.420  46.798 0.0000000000
64903  46.490  -36.563  47.026 0.0000000000
64917  46.279  -36.236  46.044 0.0000000000
66092  46.862  -35.921  45.536 0.0000000000
66101  46.672  -35.194  45.131 0.0000000000
66102  45.982  -35.261  45.161 0.0000000000
66112  45.592  -35.530  43.786 0.0000000000
64977  46.110  -36.248  42.708 0.0000000000
63790  44.385  -36.968  43.526 0.0000000000
63807  44.271  -36.720  43.010 0.0000000000
63824  44.843  -36.349  42.684 0.0000000000
64991  43.811  -36.121  42.470 0.0000000000
65008  43.014  -36.658  41.216 0.0000000000
63830  41.540  -38.385  41.805 0.0000000000
63851  40.138  -38.168  40.436 0.0000000000
63850  41.197  -38.436  40.690 0.0000000000
63849  42.273  -38.693  40.859 0.0000000000
63866  42.736  -38.156  40.113 0.0000000000
63882  42.947  -37.600  39.696 0.0000000000
65045  42.643  -37.644  38.372 0.0000000000
65063  42.209  -37.602  37.650 0.0000000000
65064  41.511  -37.806  37.380 0.0000000000
80151  44.436  -23.202  36.859 0.0000000000
78998  44.138  -23.310  36.399 0.0000000000
78999  43.404  -24.198  36.286 0.0000000000
79021  43.155  -24.429  35.390 0.0000000000
77820  42.674  -24.489  34.682 0.0000000000
77791  39.895  -24.849  37.831 0.0000000000
78981  39.881  -24.862  37.239 0.0000000000
79002  40.418  -24.736  36.453 0.0000000000
79025  38.834  -24.402  35.825 0.0000000000
79024  40.042  -24.343  35.743 0.0000000000
79041  40.656  -23.995  35.065 0.0000000000
92861  51.891  -14.157  24.626 0.0000000000
91712  51.511  -14.817  22.566 0.0000000000
55364  15.380  -44.154  52.267 0.0000000000
56684  31.945  -41.944  47.573 0.0000000000
56701  31.949  -42.681  46.758 0.0000000000
56703  30.522  -42.767  46.290 0.0000000000
56718  31.878  -43.223  46.023 0.0000000000
56720  30.393  -43.130  45.551 0.0000000000
57749  15.732  -41.580  53.342 0.0000000000
57819  28.780  -42.275  48.628 0.0000000000
57832  32.569  -40.905  48.860 0.0000000000
57847  32.915  -41.303  47.934 0.0000000000
57848  29.952  -42.671  47.017 0.0000000000
57863  33.386  -41.970  46.893 0.0000000000
57877  33.517  -42.526  45.792 0.0000000000
57878  32.666  -42.959  45.537 0.0000000000
57902  30.729  -42.902  44.026 0.0000000000
57923  32.258  -42.738  43.637 0.0000000000
57925  30.811  -42.241  43.393 0.0000000000
57947  31.461  -42.242  42.796 0.0000000000
57950  29.766  -41.254  42.283 0.0000000000
58954  35.602  -41.162  51.456 0.0000000000
58977  28.894  -42.046  48.895 0.0000000000
58997  33.719  -40.694  49.836 0.0000000000
58998  33.123  -40.462  48.926 0.0000000000
59025  33.816  -41.147  46.833 0.0000000000
59028  27.353  -41.293  44.845 0.0000000000
59045  34.187  -41.243  45.891 0.0000000000
59048  27.172  -41.081  44.153 0.0000000000
59068  32.811  -42.596  43.644 0.0000000000
59086  32.539  -42.396  42.921 0.0000000000
59107  32.248  -42.092  42.259 0.0000000000
59108  31.648  -42.163  42.095 0.0000000000
59132  31.706  -41.963  41.334 0.0000000000
59135  28.800  -41.925  40.903 0.0000000000
59153  29.472  -41.983  40.325 0.0000000000
60030  17.329  -39.528  57.138 0.0000000000
60076  38.827  -39.887  51.604 0.0000000000
60093  36.027  -39.129  51.654 0.0000000000
60109  35.331  -39.928  50.935 0.0000000000
60152  33.274  -40.687  47.107 0.0000000000
60196  33.422  -41.476  44.574 0.0000000000
60216  33.231  -41.324  43.824 0.0000000000
60217  27.510  -40.826  42.814 0.0000000000
60256  32.744  -41.246  42.482 0.0000000000
60257  32.396  -41.385  42.099 0.0000000000
60279  28.422  -41.565  40.588 0.0000000000
61253  25.252  -38.901  53.261 0.0000000000
61260  26.113  -40.132  52.320 0.0000000000
61268  40.127  -38.642  51.515 0.0000000000
61300  36.294  -37.922  50.431 0.0000000000
61339  32.671  -39.476  47.135 0.0000000000
61370  33.252  -40.594  43.270 0.0000000000
61402  32.461  -40.594  42.479 0.0000000000
61403  31.977  -40.543  42.129 0.0000000000
61405  26.034  -39.157  40.435 0.0000000000
61419  32.199  -40.255  41.305 0.0000000000
61420  32.054  -40.512  40.466 0.0000000000
62426  18.446  -38.404  56.103 0.0000000000
62449  20.729  -38.426  54.205 0.0000000000
62456  24.575  -38.695  53.433 0.0000000000
62477  18.876  -37.729  51.661 0.0000000000
62482  39.541  -37.332  51.895 0.0000000000
62489  19.027  -37.743  50.527 0.0000000000
62509  36.525  -37.884  49.770 0.0000000000
62511  25.272  -38.256  49.021 0.0000000000
62520  36.116  -38.073  49.388 0.0000000000
62534  27.535  -37.881  45.775 0.0000000000
62546  32.385  -38.829  46.413 0.0000000000
62570  33.240  -39.625  43.617 0.0000000000
62580  42.510  -37.919  42.480 0.0000000000
62584  24.493  -38.165  41.070 0.0000000000
62591  43.202  -37.667  41.808 0.0000000000
62592  43.126  -37.824  41.947 0.0000000000
62593  42.746  -38.212  41.946 0.0000000000
62612  43.304  -38.267  41.554 0.0000000000
62618  31.245  -39.397  41.201 0.0000000000
62619  24.789  -39.109  39.632 0.0000000000
63642  20.570  -38.284  53.174 0.0000000000
63674  24.093  -37.370  50.423 0.0000000000
63726  37.008  -37.261  48.823 0.0000000000
63727  36.726  -37.818  48.892 0.0000000000
63729  35.421  -38.060  48.454 0.0000000000
63761  41.081  -36.628  45.148 0.0000000000
63789  44.884  -36.576  43.323 0.0000000000
63794  41.961  -37.253  43.616 0.0000000000
63796  40.081  -38.019  43.982 0.0000000000
63798  32.622  -38.480  44.438 0.0000000000
63806  44.802  -36.498  42.898 0.0000000000
63810  42.855  -37.492  42.858 0.0000000000
63825  44.191  -36.382  42.691 0.0000000000
63827  43.085  -37.351  42.075 0.0000000000
63828  42.985  -37.434  42.317 0.0000000000
63829  42.300  -38.448  41.621 0.0000000000
63832  39.450  -37.912  41.369 0.0000000000
63845  43.355  -36.321  42.513 0.0000000000
63846  42.934  -36.873  41.845 0.0000000000
63853  30.948  -38.405  40.965 0.0000000000
63864  43.260  -37.281  40.975 0.0000000000
64877  40.844  -36.065  49.384 0.0000000000
64907  39.782  -36.317  48.029 0.0000000000
64910  36.668  -37.010  48.322 0.0000000000
64934  45.351  -36.203  45.565 0.0000000000
64935  41.927  -36.488  45.676 0.0000000000
64942  35.203  -37.186  46.749 0.0000000000
64951  40.322  -37.094  44.755 0.0000000000
64954  37.856  -35.665  44.402 0.0000000000
64963  45.708  -35.943  43.202 0.0000000000
64970  33.444  -37.442  44.764 0.0000000000
64978  45.500  -36.361  42.775 0.0000000000
64990  44.553  -36.018  42.424 0.0000000000
65007  43.154  -35.801  42.148 0.0000000000
65009  39.678  -37.764  39.913 0.0000000000
65026  43.299  -37.267  39.737 0.0000000000
66075  39.647  -36.318  47.665 0.0000000000
66083  39.777  -36.343  47.445 0.0000000000
66084  39.462  -36.253  47.454 0.0000000000
66085  36.697  -36.330  46.661 0.0000000000
66091  47.153  -35.392  45.250 0.0000000000
66095  36.055  -36.264  46.515 0.0000000000
66096  35.521  -36.606  46.504 0.0000000000
66113  37.098  -35.258  43.762 0.0000000000
66119  46.244  -35.925  42.630 0.0000000000
66120  46.224  -36.340  42.394 0.0000000000
66124  32.872  -37.454  43.207 0.0000000000
66142  44.241  -35.540  41.955 0.0000000000
66143  43.257  -35.603  41.526 0.0000000000
66160  37.427  -35.998  38.707 0.0000000000
67201  46.930  -34.907  45.026 0.0000000000
67202  46.194  -35.078  45.148 0.0000000000
67215  46.287  -35.487  42.200 0.0000000000
67226  46.072  -35.357  42.004 0.0000000000
67238  44.265  -35.183  41.736 0.0000000000
68290  46.403  -34.564  45.188 0.0000000000
68299  45.024  -34.625  42.729 0.0000000000
68309  44.955  -34.835  42.311 0.0000000000
68310  44.844  -34.626  42.462 0.0000000000
68322  45.572  -35.265  42.189 0.0000000000
68334  43.931  -34.933  41.516 0.0000000000
69329  46.057  -33.888  45.038 0.0000000000
69334  46.065  -34.230  44.966 0.0000000000
69335  45.753  -34.087  44.411 0.0000000000
69336  45.336  -33.943  43.884 0.0000000000
69338  44.554  -33.721  43.106 0.0000000000
69344  45.085  -34.431  43.287 0.0000000000
69345  44.717  -34.187  42.978 0.0000000000
69346  44.509  -33.694  42.635 0.0000000000
69355  44.745  -34.603  42.215 0.0000000000
69356  44.616  -34.230  42.233 0.0000000000
69396  43.306  -34.577  40.101 0.0000000000
70490  46.097  -33.793  45.412 0.0000000000
70505  44.235  -32.842  43.106 0.0000000000
71620  44.129  -32.323  43.661 0.0000000000
71649  41.873  -31.762  40.613 0.0000000000
71656  42.737  -32.434  40.581 0.0000000000
72802  41.877  -31.385  43.584 0.0000000000
72807  43.616  -31.897  42.930 0.0000000000
72820  42.990  -31.548  41.826 0.0000000000
77745  39.983  -27.302  42.601 0.0000000000
77822  41.216  -23.924  34.861 0.0000000000
77824  37.210  -26.099  35.280 0.0000000000
77858  47.041  -24.393  33.718 0.0000000000
77859  46.814  -24.448  33.658 0.0000000000
77882  46.617  -24.200  33.056 0.0000000000
77908  46.469  -24.218  32.674 0.0000000000
77935  43.417  -25.541  30.546 0.0000000000
78976  44.540  -23.774  37.295 0.0000000000
79019  44.652  -23.564  35.532 0.0000000000
79036  48.673  -23.407  34.818 0.0000000000
79039  43.808  -24.454  34.903 0.0000000000
79057  48.417  -23.279  34.721 0.0000000000
80150  44.814  -23.232  36.788 0.0000000000
80167  44.648  -23.089  36.443 0.0000000000
80168  44.483  -23.088  36.634 0.0000000000
80182  50.500  -22.735  36.195 0.0000000000
80203  48.130  -23.815  35.414 0.0000000000
80215  48.291  -22.980  34.553 0.0000000000
80216  47.582  -23.025  34.360 0.0000000000
80226  47.258  -23.227  33.969 0.0000000000
80243  47.169  -23.592  32.839 0.0000000000
80246  45.631  -24.065  31.854 0.0000000000
80260  46.517  -23.619  31.662 0.0000000000
81287  50.386  -22.687  35.942 0.0000000000
81301  48.881  -21.857  35.323 0.0000000000
81325  48.052  -22.752  34.536 0.0000000000
81343  47.084  -22.930  33.796 0.0000000000
81345  47.326  -23.087  32.351 0.0000000000
82405  50.468  -21.711  36.101 0.0000000000
82407  49.256  -21.545  35.636 0.0000000000
83510  49.879  -20.816  36.010 0.0000000000
83511  49.754  -20.952  35.877 0.0000000000
83520  50.410  -21.148  36.176 0.0000000000
83522  49.123  -21.061  35.849 0.0000000000
83543  46.628  -21.320  32.239 0.0000000000
83560  43.663  -21.962  30.876 0.0000000000
84650  49.442  -20.725  36.059 0.0000000000
84660  49.613  -20.560  36.266 0.0000000000
85804  48.230  -18.871  35.037 0.0000000000
85880  53.253  -17.691  27.738 0.0000000000
85881  52.773  -17.752  27.538 0.0000000000
85916  53.185  -17.369  27.193 0.0000000000
86984  45.256  -17.429  31.020 0.0000000000
87012  52.691  -18.037  28.463 0.0000000000
87050  53.749  -17.296  27.561 0.0000000000
87051  52.171  -17.765  27.241 0.0000000000
87065  54.083  -17.005  27.508 0.0000000000
88136  48.749  -17.387  35.263 0.0000000000
88137  48.078  -16.904  34.963 0.0000000000
88153  45.526  -17.556  31.910 0.0000000000
88171  45.468  -17.535  31.668 0.0000000000
88247  53.050  -16.574  26.027 0.0000000000
88270  52.963  -17.407  25.471 0.0000000000
89333  54.057  -14.372  32.209 0.0000000000
89415  53.383  -16.324  26.280 0.0000000000
89416  53.216  -16.455  26.152 0.0000000000
90492  49.391  -15.483  33.317 0.0000000000
90500  49.238  -15.527  33.056 0.0000000000
94085  54.850  -12.757  25.915 0.0000000000
96426  54.672  -11.157  25.527 0.0000000000
96432  52.749  -11.516  24.597 0.0000000000
96435  53.951  -10.020  24.451 0.0000000000
97556  54.488  -9.701  24.316 0.0000000000
