#!ascii label  , from subject 4108 vox2ras=TkReg
838
49436  33.735  -50.448  50.388 0.0000000000
74199  55.479  -30.269  37.978 0.0000000000
75596  61.167  -29.434  32.211 0.0000000000
64930  55.935  -37.339  44.571 0.0000000000
54145  41.246  -46.859  48.631 0.0000000000
46974  39.080  -52.677  49.687 0.0000000000
74213  59.789  -31.233  35.933 0.0000000000
72828  60.573  -31.110  39.643 0.0000000000
61296  52.432  -39.952  47.472 0.0000000000
54157  44.964  -45.595  47.023 0.0000000000
83500  62.511  -21.313  34.164 0.0000000000
79010  58.422  -25.407  35.128 0.0000000000
69327  52.236  -33.801  44.133 0.0000000000
74084  56.200  -30.834  43.022 0.0000000000
50707  37.687  -50.853  49.829 0.0000000000
48164  36.722  -51.401  50.111 0.0000000000
74197  57.520  -30.525  37.504 0.0000000000
74173  60.315  -30.612  38.020 0.0000000000
75488  57.977  -29.654  39.376 0.0000000000
53102  52.612  -46.715  44.439 0.0000000000
50702  42.955  -50.052  49.746 0.0000000000
54144  42.825  -46.568  48.755 0.0000000000
50744  44.059  -49.883  48.100 0.0000000000
84641  60.225  -20.876  34.981 0.0000000000
81292  60.973  -22.558  33.856 0.0000000000
82390  59.246  -22.471  35.188 0.0000000000
75568  59.692  -28.866  33.567 0.0000000000
76684  57.036  -27.486  34.828 0.0000000000
77853  59.634  -27.358  33.361 0.0000000000
77855  58.248  -26.453  33.160 0.0000000000
75631  59.668  -28.792  30.908 0.0000000000
62515  54.481  -39.247  46.414 0.0000000000
66072  52.495  -36.808  46.582 0.0000000000
67169  54.763  -35.487  46.613 0.0000000000
72771  54.175  -31.637  44.478 0.0000000000
68277  56.766  -34.436  44.927 0.0000000000
69331  58.447  -33.377  43.118 0.0000000000
66109  57.113  -36.505  43.096 0.0000000000
49409  40.513  -50.896  49.713 0.0000000000
72913  59.271  -30.936  33.905 0.0000000000
74257  61.407  -30.683  34.044 0.0000000000
72889  61.525  -31.468  35.299 0.0000000000
69400  60.709  -32.997  36.987 0.0000000000
56640  49.750  -44.096  47.418 0.0000000000
56661  51.438  -43.991  46.437 0.0000000000
57840  54.011  -43.043  45.600 0.0000000000
60159  55.800  -41.320  44.310 0.0000000000
61378  57.302  -40.851  41.872 0.0000000000
58967  46.835  -43.663  47.349 0.0000000000
54200  47.789  -45.957  45.552 0.0000000000
81316  63.467  -22.504  31.634 0.0000000000
81272  57.339  -23.484  35.813 0.0000000000
81295  58.436  -24.243  34.178 0.0000000000
79084  56.553  -25.575  30.663 0.0000000000
75473  55.540  -29.343  40.576 0.0000000000
72794  58.976  -30.775  42.645 0.0000000000
69353  59.353  -33.069  40.992 0.0000000000
48179  34.079  -51.010  49.827 0.0000000000
48165  35.582  -51.088  50.187 0.0000000000
46990  35.375  -51.546  49.045 0.0000000000
74198  56.441  -30.330  37.888 0.0000000000
74176  57.983  -29.900  38.660 0.0000000000
75507  56.218  -29.728  39.176 0.0000000000
50726  43.387  -49.883  49.155 0.0000000000
85782  58.693  -20.647  34.598 0.0000000000
83503  59.524  -21.714  35.076 0.0000000000
83504  58.374  -21.771  35.560 0.0000000000
76679  60.087  -28.816  33.255 0.0000000000
76680  59.991  -28.039  33.691 0.0000000000
77874  60.022  -28.085  32.772 0.0000000000
77900  59.810  -27.789  32.520 0.0000000000
63736  55.483  -38.432  45.924 0.0000000000
64915  54.806  -37.424  46.490 0.0000000000
66078  55.239  -36.091  45.784 0.0000000000
68265  55.617  -34.562  45.742 0.0000000000
66088  56.161  -36.044  44.563 0.0000000000
67199  56.944  -35.265  44.139 0.0000000000
64947  56.664  -37.576  43.930 0.0000000000
49431  39.302  -50.916  49.764 0.0000000000
46944  39.855  -51.651  49.761 0.0000000000
48160  40.701  -51.434  49.594 0.0000000000
72872  58.716  -31.065  36.077 0.0000000000
72914  58.641  -31.501  34.192 0.0000000000
72892  59.415  -31.274  35.075 0.0000000000
74259  60.110  -30.234  33.947 0.0000000000
74235  60.670  -31.065  34.923 0.0000000000
72911  61.514  -31.148  34.799 0.0000000000
74212  60.346  -31.425  35.873 0.0000000000
74158  60.513  -30.687  38.919 0.0000000000
72846  60.837  -31.721  37.928 0.0000000000
71663  60.937  -32.180  38.122 0.0000000000
69389  60.406  -33.043  37.934 0.0000000000
69375  60.267  -32.819  38.943 0.0000000000
54173  50.027  -45.054  46.170 0.0000000000
56662  50.750  -44.172  46.886 0.0000000000
54172  50.716  -44.828  46.016 0.0000000000
55461  53.457  -44.744  45.072 0.0000000000
59019  54.742  -42.640  45.063 0.0000000000
55395  43.532  -45.693  47.457 0.0000000000
56645  44.359  -44.903  47.374 0.0000000000
55416  45.899  -45.239  47.390 0.0000000000
55415  47.176  -45.271  48.020 0.0000000000
54177  45.344  -46.175  46.302 0.0000000000
85779  61.663  -20.299  34.413 0.0000000000
82411  63.308  -22.516  33.427 0.0000000000
81321  59.481  -23.062  32.575 0.0000000000
77810  57.940  -26.261  35.550 0.0000000000
76672  56.069  -26.652  35.309 0.0000000000
77796  57.014  -25.707  36.050 0.0000000000
80162  56.675  -24.177  35.515 0.0000000000
78988  57.966  -24.979  35.865 0.0000000000
81283  58.400  -23.925  35.565 0.0000000000
80196  58.411  -24.734  34.459 0.0000000000
76728  57.580  -27.203  31.048 0.0000000000
79067  57.225  -25.495  32.363 0.0000000000
60103  51.823  -41.607  46.742 0.0000000000
63700  51.943  -39.035  46.940 0.0000000000
68268  53.147  -35.202  45.182 0.0000000000
67200  52.849  -35.950  44.225 0.0000000000
72786  55.466  -31.145  43.884 0.0000000000
74104  53.532  -30.597  42.900 0.0000000000
75433  54.697  -30.101  42.155 0.0000000000
75460  54.347  -29.001  41.300 0.0000000000
75431  56.254  -29.796  42.377 0.0000000000
75444  57.430  -29.914  41.780 0.0000000000
72796  57.335  -30.413  43.470 0.0000000000
68296  58.125  -34.751  42.109 0.0000000000
69339  59.147  -33.372  42.286 0.0000000000
68306  57.797  -34.544  41.290 0.0000000000
68318  58.686  -33.429  39.837 0.0000000000
49433  37.555  -51.436  50.090 0.0000000000
46960  37.718  -51.993  50.388 0.0000000000
45724  38.081  -53.461  48.839 0.0000000000
46989  36.812  -52.203  48.816 0.0000000000
74214  58.982  -30.797  36.645 0.0000000000
74194  59.876  -31.018  37.189 0.0000000000
74175  58.757  -30.144  38.393 0.0000000000
75486  59.565  -29.725  39.250 0.0000000000
75468  60.065  -29.554  39.787 0.0000000000
53017  42.471  -48.100  48.845 0.0000000000
55382  41.868  -46.525  49.036 0.0000000000
54115  43.194  -48.447  49.250 0.0000000000
53030  43.360  -48.033  48.708 0.0000000000
53060  44.034  -47.564  46.625 0.0000000000
53075  45.187  -47.673  45.676 0.0000000000
50770  44.973  -49.573  46.780 0.0000000000
83501  61.744  -21.303  35.062 0.0000000000
81291  61.800  -22.322  33.508 0.0000000000
82388  61.112  -21.762  34.780 0.0000000000
82413  59.923  -22.304  34.000 0.0000000000
82414  59.390  -22.757  33.975 0.0000000000
75584  57.999  -28.719  33.659 0.0000000000
76682  58.893  -27.738  34.866 0.0000000000
76668  59.186  -27.045  35.016 0.0000000000
77830  59.231  -26.785  34.173 0.0000000000
77831  58.615  -26.368  33.951 0.0000000000
77854  58.867  -26.853  33.449 0.0000000000
76726  59.235  -28.020  31.433 0.0000000000
62516  53.645  -39.302  46.436 0.0000000000
63698  52.595  -38.245  47.077 0.0000000000
64899  53.900  -37.241  46.876 0.0000000000
67172  53.281  -35.640  46.822 0.0000000000
69306  53.805  -34.456  45.465 0.0000000000
71599  52.601  -32.437  44.411 0.0000000000
70465  54.787  -33.262  45.416 0.0000000000
70479  55.663  -32.781  45.760 0.0000000000
71593  57.078  -32.014  44.854 0.0000000000
71607  57.987  -31.666  43.877 0.0000000000
69326  57.407  -33.450  44.433 0.0000000000
67205  57.300  -35.322  43.359 0.0000000000
66117  57.305  -36.719  42.267 0.0000000000
50746  39.166  -50.240  48.436 0.0000000000
50727  39.934  -49.953  48.923 0.0000000000
51929  41.183  -48.860  48.601 0.0000000000
49407  41.769  -50.634  49.517 0.0000000000
48176  41.948  -51.721  49.542 0.0000000000
74260  59.669  -29.946  33.613 0.0000000000
75567  60.165  -29.345  33.411 0.0000000000
75580  61.201  -29.620  32.839 0.0000000000
72952  62.375  -31.007  33.105 0.0000000000
71717  62.850  -31.727  34.433 0.0000000000
69437  62.165  -32.954  35.047 0.0000000000
74192  60.600  -31.777  36.719 0.0000000000
71673  61.016  -31.990  36.459 0.0000000000
58965  49.206  -43.536  47.095 0.0000000000
58964  50.191  -43.196  47.108 0.0000000000
58987  51.442  -42.836  46.541 0.0000000000
58986  52.122  -42.426  46.130 0.0000000000
54195  52.274  -45.113  45.346 0.0000000000
57824  52.570  -43.539  45.714 0.0000000000
60118  53.809  -41.569  46.344 0.0000000000
61323  54.310  -40.712  46.295 0.0000000000
61321  55.371  -40.275  45.210 0.0000000000
62542  55.675  -39.264  44.809 0.0000000000
62555  57.054  -39.416  43.682 0.0000000000
61363  56.253  -40.663  42.857 0.0000000000
56642  47.776  -44.555  48.050 0.0000000000
55435  48.635  -45.080  47.082 0.0000000000
54199  48.826  -45.545  45.487 0.0000000000
54225  46.336  -47.438  44.808 0.0000000000
53090  47.839  -46.844  44.440 0.0000000000
82419  64.165  -21.886  32.238 0.0000000000
82391  57.426  -22.172  35.539 0.0000000000
81270  58.669  -23.019  35.603 0.0000000000
81294  58.739  -23.601  34.372 0.0000000000
81322  58.325  -23.654  32.732 0.0000000000
79053  58.132  -25.847  33.706 0.0000000000
80212  57.398  -25.033  32.894 0.0000000000
81339  56.944  -23.850  31.172 0.0000000000
64916  51.860  -38.228  45.634 0.0000000000
75492  54.101  -29.236  39.964 0.0000000000
75508  55.423  -29.549  39.214 0.0000000000
75471  57.437  -29.584  40.244 0.0000000000
75455  58.691  -29.576  41.029 0.0000000000
72816  60.071  -30.464  41.247 0.0000000000
71615  58.484  -31.631  43.319 0.0000000000
71622  59.522  -31.724  41.813 0.0000000000
70508  59.814  -32.531  40.571 0.0000000000
68317  59.492  -33.164  39.477 0.0000000000
63786  57.901  -38.737  42.648 0.0000000000
64974  57.248  -38.067  41.938 0.0000000000
48166  34.418  -50.778  50.108 0.0000000000
48167  32.887  -50.786  50.555 0.0000000000
49437  32.964  -50.377  50.735 0.0000000000
74177  56.939  -30.116  38.702 0.0000000000
74178  55.912  -29.850  38.562 0.0000000000
84643  58.271  -21.211  35.144 0.0000000000
84644  57.555  -21.203  34.977 0.0000000000
76694  60.586  -29.099  32.555 0.0000000000
76695  60.121  -28.446  32.930 0.0000000000
76708  60.722  -29.094  32.219 0.0000000000
76724  60.412  -28.625  31.985 0.0000000000
75612  60.769  -29.176  31.910 0.0000000000
63753  55.778  -38.423  45.193 0.0000000000
64914  55.149  -37.328  45.957 0.0000000000
66089  55.526  -36.638  45.169 0.0000000000
66099  56.602  -36.522  44.065 0.0000000000
46959  38.660  -52.192  50.301 0.0000000000
46946  39.013  -51.912  50.494 0.0000000000
46958  39.537  -52.110  49.875 0.0000000000
45722  39.557  -53.318  49.297 0.0000000000
72871  59.454  -31.151  35.785 0.0000000000
72870  59.736  -31.172  35.575 0.0000000000
72891  59.920  -31.067  35.037 0.0000000000
72837  60.954  -31.720  38.674 0.0000000000
72827  60.707  -31.721  39.272 0.0000000000
70532  60.701  -32.519  38.588 0.0000000000
71641  60.573  -32.050  39.334 0.0000000000
54198  49.838  -45.587  45.619 0.0000000000
54197  50.668  -45.466  45.627 0.0000000000
54158  44.001  -46.145  47.175 0.0000000000
55417  44.720  -45.299  47.348 0.0000000000
56644  45.520  -44.730  47.681 0.0000000000
84639  62.137  -20.781  34.633 0.0000000000
83499  62.892  -21.246  33.874 0.0000000000
83515  63.455  -21.298  34.031 0.0000000000
83516  63.017  -21.557  33.849 0.0000000000
77811  57.213  -26.369  35.828 0.0000000000
79012  57.637  -25.775  35.966 0.0000000000
78989  57.618  -25.096  35.950 0.0000000000
79011  58.143  -25.273  35.611 0.0000000000
80179  58.269  -24.571  35.565 0.0000000000
76748  57.490  -27.617  30.425 0.0000000000
77928  57.192  -26.904  30.911 0.0000000000
60102  52.328  -41.047  47.506 0.0000000000
62506  51.810  -40.203  46.890 0.0000000000
62505  52.073  -39.590  47.289 0.0000000000
69332  52.246  -33.454  43.214 0.0000000000
72785  56.043  -31.192  43.577 0.0000000000
74086  54.895  -30.859  43.658 0.0000000000
74085  55.622  -30.808  43.230 0.0000000000
75432  55.475  -29.882  42.267 0.0000000000
74101  55.923  -30.339  42.721 0.0000000000
74100  56.826  -30.438  42.690 0.0000000000
67213  57.895  -35.774  41.703 0.0000000000
67223  57.509  -35.657  40.766 0.0000000000
68319  57.613  -34.356  40.133 0.0000000000
49434  36.107  -50.994  50.220 0.0000000000
50708  36.528  -50.697  50.091 0.0000000000
48163  37.510  -51.896  50.271 0.0000000000
46961  37.221  -51.697  50.273 0.0000000000
46976  36.752  -51.688  49.818 0.0000000000
72857  56.922  -30.844  37.253 0.0000000000
72874  56.435  -31.382  36.749 0.0000000000
72856  57.370  -30.784  37.078 0.0000000000
74215  58.170  -30.698  36.882 0.0000000000
74196  58.434  -30.447  37.615 0.0000000000
75506  58.160  -29.705  39.029 0.0000000000
75505  58.454  -29.682  38.985 0.0000000000
75487  58.791  -29.512  39.495 0.0000000000
75469  59.331  -29.391  40.222 0.0000000000
51909  42.888  -49.456  49.490 0.0000000000
53004  42.886  -48.894  49.393 0.0000000000
53003  43.241  -48.922  49.471 0.0000000000
50725  43.647  -49.937  48.697 0.0000000000
51945  43.791  -48.705  49.071 0.0000000000
53029  43.695  -48.668  48.673 0.0000000000
53044  43.613  -48.303  47.863 0.0000000000
51964  43.936  -49.140  48.066 0.0000000000
51977  44.308  -48.865  47.199 0.0000000000
85781  59.677  -20.487  34.607 0.0000000000
85780  60.691  -19.915  34.954 0.0000000000
83502  60.707  -21.364  35.148 0.0000000000
82389  60.104  -21.952  34.865 0.0000000000
82401  59.436  -22.541  34.565 0.0000000000
75569  59.127  -28.334  34.007 0.0000000000
75570  58.408  -28.208  34.260 0.0000000000
77829  59.840  -27.456  33.642 0.0000000000
76681  59.420  -27.762  34.287 0.0000000000
75614  59.955  -28.570  31.495 0.0000000000
77901  59.415  -27.557  32.270 0.0000000000
76747  58.571  -28.170  30.746 0.0000000000
76746  59.161  -28.406  30.806 0.0000000000
63718  53.490  -38.258  46.737 0.0000000000
63717  54.328  -38.080  46.647 0.0000000000
66068  54.892  -35.957  46.940 0.0000000000
66069  54.249  -36.234  46.796 0.0000000000
67170  54.504  -35.490  46.754 0.0000000000
68257  53.221  -34.809  46.470 0.0000000000
69295  54.057  -34.604  46.168 0.0000000000
70466  54.406  -33.461  44.995 0.0000000000
69294  54.570  -34.517  46.014 0.0000000000
68278  56.139  -34.476  45.355 0.0000000000
70463  55.845  -33.287  46.056 0.0000000000
69316  56.352  -33.690  45.525 0.0000000000
70478  56.182  -32.711  45.513 0.0000000000
70477  57.097  -32.625  45.085 0.0000000000
70488  57.529  -32.550  44.485 0.0000000000
69315  57.045  -33.540  45.117 0.0000000000
67206  57.085  -36.111  43.735 0.0000000000
67198  57.201  -34.953  43.720 0.0000000000
67210  57.765  -35.653  42.593 0.0000000000
50729  37.881  -50.478  49.440 0.0000000000
50747  38.044  -50.304  48.786 0.0000000000
50706  38.777  -50.820  49.607 0.0000000000
50686  40.298  -50.725  49.722 0.0000000000
50705  40.034  -50.415  49.553 0.0000000000
51913  40.558  -49.668  49.065 0.0000000000
50704  40.780  -50.130  49.669 0.0000000000
51897  41.567  -49.958  49.500 0.0000000000
49408  41.194  -50.726  49.614 0.0000000000
71718  58.614  -31.066  33.522 0.0000000000
72929  58.700  -30.372  33.330 0.0000000000
74283  59.084  -29.780  33.414 0.0000000000
74258  60.637  -30.315  34.052 0.0000000000
75566  60.776  -29.722  33.369 0.0000000000
75565  61.351  -30.032  33.313 0.0000000000
74282  61.712  -30.248  33.133 0.0000000000
74281  61.949  -30.887  33.401 0.0000000000
72910  61.793  -31.434  34.512 0.0000000000
70600  62.607  -32.433  34.772 0.0000000000
74193  60.299  -31.391  36.980 0.0000000000
71662  60.865  -32.192  37.544 0.0000000000
71674  60.782  -32.128  36.921 0.0000000000
70560  60.734  -32.563  36.734 0.0000000000
69411  60.782  -32.753  35.601 0.0000000000
69412  60.732  -32.927  35.929 0.0000000000
57804  49.437  -43.758  47.337 0.0000000000
56638  50.994  -43.807  46.871 0.0000000000
57802  50.879  -43.436  46.924 0.0000000000
57826  51.447  -43.341  46.460 0.0000000000
57825  52.015  -43.320  45.925 0.0000000000
54218  52.127  -45.775  45.076 0.0000000000
54194  52.719  -45.024  45.372 0.0000000000
57856  53.788  -43.575  45.486 0.0000000000
56678  52.834  -44.062  45.684 0.0000000000
57841  53.497  -43.217  45.598 0.0000000000
58985  52.991  -42.451  45.994 0.0000000000
58984  53.562  -42.111  45.882 0.0000000000
59006  54.105  -42.367  45.553 0.0000000000
60160  55.303  -41.834  44.631 0.0000000000
60139  54.820  -41.466  45.298 0.0000000000
60138  55.433  -41.033  44.792 0.0000000000
61334  55.808  -40.230  44.368 0.0000000000
61348  56.176  -40.799  43.660 0.0000000000
55381  42.390  -46.497  48.876 0.0000000000
56625  41.801  -45.390  48.043 0.0000000000
56624  42.282  -45.381  48.078 0.0000000000
58968  45.847  -43.793  47.257 0.0000000000
58991  46.338  -43.098  47.108 0.0000000000
58966  47.921  -43.660  47.279 0.0000000000
57806  47.315  -44.092  47.789 0.0000000000
54176  47.114  -45.956  46.480 0.0000000000
55436  47.718  -45.391  47.264 0.0000000000
54175  48.226  -45.488  46.420 0.0000000000
54202  45.964  -47.036  45.215 0.0000000000
54245  48.559  -46.721  44.123 0.0000000000
82420  64.000  -22.498  32.259 0.0000000000
81315  63.676  -22.164  31.331 0.0000000000
80233  63.439  -23.219  29.865 0.0000000000
81306  61.224  -22.748  33.160 0.0000000000
75572  56.669  -28.030  34.296 0.0000000000
80180  56.289  -23.529  35.325 0.0000000000
81273  56.781  -23.268  35.592 0.0000000000
82393  56.232  -22.451  35.030 0.0000000000
82384  57.191  -22.972  35.744 0.0000000000
82383  57.690  -22.629  35.842 0.0000000000
81271  58.069  -23.522  35.991 0.0000000000
81282  58.866  -23.363  35.136 0.0000000000
81309  58.372  -23.939  33.703 0.0000000000
79083  56.716  -25.558  31.487 0.0000000000
80236  56.926  -24.507  31.801 0.0000000000
80222  57.442  -24.422  32.525 0.0000000000
64901  52.559  -37.501  46.993 0.0000000000
64902  51.874  -37.968  46.719 0.0000000000
66080  51.922  -36.833  45.969 0.0000000000
72772  53.422  -31.747  44.544 0.0000000000
75435  53.048  -30.337  42.266 0.0000000000
75459  55.233  -29.116  41.238 0.0000000000
75474  54.656  -29.026  40.636 0.0000000000
75509  54.510  -29.457  39.254 0.0000000000
75491  54.991  -29.414  39.953 0.0000000000
75490  55.919  -29.634  39.846 0.0000000000
75472  56.481  -29.567  40.418 0.0000000000
74119  58.055  -29.966  42.143 0.0000000000
75443  58.142  -29.867  41.537 0.0000000000
74118  58.883  -29.760  42.027 0.0000000000
74133  59.643  -29.774  41.183 0.0000000000
72803  59.519  -30.604  41.725 0.0000000000
70487  58.133  -32.502  43.973 0.0000000000
70494  58.566  -32.508  43.300 0.0000000000
70502  59.483  -32.655  41.719 0.0000000000
70501  59.647  -32.263  41.226 0.0000000000
69352  59.724  -32.864  40.504 0.0000000000
69365  59.798  -32.798  39.821 0.0000000000
69366  59.195  -33.154  40.219 0.0000000000
68330  58.316  -33.758  39.112 0.0000000000
62567  57.205  -39.805  43.100 0.0000000000
62554  57.746  -39.354  43.201 0.0000000000
62566  57.553  -39.736  42.521 0.0000000000
48177  36.037  -51.345  50.027 0.0000000000
46977  35.857  -51.395  49.762 0.0000000000
48178  35.153  -51.265  49.900 0.0000000000
48189  34.679  -51.306  49.571 0.0000000000
72858  55.942  -30.832  37.414 0.0000000000
74161  57.604  -29.836  39.113 0.0000000000
49451  42.929  -50.741  49.557 0.0000000000
50701  43.135  -49.791  49.431 0.0000000000
49450  43.169  -50.512  49.385 0.0000000000
49449  43.580  -50.593  48.899 0.0000000000
84642  59.177  -21.195  34.990 0.0000000000
83493  59.043  -21.993  35.424 0.0000000000
82381  58.892  -22.265  35.492 0.0000000000
76696  60.059  -28.219  33.314 0.0000000000
77851  60.052  -28.019  33.065 0.0000000000
77852  59.989  -27.861  33.215 0.0000000000
77875  59.895  -27.850  32.795 0.0000000000
76710  59.999  -28.046  32.468 0.0000000000
76725  60.033  -28.160  31.953 0.0000000000
63737  54.984  -38.324  46.390 0.0000000000
66079  54.938  -36.511  46.445 0.0000000000
67181  55.016  -35.453  46.208 0.0000000000
68266  55.104  -34.740  45.902 0.0000000000
67180  55.288  -35.299  45.672 0.0000000000
67192  55.791  -35.292  45.151 0.0000000000
67191  56.358  -35.204  44.617 0.0000000000
64960  57.039  -37.328  43.446 0.0000000000
49411  38.642  -51.506  50.168 0.0000000000
49410  39.611  -51.073  49.852 0.0000000000
48144  40.042  -51.345  49.793 0.0000000000
48143  40.920  -51.067  49.595 0.0000000000
48161  40.214  -51.511  49.652 0.0000000000
72894  57.823  -31.621  35.531 0.0000000000
72893  58.586  -31.486  35.220 0.0000000000
72912  59.778  -30.671  34.315 0.0000000000
74236  60.280  -30.885  34.735 0.0000000000
74234  61.138  -31.106  34.984 0.0000000000
72890  61.381  -31.298  35.382 0.0000000000
74172  60.658  -31.179  37.970 0.0000000000
74157  60.782  -31.303  38.520 0.0000000000
70545  60.751  -32.568  37.489 0.0000000000
69401  60.576  -33.173  37.268 0.0000000000
70546  60.757  -32.537  38.059 0.0000000000
68327  60.052  -33.180  38.410 0.0000000000
55434  49.479  -44.814  46.784 0.0000000000
56663  50.236  -44.243  47.182 0.0000000000
55433  50.291  -44.593  46.705 0.0000000000
55432  50.967  -44.421  46.336 0.0000000000
55431  51.564  -44.438  45.935 0.0000000000
54217  53.048  -45.656  45.098 0.0000000000
57855  54.278  -43.434  45.298 0.0000000000
59020  54.405  -42.835  45.342 0.0000000000
57872  54.830  -43.572  44.645 0.0000000000
59034  55.437  -42.611  44.168 0.0000000000
55396  42.834  -46.000  48.214 0.0000000000
56623  42.604  -45.369  47.881 0.0000000000
56622  43.198  -45.244  47.406 0.0000000000
57809  43.907  -44.521  47.322 0.0000000000
57808  45.150  -44.299  47.475 0.0000000000
56643  46.641  -44.664  48.097 0.0000000000
55437  46.676  -45.453  47.089 0.0000000000
82396  64.100  -21.867  34.062 0.0000000000
81303  63.683  -22.944  32.628 0.0000000000
81307  60.125  -22.629  33.410 0.0000000000
76670  57.549  -26.931  35.300 0.0000000000
76671  56.665  -26.848  35.325 0.0000000000
77812  56.460  -26.245  35.678 0.0000000000
77797  56.385  -25.585  35.682 0.0000000000
78990  56.913  -24.992  35.859 0.0000000000
80161  57.469  -24.318  35.900 0.0000000000
80178  58.534  -24.571  35.109 0.0000000000
77902  58.574  -27.182  31.970 0.0000000000
77878  57.953  -26.487  32.546 0.0000000000
77903  57.467  -26.655  31.628 0.0000000000
77904  56.763  -26.337  31.072 0.0000000000
61298  51.652  -41.709  46.486 0.0000000000
67183  52.686  -35.842  46.053 0.0000000000
67193  52.877  -36.080  45.156 0.0000000000
74069  54.517  -31.296  44.117 0.0000000000
72787  54.064  -31.451  44.089 0.0000000000
74087  54.083  -31.093  43.665 0.0000000000
74103  54.388  -30.477  42.933 0.0000000000
75448  54.147  -29.682  41.646 0.0000000000
75461  53.611  -29.480  41.195 0.0000000000
75447  54.950  -29.488  41.716 0.0000000000
75446  55.770  -29.497  41.772 0.0000000000
75458  56.076  -29.457  41.131 0.0000000000
75445  56.577  -29.683  41.752 0.0000000000
74099  57.628  -29.645  42.981 0.0000000000
74098  58.450  -29.923  42.787 0.0000000000
68291  58.013  -34.598  42.908 0.0000000000
69330  58.954  -33.124  42.758 0.0000000000
69340  58.433  -33.980  42.409 0.0000000000
68295  58.580  -33.877  41.677 0.0000000000
68305  58.389  -33.517  40.771 0.0000000000
48147  37.973  -51.885  50.295 0.0000000000
48162  38.019  -52.095  50.470 0.0000000000
46975  37.914  -52.557  49.559 0.0000000000
46988  37.433  -53.035  48.719 0.0000000000
72873  57.618  -31.100  36.492 0.0000000000
74195  59.254  -30.576  37.390 0.0000000000
74174  59.546  -30.263  38.320 0.0000000000
74159  60.033  -30.191  38.772 0.0000000000
75485  60.139  -30.026  39.319 0.0000000000
74144  60.382  -30.254  39.945 0.0000000000
54220  50.528  -46.077  45.062 0.0000000000
53018  41.939  -47.855  48.686 0.0000000000
55383  41.453  -46.632  49.033 0.0000000000
54130  42.273  -47.202  49.155 0.0000000000
54117  42.831  -47.704  49.077 0.0000000000
54129  42.852  -47.062  49.118 0.0000000000
51926  43.499  -49.174  49.333 0.0000000000
54128  43.065  -47.831  49.034 0.0000000000
54143  43.194  -46.783  48.429 0.0000000000
53045  43.542  -47.244  47.709 0.0000000000
54178  44.129  -46.589  46.651 0.0000000000
51987  44.993  -48.660  46.348 0.0000000000
50782  45.607  -49.467  46.098 0.0000000000
84640  61.279  -20.609  35.235 0.0000000000
82387  61.859  -21.620  34.442 0.0000000000
82399  61.449  -21.977  34.104 0.0000000000
82400  60.502  -22.143  34.286 0.0000000000
81293  60.425  -22.407  33.910 0.0000000000
81308  58.956  -23.079  33.478 0.0000000000
75571  57.537  -28.149  34.321 0.0000000000
76683  58.005  -27.677  34.976 0.0000000000
76669  58.388  -26.974  35.185 0.0000000000
77809  58.527  -26.196  35.044 0.0000000000
79032  58.472  -25.593  34.681 0.0000000000
77877  58.805  -27.029  32.728 0.0000000000
77876  59.483  -27.418  32.856 0.0000000000
76727  58.150  -27.529  31.244 0.0000000000
61310  53.081  -40.257  47.233 0.0000000000
62504  52.461  -39.065  46.928 0.0000000000
62517  52.987  -39.290  46.751 0.0000000000
64900  53.084  -37.573  47.086 0.0000000000
66071  52.988  -36.674  46.873 0.0000000000
66070  53.572  -36.475  46.849 0.0000000000
67173  52.930  -36.066  46.558 0.0000000000
67182  52.921  -35.383  46.461 0.0000000000
69307  53.365  -34.795  45.015 0.0000000000
69318  52.851  -34.208  44.367 0.0000000000
70481  52.356  -33.092  44.294 0.0000000000
70480  53.072  -33.269  44.353 0.0000000000
71580  54.038  -32.705  44.867 0.0000000000
71597  53.955  -32.087  44.950 0.0000000000
69303  55.313  -34.045  45.981 0.0000000000
71578  54.942  -32.616  45.369 0.0000000000
71596  54.612  -32.019  45.071 0.0000000000
72770  54.986  -31.361  44.571 0.0000000000
72769  55.842  -31.436  44.450 0.0000000000
71609  56.545  -31.302  44.163 0.0000000000
72784  56.789  -31.090  43.408 0.0000000000
71608  57.336  -31.764  44.328 0.0000000000
69325  57.999  -33.425  43.897 0.0000000000
68288  57.149  -34.366  44.302 0.0000000000
68287  57.527  -34.323  43.708 0.0000000000
53034  41.118  -47.429  48.184 0.0000000000
50728  39.002  -50.509  49.140 0.0000000000
51930  40.719  -49.275  48.543 0.0000000000
51948  41.041  -48.334  48.337 0.0000000000
53019  41.261  -47.680  48.755 0.0000000000
51928  41.727  -48.945  48.804 0.0000000000
51910  42.320  -49.585  49.327 0.0000000000
50703  42.379  -50.161  49.488 0.0000000000
48142  41.393  -50.919  49.555 0.0000000000
48159  41.693  -51.191  49.535 0.0000000000
48158  42.240  -51.043  49.524 0.0000000000
75583  58.749  -28.887  33.632 0.0000000000
75582  59.329  -29.107  33.560 0.0000000000
75581  60.372  -29.217  33.029 0.0000000000
74326  61.513  -29.638  31.780 0.0000000000
74307  61.936  -29.903  32.497 0.0000000000
72953  62.234  -30.511  32.614 0.0000000000
71760  62.469  -31.420  32.886 0.0000000000
74256  61.811  -31.248  33.832 0.0000000000
71739  63.004  -31.593  33.608 0.0000000000
74211  60.963  -31.805  35.917 0.0000000000
72869  61.167  -31.633  35.956 0.0000000000
72855  60.647  -31.607  37.372 0.0000000000
71683  60.765  -31.803  36.490 0.0000000000
71682  60.931  -31.970  35.986 0.0000000000
70585  61.471  -32.394  35.081 0.0000000000
60106  49.523  -43.289  46.703 0.0000000000
60104  51.042  -42.554  46.598 0.0000000000
57803  50.268  -43.558  47.275 0.0000000000
58963  50.843  -43.015  46.870 0.0000000000
60120  52.028  -41.849  46.596 0.0000000000
54219  51.368  -45.960  45.129 0.0000000000
54196  51.446  -45.066  45.523 0.0000000000
55430  52.036  -44.369  45.758 0.0000000000
55448  53.014  -44.722  45.410 0.0000000000
56679  52.340  -44.164  45.768 0.0000000000
60119  53.020  -41.545  47.002 0.0000000000
61309  53.882  -40.411  46.664 0.0000000000
61308  54.517  -39.986  46.290 0.0000000000
61322  54.882  -40.325  45.903 0.0000000000
62530  55.089  -39.296  46.221 0.0000000000
62529  55.502  -39.355  45.665 0.0000000000
63752  56.123  -38.374  44.353 0.0000000000
62541  56.178  -39.185  44.025 0.0000000000
61347  56.535  -40.061  43.228 0.0000000000
61380  56.590  -40.756  42.574 0.0000000000
60202  56.122  -41.478  43.049 0.0000000000
59077  55.963  -41.802  42.235 0.0000000000
56626  41.588  -45.587  48.044 0.0000000000
57811  42.490  -44.595  47.477 0.0000000000
58989  48.446  -43.456  46.648 0.0000000000
57805  48.391  -44.002  47.519 0.0000000000
56641  48.696  -44.305  47.467 0.0000000000
55414  48.264  -45.044  47.902 0.0000000000
55413  49.002  -44.531  47.197 0.0000000000
54174  49.184  -45.205  46.295 0.0000000000
54201  46.741  -46.467  45.548 0.0000000000
53091  47.362  -47.176  44.335 0.0000000000
54223  47.484  -46.606  44.874 0.0000000000
54222  48.358  -46.311  44.612 0.0000000000
50711  33.110  -50.126  50.784 0.0000000000
81330  63.917  -22.532  30.320 0.0000000000
83505  57.830  -21.802  35.549 0.0000000000
82382  58.403  -22.573  35.809 0.0000000000
79033  58.436  -25.721  34.222 0.0000000000
80197  58.188  -24.819  34.005 0.0000000000
79054  57.688  -25.682  33.076 0.0000000000
80211  57.778  -24.618  33.280 0.0000000000
80221  57.871  -24.157  32.737 0.0000000000
81323  57.841  -23.974  32.441 0.0000000000
81355  57.640  -23.685  30.646 0.0000000000
74200  54.555  -30.373  38.035 0.0000000000
63699  52.227  -38.735  47.057 0.0000000000
75475  53.771  -29.082  40.654 0.0000000000
75510  53.581  -29.470  39.197 0.0000000000
74179  54.987  -29.855  38.621 0.0000000000
75489  56.954  -29.780  39.596 0.0000000000
75457  56.969  -29.613  41.033 0.0000000000
75456  57.832  -29.748  40.919 0.0000000000
75470  58.352  -29.506  40.207 0.0000000000
74132  60.348  -30.092  40.805 0.0000000000
72815  60.339  -30.970  40.597 0.0000000000
72783  57.667  -31.089  43.731 0.0000000000
72795  58.184  -30.480  43.399 0.0000000000
70493  59.087  -32.523  42.706 0.0000000000
71614  59.073  -31.653  42.671 0.0000000000
71630  59.907  -31.130  41.298 0.0000000000
71629  59.908  -31.817  40.964 0.0000000000
71642  60.157  -31.881  39.870 0.0000000000
70521  59.962  -32.437  39.858 0.0000000000
69376  59.925  -33.058  39.077 0.0000000000
68328  59.711  -33.308  38.684 0.0000000000
68329  59.180  -33.381  39.041 0.0000000000
63769  56.992  -38.548  44.036 0.0000000000
64946  57.205  -37.956  43.608 0.0000000000
64959  57.392  -37.705  42.940 0.0000000000
62588  57.375  -40.121  41.121 0.0000000000
63803  57.708  -39.168  41.937 0.0000000000
46945  39.415  -51.793  50.158 0.0000000000
46955  41.579  -51.938  49.519 0.0000000000
46957  40.257  -51.883  49.485 0.0000000000
48145  39.210  -51.590  50.186 0.0000000000
48173  43.625  -50.959  48.902 0.0000000000
48174  43.441  -51.077  49.132 0.0000000000
48175  42.624  -51.406  49.435 0.0000000000
49412  38.194  -51.761  50.238 0.0000000000
49428  43.031  -50.262  49.520 0.0000000000
49429  42.471  -50.640  49.534 0.0000000000
49430  42.075  -50.685  49.519 0.0000000000
50683  41.937  -50.178  49.382 0.0000000000
50684  41.571  -50.335  49.584 0.0000000000
50685  40.915  -50.414  49.675 0.0000000000
51896  41.893  -49.980  49.464 0.0000000000
51898  41.177  -49.950  49.625 0.0000000000
51908  43.173  -49.384  49.494 0.0000000000
51911  41.677  -49.603  49.265 0.0000000000
51912  40.935  -49.707  49.294 0.0000000000
51925  43.716  -49.372  48.966 0.0000000000
51927  42.257  -48.945  49.018 0.0000000000
51944  43.765  -49.238  48.819 0.0000000000
51946  42.144  -48.557  48.796 0.0000000000
51947  41.990  -48.388  48.731 0.0000000000
53005  42.765  -48.561  49.235 0.0000000000
53016  43.414  -48.522  49.204 0.0000000000
53031  42.099  -48.207  48.707 0.0000000000
53032  41.897  -48.098  48.697 0.0000000000
53033  41.127  -47.554  48.591 0.0000000000
53061  43.776  -46.835  47.024 0.0000000000
54116  42.986  -48.032  49.119 0.0000000000
54131  41.532  -47.085  49.169 0.0000000000
54132  41.125  -46.915  49.013 0.0000000000
54146  41.316  -46.701  48.092 0.0000000000
54171  51.154  -44.632  45.929 0.0000000000
54224  46.711  -46.975  44.713 0.0000000000
55380  42.618  -46.411  48.709 0.0000000000
55397  42.452  -45.932  48.394 0.0000000000
55398  42.062  -45.966  48.491 0.0000000000
55399  41.543  -46.199  48.471 0.0000000000
55412  49.768  -44.425  47.103 0.0000000000
55418  41.476  -45.773  48.013 0.0000000000
55449  52.432  -44.592  45.568 0.0000000000
55450  51.867  -44.726  45.574 0.0000000000
56639  50.523  -43.908  47.268 0.0000000000
56646  41.709  -45.080  47.776 0.0000000000
56647  41.287  -45.260  47.699 0.0000000000
56659  52.471  -43.946  45.831 0.0000000000
56660  52.098  -44.026  45.978 0.0000000000
56696  53.534  -44.008  45.380 0.0000000000
57790  42.540  -44.934  47.675 0.0000000000
57792  41.926  -44.971  47.805 0.0000000000
57807  46.258  -44.208  47.615 0.0000000000
57854  54.688  -43.253  45.046 0.0000000000
57873  54.568  -43.753  44.944 0.0000000000
58988  49.134  -43.474  46.668 0.0000000000
59005  54.524  -42.139  45.250 0.0000000000
59007  53.492  -42.491  45.717 0.0000000000
59076  56.396  -41.544  41.985 0.0000000000
60121  51.379  -42.382  46.511 0.0000000000
60123  49.288  -43.198  46.033 0.0000000000
60140  54.318  -41.233  45.890 0.0000000000
60180  56.007  -41.931  43.858 0.0000000000
60181  55.670  -41.942  44.261 0.0000000000
60222  57.242  -41.010  41.782 0.0000000000
60224  56.366  -41.106  42.439 0.0000000000
60245  57.296  -41.114  41.555 0.0000000000
61297  51.817  -40.669  47.400 0.0000000000
61333  56.187  -39.835  43.689 0.0000000000
61361  57.314  -40.422  42.241 0.0000000000
61362  56.906  -40.351  42.700 0.0000000000
61379  56.901  -40.838  42.305 0.0000000000
62576  57.514  -40.074  41.735 0.0000000000
63719  53.066  -38.431  46.787 0.0000000000
63768  57.572  -38.621  43.452 0.0000000000
64886  52.616  -37.848  47.136 0.0000000000
64887  52.254  -38.096  47.149 0.0000000000
64888  51.996  -38.442  46.938 0.0000000000
64898  54.549  -36.886  46.725 0.0000000000
64931  55.577  -37.675  45.382 0.0000000000
66110  56.898  -36.812  43.664 0.0000000000
67171  53.924  -35.552  46.856 0.0000000000
68254  54.740  -34.949  46.215 0.0000000000
68255  54.251  -34.870  46.693 0.0000000000
68256  53.652  -34.838  46.829 0.0000000000
68267  52.810  -34.764  45.902 0.0000000000
68350  60.632  -33.251  36.960 0.0000000000
69293  54.921  -34.353  45.968 0.0000000000
69296  53.646  -34.638  46.306 0.0000000000
69302  55.888  -33.871  46.084 0.0000000000
69304  54.901  -33.873  45.783 0.0000000000
69305  54.527  -34.145  45.495 0.0000000000
69317  53.516  -34.178  44.500 0.0000000000
69364  60.137  -32.696  39.341 0.0000000000
69377  59.222  -33.366  38.871 0.0000000000
69378  58.993  -33.442  38.875 0.0000000000
69388  60.622  -33.035  37.469 0.0000000000
69390  59.199  -33.415  38.671 0.0000000000
69422  61.114  -32.847  35.212 0.0000000000
69438  62.160  -33.388  34.757 0.0000000000
69450  62.809  -33.039  34.640 0.0000000000
70464  55.193  -32.995  45.883 0.0000000000
70467  53.820  -33.413  44.675 0.0000000000
70509  59.582  -32.666  41.128 0.0000000000
70520  60.359  -32.436  39.317 0.0000000000
70559  60.794  -32.214  36.417 0.0000000000
70574  60.798  -32.450  35.757 0.0000000000
70575  60.730  -32.531  36.264 0.0000000000
70616  63.144  -32.482  34.072 0.0000000000
71577  55.175  -32.643  45.501 0.0000000000
71579  54.488  -32.619  45.079 0.0000000000
71594  56.572  -31.862  44.966 0.0000000000
71595  55.440  -32.233  45.290 0.0000000000
71598  53.364  -32.414  44.628 0.0000000000
71621  59.643  -31.966  41.292 0.0000000000
71652  61.014  -32.143  38.993 0.0000000000
71696  61.643  -31.846  34.876 0.0000000000
72773  52.748  -31.868  44.424 0.0000000000
72774  52.391  -32.009  44.280 0.0000000000
72788  53.643  -31.455  44.055 0.0000000000
72838  60.778  -31.279  39.030 0.0000000000
72845  60.936  -31.989  37.634 0.0000000000
72854  60.790  -31.933  37.112 0.0000000000
72868  61.386  -31.682  35.708 0.0000000000
72928  62.340  -31.333  33.855 0.0000000000
72974  62.379  -30.870  32.564 0.0000000000
74070  54.292  -31.387  44.120 0.0000000000
74102  55.176  -30.411  42.793 0.0000000000
74145  60.104  -29.613  40.454 0.0000000000
74160  57.903  -29.763  39.069 0.0000000000
74216  57.776  -30.701  36.966 0.0000000000
74306  62.071  -30.486  32.934 0.0000000000
74327  61.010  -29.466  31.723 0.0000000000
75430  56.941  -29.858  42.374 0.0000000000
75434  53.874  -30.280  42.179 0.0000000000
75504  59.052  -29.727  38.878 0.0000000000
75597  60.872  -29.150  32.107 0.0000000000
75611  61.100  -29.374  31.969 0.0000000000
75632  59.064  -28.671  30.236 0.0000000000
76709  60.331  -28.553  32.364 0.0000000000
77798  56.011  -25.427  35.444 0.0000000000
78991  56.355  -25.001  35.467 0.0000000000
80160  58.043  -24.544  35.870 0.0000000000
80237  56.650  -24.659  30.947 0.0000000000
81284  56.369  -22.959  35.361 0.0000000000
81331  63.522  -22.602  30.561 0.0000000000
82392  56.926  -22.515  35.457 0.0000000000
82397  63.496  -21.984  33.928 0.0000000000
82410  64.262  -22.323  33.312 0.0000000000
83494  58.670  -21.992  35.615 0.0000000000
83495  58.225  -22.114  35.849 0.0000000000
84630  58.983  -21.740  35.292 0.0000000000
84631  58.703  -21.629  35.344 0.0000000000
