#!ascii label  , from subject 4108 vox2ras=TkReg
323
31681  39.755  -64.583  -16.006 0.0000000000
34575  48.203  -63.361  -22.706 0.0000000000
27671  40.688  -68.384  -22.605 0.0000000000
31753  43.004  -65.637  -19.816 0.0000000000
25150  46.375  -70.200  -23.997 0.0000000000
26380  43.649  -69.367  -22.658 0.0000000000
23962  43.870  -71.377  -26.354 0.0000000000
33196  45.448  -64.111  -21.153 0.0000000000
37174  42.063  -61.705  -23.062 0.0000000000
30367  40.610  -66.903  -18.803 0.0000000000
28996  43.282  -67.799  -18.354 0.0000000000
29023  45.860  -67.319  -19.997 0.0000000000
29048  48.243  -67.122  -21.792 0.0000000000
27725  46.359  -69.511  -26.549 0.0000000000
31682  36.972  -65.244  -16.142 0.0000000000
28984  37.749  -67.112  -18.248 0.0000000000
27659  37.701  -68.536  -21.557 0.0000000000
35893  39.946  -62.474  -21.204 0.0000000000
25201  42.850  -70.928  -26.089 0.0000000000
33194  47.099  -64.249  -21.321 0.0000000000
35905  45.106  -62.011  -22.340 0.0000000000
29024  41.111  -67.656  -20.421 0.0000000000
27640  42.129  -68.174  -20.480 0.0000000000
25152  44.910  -70.029  -23.434 0.0000000000
27652  44.759  -68.643  -20.953 0.0000000000
26362  46.514  -68.981  -21.581 0.0000000000
29021  47.304  -67.080  -20.401 0.0000000000
26396  47.730  -68.842  -22.515 0.0000000000
27714  45.587  -68.703  -25.918 0.0000000000
26348  36.985  -69.318  -19.127 0.0000000000
29015  37.785  -67.758  -20.025 0.0000000000
26354  37.249  -69.195  -20.189 0.0000000000
31732  43.014  -65.209  -18.266 0.0000000000
34549  42.111  -64.135  -20.317 0.0000000000
39374  40.845  -60.156  -23.673 0.0000000000
38283  40.373  -60.434  -23.401 0.0000000000
26403  41.154  -69.309  -24.186 0.0000000000
27669  42.622  -69.045  -22.316 0.0000000000
26419  42.676  -69.702  -24.513 0.0000000000
25170  43.639  -70.162  -24.846 0.0000000000
25185  45.324  -70.740  -25.303 0.0000000000
33186  44.140  -64.963  -20.908 0.0000000000
34563  42.633  -63.819  -21.563 0.0000000000
34578  43.613  -62.831  -22.204 0.0000000000
37172  43.468  -61.324  -22.874 0.0000000000
33221  48.141  -64.287  -23.660 0.0000000000
30322  40.188  -66.055  -16.793 0.0000000000
30339  42.910  -66.363  -17.286 0.0000000000
30352  43.748  -66.368  -18.354 0.0000000000
27653  43.819  -68.930  -21.071 0.0000000000
27623  44.932  -68.034  -18.968 0.0000000000
30364  45.010  -66.661  -19.835 0.0000000000
31739  45.976  -66.078  -20.324 0.0000000000
31748  47.669  -65.657  -20.625 0.0000000000
31757  48.256  -65.415  -21.156 0.0000000000
26416  46.822  -69.635  -24.599 0.0000000000
27687  46.804  -68.699  -23.751 0.0000000000
29050  47.467  -67.101  -22.485 0.0000000000
31770  47.608  -65.815  -22.634 0.0000000000
34485  37.904  -63.445  -15.846 0.0000000000
33138  38.474  -64.821  -16.284 0.0000000000
30324  37.721  -66.264  -17.146 0.0000000000
30323  39.017  -65.880  -17.182 0.0000000000
30355  38.786  -66.783  -18.770 0.0000000000
29026  39.144  -67.348  -20.472 0.0000000000
27657  39.168  -67.869  -21.808 0.0000000000
26405  38.437  -69.146  -23.226 0.0000000000
26404  39.273  -68.840  -23.501 0.0000000000
37139  40.785  -62.251  -22.152 0.0000000000
33118  39.436  -64.017  -15.938 0.0000000000
37056  39.647  -62.318  -16.475 0.0000000000
34482  40.515  -63.499  -16.190 0.0000000000
34557  47.900  -63.795  -21.960 0.0000000000
34577  47.031  -62.874  -21.812 0.0000000000
29035  40.479  -67.728  -21.078 0.0000000000
27655  41.333  -68.165  -21.537 0.0000000000
25151  45.639  -70.239  -23.771 0.0000000000
25135  45.570  -69.958  -23.043 0.0000000000
26377  46.346  -69.593  -22.574 0.0000000000
26376  47.389  -69.113  -22.033 0.0000000000
26398  46.609  -69.828  -23.477 0.0000000000
27727  44.865  -68.541  -26.896 0.0000000000
33176  42.699  -64.734  -19.264 0.0000000000
39390  40.519  -59.087  -24.158 0.0000000000
26402  41.862  -69.433  -23.842 0.0000000000
26437  41.827  -69.946  -25.299 0.0000000000
25187  43.446  -70.658  -25.587 0.0000000000
23950  44.110  -71.028  -25.729 0.0000000000
25186  44.351  -70.663  -25.290 0.0000000000
23949  44.770  -71.130  -25.877 0.0000000000
33185  45.119  -64.820  -20.830 0.0000000000
33197  44.556  -64.189  -21.318 0.0000000000
34561  44.958  -63.430  -21.643 0.0000000000
37149  43.841  -61.458  -22.611 0.0000000000
38280  43.671  -61.012  -23.339 0.0000000000
38299  42.942  -61.000  -24.066 0.0000000000
30341  40.932  -66.606  -17.360 0.0000000000
30321  41.280  -66.156  -16.622 0.0000000000
28983  41.105  -66.833  -17.950 0.0000000000
31718  43.379  -65.936  -17.826 0.0000000000
28980  43.807  -67.445  -17.992 0.0000000000
26381  42.810  -69.330  -22.833 0.0000000000
27654  42.712  -68.773  -21.565 0.0000000000
26365  43.715  -69.075  -21.989 0.0000000000
27651  45.703  -68.491  -20.901 0.0000000000
27637  44.900  -68.331  -19.969 0.0000000000
27622  45.067  -67.649  -18.992 0.0000000000
28994  44.789  -67.465  -18.738 0.0000000000
29008  45.492  -67.243  -19.682 0.0000000000
31740  45.319  -66.020  -20.331 0.0000000000
30363  46.269  -66.598  -20.155 0.0000000000
27633  47.889  -67.098  -20.846 0.0000000000
30361  47.841  -66.333  -20.457 0.0000000000
30373  48.321  -66.232  -20.753 0.0000000000
31758  47.967  -65.073  -20.952 0.0000000000
30381  48.321  -66.201  -21.432 0.0000000000
25248  44.662  -70.767  -30.246 0.0000000000
27738  45.735  -69.345  -27.810 0.0000000000
26470  45.982  -70.187  -28.398 0.0000000000
26458  46.148  -69.801  -27.783 0.0000000000
26435  46.501  -69.654  -26.244 0.0000000000
27698  46.567  -69.369  -25.178 0.0000000000
27689  45.713  -68.008  -23.986 0.0000000000
27688  46.135  -68.230  -23.919 0.0000000000
30392  47.186  -66.486  -22.582 0.0000000000
30391  47.793  -66.404  -22.398 0.0000000000
30403  46.369  -66.589  -22.952 0.0000000000
34486  36.903  -63.625  -15.737 0.0000000000
33120  37.567  -64.426  -16.024 0.0000000000
28985  37.026  -67.648  -17.892 0.0000000000
28968  37.018  -67.116  -17.182 0.0000000000
30344  37.577  -66.913  -17.700 0.0000000000
30343  38.516  -66.560  -17.993 0.0000000000
28999  38.224  -67.042  -18.695 0.0000000000
27642  37.656  -68.219  -20.714 0.0000000000
29027  38.238  -67.698  -20.673 0.0000000000
29038  38.402  -67.754  -21.096 0.0000000000
27673  38.647  -68.354  -22.447 0.0000000000
25153  37.941  -70.365  -23.378 0.0000000000
35908  42.341  -62.806  -22.269 0.0000000000
35891  41.785  -63.207  -21.732 0.0000000000
37152  41.470  -62.118  -22.569 0.0000000000
38260  39.519  -60.708  -22.983 0.0000000000
33195  46.278  -64.135  -21.186 0.0000000000
34560  45.774  -63.480  -21.531 0.0000000000
29012  40.664  -67.159  -19.480 0.0000000000
28998  41.245  -67.095  -18.562 0.0000000000
29011  41.818  -67.677  -19.409 0.0000000000
27626  42.632  -68.185  -19.649 0.0000000000
26399  44.304  -69.647  -23.077 0.0000000000
26379  44.422  -69.386  -22.489 0.0000000000
26378  45.265  -69.488  -22.435 0.0000000000
26363  45.565  -69.020  -21.745 0.0000000000
27650  46.638  -68.366  -20.953 0.0000000000
29022  46.373  -67.248  -20.168 0.0000000000
26361  47.087  -68.762  -21.435 0.0000000000
27649  47.530  -68.246  -21.294 0.0000000000
27667  48.003  -68.198  -22.007 0.0000000000
27699  46.186  -68.805  -24.935 0.0000000000
27700  45.372  -68.245  -24.714 0.0000000000
29000  37.521  -67.556  -18.956 0.0000000000
27627  37.237  -68.384  -19.596 0.0000000000
26367  37.462  -69.150  -21.148 0.0000000000
34540  42.055  -63.588  -19.048 0.0000000000
35879  40.727  -63.251  -20.726 0.0000000000
38282  41.489  -61.058  -23.385 0.0000000000
38258  41.034  -61.511  -22.843 0.0000000000
39375  40.197  -59.502  -23.727 0.0000000000
27691  41.043  -68.884  -23.540 0.0000000000
27670  41.896  -68.876  -22.619 0.0000000000
27690  41.743  -69.152  -23.295 0.0000000000
26382  42.201  -69.311  -23.220 0.0000000000
26401  42.793  -69.484  -23.635 0.0000000000
25171  42.889  -70.101  -25.157 0.0000000000
26418  43.635  -69.763  -24.080 0.0000000000
25169  44.716  -70.307  -24.343 0.0000000000
31752  43.709  -65.747  -20.516 0.0000000000
33187  42.963  -64.943  -20.672 0.0000000000
33198  43.628  -64.350  -21.391 0.0000000000
34579  43.168  -63.109  -22.222 0.0000000000
35907  43.337  -62.380  -22.440 0.0000000000
35889  44.586  -62.652  -22.073 0.0000000000
37150  43.398  -61.687  -22.692 0.0000000000
37173  42.670  -61.504  -23.067 0.0000000000
38300  42.145  -60.698  -23.960 0.0000000000
33209  48.159  -64.271  -22.844 0.0000000000
31680  40.326  -64.849  -16.082 0.0000000000
33116  40.708  -64.580  -16.075 0.0000000000
31679  40.929  -64.945  -16.134 0.0000000000
31731  43.448  -65.815  -18.321 0.0000000000
31741  43.607  -66.030  -18.621 0.0000000000
27625  43.423  -68.312  -19.210 0.0000000000
27638  44.060  -68.719  -20.024 0.0000000000
27613  44.360  -68.005  -18.313 0.0000000000
27601  44.601  -67.636  -18.301 0.0000000000
30351  44.336  -66.992  -18.648 0.0000000000
30377  43.485  -66.207  -19.914 0.0000000000
30375  44.904  -66.171  -20.237 0.0000000000
31750  45.642  -65.438  -20.527 0.0000000000
33184  45.978  -64.790  -20.808 0.0000000000
30362  47.220  -66.443  -20.282 0.0000000000
31738  46.921  -66.072  -20.274 0.0000000000
33183  46.862  -64.883  -20.913 0.0000000000
33182  47.564  -64.873  -21.007 0.0000000000
33193  47.832  -64.514  -21.415 0.0000000000
33192  48.150  -64.472  -22.003 0.0000000000
23948  45.710  -71.155  -26.107 0.0000000000
26492  44.927  -70.195  -29.613 0.0000000000
25199  46.625  -70.245  -25.938 0.0000000000
25166  46.886  -70.004  -24.696 0.0000000000
26397  47.035  -69.241  -23.244 0.0000000000
27686  47.629  -68.448  -22.842 0.0000000000
29064  47.991  -67.760  -22.411 0.0000000000
29065  47.505  -67.801  -22.796 0.0000000000
29049  47.904  -67.100  -22.314 0.0000000000
30390  48.171  -66.314  -22.087 0.0000000000
31768  48.229  -65.339  -22.093 0.0000000000
31779  48.080  -64.937  -22.818 0.0000000000
31780  47.770  -65.185  -23.059 0.0000000000
37058  37.747  -61.939  -16.215 0.0000000000
35797  37.090  -62.607  -15.771 0.0000000000
35796  38.331  -62.640  -15.885 0.0000000000
33119  38.581  -64.096  -16.003 0.0000000000
33137  39.162  -64.548  -16.127 0.0000000000
28969  36.511  -67.611  -16.692 0.0000000000
31702  37.335  -65.759  -16.510 0.0000000000
31701  38.290  -65.492  -16.672 0.0000000000
31700  39.497  -65.235  -16.386 0.0000000000
30342  39.768  -66.425  -17.618 0.0000000000
30368  40.025  -66.796  -18.969 0.0000000000
29014  38.544  -67.183  -19.572 0.0000000000
30369  39.277  -66.798  -19.108 0.0000000000
29013  39.626  -66.977  -19.716 0.0000000000
29025  40.122  -67.330  -20.423 0.0000000000
27656  40.172  -67.924  -21.824 0.0000000000
27693  39.157  -68.569  -23.064 0.0000000000
27692  39.946  -68.527  -23.429 0.0000000000
34564  41.633  -63.631  -21.124 0.0000000000
35892  40.916  -62.871  -21.441 0.0000000000
37140  40.213  -62.195  -21.962 0.0000000000
37153  40.622  -61.828  -22.545 0.0000000000
37154  39.838  -61.632  -22.530 0.0000000000
25134  46.171  -70.054  -23.353 0.0000000000
25136  44.915  -69.748  -22.884 0.0000000000
25149  46.858  -69.914  -24.130 0.0000000000
25167  46.580  -70.218  -24.727 0.0000000000
25183  46.742  -70.100  -25.252 0.0000000000
25200  46.616  -70.575  -26.537 0.0000000000
26364  44.602  -68.976  -21.840 0.0000000000
26366  43.088  -69.159  -22.258 0.0000000000
26375  47.845  -68.779  -22.123 0.0000000000
26400  43.575  -69.562  -23.321 0.0000000000
26417  44.248  -69.846  -23.655 0.0000000000
26420  41.568  -69.678  -24.768 0.0000000000
26434  46.674  -69.851  -25.812 0.0000000000
26448  46.556  -69.905  -26.905 0.0000000000
26449  46.145  -69.537  -27.394 0.0000000000
26480  45.365  -70.208  -29.079 0.0000000000
27602  44.480  -67.660  -18.253 0.0000000000
27611  45.000  -67.967  -18.640 0.0000000000
27612  44.785  -67.763  -18.399 0.0000000000
27614  43.873  -68.150  -18.512 0.0000000000
27624  44.261  -68.287  -19.100 0.0000000000
27634  47.669  -67.369  -20.780 0.0000000000
27635  46.929  -67.671  -20.585 0.0000000000
27636  45.687  -67.705  -20.117 0.0000000000
27641  37.972  -67.893  -20.976 0.0000000000
27648  47.952  -67.334  -21.196 0.0000000000
27658  38.222  -67.962  -21.446 0.0000000000
27668  47.780  -68.638  -21.850 0.0000000000
27672  39.627  -68.195  -22.564 0.0000000000
27674  37.933  -68.416  -22.133 0.0000000000
27712  46.524  -69.578  -25.840 0.0000000000
27713  46.292  -69.272  -25.991 0.0000000000
27750  45.691  -69.639  -28.271 0.0000000000
28979  44.374  -67.463  -18.269 0.0000000000
28993  44.942  -67.811  -18.824 0.0000000000
28995  43.878  -67.957  -18.149 0.0000000000
29005  48.005  -66.517  -20.506 0.0000000000
29006  47.601  -66.645  -20.390 0.0000000000
29007  46.766  -66.858  -20.176 0.0000000000
29009  44.795  -67.104  -19.326 0.0000000000
29020  48.020  -66.826  -20.671 0.0000000000
29028  37.865  -67.862  -20.490 0.0000000000
29034  48.277  -66.741  -21.105 0.0000000000
29036  39.643  -67.604  -21.145 0.0000000000
29037  38.786  -67.656  -21.134 0.0000000000
29066  46.773  -67.561  -22.987 0.0000000000
30337  44.143  -67.059  -18.068 0.0000000000
30338  43.900  -66.837  -17.981 0.0000000000
30353  40.459  -66.731  -18.218 0.0000000000
30354  39.468  -66.643  -18.436 0.0000000000
30360  48.163  -66.389  -20.505 0.0000000000
30365  43.872  -66.325  -19.187 0.0000000000
30366  43.374  -65.955  -19.418 0.0000000000
30374  48.179  -66.138  -20.518 0.0000000000
30376  44.284  -66.280  -20.143 0.0000000000
31699  40.655  -65.496  -16.292 0.0000000000
31737  47.447  -66.111  -20.289 0.0000000000
31742  43.305  -65.639  -18.944 0.0000000000
31747  48.240  -65.892  -20.687 0.0000000000
31749  46.526  -65.492  -20.548 0.0000000000
31751  44.775  -65.613  -20.497 0.0000000000
31769  47.989  -65.654  -22.496 0.0000000000
33117  40.341  -64.135  -15.981 0.0000000000
33136  40.807  -63.857  -16.158 0.0000000000
33139  37.726  -65.164  -16.324 0.0000000000
34483  39.808  -63.413  -15.985 0.0000000000
34484  38.915  -63.363  -15.833 0.0000000000
34550  41.120  -63.588  -20.296 0.0000000000
34558  47.378  -63.625  -21.708 0.0000000000
34562  43.902  -63.402  -21.905 0.0000000000
35794  40.219  -62.920  -16.390 0.0000000000
35888  45.434  -62.820  -21.889 0.0000000000
35890  43.933  -62.587  -22.214 0.0000000000
35894  39.402  -62.310  -21.191 0.0000000000
35906  44.158  -61.889  -22.462 0.0000000000
35909  41.595  -62.749  -22.036 0.0000000000
35928  44.595  -61.621  -22.459 0.0000000000
37151  42.573  -62.039  -22.762 0.0000000000
37171  44.323  -61.336  -22.697 0.0000000000
38259  40.463  -61.223  -23.018 0.0000000000
38281  42.733  -61.213  -23.435 0.0000000000
