#!ascii label  , from subject 4108 vox2ras=TkReg
573
85301  25.838  -20.543  -21.107 0.1428571492
84174  25.350  -21.412  -21.207 0.1428571492
86454  25.421  -19.456  -21.307 0.1428571492
85296  26.688  -20.711  -20.398 0.1428571492
86447  26.365  -19.537  -20.878 0.2857142985
85295  27.535  -20.480  -19.980 0.1428571492
88828  26.685  -17.514  -21.238 0.5714285970
87638  27.683  -18.522  -20.659 0.1428571492
88816  28.782  -17.682  -20.378 0.2857142985
88817  28.029  -17.640  -20.797 0.2857142985
89951  29.481  -16.295  -20.536 0.1428571492
89941  29.218  -17.013  -20.213 0.2857142985
93436  29.847  -13.586  -21.127 0.2857142985
92300  30.198  -14.418  -20.752 0.1428571492
92301  29.272  -14.570  -21.251 0.2857142985
95868  30.798  -11.464  -21.099 0.2857142985
94664  30.833  -12.492  -20.932 0.2857142985
96992  30.688  -10.445  -21.359 0.2857142985
99229  31.373  -8.546  -21.917 0.2857142985
102465  31.545  -5.668  -22.330 0.8571428657
101408  31.878  -6.602  -22.085 0.4285714328
99228  32.026  -8.593  -21.323 0.2857142985
104548  32.510  -3.587  -22.135 0.7142857313
103523  32.040  -4.259  -22.229 0.7142857313
103515  31.883  -4.945  -21.994 0.7142857313
106626  32.477  -1.813  -21.796 0.8571428657
105627  32.170  -2.663  -22.224 0.5714285970
105628  31.475  -2.604  -22.648 0.8571428657
103524  31.316  -4.592  -22.535 0.7142857313
108641  32.662  0.321  -21.621 0.4285714328
107637  32.197  -1.058  -21.999 0.7142857313
106642  31.827  -1.743  -22.263 0.8571428657
110738  33.100  2.280  -20.944 0.2857142985
110739  32.489  2.113  -21.448 0.5714285970
107619  32.152  -0.364  -21.786 0.8571428657
111739  33.307  3.319  -20.962 0.1428571492
110737  33.638  2.585  -20.601 0.1428571492
111740  32.483  3.096  -21.141 0.4285714328
109702  32.329  1.270  -21.873 0.5714285970
108642  31.843  0.391  -21.962 0.8571428657
113893  32.595  5.416  -20.561 0.1428571492
111721  33.631  3.742  -20.507 0.1428571492
112752  32.783  3.770  -21.193 0.1428571492
109721  31.555  1.282  -22.217 0.8571428657
114950  33.145  6.997  -19.786 0.1428571492
114958  33.328  6.107  -19.836 0.1428571492
114959  32.843  6.438  -20.021 0.1428571492
112739  32.458  4.819  -20.993 0.1428571492
113906  32.051  5.266  -21.047 0.4285714328
111754  31.825  3.288  -21.278 0.5714285970
111755  31.342  2.915  -21.619 0.7142857313
109722  30.933  1.304  -22.729 0.8571428657
115981  32.387  7.327  -20.492 0.1428571492
116930  32.958  8.250  -20.429 0.1428571492
114969  32.007  6.281  -20.627 0.1428571492
114970  31.212  6.058  -21.209 0.5714285970
112766  31.068  3.843  -21.645 0.8571428657
110757  31.026  2.089  -22.119 0.8571428657
111756  30.732  3.031  -22.261 0.8571428657
116929  33.187  8.701  -20.203 0.1428571492
116939  32.189  8.238  -20.979 0.2857142985
115982  31.593  7.293  -21.140 0.1428571492
113907  31.516  4.956  -21.391 0.8571428657
112754  31.329  4.405  -21.519 0.7142857313
113921  31.031  4.963  -21.788 0.8571428657
118802  32.612  10.264  -21.379 0.1428571492
118791  33.079  10.846  -21.021 0.1428571492
117862  31.933  9.032  -21.411 0.4285714328
116941  31.113  8.300  -22.194 0.8571428657
115983  31.147  7.664  -21.754 0.8571428657
114980  30.521  6.130  -22.006 0.8571428657
113922  30.214  5.119  -22.658 0.8571428657
117872  32.250  9.674  -21.525 0.4285714328
115993  30.547  7.354  -22.284 0.8571428657
114981  30.037  6.317  -22.800 0.8571428657
118792  32.627  11.004  -21.443 0.1428571492
119734  32.442  11.485  -21.746 0.2857142985
118814  32.110  10.178  -21.869 0.5714285970
118815  31.573  10.545  -22.456 0.8571428657
117873  31.767  9.615  -21.978 0.8571428657
116951  30.597  8.352  -22.898 0.8571428657
116003  29.911  7.420  -23.100 0.8571428657
120698  32.372  12.052  -22.032 0.2857142985
119750  31.906  11.519  -22.177 0.7142857313
118803  32.176  10.838  -21.814 0.5714285970
117882  30.469  9.390  -23.290 0.8571428657
119760  31.494  11.632  -22.857 0.8571428657
118825  31.161  11.021  -23.338 0.8571428657
118816  30.972  10.162  -23.105 0.8571428657
118826  30.394  10.499  -23.728 0.7142857313
117883  29.712  9.479  -23.856 0.7142857313
120716  31.510  12.417  -23.258 0.8571428657
119767  31.150  11.833  -23.398 0.8571428657
119768  30.646  11.600  -23.755 0.8571428657
120717  30.877  12.503  -23.696 0.8571428657
119769  29.896  11.425  -24.146 0.7142857313
121655  31.989  13.829  -23.354 0.7142857313
121656  31.441  13.388  -23.557 0.8571428657
122579  31.641  14.468  -23.631 0.8571428657
122580  30.676  14.450  -23.993 0.8571428657
123568  30.954  15.466  -23.886 0.7142857313
121657  30.222  13.447  -24.149 0.8571428657
152242  33.103  17.622  -24.447 0.1428571492
124496  31.171  16.522  -23.833 0.7142857313
127292  33.224  19.459  -24.963 0.1428571492
152249  31.290  17.504  -23.758 0.5714285970
152258  30.700  18.495  -23.600 0.5714285970
152257  32.068  18.305  -23.987 0.1428571492
128111  32.936  20.597  -25.194 0.1428571492
152268  31.087  19.781  -23.606 0.5714285970
128906  32.615  21.942  -25.519 0.1428571492
128905  32.891  22.382  -26.362 0.1428571492
128099  31.596  20.645  -24.134 0.1428571492
129703  32.043  23.330  -26.154 0.1428571492
128895  31.667  22.517  -25.290 0.1428571492
130470  32.209  24.272  -26.714 0.1428571492
129692  31.203  23.310  -25.803 0.1428571492
84173  26.060  -21.556  -20.946 0.1428571492
82994  25.554  -22.262  -21.181 0.1428571492
86446  27.394  -19.502  -20.366 0.2857142985
87637  28.302  -18.465  -20.354 0.2857142985
91148  29.937  -15.446  -20.728 0.2857142985
98092  30.747  -9.481  -21.831 0.2857142985
100358  31.359  -7.508  -22.268 0.5714285970
106625  33.221  -1.840  -21.417 0.2857142985
102466  30.849  -5.604  -22.899 0.7142857313
107638  31.546  -0.658  -22.361 0.8571428657
110756  31.796  2.072  -21.807 0.7142857313
116919  33.260  7.871  -20.089 0.1428571492
112767  30.428  3.963  -22.395 0.8571428657
120709  31.946  12.367  -22.619 0.8571428657
152240  32.021  16.837  -24.057 0.7142857313
152269  31.933  19.398  -23.939 0.1428571492
129719  32.832  23.293  -27.367 0.1428571492
81881  25.208  -22.629  -21.222 0.1428571492
88818  27.361  -17.913  -20.931 0.4285714328
89952  28.569  -16.600  -20.745 0.2857142985
88827  27.448  -17.296  -21.107 0.4285714328
91149  29.078  -15.614  -20.980 0.1428571492
93434  31.354  -13.381  -20.350 0.2857142985
94680  29.732  -12.460  -21.542 0.2857142985
94665  30.247  -13.019  -21.086 0.2857142985
94679  30.431  -11.966  -21.301 0.2857142985
101417  31.118  -6.574  -22.616 0.7142857313
113892  33.331  5.432  -20.008 0.1428571492
115963  33.400  7.484  -19.777 0.1428571492
117860  33.238  9.740  -20.600 0.1428571492
117861  32.701  9.289  -20.835 0.2857142985
118801  33.116  10.083  -20.887 0.1428571492
116940  31.524  8.258  -21.524 0.8571428657
119733  32.918  11.567  -21.372 0.1428571492
120696  33.381  12.592  -21.316 0.1428571492
121635  32.624  12.920  -22.177 0.2857142985
121646  32.354  13.290  -22.817 0.5714285970
122578  32.457  14.187  -23.412 0.5714285970
123567  32.249  15.509  -23.840 0.7142857313
152233  32.652  16.306  -24.099 0.2857142985
152241  32.668  16.981  -24.292 0.2857142985
152250  32.826  18.557  -24.407 0.1428571492
152259  32.575  19.669  -24.447 0.1428571492
128087  30.505  21.179  -24.101 0.2857142985
127307  33.097  19.832  -25.054 0.1428571492
128896  31.137  21.975  -24.469 0.1428571492
152292  30.678  23.072  -25.262 0.1428571492
128110  33.326  21.191  -25.968 0.1428571492
130462  31.671  24.274  -26.319 0.1428571492
129704  30.856  24.532  -25.754 0.1428571492
130471  31.666  24.799  -26.384 0.1428571492
121645  32.829  13.619  -22.561 0.4285714328
122570  32.858  13.875  -22.950 0.4285714328
122577  33.249  14.542  -23.150 0.4285714328
152234  33.595  15.980  -24.018 0.4285714328
82995  25.000  -22.151  -21.272 0.1428571492
87646  25.972  -18.454  -21.225 0.4285714328
87639  26.920  -18.580  -20.892 0.5714285970
86445  27.905  -18.951  -20.287 0.1428571492
89953  27.870  -16.873  -21.097 0.1428571492
107618  32.871  -0.793  -21.593 0.8571428657
109701  33.167  1.227  -21.298 0.5714285970
111741  31.939  2.668  -21.352 0.5714285970
112738  33.067  4.423  -20.822 0.1428571492
112753  32.054  4.148  -21.358 0.1428571492
115992  30.919  7.063  -21.582 0.8571428657
117863  31.470  8.925  -21.918 0.8571428657
117874  31.136  9.336  -22.551 0.8571428657
116960  29.853  8.454  -23.501 0.8571428657
121647  31.852  12.852  -23.102 0.8571428657
126448  33.511  18.689  -24.799 0.1428571492
125470  30.317  17.458  -23.739 0.5714285970
128098  32.221  21.309  -24.665 0.1428571492
129713  32.893  22.795  -27.077 0.1428571492
91146  31.346  -14.921  -20.160 0.1428571492
89964  27.267  -16.536  -21.476 0.4285714328
95879  29.730  -11.414  -22.036 0.5714285970
152291  29.775  22.503  -24.537 0.1428571492
94693  29.305  -11.906  -22.099 0.5714285970
94695  27.806  -12.386  -22.813 0.5714285970
94696  27.051  -12.592  -23.216 0.2857142985
95880  29.089  -11.374  -22.580 0.5714285970
95904  28.020  -11.252  -23.411 0.5714285970
92329  26.804  -14.029  -22.587 0.4285714328
94697  26.212  -12.292  -23.349 0.2857142985
94720  27.456  -11.832  -23.296 0.4285714328
98110  30.146  -9.505  -22.345 0.4285714328
98111  29.474  -9.542  -22.953 0.5714285970
97028  28.460  -10.452  -23.375 0.5714285970
97029  27.846  -10.415  -23.741 0.4285714328
99243  30.036  -8.498  -22.724 0.5714285970
99244  29.480  -8.657  -23.444 0.5714285970
98112  28.900  -9.870  -23.308 0.4285714328
100369  29.917  -7.653  -23.693 0.7142857313
100368  30.580  -7.477  -22.793 0.4285714328
95906  26.714  -11.239  -23.686 0.2857142985
98125  28.461  -9.546  -23.683 0.4285714328
99242  30.801  -8.176  -22.384 0.7142857313
102475  30.560  -5.572  -23.774 0.7142857313
101447  30.059  -5.886  -24.882 0.4285714328
103532  30.454  -4.617  -23.962 0.7142857313
103546  30.181  -4.450  -24.588 0.5714285970
103547  29.732  -4.360  -25.052 0.2857142985
104570  30.802  -3.010  -23.537 0.7142857313
105656  30.220  -2.554  -24.381 0.7142857313
106654  30.435  -1.587  -24.038 0.7142857313
106662  29.835  -1.628  -24.564 0.7142857313
105657  29.589  -2.556  -24.851 0.4285714328
106663  29.213  -1.643  -24.972 0.4285714328
104559  31.731  -3.538  -22.464 0.5714285970
104561  30.703  -4.093  -23.612 0.5714285970
106653  30.898  -1.623  -23.426 0.5714285970
107659  30.081  -0.645  -24.270 0.7142857313
108677  30.310  0.372  -23.934 0.7142857313
107660  29.455  -0.719  -24.789 0.7142857313
108689  29.812  0.285  -24.667 0.5714285970
109758  29.438  1.222  -25.117 0.5714285970
107639  31.024  -0.277  -22.889 0.5714285970
108661  30.761  0.431  -23.175 0.7142857313
107651  30.660  -0.610  -23.542 0.7142857313
109739  30.530  1.351  -23.517 0.8571428657
110785  30.258  2.355  -23.790 0.7142857313
110786  29.639  2.557  -24.547 0.7142857313
111783  29.883  3.338  -23.892 0.7142857313
108660  31.232  0.417  -22.512 0.5714285970
110770  30.578  2.214  -22.895 0.8571428657
111769  30.317  3.201  -23.112 0.8571428657
111784  29.551  3.603  -24.428 0.5714285970
112806  29.047  4.490  -25.237 0.2857142985
114991  29.194  6.472  -24.436 0.7142857313
112779  29.961  4.272  -23.338 0.8571428657
112793  29.658  4.096  -24.045 0.8571428657
112780  29.676  4.761  -23.934 0.8571428657
113932  29.481  5.504  -24.165 0.5714285970
114990  29.588  6.430  -23.618 0.8571428657
116004  29.423  7.469  -23.915 0.8571428657
116015  28.931  7.500  -24.707 0.7142857313
116961  29.235  8.488  -24.213 0.7142857313
119775  29.005  11.358  -24.396 0.7142857313
120718  30.097  12.372  -23.993 0.5714285970
120727  28.815  12.034  -24.941 0.7142857313
120726  29.430  12.321  -24.547 0.7142857313
121664  29.797  13.948  -24.725 0.8571428657
122587  29.443  14.453  -25.142 0.7142857313
120738  28.975  12.699  -25.164 0.7142857313
122588  28.807  14.721  -25.603 0.7142857313
123578  29.035  15.498  -25.200 0.7142857313
123586  27.917  14.645  -26.134 0.5714285970
123569  29.842  15.462  -24.423 0.7142857313
123570  29.216  15.981  -24.742 0.7142857313
123579  28.077  15.278  -25.837 0.5714285970
124508  28.710  16.451  -24.889 0.4285714328
124509  28.173  16.397  -25.438 0.5714285970
123580  27.132  15.148  -25.398 0.5714285970
125487  28.686  17.068  -24.589 0.5714285970
125488  28.197  17.324  -25.063 0.5714285970
124510  27.294  16.227  -25.282 0.5714285970
123581  26.413  14.936  -24.729 0.5714285970
125490  26.596  17.106  -24.899 0.5714285970
125472  28.544  17.675  -24.763 0.5714285970
123571  25.728  15.117  -23.790 0.4285714328
121667  25.424  12.881  -24.199 0.4285714328
124511  26.316  16.008  -24.583 0.5714285970
124492  25.758  16.430  -22.471 0.4285714328
102456  32.280  -5.679  -21.891 0.2857142985
106643  31.328  -1.669  -22.830 0.5714285970
126438  26.128  17.783  -23.751 0.2857142985
124499  25.558  16.259  -23.498 0.4285714328
123560  25.537  15.365  -22.538 0.2857142985
93463  28.077  -12.960  -22.434 0.5714285970
93450  27.799  -14.076  -22.098 0.5714285970
96993  30.158  -10.795  -21.892 0.2857142985
97008  30.307  -10.155  -21.987 0.2857142985
93465  26.548  -13.436  -22.920 0.2857142985
99251  29.025  -8.726  -23.878 0.4285714328
100370  29.425  -8.246  -23.891 0.5714285970
98126  27.697  -9.478  -24.042 0.2857142985
101429  30.129  -6.502  -24.382 0.5714285970
103513  33.571  -4.748  -21.540 0.2857142985
102509  29.418  -5.129  -25.196 0.2857142985
104585  29.979  -3.501  -24.721 0.7142857313
112794  29.460  4.502  -24.583 0.7142857313
118827  29.469  10.438  -24.202 0.7142857313
118833  28.645  10.381  -24.682 0.7142857313
122597  28.991  14.045  -25.530 0.7142857313
123587  27.606  14.773  -25.940 0.5714285970
124497  30.083  16.437  -23.906 0.5714285970
124498  29.287  16.480  -24.453 0.5714285970
125471  29.213  17.431  -24.213 0.5714285970
125489  27.457  17.267  -25.257 0.5714285970
126451  26.845  18.012  -24.997 0.2857142985
99252  28.418  -8.647  -24.147 0.4285714328
95869  30.273  -11.431  -21.553 0.2857142985
103525  30.714  -4.665  -23.263 0.5714285970
113931  29.816  5.406  -23.419 0.7142857313
122586  29.978  14.466  -24.592 0.8571428657
101418  30.596  -6.586  -23.404 0.5714285970
117888  29.053  9.454  -24.539 0.7142857313
104560  30.954  -3.554  -23.097 0.5714285970
95881  28.344  -11.715  -22.891 0.5714285970
94694  28.700  -12.408  -22.264 0.4285714328
94719  27.883  -11.786  -23.100 0.4285714328
93464  27.438  -13.476  -22.585 0.5714285970
94721  26.913  -11.833  -23.493 0.4285714328
97009  29.740  -10.488  -22.434 0.5714285970
95903  28.616  -11.084  -23.105 0.5714285970
97010  29.037  -10.476  -22.959 0.5714285970
92316  27.183  -14.655  -22.185 0.5714285970
95905  27.336  -11.192  -23.685 0.4285714328
98124  29.069  -9.278  -23.475 0.5714285970
100381  29.694  -7.255  -24.270 0.4285714328
102491  30.224  -5.385  -24.458 0.5714285970
102492  29.870  -5.247  -24.924 0.4285714328
101448  29.339  -6.216  -25.010 0.4285714328
101430  29.497  -6.990  -24.553 0.4285714328
104571  30.580  -3.536  -24.034 0.7142857313
105641  31.019  -2.484  -23.215 0.7142857313
105642  30.663  -2.467  -23.783 0.7142857313
109757  30.158  1.372  -24.404 0.7142857313
121665  29.423  13.407  -24.908 0.7142857313
123577  29.633  14.991  -24.904 0.8571428657
126436  28.278  17.963  -25.067 0.7142857313
98138  27.377  -8.975  -24.295 0.1428571492
99264  28.195  -8.229  -24.440 0.4285714328
87647  24.952  -18.282  -21.838 0.4285714328
96977  31.765  -10.518  -20.362 0.1428571492
96978  31.136  -10.832  -20.800 0.1428571492
96991  31.228  -10.135  -20.790 0.1428571492
100357  32.236  -7.594  -21.627 0.1428571492
100356  32.887  -7.122  -21.493 0.1428571492
98071  31.708  -9.701  -20.665 0.1428571492
98090  32.013  -9.166  -20.907 0.1428571492
101407  32.637  -6.544  -21.691 0.1428571492
104547  33.229  -3.734  -21.675 0.2857142985
152308  30.958  25.867  -25.486 0.1428571492
116967  28.693  8.488  -24.966 0.4285714328
152331  29.955  25.615  -25.121 0.1428571492
152281  29.708  23.686  -25.167 0.1428571492
119776  28.376  11.329  -25.074 0.4285714328
152312  26.910  22.780  -24.764 0.2857142985
128100  28.256  20.149  -24.674 0.2857142985
126435  28.549  18.440  -24.772 0.2857142985
118842  26.945  9.968  -26.401 0.1428571492
120739  28.318  12.363  -25.580 0.5714285970
128102  27.356  19.642  -24.244 0.2857142985
126434  29.519  18.449  -23.985 0.4285714328
120740  27.596  12.314  -26.094 0.4285714328
121676  28.079  13.264  -26.265 0.5714285970
128101  27.685  19.982  -24.564 0.2857142985
120741  26.945  12.270  -26.165 0.4285714328
120728  26.428  12.313  -25.494 0.2857142985
126437  26.597  18.332  -24.192 0.1428571492
127296  27.204  18.741  -24.579 0.1428571492
120729  25.784  12.234  -24.685 0.1428571492
121666  25.981  13.256  -25.022 0.4285714328
126424  26.183  17.730  -23.187 0.1428571492
127283  27.072  19.084  -23.761 0.1428571492
128088  27.303  20.189  -23.413 0.1428571492
125455  26.101  17.100  -22.179 0.2857142985
123540  25.905  15.323  -19.890 0.1428571492
126423  26.714  18.258  -23.055 0.1428571492
125449  26.508  17.018  -21.404 0.1428571492
125454  26.680  17.690  -22.008 0.1428571492
125448  27.250  17.531  -21.022 0.1428571492
88829  25.698  -17.437  -21.642 0.4285714328
89982  25.080  -16.348  -22.137 0.2857142985
95856  31.430  -11.548  -20.612 0.1428571492
99209  32.539  -8.650  -20.860 0.1428571492
102455  33.067  -5.639  -21.555 0.1428571492
117889  28.451  9.404  -25.234 0.2857142985
152275  29.832  20.569  -24.048 0.2857142985
152310  27.193  20.743  -24.047 0.2857142985
152284  28.260  21.036  -24.566 0.2857142985
89983  24.460  -16.262  -21.943 0.2857142985
91138  30.595  -15.852  -20.502 0.1428571492
89950  30.158  -16.241  -20.454 0.1428571492
94663  31.825  -12.451  -20.319 0.1428571492
105611  32.952  -2.721  -21.915 0.1428571492
103514  32.653  -4.639  -21.816 0.1428571492
119777  26.139  11.566  -25.190 0.1428571492
118843  26.387  10.043  -25.947 0.2857142985
122599  27.510  14.141  -26.266 0.5714285970
152311  26.531  22.076  -24.149 0.2857142985
152295  27.462  21.824  -24.655 0.2857142985
152283  28.994  21.160  -24.310 0.2857142985
152293  28.991  21.560  -24.392 0.2857142985
152325  27.670  22.787  -24.938 0.2857142985
152336  27.191  24.464  -25.029 0.1428571492
152340  27.967  25.109  -24.602 0.1428571492
127274  27.420  19.356  -22.692 0.2857142985
152338  28.955  24.592  -25.219 0.1428571492
152328  26.602  23.721  -24.837 0.2857142985
152282  29.447  21.505  -24.292 0.2857142985
152324  28.487  22.015  -24.607 0.1428571492
89966  25.510  -16.717  -21.921 0.4285714328
152270  29.842  19.494  -23.934 0.2857142985
121675  28.724  13.345  -25.639 0.5714285970
122598  28.345  14.230  -26.007 0.5714285970
127282  28.925  19.362  -24.518 0.2857142985
125473  25.815  17.100  -24.193 0.4285714328
123553  25.871  15.952  -21.892 0.2857142985
126452  26.293  17.725  -24.490 0.2857142985
122600  26.963  13.723  -26.213 0.5714285970
126450  27.759  18.276  -25.166 0.2857142985
127295  27.695  19.139  -24.807 0.2857142985
100347  32.491  -8.136  -21.204 0.1428571492
98070  32.452  -9.571  -20.457 0.1428571492
101406  33.265  -6.552  -21.305 0.1428571492
118834  27.988  10.325  -25.362 0.2857142985
152294  27.499  20.938  -24.506 0.2857142985
127294  28.187  19.343  -24.877 0.2857142985
119784  27.235  11.253  -26.184 0.2857142985
119785  26.639  11.198  -25.894 0.2857142985
121677  27.281  13.172  -26.337 0.5714285970
88845  25.061  -17.256  -21.971 0.2857142985
102454  33.899  -5.673  -21.219 0.1428571492
116968  28.319  8.458  -25.780 0.2857142985
152334  28.398  23.390  -25.040 0.2857142985
111797  29.288  3.545  -24.973 0.2857142985
152298  27.205  22.116  -21.812 0.1428571492
152326  26.031  22.835  -23.872 0.1428571492
152313  27.501  22.783  -21.211 0.1428571492
126402  27.982  18.682  -20.891 0.1428571492
152286  28.062  20.901  -20.696 0.1428571492
152315  26.556  22.411  -22.627 0.1428571492
152329  25.901  23.035  -23.167 0.1428571492
127265  27.813  19.636  -21.438 0.1428571492
128078  27.629  20.672  -22.257 0.1428571492
127257  28.107  19.770  -20.382 0.1428571492
152297  27.896  22.109  -20.262 0.1428571492
152271  29.074  19.593  -19.677 0.1428571492
152285  28.191  20.393  -20.037 0.1428571492
110803  28.965  2.504  -25.155 0.2857142985
126401  28.525  18.954  -19.983 0.1428571492
152277  28.568  20.001  -19.861 0.1428571492
152320  27.480  23.304  -21.478 0.1428571492
152314  26.897  21.634  -23.122 0.1428571492
130454  25.665  24.460  -24.198 0.1428571492
152316  26.441  22.743  -22.358 0.1428571492
130439  26.157  24.575  -22.462 0.1428571492
99230  30.623  -8.841  -22.228 0.4285714328
92315  28.286  -14.669  -21.688 0.2857142985
92302  28.788  -15.145  -21.351 0.1428571492
93449  28.390  -13.526  -22.007 0.2857142985
92314  28.786  -14.083  -21.642 0.1428571492
94681  28.903  -12.936  -21.716 0.2857142985
91162  27.703  -15.607  -21.724 0.2857142985
122590  26.684  14.190  -25.582 0.4285714328
93448  29.146  -13.528  -21.531 0.1428571492
91150  28.435  -15.673  -21.352 0.1428571492
119783  27.804  11.334  -25.771 0.2857142985
91164  26.160  -15.540  -22.120 0.2857142985
89981  25.672  -16.095  -22.046 0.2857142985
91163  26.840  -15.642  -21.900 0.2857142985
92317  26.575  -15.109  -22.220 0.2857142985
100382  29.201  -7.860  -24.391 0.2857142985
100395  29.133  -7.131  -24.694 0.2857142985
104586  29.380  -3.447  -25.108 0.1428571492
105674  28.940  -2.417  -25.245 0.1428571492
108690  29.365  0.051  -25.203 0.1428571492
111798  28.730  3.562  -25.440 0.1428571492
112807  28.491  4.472  -25.490 0.1428571492
115003  28.656  6.468  -25.281 0.1428571492
113959  28.651  5.356  -25.347 0.1428571492
115019  28.174  6.453  -25.965 0.1428571492
117894  27.833  9.299  -25.879 0.1428571492
118841  27.418  10.227  -25.960 0.1428571492
118850  26.843  9.225  -26.582 0.1428571492
122581  25.944  14.223  -24.495 0.1428571492
122582  25.549  14.145  -23.526 0.1428571492
123572  25.377  14.704  -23.023 0.1428571492
122573  25.393  14.061  -22.595 0.1428571492
123561  25.422  14.702  -22.582 0.1428571492
87664  24.687  -17.625  -22.055 0.2857142985
116028  28.201  7.542  -26.086 0.1428571492
100383  28.593  -8.078  -24.500 0.2857142985
100396  28.491  -7.439  -24.727 0.2857142985
106677  28.833  -1.628  -25.204 0.1428571492
108703  28.879  0.284  -25.538 0.1428571492
109772  28.588  1.432  -25.328 0.1428571492
110824  27.940  3.277  -25.793 0.1428571492
111816  28.194  3.682  -25.655 0.1428571492
112823  28.052  4.504  -25.612 0.1428571492
113960  28.257  5.356  -25.618 0.1428571492
117905  27.021  8.910  -26.742 0.1428571492
121660  25.229  13.148  -23.199 0.1428571492
121659  25.594  13.548  -24.107 0.1428571492
89965  26.232  -16.477  -21.733 0.2857142985
113945  29.091  5.462  -24.865 0.1428571492
120719  25.273  12.103  -23.622 0.1428571492
99253  27.835  -8.696  -24.220 0.1428571492
116016  28.506  7.585  -25.445 0.1428571492
91180  25.577  -15.439  -22.206 0.2857142985
101449  28.257  -6.234  -24.951 0.1428571492
115018  28.436  5.906  -25.596 0.1428571492
111817  27.701  3.735  -25.672 0.1428571492
87666  23.854  -18.010  -22.013 0.1428571492
88830  23.587  -17.630  -21.167 0.1428571492
88846  24.573  -17.103  -21.981 0.1428571492
92330  26.238  -14.576  -22.556 0.1428571492
107617  33.731  -0.980  -21.304 0.1428571492
152227  33.625  14.240  -22.367 0.1428571492
86455  24.554  -19.453  -21.592 0.1428571492
91182  24.500  -15.380  -21.669 0.1428571492
91181  24.969  -15.454  -22.078 0.1428571492
122561  33.554  13.843  -21.948 0.1428571492
121634  32.969  13.306  -21.957 0.1428571492
108640  33.622  0.085  -21.260 0.1428571492
97030  27.164  -10.413  -23.962 0.1428571492
87648  24.080  -18.619  -22.047 0.1428571492
88847  23.944  -17.224  -21.743 0.1428571492
93466  25.760  -13.545  -22.818 0.1428571492
86435  28.276  -19.382  -19.789 0.1428571492
86436  27.795  -19.906  -19.909 0.1428571492
87665  24.288  -17.816  -22.103 0.1428571492
93435  30.535  -13.514  -20.694 0.2857142985
101466  29.171  -5.525  -25.234 0.2857142985
102510  28.978  -5.044  -25.342 0.2857142985
106678  28.484  -1.583  -25.370 0.1428571492
107650  31.145  -0.953  -23.047 0.5714285970
110825  27.688  3.045  -25.827 0.1428571492
112765  31.551  3.559  -21.472 0.5714285970
115004  28.350  7.017  -25.716 0.1428571492
115973  33.004  7.400  -20.104 0.1428571492
117852  32.999  8.887  -20.379 0.1428571492
117895  27.328  9.186  -26.378 0.1428571492
117916  26.880  8.435  -26.999 0.1428571492
119748  33.226  12.188  -21.304 0.1428571492
119749  33.099  11.976  -21.362 0.1428571492
120678  32.920  11.947  -21.566 0.2857142985
120679  32.715  11.886  -21.701 0.2857142985
120697  32.852  12.392  -21.734 0.2857142985
120708  32.418  12.615  -22.270 0.2857142985
121658  29.718  12.915  -24.286 0.7142857313
121678  26.640  13.184  -25.950 0.2857142985
122569  33.205  13.892  -22.522 0.4285714328
122589  27.249  14.586  -25.852 0.4285714328
123559  25.590  15.236  -22.131 0.2857142985
125461  26.255  17.620  -22.711 0.1428571492
125462  25.728  17.250  -23.131 0.4285714328
126449  28.040  18.841  -25.078 0.2857142985
127293  31.828  19.872  -23.983 0.1428571492
129675  25.743  23.823  -22.730 0.1428571492
129683  25.622  23.736  -23.064 0.1428571492
129702  32.551  22.963  -26.679 0.1428571492
130446  25.633  23.563  -23.586 0.1428571492
130447  25.557  24.182  -23.383 0.1428571492
131203  25.586  25.124  -24.023 0.1428571492
131211  26.160  24.375  -24.627 0.2857142985
131225  32.188  25.188  -26.610 0.1428571492
131936  31.609  25.969  -25.466 0.1428571492
152276  29.041  20.286  -24.403 0.2857142985
152309  27.568  22.330  -24.809 0.2857142985
152317  26.457  23.377  -21.913 0.1428571492
152327  25.927  23.429  -24.160 0.2857142985
152335  27.276  23.446  -25.043 0.2857142985
