#!ascii label  , from subject 3464 vox2ras=TkReg
1162
70102  -6.420  -19.194  74.176 0.0000000000
82353  -30.894  -10.117  62.215 0.0000000000
89148  -31.609  -5.464  56.959 0.0000000000
78245  -25.088  -12.258  67.027 0.0000000000
100291  -40.371  3.185  45.968 0.0000000000
89294  -37.062  -5.110  49.267 0.0000000000
83652  -33.367  -9.930  66.957 0.0000000000
79587  -28.046  -12.019  65.410 0.0000000000
105432  -46.010  6.558  46.793 0.0000000000
105463  -50.033  5.428  43.085 0.0000000000
106707  -51.245  7.801  40.359 0.0000000000
94715  -35.907  -0.422  57.591 0.0000000000
92045  -34.075  -3.613  52.039 0.0000000000
93378  -39.664  -1.923  53.974 0.0000000000
93441  -42.771  -2.030  52.286 0.0000000000
76787  -17.006  -14.588  68.557 0.0000000000
70090  -3.867  -19.721  74.882 0.0000000000
85128  -32.239  -8.838  59.752 0.0000000000
93305  -34.088  -3.023  61.437 0.0000000000
79603  -19.499  -13.848  63.880 0.0000000000
75555  -24.561  -15.659  61.574 0.0000000000
105542  -50.111  5.662  34.880 0.0000000000
111335  -53.018  11.395  37.463 0.0000000000
94836  -38.420  -2.051  48.934 0.0000000000
101570  -45.214  3.131  50.275 0.0000000000
71404  -8.794  -19.004  70.512 0.0000000000
61614  -2.477  -27.415  72.642 0.0000000000
105445  -48.200  6.068  45.257 0.0000000000
96113  -37.806  -0.654  54.849 0.0000000000
72767  -16.618  -17.987  67.757 0.0000000000
68909  -5.042  -20.415  74.838 0.0000000000
82421  -30.166  -10.623  58.337 0.0000000000
82385  -32.468  -9.958  61.022 0.0000000000
78259  -22.907  -12.299  65.504 0.0000000000
76873  -23.184  -14.509  62.501 0.0000000000
76831  -24.813  -14.153  64.777 0.0000000000
82325  -29.385  -10.035  64.175 0.0000000000
78333  -26.580  -13.317  62.288 0.0000000000
79688  -27.641  -12.191  60.259 0.0000000000
79527  -23.563  -11.102  68.904 0.0000000000
81001  -20.854  -10.903  66.874 0.0000000000
104268  -45.170  5.007  39.209 0.0000000000
104306  -48.703  4.873  35.849 0.0000000000
107869  -51.738  9.356  39.432 0.0000000000
90693  -35.631  -4.752  50.017 0.0000000000
90732  -37.971  -4.422  48.888 0.0000000000
97501  -44.294  0.170  51.482 0.0000000000
70129  -14.386  -17.922  70.732 0.0000000000
71372  -12.776  -17.509  71.373 0.0000000000
72700  -11.438  -17.072  72.012 0.0000000000
71420  -11.515  -19.242  69.103 0.0000000000
62875  -3.692  -26.735  72.604 0.0000000000
82327  -32.150  -9.466  64.496 0.0000000000
83695  -32.985  -8.778  63.451 0.0000000000
85028  -34.647  -8.434  66.037 0.0000000000
76759  -27.639  -11.877  69.889 0.0000000000
76805  -26.888  -12.603  67.331 0.0000000000
79540  -28.822  -11.089  68.896 0.0000000000
82298  -31.379  -9.607  66.880 0.0000000000
102937  -43.746  5.044  46.986 0.0000000000
104209  -45.659  5.372  44.632 0.0000000000
104231  -47.044  4.879  42.378 0.0000000000
104258  -48.347  6.055  40.221 0.0000000000
105501  -49.085  6.555  39.579 0.0000000000
106675  -51.066  6.229  41.249 0.0000000000
93358  -33.525  -2.590  57.148 0.0000000000
91996  -32.306  -3.605  54.223 0.0000000000
93393  -35.117  -1.588  54.373 0.0000000000
92023  -36.981  -2.693  52.432 0.0000000000
90644  -38.287  -4.131  51.543 0.0000000000
90673  -39.388  -4.196  51.230 0.0000000000
90598  -40.938  -2.980  53.215 0.0000000000
74108  -16.792  -15.203  71.103 0.0000000000
70159  -15.866  -18.748  69.080 0.0000000000
111380  -51.734  10.368  31.916 0.0000000000
70100  -2.647  -19.751  74.281 0.0000000000
83763  -30.753  -10.307  56.655 0.0000000000
87789  -32.029  -6.782  58.326 0.0000000000
86406  -33.550  -7.884  62.328 0.0000000000
89099  -33.232  -5.642  61.342 0.0000000000
90550  -32.962  -4.287  58.786 0.0000000000
94700  -34.993  -1.514  58.959 0.0000000000
76876  -26.195  -14.228  62.987 0.0000000000
80951  -19.146  -11.699  69.777 0.0000000000
79547  -18.157  -13.553  66.284 0.0000000000
105535  -49.288  7.457  37.681 0.0000000000
109097  -50.751  8.773  36.079 0.0000000000
110247  -50.651  9.376  33.895 0.0000000000
112572  -53.087  12.129  35.661 0.0000000000
67682  -7.117  -22.250  70.620 0.0000000000
66389  -5.758  -23.150  72.741 0.0000000000
98886  -39.495  0.556  47.957 0.0000000000
93471  -41.228  -2.273  50.990 0.0000000000
97518  -42.491  0.866  49.869 0.0000000000
100258  -43.003  2.414  48.826 0.0000000000
105411  -45.843  5.737  49.230 0.0000000000
71367  -7.411  -18.897  72.591 0.0000000000
65269  -4.154  -23.932  73.524 0.0000000000
65257  -3.480  -23.397  73.269 0.0000000000
65277  -2.298  -24.122  72.195 0.0000000000
68924  -5.429  -20.494  74.297 0.0000000000
82366  -29.841  -10.231  60.771 0.0000000000
82383  -30.740  -10.358  60.257 0.0000000000
82368  -31.753  -10.043  61.585 0.0000000000
78243  -23.524  -12.063  66.367 0.0000000000
78280  -23.559  -13.277  64.993 0.0000000000
76801  -24.634  -13.170  65.767 0.0000000000
82338  -29.813  -10.117  62.861 0.0000000000
81053  -28.118  -11.058  62.878 0.0000000000
82351  -28.777  -10.328  61.357 0.0000000000
81093  -28.042  -11.339  59.768 0.0000000000
78205  -25.659  -11.743  69.618 0.0000000000
79504  -25.435  -11.528  71.128 0.0000000000
78219  -24.827  -11.546  68.476 0.0000000000
79550  -22.998  -11.437  67.086 0.0000000000
104297  -48.118  5.073  36.391 0.0000000000
87825  -30.703  -6.909  55.745 0.0000000000
87852  -30.765  -6.267  54.927 0.0000000000
89268  -36.389  -5.118  49.543 0.0000000000
87932  -36.035  -6.485  48.557 0.0000000000
89295  -37.683  -4.797  49.665 0.0000000000
70156  -14.152  -19.545  69.303 0.0000000000
70128  -13.853  -18.012  70.532 0.0000000000
70140  -13.245  -18.794  69.873 0.0000000000
71390  -12.002  -18.038  70.513 0.0000000000
70170  -12.806  -20.057  68.658 0.0000000000
82300  -33.256  -9.494  66.129 0.0000000000
82314  -33.479  -8.765  65.512 0.0000000000
83654  -34.524  -8.790  66.441 0.0000000000
78210  -28.941  -11.336  70.407 0.0000000000
78223  -28.547  -11.386  69.431 0.0000000000
80955  -29.868  -10.558  70.420 0.0000000000
83638  -33.248  -9.921  68.011 0.0000000000
83650  -31.719  -9.753  67.874 0.0000000000
83651  -32.493  -9.898  67.391 0.0000000000
82311  -31.710  -9.676  65.546 0.0000000000
104189  -45.122  5.965  47.157 0.0000000000
102949  -44.004  5.388  45.696 0.0000000000
104198  -45.480  6.065  45.731 0.0000000000
105454  -49.633  5.396  44.149 0.0000000000
104211  -47.673  5.184  44.128 0.0000000000
104222  -48.966  4.925  43.178 0.0000000000
104243  -47.178  5.283  41.360 0.0000000000
104233  -49.110  5.151  42.095 0.0000000000
105478  -49.840  5.918  40.982 0.0000000000
105471  -50.845  5.902  42.522 0.0000000000
94726  -34.516  -1.695  57.283 0.0000000000
93392  -33.890  -2.186  55.100 0.0000000000
94745  -35.448  -0.882  55.693 0.0000000000
93377  -38.716  -1.538  53.966 0.0000000000
94763  -36.930  -1.239  54.157 0.0000000000
91998  -38.463  -2.608  53.012 0.0000000000
92048  -37.519  -3.370  52.023 0.0000000000
92025  -38.929  -3.271  52.582 0.0000000000
90618  -39.298  -3.662  52.203 0.0000000000
93398  -40.454  -2.562  53.546 0.0000000000
78203  -18.138  -13.395  70.550 0.0000000000
76756  -17.696  -14.004  71.350 0.0000000000
75478  -16.562  -14.691  69.325 0.0000000000
71421  -16.407  -18.375  68.373 0.0000000000
112587  -52.990  12.172  32.475 0.0000000000
112588  -53.604  12.431  32.064 0.0000000000
68905  -3.215  -20.165  74.315 0.0000000000
83737  -31.251  -9.808  59.011 0.0000000000
82454  -30.512  -10.624  57.259 0.0000000000
83750  -31.332  -9.564  58.940 0.0000000000
85155  -31.283  -8.441  57.831 0.0000000000
85141  -31.990  -8.252  59.111 0.0000000000
85054  -34.027  -8.269  64.650 0.0000000000
83696  -33.159  -8.625  63.085 0.0000000000
86384  -34.322  -7.514  64.223 0.0000000000
91903  -33.929  -4.061  62.350 0.0000000000
90503  -33.739  -5.053  62.374 0.0000000000
91914  -33.665  -3.926  61.238 0.0000000000
90521  -33.176  -4.613  60.420 0.0000000000
93319  -33.858  -3.285  60.253 0.0000000000
93345  -33.883  -2.744  58.847 0.0000000000
94687  -34.693  -1.839  59.919 0.0000000000
76895  -23.873  -15.221  61.943 0.0000000000
76836  -27.281  -12.530  66.342 0.0000000000
76834  -26.390  -13.676  65.556 0.0000000000
76878  -26.919  -13.023  64.524 0.0000000000
76912  -26.276  -14.201  61.249 0.0000000000
82254  -21.522  -10.638  70.285 0.0000000000
79564  -19.920  -11.865  65.612 0.0000000000
80999  -18.943  -12.096  66.480 0.0000000000
79584  -18.874  -13.592  64.415 0.0000000000
78275  -18.239  -14.914  64.634 0.0000000000
105517  -50.077  7.047  39.980 0.0000000000
105527  -48.841  6.984  37.863 0.0000000000
106706  -50.379  7.697  39.759 0.0000000000
110227  -52.447  10.521  37.867 0.0000000000
107874  -50.811  8.941  37.657 0.0000000000
110235  -51.837  10.138  36.897 0.0000000000
110233  -50.950  9.025  35.627 0.0000000000
111341  -51.913  10.287  36.233 0.0000000000
111357  -52.010  11.033  34.442 0.0000000000
111342  -52.488  11.049  36.458 0.0000000000
92020  -32.955  -3.747  52.867 0.0000000000
90615  -31.438  -5.035  52.689 0.0000000000
96227  -37.852  -1.531  46.963 0.0000000000
96208  -38.595  -1.258  48.629 0.0000000000
92069  -41.437  -3.041  52.092 0.0000000000
92086  -40.671  -3.274  51.217 0.0000000000
93456  -42.187  -2.106  51.619 0.0000000000
100213  -44.868  1.914  51.115 0.0000000000
97509  -43.250  0.708  50.794 0.0000000000
98858  -43.487  1.298  50.391 0.0000000000
100236  -42.950  2.030  49.037 0.0000000000
101585  -43.894  2.906  49.207 0.0000000000
102912  -43.691  3.691  48.839 0.0000000000
104151  -45.389  4.124  50.036 0.0000000000
72719  -10.163  -17.637  71.305 0.0000000000
72698  -9.356  -17.366  72.133 0.0000000000
72675  -8.038  -17.239  73.195 0.0000000000
71387  -8.508  -18.727  71.207 0.0000000000
68954  -7.955  -20.439  70.306 0.0000000000
70151  -8.605  -19.864  69.793 0.0000000000
64090  -5.333  -25.319  72.110 0.0000000000
65279  -5.155  -24.101  72.853 0.0000000000
64083  -4.772  -24.952  72.756 0.0000000000
61615  -3.022  -27.314  72.715 0.0000000000
64072  -3.569  -24.768  72.873 0.0000000000
62857  -3.100  -25.500  72.398 0.0000000000
66368  -3.233  -22.760  72.910 0.0000000000
64069  -2.633  -24.774  72.028 0.0000000000
83603  -31.059  -9.603  70.503 0.0000000000
106618  -48.421  7.989  47.380 0.0000000000
105434  -47.971  7.085  45.657 0.0000000000
106628  -49.643  7.428  46.088 0.0000000000
94728  -36.214  -0.337  56.200 0.0000000000
76800  -17.437  -15.390  66.911 0.0000000000
75485  -16.729  -15.549  68.034 0.0000000000
70079  -4.872  -18.546  74.842 0.0000000000
68908  -4.461  -20.247  74.970 0.0000000000
82400  -29.592  -10.727  58.732 0.0000000000
82402  -31.383  -10.309  59.835 0.0000000000
83730  -32.681  -9.899  60.393 0.0000000000
94657  -35.310  -1.561  61.802 0.0000000000
78278  -21.389  -12.890  64.420 0.0000000000
78315  -21.106  -14.435  62.867 0.0000000000
78298  -22.314  -13.436  63.833 0.0000000000
76850  -23.773  -14.104  63.573 0.0000000000
76875  -24.891  -14.616  63.202 0.0000000000
81038  -28.526  -11.037  64.616 0.0000000000
78319  -27.039  -12.741  63.578 0.0000000000
79624  -27.658  -11.871  63.238 0.0000000000
78347  -27.265  -12.626  61.521 0.0000000000
79707  -27.431  -13.434  58.510 0.0000000000
80942  -23.247  -10.997  70.418 0.0000000000
80953  -21.973  -10.573  69.539 0.0000000000
79537  -22.326  -10.923  67.814 0.0000000000
79565  -21.492  -11.186  65.714 0.0000000000
104254  -44.286  5.035  40.480 0.0000000000
104315  -49.591  4.737  35.172 0.0000000000
107851  -52.313  8.834  41.056 0.0000000000
107860  -51.547  8.675  40.105 0.0000000000
90669  -35.066  -4.322  50.571 0.0000000000
89333  -37.736  -5.947  47.350 0.0000000000
92119  -38.400  -3.697  48.814 0.0000000000
94788  -45.412  -1.074  52.783 0.0000000000
96164  -44.012  -0.743  52.115 0.0000000000
97484  -45.792  0.269  52.445 0.0000000000
71375  -14.956  -17.611  71.672 0.0000000000
71358  -14.619  -17.389  72.136 0.0000000000
71342  -12.870  -16.655  73.397 0.0000000000
71371  -11.878  -17.336  71.866 0.0000000000
71389  -10.796  -17.839  70.978 0.0000000000
71419  -10.526  -19.107  68.986 0.0000000000
71427  -9.550  -19.872  68.574 0.0000000000
70200  -11.001  -20.994  67.792 0.0000000000
82340  -31.853  -9.636  63.464 0.0000000000
82355  -32.252  -9.825  62.840 0.0000000000
82341  -32.419  -9.241  63.637 0.0000000000
83675  -33.853  -8.433  64.896 0.0000000000
76776  -26.412  -12.091  69.080 0.0000000000
76803  -25.903  -12.843  66.624 0.0000000000
76778  -27.067  -12.249  69.047 0.0000000000
76793  -28.038  -12.149  67.835 0.0000000000
79568  -28.298  -11.641  66.833 0.0000000000
83635  -30.550  -9.792  69.485 0.0000000000
82297  -30.042  -9.999  67.381 0.0000000000
81002  -28.984  -10.788  66.789 0.0000000000
82310  -30.030  -9.639  65.851 0.0000000000
82326  -31.010  -9.408  64.432 0.0000000000
78193  -27.363  -11.775  70.799 0.0000000000
101614  -41.983  3.722  46.837 0.0000000000
101626  -40.784  3.831  45.219 0.0000000000
102959  -42.709  4.876  45.683 0.0000000000
102973  -43.481  5.304  43.775 0.0000000000
102974  -44.526  5.340  43.536 0.0000000000
104199  -46.532  5.816  45.071 0.0000000000
104219  -45.980  4.995  43.721 0.0000000000
104229  -44.899  5.368  42.265 0.0000000000
104242  -46.148  5.277  41.487 0.0000000000
104257  -47.182  5.939  40.314 0.0000000000
104270  -47.251  6.102  38.865 0.0000000000
105499  -47.896  6.208  38.188 0.0000000000
105488  -48.927  6.234  39.767 0.0000000000
105489  -49.650  6.180  40.246 0.0000000000
106689  -51.303  6.581  40.915 0.0000000000
106667  -51.774  6.247  42.537 0.0000000000
107842  -52.458  7.352  41.365 0.0000000000
90584  -32.024  -4.012  56.554 0.0000000000
90583  -31.648  -4.283  55.803 0.0000000000
91981  -32.713  -3.263  56.118 0.0000000000
91997  -33.100  -2.764  54.703 0.0000000000
92021  -33.934  -2.746  53.182 0.0000000000
94762  -36.272  -1.053  54.608 0.0000000000
93413  -36.084  -1.943  53.205 0.0000000000
92046  -35.397  -3.208  51.814 0.0000000000
90642  -36.562  -3.725  51.158 0.0000000000
90671  -37.178  -4.342  50.861 0.0000000000
89252  -37.610  -4.603  50.676 0.0000000000
89271  -38.552  -4.549  50.691 0.0000000000
89237  -39.012  -4.198  51.528 0.0000000000
90647  -40.447  -3.452  52.178 0.0000000000
92029  -41.692  -2.804  52.929 0.0000000000
93382  -42.656  -2.129  54.018 0.0000000000
93416  -43.902  -1.615  53.119 0.0000000000
74093  -16.751  -15.567  71.775 0.0000000000
74134  -16.300  -16.292  68.852 0.0000000000
72720  -16.203  -16.593  70.456 0.0000000000
71377  -15.751  -17.286  71.233 0.0000000000
70144  -15.332  -18.302  70.076 0.0000000000
86472  -31.106  -8.109  57.280 0.0000000000
89130  -31.940  -5.941  57.749 0.0000000000
82370  -32.622  -9.588  62.080 0.0000000000
83720  -32.799  -9.549  61.314 0.0000000000
85116  -32.774  -8.791  60.864 0.0000000000
87749  -33.597  -6.802  61.943 0.0000000000
86430  -32.921  -7.452  60.802 0.0000000000
87778  -32.596  -6.618  59.628 0.0000000000
89117  -32.586  -5.408  59.018 0.0000000000
90549  -32.782  -4.281  58.264 0.0000000000
91972  -33.291  -3.010  57.901 0.0000000000
93346  -34.514  -1.826  58.229 0.0000000000
94714  -35.147  -1.095  58.139 0.0000000000
94677  -35.269  -1.418  60.759 0.0000000000
96039  -36.397  -0.439  59.295 0.0000000000
76816  -25.627  -13.701  65.773 0.0000000000
76853  -25.795  -14.863  64.589 0.0000000000
75538  -25.409  -14.778  62.883 0.0000000000
78318  -26.468  -13.328  63.063 0.0000000000
76897  -25.708  -14.566  61.676 0.0000000000
80939  -19.237  -11.804  70.808 0.0000000000
79526  -18.540  -12.707  69.619 0.0000000000
80966  -20.050  -10.976  68.732 0.0000000000
80979  -18.810  -11.933  67.497 0.0000000000
78242  -18.121  -14.011  67.510 0.0000000000
78257  -17.869  -15.110  65.878 0.0000000000
105526  -48.523  6.098  36.803 0.0000000000
105533  -48.812  5.749  36.066 0.0000000000
105534  -49.136  6.386  36.202 0.0000000000
107868  -51.031  8.932  38.719 0.0000000000
106719  -49.626  7.730  36.933 0.0000000000
106725  -49.862  7.554  36.029 0.0000000000
107879  -50.149  7.454  34.682 0.0000000000
107886  -50.201  7.374  33.789 0.0000000000
109120  -50.370  8.309  32.838 0.0000000000
110254  -50.909  9.757  32.931 0.0000000000
112581  -52.415  11.656  33.864 0.0000000000
68941  -6.351  -20.673  72.583 0.0000000000
68940  -5.786  -21.142  72.908 0.0000000000
67667  -6.493  -22.534  71.898 0.0000000000
89194  -30.697  -6.090  53.944 0.0000000000
100274  -39.782  1.848  46.924 0.0000000000
89296  -38.551  -4.531  50.252 0.0000000000
92103  -39.738  -3.338  50.283 0.0000000000
94838  -40.119  -1.832  50.149 0.0000000000
96174  -42.796  -0.916  51.286 0.0000000000
96184  -41.654  -0.988  50.617 0.0000000000
96196  -40.569  -0.600  49.751 0.0000000000
97535  -40.968  0.748  49.007 0.0000000000
98888  -41.740  1.406  48.708 0.0000000000
100277  -42.276  3.131  47.716 0.0000000000
101616  -42.795  3.595  47.900 0.0000000000
104188  -44.419  5.212  47.626 0.0000000000
105424  -45.880  6.168  48.042 0.0000000000
71336  -6.388  -18.306  74.422 0.0000000000
72674  -7.399  -17.792  73.740 0.0000000000
70116  -6.970  -19.663  73.000 0.0000000000
68948  -7.046  -20.966  71.738 0.0000000000
68961  -7.435  -21.995  69.886 0.0000000000
67630  -5.242  -21.871  73.503 0.0000000000
67609  -4.554  -21.995  74.529 0.0000000000
67608  -4.128  -22.144  74.700 0.0000000000
64082  -4.150  -25.121  72.957 0.0000000000
65268  -3.731  -23.994  73.386 0.0000000000
67607  -3.779  -22.028  74.348 0.0000000000
67606  -3.373  -21.638  73.546 0.0000000000
67628  -2.765  -21.598  72.711 0.0000000000
62864  -2.252  -26.584  71.792 0.0000000000
64078  -2.290  -25.061  71.425 0.0000000000
70109  -6.056  -19.827  74.040 0.0000000000
82367  -30.858  -10.042  61.203 0.0000000000
78244  -24.457  -12.377  66.480 0.0000000000
82352  -29.878  -10.179  61.829 0.0000000000
82337  -28.844  -10.382  62.408 0.0000000000
82365  -28.807  -10.563  60.266 0.0000000000
78220  -25.463  -11.763  68.803 0.0000000000
78231  -24.635  -11.788  67.491 0.0000000000
104296  -47.367  4.672  36.629 0.0000000000
89147  -31.030  -6.005  56.352 0.0000000000
89169  -31.258  -5.283  56.228 0.0000000000
89269  -37.027  -4.896  49.840 0.0000000000
89293  -36.488  -5.592  48.883 0.0000000000
89316  -36.708  -5.719  48.614 0.0000000000
89317  -36.996  -5.724  48.427 0.0000000000
70172  -14.039  -20.175  68.815 0.0000000000
70155  -13.673  -19.538  69.350 0.0000000000
70171  -13.552  -20.309  68.690 0.0000000000
70154  -13.077  -19.455  69.252 0.0000000000
83653  -33.979  -9.417  66.567 0.0000000000
79518  -30.017  -10.631  71.194 0.0000000000
79517  -29.757  -10.880  70.957 0.0000000000
80956  -30.048  -10.515  70.856 0.0000000000
83639  -33.931  -9.611  67.639 0.0000000000
82299  -32.562  -9.797  66.344 0.0000000000
79506  -29.961  -10.867  71.849 0.0000000000
105470  -49.900  5.666  41.900 0.0000000000
94727  -35.043  -1.164  57.199 0.0000000000
94744  -34.647  -1.522  56.732 0.0000000000
93396  -39.025  -2.241  53.541 0.0000000000
91999  -39.357  -2.844  53.122 0.0000000000
93397  -39.885  -2.476  53.564 0.0000000000
78218  -17.873  -13.478  69.489 0.0000000000
76764  -17.342  -13.912  70.467 0.0000000000
76775  -17.045  -14.001  69.394 0.0000000000
112583  -53.551  12.592  32.946 0.0000000000
70077  -3.727  -18.888  75.230 0.0000000000
70089  -3.399  -19.414  74.921 0.0000000000
68906  -3.715  -20.291  74.647 0.0000000000
83738  -31.885  -9.693  59.520 0.0000000000
85127  -31.807  -9.183  59.406 0.0000000000
85140  -31.454  -8.856  58.696 0.0000000000
85055  -34.220  -7.989  64.475 0.0000000000
87727  -34.490  -6.935  64.462 0.0000000000
91926  -33.605  -3.771  60.463 0.0000000000
93320  -34.069  -2.873  60.361 0.0000000000
94676  -34.442  -2.194  60.773 0.0000000000
78295  -19.209  -14.681  63.743 0.0000000000
78314  -20.211  -14.850  63.128 0.0000000000
78281  -27.637  -12.344  65.844 0.0000000000
76856  -27.074  -12.775  65.405 0.0000000000
79585  -19.950  -12.624  64.578 0.0000000000
78276  -18.626  -14.308  64.343 0.0000000000
106697  -50.961  7.093  40.392 0.0000000000
109099  -51.731  9.838  37.673 0.0000000000
110234  -51.398  9.622  36.011 0.0000000000
92043  -32.417  -4.595  51.881 0.0000000000
92044  -33.065  -4.284  51.738 0.0000000000
93485  -38.299  -2.909  48.674 0.0000000000
93503  -37.865  -3.156  47.794 0.0000000000
94853  -37.905  -2.372  48.095 0.0000000000
96194  -38.857  -1.664  49.180 0.0000000000
92070  -42.061  -2.584  52.084 0.0000000000
92087  -41.418  -2.785  51.601 0.0000000000
93440  -42.302  -2.231  51.853 0.0000000000
101555  -44.818  2.330  50.497 0.0000000000
98859  -44.190  1.696  50.444 0.0000000000
100224  -44.406  2.054  50.168 0.0000000000
100223  -44.022  2.051  49.696 0.0000000000
101569  -44.645  2.556  49.984 0.0000000000
101586  -44.401  3.161  49.572 0.0000000000
102898  -45.319  3.579  50.207 0.0000000000
71388  -9.498  -18.172  70.959 0.0000000000
72718  -9.725  -17.639  71.547 0.0000000000
71369  -9.004  -18.014  71.530 0.0000000000
62866  -2.808  -26.424  72.485 0.0000000000
62856  -2.835  -25.813  72.121 0.0000000000
64070  -2.848  -24.923  72.187 0.0000000000
64080  -2.670  -25.625  71.910 0.0000000000
97415  -38.041  0.474  57.444 0.0000000000
75493  -16.862  -16.563  66.748 0.0000000000
70080  -5.401  -18.590  74.907 0.0000000000
70092  -5.036  -19.453  74.703 0.0000000000
70091  -4.548  -19.378  74.806 0.0000000000
82384  -31.627  -10.136  60.646 0.0000000000
82401  -30.501  -10.374  59.329 0.0000000000
82403  -32.094  -10.159  60.135 0.0000000000
83719  -32.824  -9.880  60.851 0.0000000000
78258  -21.975  -12.148  64.923 0.0000000000
78279  -22.606  -12.961  64.663 0.0000000000
76830  -24.049  -13.947  64.520 0.0000000000
76851  -24.578  -14.264  63.876 0.0000000000
76874  -24.211  -14.584  62.904 0.0000000000
81037  -28.404  -11.076  63.787 0.0000000000
81066  -27.876  -10.948  61.905 0.0000000000
79646  -27.507  -11.852  62.236 0.0000000000
79669  -27.550  -11.981  61.261 0.0000000000
79668  -27.383  -12.995  60.626 0.0000000000
82380  -28.138  -11.567  58.796 0.0000000000
79515  -24.609  -11.503  70.316 0.0000000000
80943  -23.916  -11.278  70.833 0.0000000000
79514  -23.794  -11.189  69.867 0.0000000000
80954  -23.018  -10.850  69.589 0.0000000000
79566  -22.698  -11.545  66.277 0.0000000000
79586  -20.959  -11.953  64.898 0.0000000000
104267  -44.522  4.792  39.679 0.0000000000
90692  -34.773  -5.110  49.644 0.0000000000
89318  -37.413  -5.145  48.608 0.0000000000
96154  -46.116  -0.488  53.008 0.0000000000
96166  -45.483  -0.683  52.190 0.0000000000
101546  -45.393  2.558  51.968 0.0000000000
70130  -14.943  -17.939  70.889 0.0000000000
70117  -14.322  -17.454  71.517 0.0000000000
70127  -13.339  -17.986  70.454 0.0000000000
71373  -13.506  -17.447  71.315 0.0000000000
71356  -13.291  -17.076  72.318 0.0000000000
72679  -12.316  -16.685  72.934 0.0000000000
71407  -11.930  -18.837  69.743 0.0000000000
71406  -11.101  -18.558  69.830 0.0000000000
71429  -11.086  -19.706  68.260 0.0000000000
82328  -32.695  -9.063  64.624 0.0000000000
83664  -34.190  -8.544  65.671 0.0000000000
83674  -33.684  -8.573  65.198 0.0000000000
76767  -27.311  -12.072  69.505 0.0000000000
76777  -26.856  -12.238  68.880 0.0000000000
76768  -27.689  -11.996  69.386 0.0000000000
78222  -28.145  -11.850  68.943 0.0000000000
78235  -28.363  -11.666  68.565 0.0000000000
78262  -28.125  -11.874  67.444 0.0000000000
79551  -28.570  -11.445  67.816 0.0000000000
83619  -32.132  -9.751  69.471 0.0000000000
83618  -31.022  -9.677  69.943 0.0000000000
82282  -30.872  -9.616  67.929 0.0000000000
81020  -28.780  -10.660  65.458 0.0000000000
82339  -30.843  -9.846  63.241 0.0000000000
78195  -28.576  -11.643  70.954 0.0000000000
76758  -27.401  -11.888  70.152 0.0000000000
76766  -26.937  -12.038  69.809 0.0000000000
102947  -42.770  4.458  46.817 0.0000000000
101628  -42.312  4.330  46.346 0.0000000000
102948  -43.240  4.979  46.330 0.0000000000
104208  -44.831  5.551  45.307 0.0000000000
102960  -43.438  5.156  45.012 0.0000000000
102961  -44.518  5.329  44.534 0.0000000000
102962  -45.254  5.179  43.941 0.0000000000
105444  -47.285  6.349  45.425 0.0000000000
104200  -47.476  5.603  44.847 0.0000000000
104220  -46.892  4.925  43.424 0.0000000000
102987  -45.241  5.285  42.787 0.0000000000
104230  -45.869  5.087  42.619 0.0000000000
104241  -45.132  5.393  41.488 0.0000000000
104244  -48.203  5.441  41.249 0.0000000000
104271  -48.225  6.424  39.216 0.0000000000
105490  -50.495  6.230  40.749 0.0000000000
105503  -50.644  6.603  40.495 0.0000000000
106688  -50.986  6.287  40.947 0.0000000000
107831  -52.622  6.983  41.673 0.0000000000
91971  -33.009  -3.081  57.389 0.0000000000
93411  -33.852  -2.267  54.177 0.0000000000
93412  -34.722  -2.019  53.711 0.0000000000
96093  -37.485  -0.261  55.494 0.0000000000
94746  -37.119  -0.853  54.717 0.0000000000
93414  -37.372  -2.186  52.947 0.0000000000
93394  -36.447  -1.487  53.885 0.0000000000
92022  -35.681  -2.487  52.599 0.0000000000
92047  -36.701  -3.181  51.867 0.0000000000
90616  -38.049  -3.694  51.890 0.0000000000
90643  -37.513  -3.876  51.494 0.0000000000
90672  -37.799  -4.381  51.170 0.0000000000
89235  -38.151  -4.464  51.168 0.0000000000
89253  -38.279  -4.568  50.976 0.0000000000
89236  -38.629  -4.328  51.366 0.0000000000
92027  -40.078  -3.048  53.061 0.0000000000
90619  -40.061  -3.369  52.481 0.0000000000
90597  -40.382  -2.970  53.211 0.0000000000
90648  -41.145  -3.081  52.520 0.0000000000
92028  -41.296  -2.850  53.057 0.0000000000
93364  -43.029  -1.747  54.292 0.0000000000
93383  -43.357  -1.809  53.978 0.0000000000
93399  -42.890  -2.111  53.694 0.0000000000
94775  -44.541  -1.336  53.314 0.0000000000
75462  -17.135  -14.599  71.195 0.0000000000
74094  -17.014  -15.036  71.573 0.0000000000
75454  -16.912  -15.190  72.298 0.0000000000
74147  -16.466  -16.894  67.818 0.0000000000
72751  -16.333  -17.416  68.602 0.0000000000
70160  -16.206  -18.585  68.740 0.0000000000
71409  -16.171  -17.957  69.192 0.0000000000
71408  -15.899  -18.042  69.727 0.0000000000
71378  -16.046  -17.125  70.722 0.0000000000
71393  -15.746  -17.768  70.382 0.0000000000
71392  -15.416  -17.780  70.812 0.0000000000
70145  -15.664  -18.204  69.820 0.0000000000
68921  -2.466  -20.195  73.598 0.0000000000
85154  -30.881  -9.074  57.426 0.0000000000
86473  -31.557  -7.671  57.897 0.0000000000
87802  -31.621  -6.563  57.618 0.0000000000
82356  -32.666  -9.211  62.978 0.0000000000
82369  -32.255  -10.087  61.975 0.0000000000
85088  -33.322  -8.410  62.733 0.0000000000
83708  -33.038  -8.796  62.011 0.0000000000
85104  -32.983  -8.985  61.318 0.0000000000
85105  -33.056  -8.596  61.765 0.0000000000
89100  -33.455  -5.733  61.829 0.0000000000
89090  -33.717  -6.070  62.316 0.0000000000
87757  -33.078  -6.675  61.132 0.0000000000
86417  -33.247  -7.645  61.524 0.0000000000
86444  -32.767  -6.995  60.258 0.0000000000
87779  -32.667  -6.368  60.158 0.0000000000
90532  -32.938  -4.691  59.450 0.0000000000
90531  -32.830  -4.671  58.877 0.0000000000
89131  -32.380  -5.540  58.128 0.0000000000
91958  -33.057  -3.426  58.045 0.0000000000
91959  -33.255  -3.509  58.569 0.0000000000
93335  -34.337  -2.308  59.327 0.0000000000
96008  -36.147  -0.690  61.531 0.0000000000
78316  -22.162  -14.006  62.885 0.0000000000
76872  -21.971  -15.240  62.165 0.0000000000
76804  -26.419  -12.711  67.030 0.0000000000
76817  -26.095  -13.324  66.006 0.0000000000
76854  -26.122  -14.329  64.410 0.0000000000
75521  -25.838  -14.720  64.123 0.0000000000
75520  -25.639  -14.685  63.805 0.0000000000
75539  -25.750  -14.650  63.482 0.0000000000
80981  -21.100  -10.796  67.745 0.0000000000
80967  -21.447  -10.679  68.703 0.0000000000
80980  -19.888  -11.243  67.677 0.0000000000
79548  -18.224  -13.166  67.140 0.0000000000
78241  -18.087  -14.353  66.857 0.0000000000
105500  -48.492  6.539  38.824 0.0000000000
105514  -48.240  6.250  37.646 0.0000000000
105515  -48.533  6.702  38.378 0.0000000000
106714  -50.800  8.326  39.579 0.0000000000
107873  -50.306  8.440  36.749 0.0000000000
106724  -50.055  6.793  35.052 0.0000000000
107880  -50.176  7.909  35.653 0.0000000000
110240  -51.056  9.351  35.096 0.0000000000
109106  -50.222  8.031  34.403 0.0000000000
109114  -50.494  8.691  34.493 0.0000000000
109113  -50.262  8.293  33.700 0.0000000000
110246  -50.404  8.762  33.347 0.0000000000
110253  -50.545  9.047  32.897 0.0000000000
111349  -52.447  11.350  35.216 0.0000000000
112578  -52.808  11.999  34.510 0.0000000000
112582  -52.944  12.199  33.448 0.0000000000
112573  -53.434  12.605  34.839 0.0000000000
67668  -7.010  -21.974  71.415 0.0000000000
67651  -6.571  -21.661  72.061 0.0000000000
67681  -6.630  -22.956  70.991 0.0000000000
90596  -31.629  -4.303  54.735 0.0000000000
90582  -31.283  -4.815  54.960 0.0000000000
90595  -31.413  -4.724  53.823 0.0000000000
97554  -38.489  -0.239  47.462 0.0000000000
98902  -38.777  0.354  47.178 0.0000000000
100273  -39.203  1.124  46.704 0.0000000000
98903  -39.710  1.164  47.516 0.0000000000
90694  -39.154  -4.350  50.741 0.0000000000
92104  -40.568  -2.987  50.848 0.0000000000
90717  -40.027  -3.564  50.776 0.0000000000
93470  -40.395  -2.485  50.476 0.0000000000
93469  -39.742  -2.916  50.063 0.0000000000
94822  -40.560  -2.051  50.453 0.0000000000
96176  -44.422  -0.268  51.775 0.0000000000
96175  -43.643  -0.377  51.537 0.0000000000
97508  -42.783  0.750  50.362 0.0000000000
96185  -42.357  -0.365  50.690 0.0000000000
96197  -41.624  -0.160  50.172 0.0000000000
94839  -41.018  -1.043  50.353 0.0000000000
97516  -41.266  0.336  49.541 0.0000000000
96210  -40.536  0.119  49.256 0.0000000000
98889  -42.502  1.897  48.761 0.0000000000
100256  -42.066  2.382  48.160 0.0000000000
100257  -42.651  2.549  48.471 0.0000000000
101603  -42.634  3.233  48.023 0.0000000000
101604  -43.010  3.099  48.545 0.0000000000
104179  -44.490  4.747  48.762 0.0000000000
104180  -45.162  5.445  48.350 0.0000000000
71353  -7.773  -18.112  72.695 0.0000000000
72650  -7.832  -17.046  73.845 0.0000000000
71352  -7.284  -18.583  73.327 0.0000000000
70125  -7.270  -19.713  71.923 0.0000000000
68962  -7.877  -20.970  69.714 0.0000000000
68974  -7.960  -21.888  68.994 0.0000000000
66390  -6.207  -22.967  72.313 0.0000000000
67631  -5.544  -21.482  73.181 0.0000000000
67649  -5.535  -22.288  73.109 0.0000000000
65270  -4.704  -23.731  73.417 0.0000000000
66354  -4.648  -22.532  74.063 0.0000000000
66369  -4.552  -23.223  73.799 0.0000000000
66353  -4.222  -22.925  74.215 0.0000000000
61628  -4.542  -27.325  72.374 0.0000000000
62876  -4.086  -26.308  72.558 0.0000000000
65267  -3.479  -23.967  73.118 0.0000000000
65258  -3.669  -23.425  73.662 0.0000000000
66351  -3.590  -22.765  73.743 0.0000000000
66350  -3.262  -22.895  73.089 0.0000000000
66367  -2.796  -23.078  72.443 0.0000000000
67629  -3.088  -22.267  72.789 0.0000000000
64088  -2.245  -25.946  71.500 0.0000000000
68910  -5.303  -19.886  74.659 0.0000000000
82382  -29.762  -10.455  59.756 0.0000000000
78260  -23.971  -12.836  65.672 0.0000000000
76814  -24.340  -13.640  65.247 0.0000000000
76815  -25.030  -13.754  65.467 0.0000000000
82324  -28.906  -10.519  63.249 0.0000000000
81079  -27.899  -11.079  60.803 0.0000000000
78178  -26.602  -11.637  71.303 0.0000000000
78190  -25.875  -11.709  70.388 0.0000000000
78204  -25.040  -11.552  69.429 0.0000000000
79528  -24.329  -11.316  69.193 0.0000000000
79538  -23.294  -11.211  67.965 0.0000000000
78230  -23.872  -11.664  67.217 0.0000000000
104283  -45.544  4.729  38.238 0.0000000000
104298  -48.389  5.472  36.398 0.0000000000
87824  -30.528  -7.964  55.341 0.0000000000
89250  -36.212  -4.828  49.954 0.0000000000
89267  -35.609  -5.226  49.457 0.0000000000
89292  -35.839  -5.807  48.922 0.0000000000
90715  -38.155  -4.631  49.596 0.0000000000
70142  -14.222  -18.759  69.887 0.0000000000
70141  -13.753  -18.817  69.935 0.0000000000
71391  -12.811  -18.083  70.297 0.0000000000
70139  -12.596  -18.761  69.813 0.0000000000
70153  -12.334  -19.424  69.236 0.0000000000
70169  -11.992  -19.940  68.536 0.0000000000
70185  -12.501  -20.718  68.205 0.0000000000
82312  -32.662  -9.498  65.412 0.0000000000
82313  -33.060  -9.014  65.486 0.0000000000
83663  -33.900  -8.860  65.936 0.0000000000
78209  -28.180  -11.687  69.820 0.0000000000
79529  -29.186  -10.933  69.946 0.0000000000
80969  -29.465  -10.506  69.390 0.0000000000
83637  -32.372  -9.885  68.418 0.0000000000
78196  -29.332  -11.394  71.367 0.0000000000
104197  -44.495  5.632  46.369 0.0000000000
105446  -49.118  5.786  45.012 0.0000000000
104201  -48.246  5.465  44.717 0.0000000000
104212  -48.619  5.192  44.104 0.0000000000
104221  -47.910  4.921  43.255 0.0000000000
104232  -48.104  4.966  42.227 0.0000000000
104245  -49.116  5.630  41.151 0.0000000000
104259  -49.226  5.939  40.453 0.0000000000
105479  -50.561  6.005  41.532 0.0000000000
93359  -33.932  -2.326  57.482 0.0000000000
93373  -33.628  -2.520  56.535 0.0000000000
93374  -34.508  -1.654  55.844 0.0000000000
94747  -38.238  -0.916  54.380 0.0000000000
93376  -37.993  -1.206  54.068 0.0000000000
93395  -37.807  -1.600  53.628 0.0000000000
92024  -38.031  -3.154  52.421 0.0000000000
90617  -38.623  -3.716  52.037 0.0000000000
92000  -40.028  -2.856  53.228 0.0000000000
78189  -18.326  -13.485  71.388 0.0000000000
75469  -16.637  -14.731  70.311 0.0000000000
111374  -51.974  11.124  32.350 0.0000000000
111381  -52.422  10.743  31.389 0.0000000000
112591  -52.523  11.614  32.080 0.0000000000
112592  -53.074  11.772  31.501 0.0000000000
112596  -53.403  11.605  30.717 0.0000000000
82422  -31.099  -10.196  58.993 0.0000000000
82438  -30.373  -10.329  58.056 0.0000000000
83749  -30.831  -9.730  58.184 0.0000000000
85139  -31.037  -9.220  58.133 0.0000000000
86455  -31.912  -7.826  58.652 0.0000000000
83685  -33.537  -8.499  64.030 0.0000000000
85071  -33.825  -8.161  63.741 0.0000000000
86394  -33.784  -7.928  63.203 0.0000000000
90496  -34.167  -5.154  63.184 0.0000000000
90513  -33.442  -5.121  61.730 0.0000000000
89109  -32.832  -5.753  60.453 0.0000000000
90512  -33.373  -4.448  61.038 0.0000000000
91942  -33.478  -3.708  59.597 0.0000000000
93334  -33.919  -3.113  59.788 0.0000000000
96025  -37.245  -0.346  60.757 0.0000000000
76819  -27.038  -12.655  66.811 0.0000000000
76818  -26.524  -12.916  66.408 0.0000000000
76835  -26.724  -12.941  65.896 0.0000000000
76855  -26.674  -13.485  64.951 0.0000000000
78346  -26.896  -13.538  61.065 0.0000000000
80952  -20.465  -10.893  69.962 0.0000000000
81000  -19.953  -11.502  66.651 0.0000000000
79563  -18.637  -12.794  65.625 0.0000000000
79562  -18.183  -14.024  65.476 0.0000000000
79583  -18.416  -14.174  64.708 0.0000000000
78294  -18.623  -15.323  63.988 0.0000000000
105516  -49.199  6.952  39.309 0.0000000000
105528  -49.479  7.509  38.966 0.0000000000
106713  -49.984  8.181  38.551 0.0000000000
109090  -51.328  9.372  37.942 0.0000000000
109098  -51.143  9.335  37.025 0.0000000000
110241  -51.462  9.805  35.471 0.0000000000
111347  -51.454  9.898  35.207 0.0000000000
111356  -51.360  10.096  34.674 0.0000000000
111348  -51.833  10.385  35.485 0.0000000000
67696  -7.030  -23.128  70.039 0.0000000000
67695  -6.672  -23.546  70.537 0.0000000000
91995  -32.198  -4.087  53.386 0.0000000000
92019  -32.160  -4.439  52.572 0.0000000000
90639  -31.886  -5.067  51.671 0.0000000000
94852  -37.726  -2.260  47.239 0.0000000000
97532  -38.201  -0.828  47.686 0.0000000000
97533  -38.991  -0.096  48.110 0.0000000000
90674  -40.149  -3.703  51.636 0.0000000000
90695  -39.928  -3.877  51.092 0.0000000000
90696  -40.767  -3.352  51.619 0.0000000000
92105  -41.114  -2.760  51.235 0.0000000000
93472  -41.807  -1.902  51.200 0.0000000000
98848  -44.381  0.949  51.242 0.0000000000
97500  -43.740  0.562  51.130 0.0000000000
98847  -43.870  0.973  50.954 0.0000000000
98857  -42.904  1.248  50.074 0.0000000000
98867  -42.705  1.337  49.486 0.0000000000
98868  -43.333  1.782  49.465 0.0000000000
100237  -43.389  2.287  49.090 0.0000000000
104169  -44.838  4.189  49.535 0.0000000000
104170  -45.227  4.915  49.392 0.0000000000
72699  -10.638  -17.148  71.871 0.0000000000
72677  -10.526  -16.501  73.048 0.0000000000
72697  -8.438  -17.531  72.505 0.0000000000
71368  -8.149  -18.415  71.979 0.0000000000
70126  -7.973  -19.186  71.526 0.0000000000
70138  -8.023  -19.839  70.958 0.0000000000
70167  -8.510  -20.791  68.812 0.0000000000
65287  -5.803  -24.112  72.087 0.0000000000
65278  -4.570  -24.386  73.128 0.0000000000
61616  -3.511  -27.247  72.625 0.0000000000
62867  -3.428  -26.050  72.616 0.0000000000
62858  -3.391  -25.200  72.593 0.0000000000
64071  -3.256  -24.639  72.648 0.0000000000
65266  -3.132  -23.716  72.799 0.0000000000
65265  -2.612  -24.279  72.243 0.0000000000
82247  -31.414  -9.573  71.391 0.0000000000
83621  -33.720  -9.500  68.681 0.0000000000
106617  -47.492  7.537  47.610 0.0000000000
105433  -47.056  6.994  46.464 0.0000000000
106626  -47.883  7.566  46.605 0.0000000000
105435  -48.912  6.780  45.508 0.0000000000
105455  -50.542  5.814  44.183 0.0000000000
105464  -50.986  5.858  43.519 0.0000000000
96079  -37.207  0.192  56.918 0.0000000000
96114  -38.368  -0.499  54.918 0.0000000000
96115  -38.914  -0.371  54.951 0.0000000000
94749  -40.269  -1.612  54.248 0.0000000000
76786  -17.610  -14.772  67.759 0.0000000000
74157  -16.756  -17.603  67.069 0.0000000000
68890  -4.086  -19.650  74.957 0.0000000000
68907  -3.997  -20.442  74.954 0.0000000000
82423  -31.684  -10.126  59.651 0.0000000000
83739  -32.520  -9.582  59.981 0.0000000000
94656  -34.653  -2.205  61.616 0.0000000000
78277  -20.531  -13.203  63.966 0.0000000000
78296  -20.224  -13.942  63.539 0.0000000000
78297  -21.299  -13.584  63.543 0.0000000000
78317  -23.012  -13.793  63.330 0.0000000000
78299  -23.280  -13.554  64.165 0.0000000000
76896  -24.579  -14.998  62.416 0.0000000000
75537  -25.046  -14.949  62.508 0.0000000000
79606  -28.381  -11.496  65.179 0.0000000000
78300  -27.469  -12.487  64.867 0.0000000000
79605  -27.952  -11.856  64.398 0.0000000000
78334  -27.089  -12.627  62.332 0.0000000000
81092  -27.619  -12.334  59.237 0.0000000000
80941  -22.440  -10.699  70.259 0.0000000000
80968  -22.676  -10.816  68.708 0.0000000000
79549  -22.040  -10.890  66.860 0.0000000000
104240  -44.118  5.228  41.419 0.0000000000
107850  -52.040  7.929  40.914 0.0000000000
107861  -52.038  9.331  40.158 0.0000000000
92067  -34.104  -4.166  51.219 0.0000000000
92066  -33.492  -4.451  51.039 0.0000000000
90668  -33.969  -4.604  50.451 0.0000000000
94786  -43.817  -1.537  52.669 0.0000000000
94797  -43.686  -1.421  52.417 0.0000000000
94798  -44.479  -0.993  52.391 0.0000000000
96165  -44.937  -0.579  52.049 0.0000000000
97492  -44.876  0.133  51.659 0.0000000000
98840  -45.129  0.738  51.855 0.0000000000
100204  -45.022  1.784  51.586 0.0000000000
101556  -45.151  2.545  50.879 0.0000000000
102885  -45.695  3.600  50.712 0.0000000000
71374  -13.985  -17.477  71.193 0.0000000000
71357  -13.963  -17.220  72.083 0.0000000000
72678  -11.722  -16.737  72.721 0.0000000000
71370  -11.242  -17.298  71.652 0.0000000000
71405  -9.720  -18.785  69.859 0.0000000000
70152  -9.229  -19.439  69.362 0.0000000000
71418  -9.664  -19.399  68.960 0.0000000000
70183  -10.585  -20.597  67.904 0.0000000000
82354  -31.776  -9.946  62.504 0.0000000000
82342  -32.720  -8.925  63.951 0.0000000000
82329  -33.182  -8.721  64.824 0.0000000000
83684  -33.363  -8.598  64.360 0.0000000000
83655  -34.811  -8.499  66.661 0.0000000000
78233  -25.821  -12.193  68.387 0.0000000000
76788  -25.622  -12.443  67.333 0.0000000000
76789  -26.278  -12.492  67.931 0.0000000000
76790  -26.827  -12.450  68.039 0.0000000000
76791  -27.245  -12.361  68.113 0.0000000000
76769  -27.914  -12.010  69.061 0.0000000000
76792  -27.621  -12.264  68.104 0.0000000000
76806  -27.327  -12.430  67.568 0.0000000000
76820  -27.497  -12.362  67.188 0.0000000000
78261  -27.809  -12.122  66.804 0.0000000000
79567  -28.057  -11.967  66.174 0.0000000000
82256  -30.470  -9.995  70.674 0.0000000000
82265  -30.176  -10.165  69.913 0.0000000000
83636  -31.275  -9.724  68.826 0.0000000000
82281  -30.049  -9.803  68.750 0.0000000000
80982  -29.263  -10.635  68.168 0.0000000000
79588  -28.437  -11.500  65.973 0.0000000000
78179  -27.108  -11.687  71.474 0.0000000000
78192  -26.916  -11.809  70.634 0.0000000000
78221  -25.951  -11.907  69.125 0.0000000000
100292  -41.304  3.642  46.266 0.0000000000
101627  -41.637  4.160  45.823 0.0000000000
101641  -41.972  4.776  45.256 0.0000000000
102972  -42.351  4.947  44.102 0.0000000000
105443  -46.442  6.429  45.800 0.0000000000
104210  -46.736  5.244  44.316 0.0000000000
102975  -45.309  5.209  43.270 0.0000000000
102986  -44.636  5.357  42.841 0.0000000000
104228  -44.093  5.273  42.205 0.0000000000
104255  -45.203  5.381  40.454 0.0000000000
104256  -46.144  5.589  40.371 0.0000000000
104269  -46.167  5.595  39.059 0.0000000000
104285  -47.258  5.662  37.612 0.0000000000
105513  -47.767  5.733  37.200 0.0000000000
105502  -49.906  6.537  40.105 0.0000000000
106666  -51.175  6.182  41.898 0.0000000000
106690  -52.121  6.795  41.354 0.0000000000
106698  -51.774  7.189  40.813 0.0000000000
107843  -52.843  8.045  41.540 0.0000000000
90568  -31.875  -4.525  56.680 0.0000000000
91980  -32.391  -3.391  55.257 0.0000000000
92068  -34.899  -3.812  51.360 0.0000000000
90641  -35.682  -3.775  50.981 0.0000000000
90670  -36.253  -4.333  50.464 0.0000000000
89251  -36.842  -4.704  50.244 0.0000000000
89270  -37.697  -4.722  50.261 0.0000000000
89254  -38.915  -4.346  51.292 0.0000000000
90645  -38.922  -4.061  51.735 0.0000000000
90646  -39.514  -3.906  51.756 0.0000000000
90675  -41.043  -3.403  51.729 0.0000000000
92049  -41.633  -2.878  52.372 0.0000000000
92050  -42.215  -2.571  52.605 0.0000000000
94750  -40.800  -1.903  54.217 0.0000000000
93380  -41.318  -2.123  54.152 0.0000000000
91982  -41.021  -2.494  53.678 0.0000000000
93363  -42.509  -1.827  54.382 0.0000000000
93381  -42.066  -2.267  54.127 0.0000000000
91983  -41.692  -2.497  53.759 0.0000000000
92003  -42.032  -2.612  53.411 0.0000000000
92030  -42.385  -2.525  53.160 0.0000000000
93427  -43.401  -1.786  52.735 0.0000000000
94787  -44.372  -1.370  52.775 0.0000000000
96142  -45.913  -0.860  53.118 0.0000000000
75486  -16.620  -14.999  68.766 0.0000000000
75468  -16.380  -15.069  69.725 0.0000000000
74120  -16.261  -15.732  69.985 0.0000000000
72735  -16.267  -16.921  69.550 0.0000000000
74107  -16.384  -15.801  70.932 0.0000000000
72702  -16.169  -16.487  71.328 0.0000000000
71376  -15.292  -17.606  71.409 0.0000000000
70131  -15.203  -17.915  70.829 0.0000000000
70143  -14.783  -18.611  69.882 0.0000000000
70158  -15.341  -19.542  68.819 0.0000000000
70157  -14.660  -19.527  69.126 0.0000000000
113749  -54.048  12.633  31.837 0.0000000000
112593  -53.819  12.308  31.224 0.0000000000
86491  -30.674  -8.330  56.227 0.0000000000
87801  -31.051  -6.983  56.956 0.0000000000
82386  -32.654  -9.813  61.564 0.0000000000
83707  -32.789  -9.125  62.447 0.0000000000
83731  -32.697  -9.470  60.427 0.0000000000
86407  -33.906  -7.348  62.753 0.0000000000
87750  -33.898  -6.792  62.490 0.0000000000
86429  -32.850  -8.079  60.751 0.0000000000
86443  -32.722  -7.785  60.153 0.0000000000
86456  -32.396  -7.531  59.164 0.0000000000
87790  -32.419  -6.390  58.858 0.0000000000
89118  -32.622  -5.756  59.771 0.0000000000
89149  -32.073  -5.351  57.540 0.0000000000
90569  -32.275  -4.414  57.249 0.0000000000
93360  -34.487  -1.749  57.577 0.0000000000
94688  -35.534  -1.072  59.626 0.0000000000
96024  -36.311  -0.678  60.270 0.0000000000
94701  -35.737  -0.730  58.666 0.0000000000
76802  -25.228  -12.928  66.256 0.0000000000
76832  -25.436  -14.412  65.108 0.0000000000
76833  -26.006  -14.348  65.407 0.0000000000
76852  -25.291  -14.504  64.142 0.0000000000
75519  -25.055  -14.810  63.429 0.0000000000
75556  -25.184  -15.312  61.791 0.0000000000
76877  -26.441  -13.609  63.765 0.0000000000
76898  -26.086  -13.826  62.536 0.0000000000
75557  -25.344  -14.716  62.282 0.0000000000
79502  -18.680  -12.768  71.482 0.0000000000
79513  -18.860  -12.814  70.606 0.0000000000
78229  -17.982  -14.049  68.324 0.0000000000
80965  -18.892  -11.739  68.653 0.0000000000
79536  -18.275  -12.831  68.473 0.0000000000
76813  -17.271  -15.905  66.030 0.0000000000
76829  -17.598  -15.915  65.105 0.0000000000
105525  -48.153  5.708  36.801 0.0000000000
104307  -49.035  5.476  35.730 0.0000000000
106718  -49.657  6.836  35.780 0.0000000000
107867  -50.297  8.506  37.741 0.0000000000
106731  -50.479  6.368  33.882 0.0000000000
109107  -50.515  8.440  35.185 0.0000000000
110260  -50.836  9.241  32.366 0.0000000000
111373  -51.420  10.479  32.701 0.0000000000
111365  -51.290  10.391  33.695 0.0000000000
111366  -51.845  11.175  33.349 0.0000000000
112586  -52.385  11.785  32.925 0.0000000000
112579  -53.496  12.613  33.918 0.0000000000
68933  -6.447  -20.061  73.264 0.0000000000
68932  -5.891  -20.480  73.475 0.0000000000
67650  -6.100  -22.033  72.678 0.0000000000
66437  -6.413  -23.886  70.932 0.0000000000
66414  -6.272  -23.477  71.712 0.0000000000
65288  -6.181  -24.269  71.426 0.0000000000
89168  -30.997  -5.532  55.576 0.0000000000
89195  -30.979  -5.454  54.682 0.0000000000
90667  -32.832  -4.884  50.744 0.0000000000
100275  -40.495  2.607  47.134 0.0000000000
90716  -39.112  -4.131  50.192 0.0000000000
90733  -38.936  -3.805  49.606 0.0000000000
92120  -39.222  -3.321  49.728 0.0000000000
93486  -39.224  -2.774  49.658 0.0000000000
94837  -38.994  -2.080  49.487 0.0000000000
94810  -43.040  -1.451  51.842 0.0000000000
94809  -42.526  -1.548  51.493 0.0000000000
94824  -41.999  -1.541  51.077 0.0000000000
96186  -43.077  0.062  51.024 0.0000000000
94823  -41.042  -1.768  50.617 0.0000000000
96195  -39.479  -1.300  49.427 0.0000000000
96209  -39.731  -0.467  48.991 0.0000000000
97534  -40.039  0.350  48.652 0.0000000000
98866  -42.257  1.182  49.226 0.0000000000
98887  -40.425  1.076  48.353 0.0000000000
98904  -40.614  1.781  47.801 0.0000000000
98905  -41.341  2.279  47.855 0.0000000000
100276  -41.416  3.137  47.285 0.0000000000
101615  -42.577  3.855  47.352 0.0000000000
102936  -43.061  4.193  47.601 0.0000000000
102925  -43.400  3.662  48.518 0.0000000000
102926  -43.778  4.379  48.221 0.0000000000
105425  -46.611  6.943  47.787 0.0000000000
104135  -46.016  4.299  50.565 0.0000000000
72649  -7.254  -17.396  74.235 0.0000000000
71341  -7.031  -18.591  74.098 0.0000000000
70110  -6.700  -19.582  73.750 0.0000000000
68953  -7.414  -21.097  70.733 0.0000000000
70168  -9.100  -19.924  68.903 0.0000000000
70181  -8.908  -21.147  68.334 0.0000000000
68923  -5.116  -21.000  74.592 0.0000000000
66370  -5.064  -22.827  73.467 0.0000000000
67610  -4.998  -21.642  74.145 0.0000000000
67585  -4.879  -21.307  74.709 0.0000000000
67584  -4.552  -21.302  74.970 0.0000000000
67583  -4.004  -21.306  75.050 0.0000000000
62877  -4.935  -26.485  72.239 0.0000000000
64089  -4.607  -25.656  72.493 0.0000000000
64081  -3.708  -25.238  72.861 0.0000000000
64073  -3.816  -24.602  73.140 0.0000000000
66352  -3.808  -22.855  74.221 0.0000000000
67582  -3.764  -21.138  74.521 0.0000000000
67581  -3.578  -20.824  74.254 0.0000000000
68922  -2.897  -20.497  73.736 0.0000000000
67605  -2.868  -20.940  73.275 0.0000000000
61613  -2.172  -27.521  72.355 0.0000000000
62865  -2.551  -26.435  72.070 0.0000000000
64079  -2.465  -25.227  71.731 0.0000000000
61627  -3.922  -27.242  72.525 0.0000000000
62868  -3.789  -25.678  72.743 0.0000000000
65256  -3.194  -23.413  72.930 0.0000000000
65259  -4.002  -23.429  73.950 0.0000000000
65276  -2.265  -24.714  71.522 0.0000000000
66413  -6.059  -23.460  72.255 0.0000000000
67611  -5.370  -21.169  73.732 0.0000000000
68891  -4.290  -19.570  74.887 0.0000000000
70118  -14.659  -17.604  71.401 0.0000000000
70137  -7.344  -20.389  71.314 0.0000000000
70182  -9.462  -20.583  68.212 0.0000000000
71354  -12.176  -16.874  72.568 0.0000000000
71394  -16.105  -17.435  70.043 0.0000000000
71428  -10.100  -19.754  68.340 0.0000000000
74121  -16.508  -15.353  70.630 0.0000000000
75455  -17.225  -14.720  72.018 0.0000000000
75477  -16.411  -15.350  69.128 0.0000000000
76757  -27.178  -11.887  70.355 0.0000000000
76765  -26.578  -12.003  69.698 0.0000000000
76779  -27.604  -12.196  68.685 0.0000000000
76780  -27.890  -12.132  68.509 0.0000000000
76807  -27.657  -12.268  67.729 0.0000000000
78191  -26.419  -11.761  70.548 0.0000000000
78194  -27.864  -11.767  70.590 0.0000000000
78206  -26.239  -11.883  69.794 0.0000000000
78207  -26.638  -11.921  70.102 0.0000000000
78208  -27.877  -11.808  69.906 0.0000000000
78228  -18.031  -14.357  67.637 0.0000000000
78232  -25.253  -12.003  67.908 0.0000000000
78234  -28.065  -12.023  68.285 0.0000000000
78246  -27.886  -12.109  67.672 0.0000000000
78247  -28.202  -11.900  67.978 0.0000000000
79507  -30.210  -10.510  71.550 0.0000000000
79516  -25.315  -11.667  70.179 0.0000000000
79539  -24.097  -11.384  68.186 0.0000000000
79604  -19.776  -13.348  63.993 0.0000000000
80944  -29.901  -10.820  71.084 0.0000000000
82255  -30.134  -10.315  70.354 0.0000000000
82257  -31.130  -9.549  70.820 0.0000000000
82266  -30.611  -9.851  70.136 0.0000000000
82301  -33.538  -9.094  65.989 0.0000000000
83617  -30.519  -9.898  69.904 0.0000000000
83721  -33.009  -9.012  61.600 0.0000000000
85017  -34.777  -8.495  66.378 0.0000000000
85072  -34.087  -7.915  63.882 0.0000000000
85117  -32.970  -8.158  61.165 0.0000000000
87767  -32.817  -6.663  60.578 0.0000000000
89089  -33.490  -6.078  61.870 0.0000000000
89266  -35.129  -5.354  49.311 0.0000000000
90620  -40.873  -3.060  52.792 0.0000000000
90621  -41.253  -2.938  52.842 0.0000000000
91913  -33.555  -4.000  60.897 0.0000000000
91927  -33.773  -3.426  60.543 0.0000000000
91984  -42.279  -2.405  53.746 0.0000000000
91985  -42.585  -2.278  53.708 0.0000000000
92001  -40.638  -2.811  53.262 0.0000000000
92002  -41.291  -2.741  53.279 0.0000000000
92004  -42.679  -2.296  53.410 0.0000000000
92005  -43.071  -2.082  53.205 0.0000000000
92026  -39.646  -3.222  52.754 0.0000000000
92031  -43.051  -2.167  53.071 0.0000000000
92051  -42.698  -2.257  52.695 0.0000000000
92071  -42.467  -2.357  52.428 0.0000000000
92088  -41.969  -2.558  51.874 0.0000000000
92136  -37.903  -3.913  47.228 0.0000000000
93375  -35.485  -1.205  54.836 0.0000000000
93379  -40.489  -2.038  54.018 0.0000000000
93400  -43.365  -1.873  53.431 0.0000000000
93415  -43.389  -1.880  53.053 0.0000000000
93428  -43.749  -1.656  52.894 0.0000000000
93455  -41.582  -2.403  51.364 0.0000000000
93457  -42.592  -2.015  51.952 0.0000000000
93487  -39.891  -2.521  50.134 0.0000000000
94776  -45.227  -1.076  53.209 0.0000000000
96152  -45.179  -0.950  52.416 0.0000000000
96153  -45.871  -0.609  52.542 0.0000000000
96198  -42.290  0.399  50.154 0.0000000000
96207  -37.911  -1.640  47.785 0.0000000000
97485  -46.073  0.071  53.037 0.0000000000
97493  -45.471  -0.203  52.045 0.0000000000
97517  -42.071  0.759  49.511 0.0000000000
97536  -41.578  0.839  49.199 0.0000000000
98839  -44.869  0.509  51.503 0.0000000000
98849  -44.804  1.435  51.297 0.0000000000
98885  -39.078  0.294  47.761 0.0000000000
100212  -44.637  1.947  50.710 0.0000000000
101568  -44.208  2.465  49.625 0.0000000000
102897  -44.916  3.529  49.808 0.0000000000
102913  -44.154  3.832  49.238 0.0000000000
102935  -42.781  4.181  47.287 0.0000000000
104150  -45.052  3.930  49.794 0.0000000000
105491  -50.900  6.361  40.742 0.0000000000
105524  -47.847  5.337  36.704 0.0000000000
111358  -52.446  11.481  34.652 0.0000000000
112577  -52.438  11.547  34.387 0.0000000000
