#!ascii label  , from subject 3464 vox2ras=TkReg
464
90119  -26.031  -6.327  -16.751 0.0000000000
86021  -23.087  -9.653  -11.405 0.0000000000
86056  -29.573  -9.534  -13.582 0.0000000000
81975  -26.065  -13.020  -9.908 0.0000000000
109674  -21.437  7.675  -17.742 0.0000000000
104972  -23.447  4.444  -20.256 0.0000000000
96943  -21.065  -1.683  -15.695 0.0000000000
77928  -24.213  -15.959  -5.722 0.0000000000
83344  -24.405  -11.761  -10.894 0.0000000000
80636  -22.748  -12.950  -8.648 0.0000000000
106156  -22.092  5.357  -19.007 0.0000000000
102351  -20.239  2.555  -16.684 0.0000000000
90095  -22.257  -6.322  -13.818 0.0000000000
94254  -20.536  -3.795  -13.765 0.0000000000
94283  -23.668  -3.994  -17.102 0.0000000000
96984  -24.378  -1.689  -19.343 0.0000000000
92963  -26.921  -3.392  -18.391 0.0000000000
92927  -28.628  -4.687  -16.808 0.0000000000
88719  -21.411  -7.749  -11.351 0.0000000000
88744  -24.228  -8.226  -13.842 0.0000000000
87441  -27.800  -8.009  -15.370 0.0000000000
84690  -26.295  -10.277  -12.928 0.0000000000
84650  -28.242  -11.339  -11.490 0.0000000000
80668  -29.802  -13.959  -10.014 0.0000000000
99709  -18.733  0.495  -14.546 0.0000000000
99755  -22.503  0.561  -18.495 0.0000000000
102382  -25.106  2.459  -19.780 0.0000000000
80616  -22.048  -13.834  -6.916 0.0000000000
79257  -25.565  -14.422  -8.180 0.0000000000
83324  -21.852  -11.726  -8.902 0.0000000000
81952  -21.510  -12.321  -7.749 0.0000000000
104944  -19.370  4.158  -16.079 0.0000000000
102332  -18.277  2.409  -14.610 0.0000000000
90105  -24.132  -6.466  -15.385 0.0000000000
91509  -22.786  -5.144  -14.994 0.0000000000
91531  -24.890  -4.924  -16.938 0.0000000000
92960  -25.081  -3.972  -18.156 0.0000000000
91533  -25.980  -5.163  -17.572 0.0000000000
92945  -27.912  -4.276  -17.355 0.0000000000
90136  -27.367  -5.840  -17.349 0.0000000000
87377  -22.573  -8.986  -11.535 0.0000000000
87405  -23.334  -8.052  -12.951 0.0000000000
87389  -23.721  -9.038  -12.341 0.0000000000
87408  -25.670  -9.023  -14.065 0.0000000000
86036  -24.746  -9.955  -12.364 0.0000000000
81989  -25.902  -12.522  -10.609 0.0000000000
83358  -26.530  -11.760  -11.517 0.0000000000
82006  -27.286  -12.249  -10.653 0.0000000000
81992  -29.449  -12.702  -10.538 0.0000000000
81977  -27.746  -13.366  -9.589 0.0000000000
108450  -19.923  6.888  -15.516 0.0000000000
109665  -19.377  8.282  -14.356 0.0000000000
109668  -20.775  8.068  -16.487 0.0000000000
111962  -21.483  9.514  -18.106 0.0000000000
109699  -21.721  7.970  -18.988 0.0000000000
104971  -22.906  4.773  -19.943 0.0000000000
94261  -20.003  -2.825  -14.214 0.0000000000
96921  -19.058  -1.765  -13.825 0.0000000000
98299  -20.019  -0.437  -15.358 0.0000000000
99732  -20.576  0.605  -16.355 0.0000000000
98311  -21.564  -0.458  -16.818 0.0000000000
98351  -26.144  -0.228  -19.175 0.0000000000
98349  -24.921  -0.107  -19.853 0.0000000000
101093  -25.722  1.414  -19.358 0.0000000000
87425  -28.297  -8.466  -14.732 0.0000000000
87443  -29.544  -7.900  -15.367 0.0000000000
76487  -23.160  -15.934  -5.329 0.0000000000
77939  -23.077  -14.909  -6.332 0.0000000000
79244  -23.482  -14.300  -7.417 0.0000000000
77953  -25.145  -15.087  -7.190 0.0000000000
84631  -22.686  -10.624  -10.331 0.0000000000
84647  -23.749  -10.565  -11.185 0.0000000000
83342  -23.238  -11.461  -10.270 0.0000000000
81972  -23.239  -12.360  -9.744 0.0000000000
80652  -24.350  -13.128  -9.448 0.0000000000
107304  -20.424  6.135  -16.722 0.0000000000
107326  -21.314  6.192  -17.955 0.0000000000
106142  -20.684  5.275  -17.375 0.0000000000
104957  -21.361  4.392  -18.201 0.0000000000
103708  -22.386  3.544  -18.939 0.0000000000
90085  -20.657  -5.998  -12.268 0.0000000000
92896  -21.201  -4.779  -13.768 0.0000000000
94263  -21.633  -3.802  -14.740 0.0000000000
95618  -22.382  -2.547  -16.567 0.0000000000
96964  -22.523  -1.544  -17.414 0.0000000000
95631  -23.739  -2.544  -18.186 0.0000000000
95651  -26.124  -2.323  -19.366 0.0000000000
96986  -27.294  -1.343  -18.499 0.0000000000
95632  -27.627  -2.254  -17.962 0.0000000000
75169  -25.281  -17.353  -5.500 0.0000000000
76506  -25.703  -16.524  -6.288 0.0000000000
88741  -21.914  -6.858  -12.755 0.0000000000
88756  -23.377  -7.109  -14.060 0.0000000000
88769  -24.740  -7.026  -15.374 0.0000000000
88771  -26.575  -7.489  -15.942 0.0000000000
87423  -26.002  -8.441  -14.749 0.0000000000
86071  -26.934  -9.140  -14.143 0.0000000000
86054  -27.583  -9.696  -13.515 0.0000000000
83372  -25.522  -11.093  -11.917 0.0000000000
84669  -26.748  -10.886  -12.391 0.0000000000
84671  -28.966  -10.717  -11.983 0.0000000000
83376  -29.843  -11.199  -11.733 0.0000000000
82008  -30.708  -12.900  -11.117 0.0000000000
108529  -22.287  7.192  -19.472 0.0000000000
101056  -19.572  1.624  -15.872 0.0000000000
101064  -21.138  1.629  -17.383 0.0000000000
102380  -23.350  2.543  -19.667 0.0000000000
98332  -23.552  -0.404  -19.284 0.0000000000
101100  -24.232  1.558  -20.311 0.0000000000
103718  -24.597  3.363  -20.225 0.0000000000
90122  -28.537  -6.422  -16.600 0.0000000000
91512  -29.599  -5.527  -15.931 0.0000000000
80615  -21.447  -13.365  -6.657 0.0000000000
80628  -22.472  -13.383  -7.767 0.0000000000
80638  -24.415  -13.796  -8.516 0.0000000000
80639  -25.467  -13.923  -8.698 0.0000000000
77955  -26.571  -15.976  -7.186 0.0000000000
79258  -26.447  -14.722  -8.192 0.0000000000
80655  -27.347  -13.956  -9.011 0.0000000000
102331  -17.672  2.521  -14.063 0.0000000000
90117  -24.565  -6.109  -15.988 0.0000000000
91511  -24.109  -5.706  -15.853 0.0000000000
91521  -25.164  -5.456  -16.814 0.0000000000
91532  -25.346  -5.026  -17.292 0.0000000000
90133  -25.718  -5.677  -17.007 0.0000000000
91534  -26.699  -5.209  -17.697 0.0000000000
90134  -26.377  -5.800  -17.251 0.0000000000
86006  -22.054  -9.598  -10.477 0.0000000000
86020  -22.428  -9.169  -11.159 0.0000000000
87388  -22.890  -8.575  -12.243 0.0000000000
86034  -23.433  -9.261  -12.028 0.0000000000
86035  -24.045  -9.680  -12.063 0.0000000000
86022  -23.764  -10.059  -11.581 0.0000000000
81990  -26.824  -12.620  -10.356 0.0000000000
81991  -28.023  -12.588  -10.163 0.0000000000
81976  -27.044  -13.192  -9.726 0.0000000000
108451  -20.416  7.080  -16.161 0.0000000000
109673  -21.265  7.909  -17.237 0.0000000000
110842  -21.544  8.822  -18.213 0.0000000000
110854  -21.431  8.852  -19.199 0.0000000000
109684  -21.616  7.822  -18.235 0.0000000000
104965  -23.145  4.136  -19.791 0.0000000000
106162  -22.951  5.437  -20.238 0.0000000000
104973  -24.085  4.445  -20.553 0.0000000000
95606  -20.852  -2.313  -15.251 0.0000000000
95597  -20.115  -2.163  -14.706 0.0000000000
96932  -19.975  -1.475  -14.861 0.0000000000
96931  -19.491  -1.367  -14.473 0.0000000000
96942  -20.418  -1.325  -15.308 0.0000000000
98300  -20.564  -0.410  -15.769 0.0000000000
96953  -21.505  -1.357  -16.300 0.0000000000
99757  -26.330  0.464  -18.897 0.0000000000
99768  -25.854  0.391  -19.351 0.0000000000
86073  -28.895  -8.949  -14.105 0.0000000000
87426  -29.218  -8.409  -14.763 0.0000000000
86074  -29.834  -8.908  -14.216 0.0000000000
76488  -23.696  -16.248  -5.317 0.0000000000
77927  -23.664  -15.662  -5.748 0.0000000000
77940  -23.608  -15.167  -6.271 0.0000000000
79236  -24.104  -14.937  -6.729 0.0000000000
77941  -24.666  -15.525  -6.462 0.0000000000
84619  -22.196  -10.918  -9.854 0.0000000000
83341  -22.609  -11.268  -9.941 0.0000000000
81963  -22.320  -12.385  -8.749 0.0000000000
81971  -22.595  -12.025  -9.486 0.0000000000
81964  -22.885  -12.764  -9.064 0.0000000000
80651  -23.772  -12.867  -9.599 0.0000000000
80637  -23.386  -13.182  -8.899 0.0000000000
107303  -19.914  5.762  -16.267 0.0000000000
106134  -19.587  5.078  -16.201 0.0000000000
103688  -19.769  3.364  -16.448 0.0000000000
104950  -20.411  4.374  -17.199 0.0000000000
103701  -20.801  3.613  -17.477 0.0000000000
103707  -21.714  3.561  -18.448 0.0000000000
102367  -21.110  3.149  -17.678 0.0000000000
90094  -21.657  -6.018  -13.423 0.0000000000
91500  -21.658  -5.451  -13.932 0.0000000000
92916  -23.399  -4.703  -15.916 0.0000000000
92915  -22.724  -4.377  -15.424 0.0000000000
94273  -22.572  -3.490  -16.038 0.0000000000
94272  -21.872  -3.399  -15.305 0.0000000000
94282  -23.148  -3.585  -16.920 0.0000000000
95630  -23.118  -2.740  -17.478 0.0000000000
94297  -23.339  -3.306  -17.355 0.0000000000
92961  -25.676  -3.860  -18.391 0.0000000000
94315  -24.956  -3.289  -18.728 0.0000000000
94317  -26.599  -2.915  -18.921 0.0000000000
95652  -26.833  -1.954  -19.113 0.0000000000
95653  -27.330  -2.078  -18.627 0.0000000000
96966  -27.722  -1.485  -17.915 0.0000000000
94318  -27.157  -2.678  -18.544 0.0000000000
94301  -27.889  -3.056  -17.282 0.0000000000
92928  -29.259  -4.525  -16.215 0.0000000000
75156  -24.827  -17.730  -5.011 0.0000000000
75170  -25.848  -17.902  -5.444 0.0000000000
88718  -20.856  -7.228  -11.098 0.0000000000
90071  -21.009  -6.551  -12.088 0.0000000000
88725  -21.637  -7.341  -12.067 0.0000000000
88742  -22.668  -7.290  -13.052 0.0000000000
88743  -23.661  -7.838  -13.614 0.0000000000
88757  -24.453  -7.588  -14.646 0.0000000000
88758  -25.295  -7.891  -14.911 0.0000000000
87422  -25.157  -8.190  -14.603 0.0000000000
86052  -25.638  -9.578  -13.374 0.0000000000
86070  -26.169  -9.213  -14.004 0.0000000000
86053  -26.637  -9.712  -13.489 0.0000000000
83355  -24.198  -11.254  -11.071 0.0000000000
84648  -24.447  -10.792  -11.490 0.0000000000
83356  -24.964  -11.444  -11.359 0.0000000000
83375  -27.494  -11.391  -11.687 0.0000000000
83374  -27.078  -11.414  -11.864 0.0000000000
84670  -27.773  -10.979  -11.965 0.0000000000
84692  -28.230  -10.251  -12.808 0.0000000000
83360  -29.054  -11.594  -11.221 0.0000000000
81993  -30.262  -13.437  -10.602 0.0000000000
80682  -31.390  -13.644  -11.355 0.0000000000
107337  -21.801  6.216  -18.530 0.0000000000
107346  -22.279  6.275  -19.216 0.0000000000
92894  -19.850  -4.144  -12.794 0.0000000000
99699  -18.021  0.399  -13.633 0.0000000000
101020  -17.554  1.119  -13.448 0.0000000000
101047  -18.685  1.570  -14.800 0.0000000000
99719  -19.056  1.059  -15.015 0.0000000000
99741  -21.571  0.572  -17.397 0.0000000000
99740  -20.958  1.118  -17.020 0.0000000000
101077  -22.042  1.385  -18.381 0.0000000000
101088  -21.872  2.010  -18.423 0.0000000000
101089  -22.393  1.716  -18.877 0.0000000000
96983  -23.655  -1.479  -18.786 0.0000000000
96982  -23.001  -1.199  -18.176 0.0000000000
97003  -24.065  -0.998  -19.505 0.0000000000
101092  -24.991  1.455  -19.816 0.0000000000
99780  -24.284  0.774  -20.308 0.0000000000
101091  -24.635  1.455  -20.094 0.0000000000
102394  -24.327  2.570  -20.258 0.0000000000
102395  -24.663  2.593  -20.111 0.0000000000
103710  -25.140  3.514  -19.882 0.0000000000
88772  -27.413  -7.575  -16.003 0.0000000000
88790  -27.892  -7.013  -16.463 0.0000000000
88773  -28.235  -7.522  -15.966 0.0000000000
90108  -29.912  -6.494  -15.706 0.0000000000
79234  -22.556  -14.400  -6.644 0.0000000000
79233  -21.867  -14.029  -6.479 0.0000000000
80627  -21.854  -12.971  -7.546 0.0000000000
79245  -24.552  -14.576  -7.505 0.0000000000
80630  -23.964  -14.099  -7.858 0.0000000000
79256  -24.997  -14.173  -8.231 0.0000000000
77943  -26.170  -16.338  -6.679 0.0000000000
80641  -26.955  -14.469  -8.536 0.0000000000
83331  -21.696  -11.252  -9.086 0.0000000000
81962  -21.749  -11.984  -8.508 0.0000000000
81953  -22.050  -12.757  -7.951 0.0000000000
104936  -18.243  4.106  -14.757 0.0000000000
103679  -18.485  3.201  -15.006 0.0000000000
103680  -18.827  3.022  -15.526 0.0000000000
90104  -23.385  -6.204  -15.037 0.0000000000
91501  -22.357  -5.476  -14.495 0.0000000000
91510  -23.415  -5.448  -15.454 0.0000000000
91519  -23.850  -5.141  -16.044 0.0000000000
92925  -23.756  -4.494  -16.599 0.0000000000
92940  -24.067  -4.221  -17.159 0.0000000000
92941  -24.728  -4.316  -17.498 0.0000000000
92942  -25.506  -4.512  -17.865 0.0000000000
92962  -26.393  -3.697  -18.483 0.0000000000
94300  -27.412  -3.337  -17.934 0.0000000000
92944  -27.047  -4.299  -18.018 0.0000000000
91535  -27.449  -5.354  -17.517 0.0000000000
91522  -28.240  -5.450  -17.095 0.0000000000
87376  -21.883  -8.471  -11.264 0.0000000000
88726  -22.348  -7.830  -12.347 0.0000000000
87406  -24.011  -8.556  -12.976 0.0000000000
87407  -24.932  -8.700  -13.957 0.0000000000
86051  -24.689  -9.349  -12.831 0.0000000000
84689  -25.644  -10.217  -12.766 0.0000000000
81988  -24.964  -12.206  -10.812 0.0000000000
82003  -25.383  -11.857  -11.266 0.0000000000
82004  -25.849  -12.080  -11.201 0.0000000000
82005  -26.662  -12.160  -10.946 0.0000000000
83359  -27.683  -11.757  -11.167 0.0000000000
83345  -28.061  -12.114  -10.669 0.0000000000
80667  -29.008  -13.191  -9.949 0.0000000000
108444  -19.330  7.060  -14.633 0.0000000000
109667  -20.035  8.000  -15.431 0.0000000000
110833  -21.486  9.037  -17.100 0.0000000000
110867  -21.509  9.164  -20.084 0.0000000000
106157  -22.532  5.431  -19.685 0.0000000000
107347  -22.629  6.312  -19.909 0.0000000000
96920  -18.420  -1.548  -13.249 0.0000000000
96930  -18.837  -1.168  -14.014 0.0000000000
98289  -19.020  -0.514  -14.464 0.0000000000
99710  -19.206  0.011  -14.851 0.0000000000
99720  -19.592  0.564  -15.407 0.0000000000
99721  -20.213  0.094  -15.688 0.0000000000
99733  -21.221  0.087  -16.683 0.0000000000
99742  -22.223  0.046  -17.779 0.0000000000
97005  -25.456  -0.970  -19.613 0.0000000000
98350  -25.654  -0.246  -19.497 0.0000000000
99767  -25.314  0.615  -19.674 0.0000000000
102383  -25.574  2.293  -19.346 0.0000000000
87442  -28.697  -7.928  -15.371 0.0000000000
77926  -22.637  -15.383  -5.602 0.0000000000
79235  -23.552  -14.711  -6.821 0.0000000000
85995  -21.628  -10.089  -9.890 0.0000000000
86007  -22.783  -10.043  -10.730 0.0000000000
84632  -23.365  -10.823  -10.627 0.0000000000
83354  -23.718  -11.160  -10.744 0.0000000000
83343  -23.864  -11.645  -10.651 0.0000000000
83333  -22.759  -11.742  -9.805 0.0000000000
81986  -23.577  -11.932  -10.328 0.0000000000
81987  -24.012  -12.148  -10.500 0.0000000000
81973  -24.221  -12.629  -10.088 0.0000000000
81974  -25.121  -12.799  -10.052 0.0000000000
80653  -25.275  -13.351  -9.306 0.0000000000
108443  -18.786  6.560  -14.329 0.0000000000
107260  -18.990  6.211  -14.766 0.0000000000
107281  -20.067  6.363  -16.017 0.0000000000
108463  -20.873  7.075  -17.026 0.0000000000
108488  -21.497  7.021  -18.046 0.0000000000
107325  -20.931  6.179  -17.401 0.0000000000
106143  -21.120  5.596  -17.770 0.0000000000
106150  -21.501  5.319  -18.323 0.0000000000
104945  -19.886  4.279  -16.658 0.0000000000
104956  -20.912  4.386  -17.692 0.0000000000
104963  -21.902  4.436  -18.761 0.0000000000
104964  -22.549  4.445  -19.414 0.0000000000
103709  -23.027  3.466  -19.434 0.0000000000
92905  -20.985  -4.135  -13.911 0.0000000000
92907  -22.354  -4.700  -14.800 0.0000000000
92906  -21.643  -4.470  -14.380 0.0000000000
94262  -20.842  -3.323  -14.514 0.0000000000
94271  -21.276  -2.867  -15.241 0.0000000000
95617  -21.893  -1.995  -16.331 0.0000000000
96954  -22.051  -1.711  -16.695 0.0000000000
96965  -23.249  -1.887  -17.975 0.0000000000
95649  -24.326  -2.438  -18.877 0.0000000000
94314  -24.281  -3.112  -18.315 0.0000000000
95650  -25.167  -2.232  -19.467 0.0000000000
95668  -25.790  -1.669  -19.554 0.0000000000
98333  -26.672  -0.566  -18.817 0.0000000000
98334  -27.104  -0.481  -18.280 0.0000000000
98322  -27.661  -0.719  -17.682 0.0000000000
84694  -30.315  -10.139  -13.073 0.0000000000
76489  -24.745  -16.647  -5.602 0.0000000000
76505  -25.194  -16.148  -6.249 0.0000000000
90086  -21.336  -6.261  -12.731 0.0000000000
90087  -21.981  -6.542  -13.157 0.0000000000
88755  -22.838  -6.756  -13.834 0.0000000000
90097  -23.655  -6.765  -14.731 0.0000000000
90106  -24.848  -6.650  -15.766 0.0000000000
88788  -26.298  -6.901  -16.376 0.0000000000
88770  -25.551  -7.302  -15.612 0.0000000000
87439  -26.260  -7.822  -15.435 0.0000000000
87440  -26.889  -8.024  -15.413 0.0000000000
87424  -27.304  -8.548  -14.776 0.0000000000
86072  -27.923  -9.053  -14.118 0.0000000000
86055  -28.578  -9.631  -13.531 0.0000000000
84665  -24.128  -10.295  -11.653 0.0000000000
84667  -25.227  -10.451  -12.274 0.0000000000
84668  -25.932  -10.758  -12.431 0.0000000000
83357  -25.740  -11.641  -11.601 0.0000000000
84691  -27.210  -10.327  -12.885 0.0000000000
84693  -29.287  -10.154  -12.890 0.0000000000
84672  -30.067  -10.661  -12.316 0.0000000000
82007  -29.899  -12.252  -11.052 0.0000000000
83361  -30.259  -11.900  -11.436 0.0000000000
108511  -21.957  7.106  -18.717 0.0000000000
109718  -22.042  8.128  -19.848 0.0000000000
108530  -22.640  7.196  -20.133 0.0000000000
102344  -18.759  2.364  -15.185 0.0000000000
102350  -19.638  2.463  -16.220 0.0000000000
99731  -19.934  1.107  -16.024 0.0000000000
101057  -20.058  1.662  -16.385 0.0000000000
102358  -20.899  2.628  -17.321 0.0000000000
102368  -21.459  2.681  -18.023 0.0000000000
102379  -22.730  2.603  -19.176 0.0000000000
103716  -23.545  3.438  -19.923 0.0000000000
96963  -21.944  -1.116  -16.912 0.0000000000
98321  -22.580  -0.521  -17.973 0.0000000000
99756  -23.197  0.115  -18.952 0.0000000000
98348  -24.063  -0.150  -20.061 0.0000000000
99765  -23.265  0.645  -19.549 0.0000000000
99764  -22.765  1.144  -19.156 0.0000000000
101099  -23.555  1.610  -20.008 0.0000000000
102393  -23.845  2.516  -20.132 0.0000000000
103717  -23.962  3.442  -20.373 0.0000000000
104974  -24.788  4.563  -20.188 0.0000000000
90120  -26.739  -6.387  -16.929 0.0000000000
90121  -27.568  -6.221  -17.060 0.0000000000
88774  -29.113  -7.187  -15.996 0.0000000000
90107  -29.295  -6.259  -16.254 0.0000000000
91523  -29.004  -5.502  -16.589 0.0000000000
79243  -22.935  -14.056  -7.526 0.0000000000
80629  -23.414  -13.859  -8.047 0.0000000000
80654  -26.256  -13.574  -9.205 0.0000000000
77942  -25.674  -15.963  -6.656 0.0000000000
77954  -25.699  -15.447  -7.156 0.0000000000
79246  -25.646  -14.921  -7.674 0.0000000000
79247  -26.520  -15.275  -7.716 0.0000000000
80640  -26.335  -14.175  -8.649 0.0000000000
83332  -22.182  -11.511  -9.445 0.0000000000
83346  -28.467  -12.101  -10.715 0.0000000000
83373  -26.242  -11.347  -12.044 0.0000000000
84630  -22.004  -10.410  -10.020 0.0000000000
84646  -23.185  -10.327  -10.817 0.0000000000
84649  -24.986  -10.801  -11.750 0.0000000000
84651  -28.500  -11.121  -11.646 0.0000000000
84666  -24.604  -10.329  -11.924 0.0000000000
86037  -25.178  -9.925  -12.731 0.0000000000
86050  -24.149  -9.133  -12.507 0.0000000000
87387  -22.185  -8.072  -11.995 0.0000000000
88724  -20.990  -6.848  -11.716 0.0000000000
88787  -25.789  -6.721  -16.308 0.0000000000
88789  -27.082  -6.989  -16.525 0.0000000000
88791  -28.457  -7.076  -16.305 0.0000000000
90096  -22.958  -6.365  -14.439 0.0000000000
90118  -25.248  -6.257  -16.402 0.0000000000
90135  -27.043  -5.858  -17.377 0.0000000000
91502  -22.968  -5.746  -14.904 0.0000000000
91520  -24.507  -5.353  -16.446 0.0000000000
92895  -20.524  -4.461  -13.285 0.0000000000
92914  -22.089  -4.116  -14.882 0.0000000000
92924  -23.113  -4.136  -16.182 0.0000000000
92926  -24.427  -4.628  -16.886 0.0000000000
92943  -26.226  -4.496  -18.054 0.0000000000
94298  -23.826  -3.530  -17.599 0.0000000000
94299  -24.576  -3.662  -18.076 0.0000000000
94316  -25.833  -3.125  -19.004 0.0000000000
95596  -19.523  -2.338  -14.038 0.0000000000
95607  -21.651  -2.364  -15.786 0.0000000000
95608  -22.175  -2.911  -15.871 0.0000000000
95667  -25.310  -1.513  -19.627 0.0000000000
95669  -26.275  -1.773  -19.397 0.0000000000
96941  -19.901  -1.012  -14.961 0.0000000000
96952  -20.925  -1.043  -15.858 0.0000000000
96985  -26.800  -1.243  -18.997 0.0000000000
97004  -24.771  -1.126  -19.742 0.0000000000
97006  -26.230  -1.091  -19.316 0.0000000000
98290  -19.541  -0.462  -14.914 0.0000000000
98310  -21.060  -0.430  -16.288 0.0000000000
98320  -22.078  -0.501  -17.371 0.0000000000
98331  -23.091  -0.491  -18.622 0.0000000000
98366  -24.168  0.412  -20.297 0.0000000000
98367  -24.433  0.343  -20.159 0.0000000000
99754  -21.914  1.033  -18.069 0.0000000000
99766  -24.688  0.857  -20.057 0.0000000000
99779  -23.853  0.779  -20.278 0.0000000000
101048  -19.161  1.602  -15.324 0.0000000000
101063  -20.640  1.699  -16.862 0.0000000000
101076  -21.601  1.635  -17.919 0.0000000000
101090  -22.952  1.697  -19.512 0.0000000000
102316  -17.057  2.685  -13.416 0.0000000000
102345  -19.191  2.384  -15.697 0.0000000000
102359  -21.262  2.143  -17.676 0.0000000000
102378  -22.109  2.686  -18.641 0.0000000000
102381  -24.632  2.006  -20.054 0.0000000000
103687  -19.244  3.228  -15.935 0.0000000000
103695  -20.359  3.481  -16.941 0.0000000000
103702  -21.204  3.632  -17.941 0.0000000000
104937  -18.735  3.959  -15.502 0.0000000000
106135  -20.091  5.172  -16.792 0.0000000000
106149  -21.127  4.997  -17.859 0.0000000000
108464  -21.235  7.303  -17.533 0.0000000000
108487  -21.158  6.765  -17.595 0.0000000000
110841  -21.541  9.408  -17.800 0.0000000000
