#!ascii label  , from subject 3464 vox2ras=TkReg
1160
80628  -22.472  -13.383  -7.767 0.5555555820
80637  -23.386  -13.182  -8.899 0.6666666865
80651  -23.772  -12.867  -9.599 0.7777777910
81974  -25.121  -12.799  -10.052 0.7777777910
83344  -24.405  -11.761  -10.894 0.8888888955
83375  -27.494  -11.391  -11.687 0.8888888955
80616  -22.048  -13.834  -6.916 0.5555555820
81953  -22.050  -12.757  -7.951 0.5555555820
81963  -22.320  -12.385  -8.749 0.6666666865
81971  -22.595  -12.025  -9.486 0.8888888955
81989  -25.902  -12.522  -10.609 0.8888888955
82003  -25.383  -11.857  -11.266 0.8888888955
84669  -26.748  -10.886  -12.391 1.0000000000
84670  -27.773  -10.979  -11.965 0.8888888955
84691  -27.210  -10.327  -12.885 1.0000000000
83324  -21.852  -11.726  -8.902 0.7777777910
83341  -22.609  -11.268  -9.941 1.0000000000
86007  -22.783  -10.043  -10.730 1.0000000000
84647  -23.749  -10.565  -11.185 1.0000000000
86036  -24.746  -9.955  -12.364 1.0000000000
84689  -25.644  -10.217  -12.766 1.0000000000
86035  -24.045  -9.680  -12.063 1.0000000000
86051  -24.689  -9.349  -12.831 1.0000000000
86052  -25.638  -9.578  -13.374 1.0000000000
86054  -27.583  -9.696  -13.515 1.0000000000
87408  -25.670  -9.023  -14.065 1.0000000000
86070  -26.169  -9.213  -14.004 1.0000000000
86072  -27.923  -9.053  -14.118 1.0000000000
87440  -26.889  -8.024  -15.413 1.0000000000
87441  -27.800  -8.009  -15.370 0.7777777910
86020  -22.428  -9.169  -11.159 0.8888888955
86021  -23.087  -9.653  -11.405 1.0000000000
87388  -22.890  -8.575  -12.243 1.0000000000
87406  -24.011  -8.556  -12.976 1.0000000000
87422  -25.157  -8.190  -14.603 1.0000000000
87423  -26.002  -8.441  -14.749 1.0000000000
87439  -26.260  -7.822  -15.435 1.0000000000
88772  -27.413  -7.575  -16.003 1.0000000000
88773  -28.235  -7.522  -15.966 0.8888888955
88790  -27.892  -7.013  -16.463 1.0000000000
90122  -28.537  -6.422  -16.600 0.7777777910
90107  -29.295  -6.259  -16.254 0.7777777910
88719  -21.411  -7.749  -11.351 0.5555555820
90087  -21.981  -6.542  -13.157 0.7777777910
88742  -22.668  -7.290  -13.052 0.8888888955
88743  -23.661  -7.838  -13.614 1.0000000000
88744  -24.228  -8.226  -13.842 1.0000000000
88756  -23.377  -7.109  -14.060 0.8888888955
88757  -24.453  -7.588  -14.646 1.0000000000
88769  -24.740  -7.026  -15.374 1.0000000000
88788  -26.298  -6.901  -16.376 1.0000000000
90120  -26.739  -6.387  -16.929 0.8888888955
90134  -26.377  -5.800  -17.251 1.0000000000
90136  -27.367  -5.840  -17.349 0.8888888955
92945  -27.912  -4.276  -17.355 0.7777777910
92928  -29.259  -4.525  -16.215 0.6666666865
94284  -28.602  -3.610  -16.566 0.6666666865
91479  -20.057  -5.370  -12.022 0.4444444478
90086  -21.336  -6.261  -12.731 0.7777777910
91492  -21.171  -5.393  -13.317 0.6666666865
91501  -22.357  -5.476  -14.495 0.7777777910
90104  -23.385  -6.204  -15.037 0.8888888955
90105  -24.132  -6.466  -15.385 0.8888888955
90106  -24.848  -6.650  -15.766 1.0000000000
91511  -24.109  -5.706  -15.853 1.0000000000
91521  -25.164  -5.456  -16.814 1.0000000000
90133  -25.718  -5.677  -17.007 1.0000000000
91533  -25.980  -5.163  -17.572 0.8888888955
92944  -27.047  -4.299  -18.018 0.7777777910
94274  -29.078  -3.365  -15.975 0.5555555820
94301  -27.889  -3.056  -17.282 0.7777777910
95619  -28.338  -2.487  -16.854 0.6666666865
92905  -20.985  -4.135  -13.911 0.6666666865
92895  -20.524  -4.461  -13.285 0.6666666865
92907  -22.354  -4.700  -14.800 0.7777777910
92906  -21.643  -4.470  -14.380 0.7777777910
91509  -22.786  -5.144  -14.994 0.8888888955
91519  -23.850  -5.141  -16.044 0.8888888955
92916  -23.399  -4.703  -15.916 1.0000000000
92925  -23.756  -4.494  -16.599 1.0000000000
92941  -24.728  -4.316  -17.498 1.0000000000
91532  -25.346  -5.026  -17.292 0.8888888955
92961  -25.676  -3.860  -18.391 0.8888888955
92963  -26.921  -3.392  -18.391 0.8888888955
94300  -27.412  -3.337  -17.934 0.7777777910
94315  -24.956  -3.289  -18.728 0.8888888955
94317  -26.599  -2.915  -18.921 0.7777777910
95653  -27.330  -2.078  -18.627 0.7777777910
95632  -27.627  -2.254  -17.962 0.7777777910
96967  -28.146  -1.610  -17.350 0.6666666865
94254  -20.536  -3.795  -13.765 0.6666666865
92894  -19.850  -4.144  -12.794 0.5555555820
94263  -21.633  -3.802  -14.740 0.8888888955
94273  -22.572  -3.490  -16.038 0.8888888955
94282  -23.148  -3.585  -16.920 1.0000000000
94283  -23.668  -3.994  -17.102 1.0000000000
94314  -24.281  -3.112  -18.315 1.0000000000
92960  -25.081  -3.972  -18.156 0.8888888955
95652  -26.833  -1.954  -19.113 0.7777777910
98333  -26.672  -0.566  -18.817 0.7777777910
98322  -27.661  -0.719  -17.682 0.6666666865
98312  -27.929  -0.515  -16.992 0.5555555820
94262  -20.842  -3.323  -14.514 0.7777777910
94261  -20.003  -2.825  -14.214 0.6666666865
95618  -22.382  -2.547  -16.567 1.0000000000
95630  -23.118  -2.740  -17.478 1.0000000000
95649  -24.326  -2.438  -18.877 0.8888888955
96984  -24.378  -1.689  -19.343 0.8888888955
95651  -26.124  -2.323  -19.366 0.8888888955
98351  -26.144  -0.228  -19.175 0.7777777910
99768  -25.854  0.391  -19.351 0.7777777910
99757  -26.330  0.464  -18.897 0.7777777910
99744  -27.075  0.195  -17.855 0.5555555820
98349  -24.921  -0.107  -19.853 0.7777777910
101078  -26.345  1.436  -18.672 0.5555555820
101066  -26.925  1.321  -17.536 0.5555555820
101093  -25.722  1.414  -19.358 0.6666666865
96904  -18.213  -1.898  -12.381 0.4444444478
95585  -19.045  -2.399  -13.362 0.5555555820
96932  -19.975  -1.475  -14.861 0.7777777910
95617  -21.893  -1.995  -16.331 1.0000000000
95606  -20.852  -2.313  -15.251 0.8888888955
96954  -22.051  -1.711  -16.695 1.0000000000
96964  -22.523  -1.544  -17.414 0.8888888955
96982  -23.001  -1.199  -18.176 0.8888888955
96983  -23.655  -1.479  -18.786 0.8888888955
97003  -24.065  -0.998  -19.505 0.8888888955
99767  -25.314  0.615  -19.674 0.6666666865
102360  -26.460  2.235  -18.109 0.5555555820
99709  -18.733  0.495  -14.546 0.6666666865
98289  -19.020  -0.514  -14.464 0.6666666865
99721  -20.213  0.094  -15.688 0.7777777910
98311  -21.564  -0.458  -16.818 0.8888888955
99733  -21.221  0.087  -16.683 0.7777777910
99742  -22.223  0.046  -17.779 0.7777777910
98321  -22.580  -0.521  -17.973 0.8888888955
99755  -22.503  0.561  -18.495 0.7777777910
98332  -23.552  -0.404  -19.284 0.8888888955
99764  -22.765  1.144  -19.156 0.7777777910
99765  -23.265  0.645  -19.549 0.7777777910
99780  -24.284  0.774  -20.308 0.6666666865
102380  -23.350  2.543  -19.667 0.6666666865
102394  -24.327  2.570  -20.258 0.6666666865
101091  -24.635  1.455  -20.094 0.6666666865
101092  -24.991  1.455  -19.816 0.5555555820
103717  -23.962  3.442  -20.373 0.6666666865
103718  -24.597  3.363  -20.225 0.5555555820
103710  -25.140  3.514  -19.882 0.5555555820
102369  -25.969  2.262  -18.949 0.4444444478
102315  -16.525  2.508  -12.719 0.3333333433
101033  -17.432  1.857  -13.622 0.3333333433
101047  -18.685  1.570  -14.800 0.5555555820
99719  -19.056  1.059  -15.015 0.6666666865
102344  -18.759  2.364  -15.185 0.5555555820
99731  -19.934  1.107  -16.024 0.7777777910
99740  -20.958  1.118  -17.020 0.7777777910
102358  -20.899  2.628  -17.321 0.6666666865
101077  -22.042  1.385  -18.381 0.6666666865
101064  -21.138  1.629  -17.383 0.6666666865
101088  -21.872  2.010  -18.423 0.6666666865
102379  -22.730  2.603  -19.176 0.6666666865
103709  -23.027  3.466  -19.434 0.6666666865
104972  -23.447  4.444  -20.256 0.6666666865
104974  -24.788  4.563  -20.188 0.5555555820
106165  -24.571  5.799  -20.112 0.5555555820
104973  -24.085  4.445  -20.553 0.6666666865
103641  -17.014  3.593  -13.427 0.4444444478
103621  -16.168  3.272  -12.316 0.4444444478
102331  -17.672  2.521  -14.063 0.4444444478
104910  -17.745  4.169  -14.145 0.5555555820
102332  -18.277  2.409  -14.610 0.5555555820
103680  -18.827  3.022  -15.526 0.6666666865
102350  -19.638  2.463  -16.220 0.6666666865
102351  -20.239  2.555  -16.684 0.6666666865
102368  -21.459  2.681  -18.023 0.6666666865
103708  -22.386  3.544  -18.939 0.6666666865
104964  -22.549  4.445  -19.414 0.6666666865
106162  -22.951  5.437  -20.238 0.6666666865
106163  -23.493  5.426  -20.535 0.5555555820
106164  -24.088  5.537  -20.512 0.6666666865
104909  -17.244  4.226  -13.603 0.4444444478
104944  -19.370  4.158  -16.079 0.6666666865
103688  -19.769  3.364  -16.448 0.6666666865
104950  -20.411  4.374  -17.199 0.6666666865
102367  -21.110  3.149  -17.678 0.6666666865
103701  -20.801  3.613  -17.477 0.6666666865
104971  -22.906  4.773  -19.943 0.6666666865
81987  -24.012  -12.148  -10.500 0.8888888955
83333  -22.759  -11.742  -9.805 1.0000000000
83354  -23.718  -11.160  -10.744 1.0000000000
84648  -24.447  -10.792  -11.490 1.0000000000
91491  -20.628  -5.378  -12.713 0.5555555820
92942  -25.506  -4.512  -17.865 0.8888888955
94253  -19.737  -3.353  -13.409 0.5555555820
96919  -17.830  -1.323  -12.522 0.5555555820
97005  -25.456  -0.970  -19.613 0.8888888955
102383  -25.574  2.293  -19.346 0.6666666865
99741  -21.571  0.572  -17.397 0.7777777910
103711  -25.573  3.068  -19.343 0.4444444478
103679  -18.485  3.201  -15.006 0.6666666865
92882  -20.096  -4.745  -12.577 0.4444444478
94240  -19.479  -3.806  -12.634 0.4444444478
104872  -15.814  4.088  -11.721 0.2222222239
104885  -16.742  4.191  -13.133 0.3333333433
107354  -23.995  6.594  -20.380 0.5555555820
79234  -22.556  -14.400  -6.644 0.5555555820
79244  -23.482  -14.300  -7.417 0.5555555820
80629  -23.414  -13.859  -8.047 0.6666666865
80638  -24.415  -13.796  -8.516 0.5555555820
80653  -25.275  -13.351  -9.306 0.5555555820
82006  -27.286  -12.249  -10.653 0.7777777910
83359  -27.683  -11.757  -11.167 0.8888888955
81975  -26.065  -13.020  -9.908 0.6666666865
84650  -28.242  -11.339  -11.490 0.7777777910
84671  -28.966  -10.717  -11.983 0.7777777910
84692  -28.230  -10.251  -12.808 0.8888888955
80602  -21.085  -13.790  -5.796 0.4444444478
81951  -20.713  -11.936  -7.223 0.5555555820
83322  -20.845  -11.103  -8.148 0.2222222239
84606  -21.425  -10.976  -8.997 0.6666666865
87425  -28.297  -8.466  -14.732 0.8888888955
87426  -29.218  -8.409  -14.763 0.6666666865
88774  -29.113  -7.187  -15.996 0.7777777910
90108  -29.912  -6.494  -15.706 0.6666666865
85995  -21.628  -10.089  -9.890 0.5555555820
91512  -29.599  -5.527  -15.931 0.6666666865
87366  -20.841  -8.327  -10.277 0.4444444478
95610  -29.264  -3.018  -15.381 0.5555555820
90059  -19.939  -6.284  -10.757 0.2222222239
95609  -28.805  -2.550  -16.036 0.5555555820
91478  -19.507  -5.056  -11.501 0.4444444478
98313  -28.323  -0.968  -16.734 0.5555555820
92880  -18.840  -4.022  -11.542 0.3333333433
98301  -28.027  -0.269  -16.292 0.5555555820
95584  -18.632  -2.446  -12.661 0.4444444478
101058  -27.377  1.409  -16.488 0.4444444478
96903  -17.795  -1.710  -11.818 0.3333333433
102361  -26.801  2.117  -17.497 0.5555555820
103696  -26.334  3.447  -17.929 0.4444444478
102295  -16.092  2.375  -12.081 0.3333333433
101019  -16.918  1.521  -12.915 0.3333333433
101020  -17.554  1.119  -13.448 0.4444444478
104967  -25.765  3.669  -19.110 0.4444444478
106158  -25.171  5.156  -19.679 0.4444444478
108546  -24.558  7.056  -19.857 0.2222222239
106069  -16.551  4.720  -12.743 0.3333333433
104936  -18.243  4.106  -14.757 0.6666666865
104945  -19.886  4.279  -16.658 0.6666666865
104957  -21.361  4.392  -18.201 0.6666666865
106150  -21.501  5.319  -18.323 0.6666666865
106156  -22.092  5.357  -19.007 0.6666666865
107347  -22.629  6.312  -19.909 0.6666666865
107353  -23.481  6.425  -20.575 0.6666666865
107355  -24.389  6.680  -20.032 0.3333333433
106114  -18.385  4.967  -15.092 0.5555555820
80627  -21.854  -12.971  -7.546 0.5555555820
80636  -22.748  -12.950  -8.648 0.6666666865
79243  -22.935  -14.056  -7.526 0.6666666865
80652  -24.350  -13.128  -9.448 0.7777777910
81964  -22.885  -12.764  -9.064 0.7777777910
81972  -23.239  -12.360  -9.744 0.8888888955
81973  -24.221  -12.629  -10.088 0.8888888955
83356  -24.964  -11.444  -11.359 1.0000000000
83355  -24.198  -11.254  -11.071 1.0000000000
81988  -24.964  -12.206  -10.812 0.8888888955
83343  -23.864  -11.645  -10.651 1.0000000000
83374  -27.078  -11.414  -11.864 1.0000000000
83358  -26.530  -11.760  -11.517 0.8888888955
82005  -26.662  -12.160  -10.946 0.8888888955
79233  -21.867  -14.029  -6.479 0.4444444478
80615  -21.447  -13.365  -6.657 0.4444444478
81952  -21.510  -12.321  -7.749 0.6666666865
81962  -21.749  -11.984  -8.508 0.5555555820
81986  -23.577  -11.932  -10.328 0.8888888955
82004  -25.849  -12.080  -11.201 0.8888888955
83357  -25.740  -11.641  -11.601 1.0000000000
83372  -25.522  -11.093  -11.917 1.0000000000
84668  -25.932  -10.758  -12.431 1.0000000000
86053  -26.637  -9.712  -13.489 1.0000000000
83309  -20.996  -11.616  -7.846 0.5555555820
83323  -21.384  -11.446  -8.525 0.6666666865
83331  -21.696  -11.252  -9.086 0.8888888955
83342  -23.238  -11.461  -10.270 1.0000000000
84619  -22.196  -10.918  -9.854 0.8888888955
84631  -22.686  -10.624  -10.331 0.8888888955
84632  -23.365  -10.823  -10.627 1.0000000000
86006  -22.054  -9.598  -10.477 1.0000000000
84665  -24.128  -10.295  -11.653 1.0000000000
86022  -23.764  -10.059  -11.581 1.0000000000
84667  -25.227  -10.451  -12.274 1.0000000000
84690  -26.295  -10.277  -12.928 1.0000000000
86034  -23.433  -9.261  -12.028 1.0000000000
87389  -23.721  -9.038  -12.341 1.0000000000
86071  -26.934  -9.140  -14.143 1.0000000000
87407  -24.932  -8.700  -13.957 1.0000000000
87424  -27.304  -8.548  -14.776 1.0000000000
87442  -28.697  -7.928  -15.371 0.7777777910
87377  -22.573  -8.986  -11.535 1.0000000000
87376  -21.883  -8.471  -11.264 0.5555555820
86005  -21.316  -9.122  -10.223 0.5555555820
87405  -23.334  -8.052  -12.951 1.0000000000
88758  -25.295  -7.891  -14.911 1.0000000000
88770  -25.551  -7.302  -15.612 1.0000000000
88771  -26.575  -7.489  -15.942 1.0000000000
90121  -27.568  -6.221  -17.060 0.8888888955
91523  -29.004  -5.502  -16.589 0.6666666865
88718  -20.856  -7.228  -11.098 0.5555555820
87375  -21.273  -7.927  -10.965 0.5555555820
88725  -21.637  -7.341  -12.067 0.6666666865
88726  -22.348  -7.830  -12.347 0.7777777910
88741  -21.914  -6.858  -12.755 0.7777777910
90094  -21.657  -6.018  -13.423 0.6666666865
90095  -22.257  -6.322  -13.818 0.8888888955
88755  -22.838  -6.756  -13.834 0.8888888955
90097  -23.655  -6.765  -14.731 0.8888888955
90119  -26.031  -6.327  -16.751 1.0000000000
91534  -26.699  -5.209  -17.697 0.8888888955
91535  -27.449  -5.354  -17.517 0.8888888955
91522  -28.240  -5.450  -17.095 0.7777777910
92927  -28.628  -4.687  -16.808 0.7777777910
94275  -29.431  -3.855  -15.652 0.5555555820
90085  -20.657  -5.998  -12.268 0.5555555820
91466  -19.784  -5.675  -11.348 0.3333333433
90070  -20.443  -6.292  -11.622 0.3333333433
90071  -21.009  -6.551  -12.088 0.6666666865
92896  -21.201  -4.779  -13.768 0.6666666865
91500  -21.658  -5.451  -13.932 0.7777777910
91510  -23.415  -5.448  -15.454 0.8888888955
90117  -24.565  -6.109  -15.988 1.0000000000
91531  -24.890  -4.924  -16.938 1.0000000000
92962  -26.393  -3.697  -18.483 0.7777777910
94318  -27.157  -2.678  -18.544 0.7777777910
96955  -28.562  -1.718  -16.469 0.5555555820
92915  -22.724  -4.377  -15.424 0.8888888955
92940  -24.067  -4.221  -17.159 1.0000000000
96986  -27.294  -1.343  -18.499 0.7777777910
96966  -27.722  -1.485  -17.915 0.7777777910
92881  -19.456  -4.391  -12.081 0.4444444478
94272  -21.872  -3.399  -15.305 0.8888888955
94297  -23.339  -3.306  -17.355 1.0000000000
95631  -23.739  -2.544  -18.186 0.8888888955
95668  -25.790  -1.669  -19.554 0.7777777910
98334  -27.104  -0.481  -18.280 0.6666666865
99734  -27.484  0.274  -16.952 0.5555555820
94252  -19.064  -2.892  -12.928 0.5555555820
95597  -20.115  -2.163  -14.706 0.6666666865
94271  -21.276  -2.867  -15.241 0.8888888955
96965  -23.249  -1.887  -17.975 1.0000000000
95650  -25.167  -2.232  -19.467 0.8888888955
98350  -25.654  -0.246  -19.497 0.8888888955
99743  -26.674  0.812  -18.273 0.6666666865
98348  -24.063  -0.150  -20.061 0.8888888955
101065  -26.601  1.442  -18.160 0.5555555820
96920  -18.420  -1.548  -13.249 0.5555555820
96921  -19.058  -1.765  -13.825 0.5555555820
96943  -21.065  -1.683  -15.695 1.0000000000
96942  -20.418  -1.325  -15.308 0.7777777910
96931  -19.491  -1.367  -14.473 0.7777777910
96963  -21.944  -1.116  -16.912 0.8888888955
96953  -21.505  -1.357  -16.300 0.7777777910
99699  -18.021  0.399  -13.633 0.5555555820
98281  -18.427  -0.510  -13.868 0.5555555820
99710  -19.206  0.011  -14.851 0.6666666865
99720  -19.592  0.564  -15.407 0.6666666865
98299  -20.019  -0.437  -15.358 0.7777777910
96930  -18.837  -1.168  -14.014 0.7777777910
98280  -17.788  -0.588  -13.085 0.6666666865
99732  -20.576  0.605  -16.355 0.7777777910
98300  -20.564  -0.410  -15.769 0.7777777910
99756  -23.197  0.115  -18.952 0.7777777910
101089  -22.393  1.716  -18.877 0.6666666865
101100  -24.232  1.558  -20.311 0.6666666865
101099  -23.555  1.610  -20.008 0.6666666865
103716  -23.545  3.438  -19.923 0.6666666865
102393  -23.845  2.516  -20.132 0.6666666865
102395  -24.663  2.593  -20.111 0.5555555820
102382  -25.106  2.459  -19.780 0.5555555820
104966  -25.462  4.147  -19.524 0.4444444478
103703  -25.993  3.158  -18.701 0.4444444478
101056  -19.572  1.624  -15.872 0.6666666865
101057  -20.058  1.662  -16.385 0.7777777910
104965  -23.145  4.136  -19.791 0.6666666865
103665  -18.012  3.312  -14.397 0.5555555820
103707  -21.714  3.561  -18.448 0.6666666865
104963  -21.902  4.436  -18.761 0.6666666865
106157  -22.532  5.431  -19.685 0.6666666865
94239  -18.917  -3.374  -12.289 0.4444444478
92861  -19.112  -4.601  -11.335 0.4444444478
107348  -24.960  6.302  -19.583 0.3333333433
108545  -24.207  7.685  -20.368 0.3333333433
83345  -28.061  -12.114  -10.669 0.6666666865
79218  -21.506  -14.427  -5.664 0.4444444478
79219  -22.152  -14.807  -5.830 0.5555555820
86055  -28.578  -9.631  -13.531 0.7777777910
79217  -20.897  -14.014  -5.421 0.3333333433
81940  -20.942  -12.568  -6.839 0.4444444478
87443  -29.544  -7.900  -15.367 0.6666666865
88709  -20.214  -7.171  -10.246 0.1111111119
90058  -19.387  -5.951  -10.317 0.1111111119
94219  -18.344  -3.374  -11.170 0.3333333433
95565  -18.274  -2.525  -11.782 0.3333333433
99698  -17.347  0.381  -12.898 0.3333333433
107352  -22.972  6.321  -20.462 0.6666666865
108544  -23.487  7.481  -20.697 0.4444444478
77969  -27.918  -15.672  -8.006 0.4444444478
76525  -29.574  -16.708  -7.419 0.2222222239
79236  -24.104  -14.937  -6.729 0.4444444478
77953  -25.145  -15.087  -7.190 0.4444444478
79245  -24.552  -14.576  -7.505 0.4444444478
79257  -25.565  -14.422  -8.180 0.4444444478
79258  -26.447  -14.722  -8.192 0.4444444478
79271  -28.131  -14.337  -8.889 0.4444444478
79261  -29.562  -15.880  -8.948 0.2222222239
80639  -25.467  -13.923  -8.698 0.4444444478
80640  -26.335  -14.175  -8.649 0.4444444478
80655  -27.347  -13.956  -9.011 0.4444444478
78000  -31.128  -15.883  -9.925 0.1111111119
77987  -31.476  -15.793  -9.585 0.1111111119
81977  -27.746  -13.366  -9.589 0.4444444478
80657  -29.329  -14.437  -9.461 0.3333333433
80654  -26.256  -13.574  -9.205 0.4444444478
80656  -28.547  -13.796  -9.484 0.3333333433
80668  -29.802  -13.959  -10.014 0.3333333433
79286  -31.116  -15.240  -10.264 0.2222222239
80667  -29.008  -13.191  -9.949 0.3333333433
81976  -27.044  -13.192  -9.726 0.4444444478
82008  -30.708  -12.900  -11.117 0.2222222239
82009  -31.839  -12.997  -11.815 0.1111111119
83380  -33.157  -12.377  -12.162 0.1111111119
83361  -30.259  -11.900  -11.436 0.3333333433
83360  -29.054  -11.594  -11.221 0.4444444478
83376  -29.843  -11.199  -11.733 0.5555555820
84672  -30.067  -10.661  -12.316 0.6666666865
84695  -31.331  -10.169  -13.296 0.4444444478
84693  -29.287  -10.154  -12.890 0.6666666865
86058  -31.562  -9.213  -13.812 0.3333333433
86056  -29.573  -9.534  -13.582 0.6666666865
86075  -30.705  -8.800  -14.352 0.5555555820
86073  -28.895  -8.949  -14.105 0.6666666865
87427  -30.070  -8.395  -14.882 0.5555555820
87428  -30.796  -8.007  -14.772 0.5555555820
86076  -31.307  -8.450  -14.275 0.4444444478
88760  -31.111  -7.329  -14.634 0.3333333433
91503  -30.592  -5.588  -14.884 0.4444444478
91513  -30.141  -5.621  -15.373 0.5555555820
88759  -30.535  -7.121  -15.172 0.4444444478
92917  -29.832  -4.692  -15.289 0.4444444478
104956  -20.912  4.386  -17.692 0.5555555820
106142  -20.684  5.275  -17.375 0.5555555820
107337  -21.801  6.216  -18.530 0.5555555820
107346  -22.279  6.275  -19.216 0.5555555820
108529  -22.287  7.192  -19.472 0.5555555820
77955  -26.571  -15.976  -7.186 0.4444444478
76540  -29.046  -16.474  -8.136 0.2222222239
80630  -23.964  -14.099  -7.858 0.4444444478
79285  -30.495  -14.705  -10.141 0.2222222239
80682  -31.390  -13.644  -11.355 0.2222222239
80683  -32.005  -14.316  -11.454 0.1111111119
83377  -30.711  -11.424  -11.998 0.4444444478
83378  -31.655  -11.904  -12.347 0.3333333433
84694  -30.315  -10.139  -13.073 0.6666666865
90099  -31.051  -6.433  -14.649 0.3333333433
92918  -30.237  -5.145  -15.034 0.4444444478
96945  -29.248  -1.854  -15.296 0.4444444478
107325  -20.931  6.179  -17.401 0.5555555820
108463  -20.873  7.075  -17.026 0.5555555820
84696  -32.406  -10.113  -13.396 0.2222222239
108530  -22.640  7.196  -20.133 0.5555555820
76489  -24.745  -16.647  -5.602 0.4444444478
76506  -25.703  -16.524  -6.288 0.4444444478
76507  -26.705  -16.974  -6.615 0.4444444478
76524  -28.646  -16.802  -7.586 0.2222222239
77940  -23.608  -15.167  -6.271 0.4444444478
77928  -24.213  -15.959  -5.722 0.4444444478
76556  -30.217  -16.494  -8.779 0.1111111119
77973  -31.315  -16.065  -9.067 0.1111111119
80643  -31.933  -14.518  -9.358 0.1111111119
79300  -32.851  -14.971  -11.037 0.1111111119
80672  -33.180  -13.943  -10.804 0.1111111119
84697  -33.192  -9.772  -13.285 0.2222222239
87409  -32.002  -8.245  -13.908 0.1111111119
88745  -31.715  -7.125  -14.081 0.2222222239
90088  -31.585  -6.130  -14.012 0.2222222239
91504  -31.155  -5.405  -14.338 0.3333333433
94264  -29.828  -3.727  -14.807 0.4444444478
95598  -29.621  -2.670  -14.833 0.3333333433
96933  -29.879  -1.993  -14.675 0.3333333433
96944  -28.838  -1.766  -15.906 0.4444444478
98303  -29.274  -0.986  -15.279 0.3333333433
104959  -25.896  4.308  -18.728 0.3333333433
106088  -17.877  4.961  -14.457 0.4444444478
108543  -22.945  7.238  -20.622 0.5555555820
107303  -19.914  5.762  -16.267 0.5555555820
107304  -20.424  6.135  -16.722 0.5555555820
107326  -21.314  6.192  -17.955 0.5555555820
108511  -21.957  7.106  -18.717 0.5555555820
109718  -22.042  8.128  -19.848 0.5555555820
107281  -20.067  6.363  -16.017 0.5555555820
77939  -23.077  -14.909  -6.332 0.4444444478
79235  -23.552  -14.711  -6.821 0.4444444478
81990  -26.824  -12.620  -10.356 0.5555555820
81991  -28.023  -12.588  -10.163 0.5555555820
88775  -29.900  -7.342  -15.577 0.5555555820
98302  -28.750  -0.949  -15.848 0.4444444478
104958  -25.525  4.747  -19.275 0.3333333433
79256  -24.997  -14.173  -8.231 0.4444444478
81992  -29.449  -12.702  -10.538 0.3333333433
79247  -26.520  -15.275  -7.716 0.4444444478
77970  -28.445  -16.012  -8.054 0.4444444478
77957  -28.090  -16.392  -7.682 0.3333333433
79259  -27.682  -15.081  -8.291 0.4444444478
77956  -27.582  -15.962  -7.684 0.4444444478
76541  -29.692  -16.629  -8.279 0.1111111119
77941  -24.666  -15.525  -6.462 0.4444444478
77942  -25.674  -15.963  -6.656 0.4444444478
77954  -25.699  -15.447  -7.156 0.4444444478
79246  -25.646  -14.921  -7.674 0.4444444478
80641  -26.955  -14.469  -8.536 0.4444444478
79260  -29.037  -15.507  -8.648 0.4444444478
79272  -28.837  -14.709  -8.979 0.4444444478
77971  -29.319  -16.165  -8.507 0.2222222239
77986  -30.716  -16.242  -9.258 0.1111111119
79273  -29.968  -15.329  -9.487 0.2222222239
79275  -32.175  -15.309  -9.928 0.1111111119
79262  -31.288  -15.632  -8.734 0.1111111119
81993  -30.262  -13.437  -10.602 0.3333333433
80669  -30.907  -14.198  -10.819 0.2222222239
80670  -31.566  -14.825  -10.903 0.2222222239
83362  -31.095  -12.210  -11.718 0.2222222239
82020  -32.187  -12.471  -12.306 0.1111111119
82010  -32.654  -13.559  -11.911 0.1111111119
83379  -32.556  -11.964  -12.495 0.1111111119
82011  -33.217  -13.262  -11.621 0.1111111119
82007  -29.899  -12.252  -11.052 0.3333333433
84673  -31.043  -10.898  -12.671 0.4444444478
84674  -32.091  -11.066  -12.930 0.3333333433
86059  -32.569  -9.118  -13.558 0.1111111119
86074  -29.834  -8.908  -14.216 0.5555555820
86057  -30.554  -9.455  -13.711 0.5555555820
87444  -30.217  -7.815  -15.259 0.5555555820
87429  -31.413  -7.858  -14.384 0.3333333433
92908  -30.000  -4.365  -14.877 0.4444444478
106143  -21.120  5.596  -17.770 0.5555555820
77943  -26.170  -16.338  -6.679 0.4444444478
76522  -27.123  -16.404  -7.223 0.4444444478
80684  -32.959  -14.339  -11.487 0.1111111119
108451  -20.416  7.080  -16.161 0.5555555820
76490  -25.765  -17.129  -5.891 0.4444444478
76505  -25.194  -16.148  -6.249 0.4444444478
76508  -27.803  -17.379  -6.872 0.4444444478
76523  -27.656  -16.687  -7.315 0.4444444478
77927  -23.664  -15.662  -5.748 0.4444444478
76487  -23.160  -15.934  -5.329 0.4444444478
77972  -30.775  -16.237  -8.493 0.1111111119
76542  -30.240  -16.738  -8.022 0.1111111119
80658  -32.422  -14.910  -9.867 0.1111111119
68643  -26.652  -22.261  -0.625 0.1111111119
71051  -23.482  -20.219  -2.235 0.3333333433
69816  -25.532  -21.853  -2.100 0.2222222239
68658  -26.169  -22.307  -1.238 0.2222222239
69801  -26.869  -21.694  -1.073 0.1111111119
73748  -22.298  -18.244  -2.714 0.3333333433
72318  -22.890  -19.243  -2.434 0.3333333433
72305  -23.071  -19.765  -2.169 0.3333333433
71069  -24.594  -20.365  -3.048 0.3333333433
71070  -25.244  -20.631  -3.227 0.3333333433
69833  -25.290  -21.249  -2.694 0.2222222239
71071  -26.129  -20.911  -3.328 0.2222222239
69834  -26.173  -21.465  -2.671 0.2222222239
69818  -26.965  -21.270  -1.552 0.1111111119
71054  -26.443  -21.148  -2.959 0.2222222239
76445  -21.311  -16.968  -3.226 0.2222222239
75126  -21.801  -17.540  -2.999 0.2222222239
73749  -23.033  -18.616  -3.104 0.3333333433
72319  -23.533  -19.627  -2.765 0.3333333433
72320  -24.165  -19.979  -3.056 0.3333333433
71072  -26.705  -20.540  -3.465 0.1111111119
77899  -21.092  -16.019  -4.194 0.2222222239
75140  -22.095  -17.175  -3.686 0.3333333433
76471  -21.956  -16.157  -4.621 0.3333333433
76458  -22.278  -16.962  -4.023 0.3333333433
76472  -22.725  -16.456  -4.654 0.3333333433
75154  -23.290  -17.123  -4.391 0.3333333433
75141  -22.821  -17.577  -3.783 0.3333333433
75155  -23.859  -17.670  -4.391 0.3333333433
73778  -24.973  -18.514  -4.560 0.3333333433
73777  -24.431  -18.134  -4.427 0.3333333433
73779  -26.015  -18.952  -4.862 0.3333333433
75157  -25.386  -18.305  -5.018 0.3333333433
72346  -26.702  -19.684  -4.452 0.1111111119
72347  -27.206  -19.635  -4.532 0.2222222239
77909  -20.936  -15.094  -4.607 0.2222222239
77910  -21.521  -15.521  -4.808 0.2222222239
76488  -23.696  -16.248  -5.317 0.3333333433
76473  -23.772  -16.865  -4.847 0.3333333433
75156  -24.827  -17.730  -5.011 0.3333333433
75169  -25.281  -17.353  -5.500 0.3333333433
73796  -26.398  -18.363  -5.418 0.3333333433
73780  -27.035  -19.281  -5.026 0.1111111119
79205  -20.593  -14.458  -4.760 0.3333333433
79206  -21.134  -14.858  -4.924 0.3333333433
76491  -26.297  -17.470  -5.950 0.3333333433
75187  -27.283  -17.651  -6.436 0.3333333433
92909  -30.422  -4.626  -14.636 0.2222222239
95599  -30.215  -2.752  -14.382 0.2222222239
94265  -30.614  -3.626  -14.169 0.2222222239
99722  -27.745  0.652  -15.936 0.3333333433
99723  -28.397  0.125  -15.523 0.2222222239
71052  -24.163  -20.555  -2.538 0.3333333433
69832  -24.689  -21.036  -2.473 0.3333333433
69817  -26.357  -21.873  -1.662 0.2222222239
71055  -26.872  -20.801  -2.646 0.1111111119
76457  -21.594  -16.600  -3.945 0.3333333433
73764  -24.085  -18.647  -3.776 0.3333333433
73765  -25.190  -19.242  -4.152 0.3333333433
72332  -25.655  -20.017  -3.842 0.3333333433
72345  -26.127  -19.694  -4.299 0.3333333433
77926  -22.637  -15.383  -5.602 0.3333333433
75171  -26.825  -17.946  -5.910 0.3333333433
67343  -26.163  -22.766  -0.452 0.1111111119
67325  -26.460  -23.037  0.380 0.1111111119
71036  -22.512  -20.264  -1.162 0.3333333433
71037  -23.074  -20.310  -1.685 0.3333333433
69814  -23.448  -21.053  -1.382 0.3333333433
69815  -24.523  -21.503  -1.812 0.3333333433
68656  -25.182  -22.107  -1.719 0.3333333433
68657  -25.707  -22.310  -1.560 0.3333333433
67326  -27.189  -22.617  0.548 0.1111111119
68644  -27.245  -22.036  -0.124 0.1111111119
73734  -22.470  -18.770  -2.393 0.3333333433
69802  -27.609  -21.413  -0.477 0.1111111119
71039  -27.701  -20.547  -1.322 0.1111111119
76456  -20.949  -16.211  -3.820 0.2222222239
72334  -27.243  -19.956  -3.756 0.1111111119
73781  -27.656  -19.216  -4.602 0.1111111119
75172  -27.294  -18.395  -5.780 0.1111111119
75188  -27.772  -18.146  -6.212 0.1111111119
80593  -20.274  -13.832  -4.849 0.1111111119
101049  -27.777  1.667  -15.505 0.2222222239
101050  -28.176  0.964  -15.296 0.2222222239
80614  -20.789  -12.902  -6.314 0.2222222239
84618  -21.585  -10.633  -9.454 0.5555555820
77925  -21.937  -15.040  -5.469 0.4444444478
98291  -29.887  -0.922  -14.743 0.2222222239
68623  -27.033  -22.391  0.142 0.1111111119
68642  -25.923  -22.644  -1.005 0.1111111119
71038  -23.726  -20.734  -1.931 0.3333333433
75127  -22.450  -18.015  -3.162 0.3333333433
75113  -21.574  -17.769  -2.385 0.2222222239
73733  -21.789  -18.320  -2.010 0.2222222239
72304  -22.435  -19.424  -1.771 0.3333333433
71053  -24.787  -20.789  -2.816 0.3333333433
72330  -23.994  -19.445  -3.292 0.3333333433
72331  -24.695  -19.772  -3.495 0.3333333433
69852  -25.799  -21.274  -3.035 0.2222222239
72333  -26.448  -20.205  -3.923 0.1111111119
77911  -22.174  -15.902  -4.941 0.3333333433
75142  -23.520  -18.018  -3.882 0.3333333433
73763  -23.347  -18.216  -3.633 0.3333333433
76474  -24.296  -17.216  -4.947 0.3333333433
75170  -25.848  -17.902  -5.444 0.3333333433
66115  -26.010  -23.756  0.531 0.1111111119
69813  -22.936  -20.717  -1.209 0.3333333433
69799  -23.743  -21.776  -1.017 0.3333333433
69800  -24.324  -22.139  -1.171 0.3333333433
68641  -24.989  -22.612  -1.263 0.3333333433
73732  -21.140  -18.106  -1.423 0.2222222239
95600  -31.017  -2.716  -13.857 0.1111111119
96924  -31.935  -1.707  -13.492 0.1111111119
96935  -31.276  -1.565  -13.795 0.1111111119
98292  -30.730  -0.884  -14.121 0.1111111119
99715  -31.142  -0.201  -13.974 0.1111111119
99724  -29.150  -0.258  -15.166 0.1111111119
99701  -30.798  0.683  -13.927 0.1111111119
99713  -29.618  0.322  -14.532 0.1111111119
101041  -30.067  0.793  -14.043 0.1111111119
102352  -26.704  2.764  -17.344 0.2222222239
99712  -28.800  0.718  -14.854 0.1111111119
101040  -29.364  1.552  -14.085 0.1111111119
104951  -26.272  4.516  -17.691 0.1111111119
106152  -25.931  5.376  -18.257 0.1111111119
103689  -26.652  3.739  -16.948 0.1111111119
106144  -26.182  5.502  -17.408 0.1111111119
106134  -19.587  5.078  -16.201 0.4444444478
106151  -25.529  5.397  -19.050 0.1111111119
108443  -18.786  6.560  -14.329 0.4444444478
107280  -19.467  6.001  -15.521 0.4444444478
108512  -25.345  7.672  -18.524 0.1111111119
108488  -21.497  7.021  -18.046 0.4444444478
109739  -23.328  8.178  -20.947 0.3333333433
108555  -23.721  8.017  -20.841 0.2222222239
109740  -24.414  8.567  -20.309 0.1111111119
108532  -24.902  7.556  -19.510 0.1111111119
109720  -24.738  8.592  -19.750 0.1111111119
109674  -21.437  7.675  -17.742 0.4444444478
109673  -21.265  7.909  -17.237 0.4444444478
110842  -21.544  8.822  -18.213 0.4444444478
109684  -21.616  7.822  -18.235 0.4444444478
110854  -21.431  8.852  -19.199 0.4444444478
109699  -21.721  7.970  -18.988 0.4444444478
109737  -22.162  8.537  -20.465 0.4444444478
110881  -21.971  9.225  -21.031 0.4444444478
110882  -22.681  8.827  -21.074 0.2222222239
110896  -22.896  9.230  -21.290 0.2222222239
109751  -23.052  8.599  -21.093 0.2222222239
110897  -23.726  9.344  -20.888 0.2222222239
114324  -20.419  11.621  -25.508 0.1111111119
114317  -21.846  11.333  -24.739 0.1111111119
113146  -23.652  10.709  -20.936 0.1111111119
108436  -19.025  7.657  -13.974 0.4444444478
109665  -19.377  8.282  -14.356 0.4444444478
109667  -20.035  8.000  -15.431 0.4444444478
109668  -20.775  8.068  -16.487 0.4444444478
111973  -21.313  9.569  -18.594 0.4444444478
111990  -21.103  9.594  -19.340 0.4444444478
110867  -21.509  9.164  -20.084 0.4444444478
113145  -20.253  11.124  -20.364 0.3333333433
112005  -21.354  9.603  -21.324 0.3333333433
112019  -21.623  9.801  -21.901 0.1111111119
110895  -22.260  9.494  -21.554 0.1111111119
112034  -22.313  10.153  -22.714 0.1111111119
112021  -23.261  10.136  -21.282 0.2222222239
112035  -23.028  10.406  -22.082 0.1111111119
113173  -22.944  11.184  -22.641 0.1111111119
110833  -21.486  9.037  -17.100 0.3333333433
111961  -21.424  10.171  -17.820 0.3333333433
111989  -20.736  10.099  -19.957 0.3333333433
112004  -20.721  10.022  -21.158 0.4444444478
113157  -20.058  11.133  -21.486 0.2222222239
112033  -21.325  10.101  -23.037 0.2222222239
113171  -19.892  11.253  -22.708 0.1111111119
112032  -20.435  10.397  -23.434 0.1111111119
113185  -21.934  10.577  -24.171 0.1111111119
112041  -20.324  10.448  -24.396 0.1111111119
112042  -21.129  10.002  -24.139 0.1111111119
110830  -20.481  9.240  -16.037 0.3333333433
111946  -20.253  10.554  -15.428 0.3333333433
111955  -21.015  10.307  -16.565 0.3333333433
111972  -21.011  10.377  -18.888 0.3333333433
113128  -20.598  11.264  -19.336 0.2222222239
114289  -19.799  12.248  -21.787 0.1111111119
114314  -19.458  12.192  -23.753 0.1111111119
113191  -19.929  11.072  -24.934 0.1111111119
115466  -19.597  13.638  -26.174 0.1111111119
113089  -19.217  11.474  -13.837 0.1111111119
114230  -20.002  12.117  -15.109 0.1111111119
113100  -20.769  11.356  -16.118 0.2222222239
114242  -21.360  12.029  -17.215 0.2222222239
113107  -21.215  11.337  -17.180 0.3333333433
114251  -21.298  12.416  -18.401 0.2222222239
114250  -20.744  12.281  -18.970 0.3333333433
115385  -20.406  12.954  -19.355 0.2222222239
115392  -20.068  13.073  -20.059 0.1111111119
116544  -20.240  14.132  -20.848 0.1111111119
115404  -19.815  13.322  -21.003 0.1111111119
115420  -19.692  13.239  -22.130 0.1111111119
114303  -19.602  12.337  -22.805 0.1111111119
115435  -19.300  13.118  -23.406 0.1111111119
116587  -19.118  14.072  -24.412 0.1111111119
113190  -19.680  11.658  -24.883 0.1111111119
115459  -20.175  12.867  -25.841 0.1111111119
116601  -20.691  13.212  -25.861 0.1111111119
114227  -19.584  12.306  -14.389 0.1111111119
115361  -20.915  12.825  -15.447 0.1111111119
114231  -20.651  12.232  -15.715 0.1111111119
115369  -21.586  12.742  -16.158 0.1111111119
115388  -22.575  13.610  -18.552 0.1111111119
115387  -21.886  13.586  -18.845 0.1111111119
115386  -21.043  13.201  -18.880 0.2222222239
116536  -21.372  14.106  -19.914 0.1111111119
115393  -20.787  13.615  -19.765 0.1111111119
117685  -21.316  15.354  -21.322 0.1111111119
117684  -20.563  14.882  -21.573 0.1111111119
117696  -20.424  15.266  -22.317 0.1111111119
116571  -19.543  14.067  -22.848 0.1111111119
115370  -22.329  13.191  -15.978 0.1111111119
115376  -23.123  13.525  -16.794 0.1111111119
116538  -22.847  14.535  -19.400 0.1111111119
116531  -22.532  14.001  -19.093 0.1111111119
117672  -22.804  15.239  -19.838 0.1111111119
117686  -21.909  15.906  -20.935 0.1111111119
116527  -23.882  14.222  -17.668 0.1111111119
116520  -23.856  14.136  -16.506 0.1111111119
117666  -23.844  15.241  -18.472 0.1111111119
95588  -31.697  -2.361  -13.608 0.1111111119
96934  -30.503  -1.799  -14.256 0.1111111119
98293  -31.246  -0.830  -13.848 0.1111111119
98282  -31.835  -0.698  -13.525 0.1111111119
101038  -27.870  1.964  -15.047 0.1111111119
101039  -28.269  1.684  -14.788 0.1111111119
102337  -27.672  2.611  -14.950 0.1111111119
107339  -25.939  6.014  -17.936 0.1111111119
107260  -18.990  6.211  -14.766 0.4444444478
109719  -22.530  7.878  -20.406 0.4444444478
109752  -23.543  8.583  -20.983 0.2222222239
109753  -24.068  8.570  -20.760 0.1111111119
110898  -24.247  9.102  -20.590 0.1111111119
109721  -25.138  8.546  -19.035 0.1111111119
110834  -21.513  8.265  -17.691 0.4444444478
113172  -22.328  10.674  -23.390 0.1111111119
114305  -23.031  12.267  -22.827 0.1111111119
111962  -21.483  9.514  -18.106 0.3333333433
113192  -20.621  10.788  -25.173 0.1111111119
114243  -21.732  12.404  -17.731 0.2222222239
115405  -20.343  13.725  -20.397 0.1111111119
115380  -22.934  13.512  -17.830 0.1111111119
117676  -22.110  15.327  -20.501 0.1111111119
117697  -21.140  15.844  -22.121 0.1111111119
118808  -23.315  15.995  -19.650 0.1111111119
98283  -32.626  -0.598  -13.000 0.1111111119
96925  -32.482  -1.507  -13.144 0.1111111119
102346  -27.357  2.410  -16.075 0.2222222239
107338  -25.560  6.514  -18.580 0.1111111119
107259  -18.309  5.912  -14.385 0.4444444478
108450  -19.923  6.888  -15.516 0.4444444478
110866  -21.166  9.559  -20.675 0.4444444478
115354  -20.738  13.176  -14.634 0.1111111119
115355  -21.436  13.331  -14.265 0.1111111119
115371  -23.101  13.691  -15.736 0.1111111119
116532  -23.251  14.215  -18.718 0.1111111119
117673  -23.349  15.208  -19.238 0.1111111119
92910  -31.258  -4.358  -13.896 0.1111111119
94255  -31.867  -3.415  -13.489 0.1111111119
95589  -32.315  -2.417  -13.313 0.1111111119
99704  -32.942  0.112  -12.772 0.1111111119
96926  -33.142  -1.265  -12.671 0.1111111119
101028  -32.047  1.319  -13.418 0.1111111119
102322  -30.771  2.285  -13.521 0.1111111119
101025  -29.813  1.763  -13.726 0.1111111119
103672  -27.503  3.902  -14.819 0.1111111119
102338  -28.583  2.506  -14.234 0.1111111119
102339  -29.222  2.545  -13.795 0.1111111119
106116  -26.750  5.244  -15.626 0.1111111119
107305  -26.402  6.896  -16.404 0.1111111119
107279  -18.813  5.641  -15.117 0.4444444478
107328  -25.953  6.650  -17.423 0.1111111119
107327  -25.615  7.137  -18.070 0.1111111119
111991  -24.840  10.271  -19.703 0.1111111119
110869  -25.345  9.456  -18.657 0.1111111119
108435  -18.502  7.010  -13.488 0.4444444478
108444  -19.330  7.060  -14.633 0.4444444478
113148  -24.920  11.967  -20.164 0.1111111119
113159  -24.077  11.995  -21.261 0.1111111119
109662  -18.818  8.257  -13.447 0.2222222239
110829  -19.836  9.328  -14.877 0.2222222239
115437  -22.718  13.006  -23.373 0.1111111119
111935  -18.959  10.447  -13.257 0.1111111119
115461  -21.342  13.003  -24.925 0.1111111119
116611  -21.090  13.779  -26.176 0.1111111119
113083  -19.066  11.477  -11.685 0.1111111119
115347  -20.665  13.349  -13.765 0.1111111119
115467  -19.957  13.564  -26.722 0.1111111119
115348  -21.235  13.454  -13.127 0.1111111119
115356  -22.267  13.397  -13.860 0.1111111119
118856  -20.771  16.987  -23.306 0.1111111119
117720  -19.603  15.947  -23.944 0.1111111119
117725  -19.285  15.433  -25.811 0.1111111119
118807  -22.873  16.252  -20.204 0.1111111119
119982  -21.774  17.494  -21.496 0.1111111119
118793  -23.690  16.218  -18.999 0.1111111119
103690  -26.970  2.937  -16.635 0.1111111119
108531  -24.562  8.099  -20.021 0.1111111119
99714  -30.389  -0.023  -14.253 0.1111111119
99702  -31.595  0.484  -13.678 0.1111111119
101026  -30.262  1.520  -13.710 0.1111111119
103681  -26.734  4.193  -16.394 0.1111111119
104946  -26.526  4.731  -16.799 0.1111111119
104938  -26.725  4.693  -15.992 0.1111111119
110884  -24.549  9.402  -20.098 0.1111111119
110868  -24.997  9.428  -19.411 0.1111111119
112020  -22.561  9.852  -21.829 0.1111111119
112006  -23.862  10.224  -20.679 0.1111111119
115460  -21.061  12.412  -25.400 0.1111111119
114304  -22.407  11.629  -23.684 0.1111111119
115453  -21.897  12.549  -24.500 0.1111111119
113147  -24.293  11.247  -20.519 0.1111111119
113158  -23.506  11.146  -21.509 0.2222222239
112018  -20.582  10.313  -22.307 0.2222222239
113182  -19.635  11.600  -24.467 0.1111111119
111945  -19.456  10.459  -14.373 0.1111111119
113114  -21.220  11.488  -18.340 0.3333333433
114259  -20.226  12.165  -19.741 0.2222222239
114275  -19.930  12.184  -20.701 0.1111111119
115436  -19.476  13.093  -22.852 0.1111111119
115451  -19.167  13.018  -24.216 0.1111111119
115458  -19.490  13.107  -25.199 0.1111111119
116600  -19.279  14.306  -25.476 0.1111111119
113086  -19.291  11.410  -12.710 0.1111111119
113092  -19.740  11.446  -14.794 0.1111111119
114224  -19.542  12.343  -13.305 0.1111111119
113093  -20.272  11.572  -15.428 0.1111111119
114235  -21.077  11.988  -16.551 0.1111111119
116557  -20.602  14.598  -21.153 0.1111111119
116556  -19.984  14.288  -21.623 0.1111111119
116570  -19.201  13.723  -23.694 0.1111111119
117708  -19.160  14.788  -23.975 0.1111111119
115368  -21.049  12.583  -15.886 0.1111111119
114228  -20.193  12.753  -14.957 0.1111111119
115375  -22.302  12.920  -17.027 0.1111111119
114225  -19.957  13.078  -13.998 0.1111111119
114236  -21.555  12.369  -16.818 0.1111111119
114244  -22.071  12.713  -17.499 0.1111111119
116537  -22.057  14.381  -19.653 0.1111111119
115378  -21.640  12.928  -18.406 0.1111111119
115394  -21.368  13.842  -19.351 0.1111111119
117675  -21.530  14.856  -20.662 0.1111111119
116545  -20.992  14.327  -20.547 0.1111111119
118834  -21.510  16.517  -21.905 0.1111111119
118844  -20.410  15.820  -23.080 0.1111111119
117709  -19.697  15.269  -23.471 0.1111111119
115363  -22.321  13.330  -14.947 0.1111111119
118821  -22.318  16.473  -20.719 0.1111111119
118835  -21.893  16.516  -21.245 0.1111111119
94256  -32.736  -3.171  -13.059 0.1111111119
99703  -32.330  0.307  -13.251 0.1111111119
103682  -27.048  3.632  -15.842 0.1111111119
112007  -24.388  10.267  -20.238 0.1111111119
114290  -23.643  12.250  -22.028 0.1111111119
115438  -23.473  13.268  -22.476 0.1111111119
118845  -20.993  16.472  -22.784 0.1111111119
119949  -23.380  17.172  -19.585 0.1111111119
106136  -26.436  5.739  -16.313 0.1111111119
113129  -24.676  10.803  -19.970 0.1111111119
115421  -23.973  13.174  -21.872 0.1111111119
116589  -22.427  13.606  -23.935 0.1111111119
111926  -18.873  10.476  -12.110 0.1111111119
116603  -21.726  13.731  -24.647 0.1111111119
118855  -20.279  16.468  -23.618 0.1111111119
117719  -19.211  15.372  -24.569 0.1111111119
119964  -22.178  17.479  -20.923 0.1111111119
121185  -21.979  18.131  -21.140 0.1111111119
119981  -21.337  17.605  -22.215 0.1111111119
68639  -23.368  -22.065  -0.545 0.2222222239
85993  -20.364  -8.941  -9.373 0.2222222239
87354  -20.074  -8.205  -9.350 0.2222222239
84617  -21.205  -10.259  -9.278 0.3333333433
85994  -20.961  -9.600  -9.554 0.4444444478
87355  -20.500  -8.792  -9.658 0.3333333433
107258  -17.673  5.530  -13.991 0.3333333433
107232  -16.786  5.947  -12.764 0.2222222239
161098  -17.848  7.254  -12.421 0.1111111119
99681  -16.693  0.597  -12.191 0.2222222239
98268  -17.291  -0.623  -11.925 0.1111111119
84605  -21.013  -10.566  -8.816 0.2222222239
99680  -16.369  0.483  -11.439 0.1111111119
104871  -15.544  3.667  -11.225 0.1111111119
106045  -15.373  4.481  -10.410 0.1111111119
107225  -17.100  6.672  -11.637 0.1111111119
109652  -17.992  7.662  -11.622 0.1111111119
109661  -18.304  7.982  -12.577 0.1111111119
106070  -16.917  4.993  -13.217 0.2222222239
106046  -15.725  5.071  -10.848 0.1111111119
84590  -20.421  -10.530  -7.859 0.2222222239
91465  -19.224  -5.274  -10.811 0.2222222239
107231  -16.470  5.499  -12.288 0.1111111119
91451  -19.011  -5.471  -10.137 0.1111111119
107243  -17.629  6.161  -13.540 0.3333333433
161096  -17.484  6.718  -12.820 0.3333333433
85986  -20.423  -9.873  -8.471 0.2222222239
107224  -16.378  5.734  -11.599 0.1111111119
106036  -15.403  5.080  -9.726 0.1111111119
107213  -16.109  6.025  -10.042 0.1111111119
107214  -17.736  6.532  -10.417 0.1111111119
106037  -15.655  5.480  -10.169 0.1111111119
84675  -33.480  -10.907  -12.550 0.1111111119
68640  -24.003  -22.667  -0.646 0.1111111119
67341  -24.850  -23.343  -0.569 0.1111111119
69783  -22.341  -21.590  0.137 0.1111111119
69798  -22.773  -21.241  -0.642 0.1111111119
71021  -22.054  -20.170  -0.559 0.1111111119
72289  -22.030  -19.651  -1.090 0.1111111119
73720  -21.378  -18.683  -1.224 0.1111111119
72303  -21.798  -19.079  -1.338 0.1111111119
81938  -20.026  -12.043  -5.640 0.1111111119
95541  -18.013  -2.728  -11.147 0.2222222239
95564  -17.815  -2.224  -11.301 0.2222222239
96870  -17.461  -1.897  -10.541 0.2222222239
87365  -20.175  -7.699  -9.863 0.1111111119
68620  -22.279  -22.002  0.476 0.1111111119
68622  -23.711  -23.154  -0.192 0.1111111119
69782  -21.759  -21.379  0.662 0.1111111119
69797  -21.999  -20.758  0.064 0.1111111119
72288  -21.469  -19.337  -0.711 0.1111111119
75125  -21.236  -17.133  -2.868 0.1111111119
76444  -20.808  -16.485  -3.020 0.1111111119
81932  -20.206  -12.593  -5.475 0.1111111119
83294  -20.004  -11.363  -6.162 0.1111111119
85973  -20.209  -9.980  -7.924 0.1111111119
87341  -19.699  -8.338  -8.317 0.1111111119
94218  -18.023  -2.958  -10.841 0.2222222239
96869  -17.058  -1.265  -10.330 0.2222222239
96882  -17.108  -1.050  -10.858 0.1111111119
67342  -25.673  -23.079  -0.535 0.1111111119
67322  -23.800  -23.761  0.253 0.1111111119
96883  -17.396  -1.558  -11.076 0.2222222239
83308  -20.557  -11.260  -7.565 0.1111111119
81939  -20.374  -12.278  -6.255 0.1111111119
77890  -20.477  -15.819  -3.239 0.1111111119
77898  -20.619  -15.529  -3.985 0.1111111119
75112  -21.160  -17.481  -2.211 0.1111111119
85985  -20.156  -9.092  -8.834 0.1111111119
83295  -20.266  -11.378  -6.918 0.1111111119
85972  -19.922  -9.450  -7.754 0.1111111119
68621  -22.974  -22.560  0.082 0.1111111119
67321  -23.140  -23.307  0.644 0.1111111119
95527  -17.603  -2.253  -10.164 0.1111111119
71020  -21.483  -19.939  -0.041 0.1111111119
73719  -20.873  -18.511  -0.686 0.1111111119
81931  -20.009  -12.428  -5.000 0.1111111119
83251  -19.977  -11.857  -4.758 0.1111111119
96862  -16.834  -0.882  -9.606 0.1111111119
98236  -16.238  -0.123  -9.951 0.1111111119
100996  -16.111  1.399  -11.763 0.1111111119
94207  -18.385  -3.722  -10.623 0.1111111119
100976  -16.040  0.938  -11.239 0.1111111119
102294  -15.740  2.180  -11.386 0.1111111119
103620  -15.763  3.108  -11.661 0.1111111119
67340  -24.190  -23.451  -0.306 0.1111111119
69835  -26.571  -21.356  -2.146 0.1111111119
69851  -25.614  -21.064  -3.115 0.2222222239
73750  -23.647  -19.089  -3.232 0.3333333433
73766  -25.746  -19.494  -4.309 0.3333333433
73797  -26.873  -18.639  -5.444 0.3333333433
76526  -30.092  -16.642  -7.656 0.1111111119
76557  -30.354  -16.515  -8.580 0.1111111119
77985  -29.902  -16.276  -8.978 0.2222222239
78001  -31.668  -15.499  -10.056 0.2222222239
79248  -27.090  -15.560  -7.727 0.4444444478
79263  -31.600  -15.450  -9.314 0.1111111119
79274  -30.797  -15.715  -9.711 0.1111111119
79276  -32.554  -14.996  -10.114 0.1111111119
79287  -32.140  -15.114  -10.720 0.2222222239
79288  -32.664  -14.984  -10.467 0.1111111119
79299  -32.546  -14.772  -11.231 0.1111111119
80642  -31.515  -14.973  -8.868 0.1111111119
80659  -32.734  -14.514  -10.077 0.1111111119
80685  -33.213  -13.907  -11.115 0.1111111119
82021  -32.600  -12.795  -12.202 0.1111111119
82022  -32.993  -13.095  -12.128 0.1111111119
83332  -22.182  -11.511  -9.445 0.8888888955
83346  -28.467  -12.101  -10.715 0.6666666865
83373  -26.242  -11.347  -12.044 1.0000000000
84630  -22.004  -10.410  -10.020 0.8888888955
84646  -23.185  -10.327  -10.817 1.0000000000
84649  -24.986  -10.801  -11.750 1.0000000000
84651  -28.500  -11.121  -11.646 0.7777777910
84666  -24.604  -10.329  -11.924 1.0000000000
86037  -25.178  -9.925  -12.731 1.0000000000
86050  -24.149  -9.133  -12.507 1.0000000000
87367  -21.531  -8.876  -10.535 0.5555555820
87387  -22.185  -8.072  -11.995 0.7777777910
88724  -20.990  -6.848  -11.716 0.6666666865
88787  -25.789  -6.721  -16.308 1.0000000000
88789  -27.082  -6.989  -16.525 1.0000000000
88791  -28.457  -7.076  -16.305 0.7777777910
90096  -22.958  -6.365  -14.439 0.8888888955
90098  -30.481  -6.261  -15.198 0.4444444478
90118  -25.248  -6.257  -16.402 1.0000000000
90135  -27.043  -5.858  -17.377 0.8888888955
91502  -22.968  -5.746  -14.904 0.7777777910
91520  -24.507  -5.353  -16.446 1.0000000000
92914  -22.089  -4.116  -14.882 0.8888888955
92924  -23.113  -4.136  -16.182 1.0000000000
92926  -24.427  -4.628  -16.886 1.0000000000
92943  -26.226  -4.496  -18.054 0.8888888955
94266  -31.172  -3.530  -13.810 0.1111111119
94285  -29.160  -3.823  -16.159 0.5555555820
94298  -23.826  -3.530  -17.599 1.0000000000
94299  -24.576  -3.662  -18.076 1.0000000000
94316  -25.833  -3.125  -19.004 0.8888888955
95540  -17.740  -2.439  -10.760 0.2222222239
95596  -19.523  -2.338  -14.038 0.6666666865
95607  -21.651  -2.364  -15.786 1.0000000000
95608  -22.175  -2.911  -15.871 1.0000000000
95633  -28.041  -2.364  -17.399 0.6666666865
95667  -25.310  -1.513  -19.627 0.8888888955
95669  -26.275  -1.773  -19.397 0.7777777910
96941  -19.901  -1.012  -14.961 0.7777777910
96952  -20.925  -1.043  -15.858 0.7777777910
96985  -26.800  -1.243  -18.997 0.7777777910
97004  -24.771  -1.126  -19.742 0.8888888955
97006  -26.230  -1.091  -19.316 0.7777777910
98249  -17.162  -0.916  -11.187 0.1111111119
98267  -16.765  -0.002  -11.642 0.1111111119
98284  -33.060  -0.542  -12.695 0.1111111119
98290  -19.541  -0.462  -14.914 0.7777777910
98310  -21.060  -0.430  -16.288 0.7777777910
98320  -22.078  -0.501  -17.371 0.8888888955
98323  -28.087  -0.927  -17.238 0.5555555820
98331  -23.091  -0.491  -18.622 0.8888888955
98366  -24.168  0.412  -20.297 0.6666666865
98367  -24.433  0.343  -20.159 0.6666666865
99754  -21.914  1.033  -18.069 0.6666666865
99758  -26.739  0.062  -18.416 0.6666666865
99766  -24.688  0.857  -20.057 0.6666666865
99779  -23.853  0.779  -20.278 0.6666666865
100995  -15.853  1.661  -11.397 0.1111111119
100997  -16.497  1.313  -12.361 0.1111111119
101018  -16.409  1.813  -12.402 0.3333333433
101034  -18.066  1.482  -14.102 0.4444444478
101048  -19.161  1.602  -15.324 0.6666666865
101063  -20.640  1.699  -16.862 0.7777777910
101076  -21.601  1.635  -17.919 0.6666666865
101090  -22.952  1.697  -19.512 0.6666666865
102316  -17.057  2.685  -13.416 0.4444444478
102345  -19.191  2.384  -15.697 0.5555555820
102353  -27.065  2.164  -16.951 0.5555555820
102359  -21.262  2.143  -17.676 0.6666666865
102378  -22.109  2.686  -18.641 0.6666666865
102381  -24.632  2.006  -20.054 0.6666666865
103640  -16.599  3.400  -12.978 0.4444444478
103664  -17.462  3.423  -13.857 0.4444444478
103687  -19.244  3.228  -15.935 0.6666666865
103695  -20.359  3.481  -16.941 0.6666666865
103702  -21.204  3.632  -17.941 0.6666666865
104854  -15.354  3.791  -10.624 0.1111111119
104855  -15.506  4.245  -10.989 0.1111111119
104884  -16.318  4.121  -12.537 0.2222222239
104937  -18.735  3.959  -15.502 0.6666666865
106057  -16.213  4.960  -12.087 0.3333333433
106058  -16.573  5.248  -12.643 0.1111111119
106087  -17.460  4.919  -13.833 0.4444444478
106115  -19.003  4.995  -15.658 0.5555555820
106135  -20.091  5.172  -16.792 0.5555555820
106149  -21.127  4.997  -17.859 0.5555555820
107212  -15.647  5.537  -9.159 0.1111111119
107242  -17.259  5.541  -13.512 0.3333333433
108464  -21.235  7.303  -17.533 0.4444444478
108487  -21.158  6.765  -17.595 0.4444444478
108489  -25.659  7.728  -17.749 0.1111111119
108556  -23.915  8.202  -20.817 0.1111111119
109738  -22.763  8.237  -20.842 0.3333333433
110841  -21.541  9.408  -17.800 0.4444444478
110880  -21.247  9.542  -21.075 0.4444444478
110883  -24.176  9.657  -20.529 0.1111111119
112043  -21.878  10.107  -23.559 0.1111111119
112048  -20.366  10.581  -24.871 0.1111111119
112049  -20.725  10.393  -24.746 0.1111111119
113108  -21.430  11.865  -17.720 0.3333333433
113115  -21.465  12.048  -18.079 0.2222222239
113183  -19.818  11.145  -23.884 0.1111111119
113184  -21.311  10.547  -24.887 0.1111111119
114221  -20.762  13.454  -12.430 0.1111111119
114232  -21.173  12.396  -16.212 0.1111111119
114237  -21.916  12.592  -17.173 0.1111111119
114302  -19.439  12.682  -23.196 0.1111111119
114315  -19.673  11.703  -23.295 0.1111111119
114316  -21.185  11.322  -25.304 0.1111111119
114322  -19.506  12.212  -24.672 0.1111111119
114323  -19.792  12.001  -25.266 0.1111111119
115362  -21.531  13.109  -15.236 0.1111111119
115374  -21.853  12.634  -16.784 0.1111111119
115379  -22.198  13.046  -18.024 0.1111111119
115452  -21.562  11.849  -25.102 0.1111111119
116546  -21.632  14.554  -20.267 0.1111111119
116588  -19.281  14.380  -23.659 0.1111111119
116602  -21.132  13.413  -25.404 0.1111111119
116618  -20.331  14.094  -27.137 0.1111111119
118866  -19.673  16.564  -24.385 0.1111111119
121184  -21.566  18.711  -21.518 0.1111111119
