#!ascii label  , from subject 3464 vox2ras=TkReg
411
80671  -33.053  -14.464  -10.805 0.0000000000
86056  -29.573  -9.534  -13.582 0.0000000000
104972  -23.447  4.444  -20.256 0.0000000000
99743  -26.674  0.812  -18.273 0.0000000000
95599  -30.215  -2.752  -14.382 0.0000000000
88729  -35.250  -7.735  -12.257 0.0000000000
106156  -22.092  5.357  -19.007 0.0000000000
98313  -28.323  -0.968  -16.734 0.0000000000
92927  -28.628  -4.687  -16.808 0.0000000000
83378  -31.655  -11.904  -12.347 0.0000000000
86059  -32.569  -9.118  -13.558 0.0000000000
84652  -34.005  -11.128  -11.714 0.0000000000
76508  -27.803  -17.379  -6.872 0.0000000000
80668  -29.802  -13.959  -10.014 0.0000000000
114250  -20.744  12.281  -18.970 0.0000000000
111989  -20.736  10.099  -19.957 0.0000000000
110881  -21.971  9.225  -21.031 0.0000000000
108555  -23.721  8.017  -20.841 0.0000000000
107348  -24.960  6.302  -19.583 0.0000000000
102382  -25.106  2.459  -19.780 0.0000000000
104951  -26.272  4.516  -17.691 0.0000000000
102337  -27.672  2.611  -14.950 0.0000000000
101041  -30.067  0.793  -14.043 0.0000000000
96925  -32.482  -1.507  -13.144 0.0000000000
88759  -30.535  -7.121  -15.172 0.0000000000
91494  -32.368  -5.241  -13.156 0.0000000000
92945  -27.912  -4.276  -17.355 0.0000000000
90136  -27.367  -5.840  -17.349 0.0000000000
82010  -32.654  -13.559  -11.911 0.0000000000
83380  -33.157  -12.377  -12.162 0.0000000000
83363  -33.694  -11.897  -11.371 0.0000000000
71055  -26.872  -20.801  -2.646 0.0000000000
72334  -27.243  -19.956  -3.756 0.0000000000
73781  -27.656  -19.216  -4.602 0.0000000000
81992  -29.449  -12.702  -10.538 0.0000000000
81977  -27.746  -13.366  -9.589 0.0000000000
110866  -21.166  9.559  -20.675 0.0000000000
104971  -22.906  4.773  -19.943 0.0000000000
107352  -22.972  6.321  -20.462 0.0000000000
106163  -23.493  5.426  -20.535 0.0000000000
107355  -24.389  6.680  -20.032 0.0000000000
106165  -24.571  5.799  -20.112 0.0000000000
101093  -25.722  1.414  -19.358 0.0000000000
103703  -25.993  3.158  -18.701 0.0000000000
102360  -26.460  2.235  -18.109 0.0000000000
103681  -26.734  4.193  -16.394 0.0000000000
101058  -27.377  1.409  -16.488 0.0000000000
96945  -29.248  -1.854  -15.296 0.0000000000
99724  -29.150  -0.258  -15.166 0.0000000000
98291  -29.887  -0.922  -14.743 0.0000000000
99715  -31.142  -0.201  -13.974 0.0000000000
96935  -31.276  -1.565  -13.795 0.0000000000
87425  -28.297  -8.466  -14.732 0.0000000000
87443  -29.544  -7.900  -15.367 0.0000000000
87427  -30.070  -8.395  -14.882 0.0000000000
87390  -33.994  -8.340  -12.986 0.0000000000
90090  -32.996  -6.995  -13.151 0.0000000000
90073  -33.196  -6.164  -12.793 0.0000000000
92884  -33.611  -4.258  -12.524 0.0000000000
90060  -34.768  -5.705  -11.960 0.0000000000
76509  -28.710  -17.468  -6.629 0.0000000000
77957  -28.090  -16.392  -7.682 0.0000000000
76525  -29.574  -16.708  -7.419 0.0000000000
76556  -30.217  -16.494  -8.779 0.0000000000
96986  -27.294  -1.343  -18.499 0.0000000000
98322  -27.661  -0.719  -17.682 0.0000000000
95632  -27.627  -2.254  -17.962 0.0000000000
94284  -28.602  -3.610  -16.566 0.0000000000
94275  -29.431  -3.855  -15.652 0.0000000000
84673  -31.043  -10.898  -12.671 0.0000000000
86058  -31.562  -9.213  -13.812 0.0000000000
84696  -32.406  -10.113  -13.396 0.0000000000
86038  -33.880  -9.536  -12.931 0.0000000000
86023  -35.027  -9.556  -12.021 0.0000000000
73813  -28.035  -18.497  -5.858 0.0000000000
84671  -28.966  -10.717  -11.983 0.0000000000
83376  -29.843  -11.199  -11.733 0.0000000000
82008  -30.708  -12.900  -11.117 0.0000000000
80670  -31.566  -14.825  -10.903 0.0000000000
116544  -20.240  14.132  -20.848 0.0000000000
113114  -21.220  11.488  -18.340 0.0000000000
113128  -20.598  11.264  -19.336 0.0000000000
112018  -20.582  10.313  -22.307 0.0000000000
112019  -21.623  9.801  -21.901 0.0000000000
112020  -22.561  9.852  -21.829 0.0000000000
108529  -22.287  7.192  -19.472 0.0000000000
109751  -23.052  8.599  -21.093 0.0000000000
110897  -23.726  9.344  -20.888 0.0000000000
110898  -24.247  9.102  -20.590 0.0000000000
109720  -24.738  8.592  -19.750 0.0000000000
108512  -25.345  7.672  -18.524 0.0000000000
103718  -24.597  3.363  -20.225 0.0000000000
104966  -25.462  4.147  -19.524 0.0000000000
106152  -25.931  5.376  -18.257 0.0000000000
107328  -25.953  6.650  -17.423 0.0000000000
106136  -26.436  5.739  -16.313 0.0000000000
103673  -28.211  3.501  -14.236 0.0000000000
99722  -27.745  0.652  -15.936 0.0000000000
101039  -28.269  1.684  -14.788 0.0000000000
90122  -28.537  -6.422  -16.600 0.0000000000
91512  -29.599  -5.527  -15.931 0.0000000000
92918  -30.237  -5.145  -15.034 0.0000000000
87429  -31.413  -7.858  -14.384 0.0000000000
90088  -31.585  -6.130  -14.012 0.0000000000
92910  -31.258  -4.358  -13.896 0.0000000000
94256  -32.736  -3.171  -13.059 0.0000000000
95573  -33.581  -2.041  -12.455 0.0000000000
80657  -29.329  -14.437  -9.461 0.0000000000
78000  -31.128  -15.883  -9.925 0.0000000000
80643  -31.933  -14.518  -9.358 0.0000000000
80684  -32.959  -14.339  -11.487 0.0000000000
82011  -33.217  -13.262  -11.621 0.0000000000
80672  -33.180  -13.943  -10.804 0.0000000000
81995  -33.301  -13.190  -10.672 0.0000000000
81978  -32.892  -13.635  -9.954 0.0000000000
71039  -27.701  -20.547  -1.322 0.0000000000
72321  -27.779  -19.601  -2.303 0.0000000000
104965  -23.145  4.136  -19.791 0.0000000000
106162  -22.951  5.437  -20.238 0.0000000000
106164  -24.088  5.537  -20.512 0.0000000000
104973  -24.085  4.445  -20.553 0.0000000000
99757  -26.330  0.464  -18.897 0.0000000000
99768  -25.854  0.391  -19.351 0.0000000000
101078  -26.345  1.436  -18.672 0.0000000000
101065  -26.601  1.442  -18.160 0.0000000000
102361  -26.801  2.117  -17.497 0.0000000000
101066  -26.925  1.321  -17.536 0.0000000000
95598  -29.621  -2.670  -14.833 0.0000000000
96933  -29.879  -1.993  -14.675 0.0000000000
96934  -30.503  -1.799  -14.256 0.0000000000
95600  -31.017  -2.716  -13.857 0.0000000000
86073  -28.895  -8.949  -14.105 0.0000000000
87426  -29.218  -8.409  -14.763 0.0000000000
86074  -29.834  -8.908  -14.216 0.0000000000
88728  -34.557  -7.467  -12.550 0.0000000000
88727  -33.734  -7.173  -12.864 0.0000000000
90074  -34.326  -6.256  -12.333 0.0000000000
90075  -35.037  -6.974  -12.164 0.0000000000
90061  -35.266  -6.184  -11.738 0.0000000000
88720  -35.629  -7.224  -11.772 0.0000000000
76524  -28.646  -16.802  -7.586 0.0000000000
95653  -27.330  -2.078  -18.627 0.0000000000
96966  -27.722  -1.485  -17.915 0.0000000000
94318  -27.157  -2.678  -18.544 0.0000000000
94301  -27.889  -3.056  -17.282 0.0000000000
94274  -29.078  -3.365  -15.975 0.0000000000
92928  -29.259  -4.525  -16.215 0.0000000000
84695  -31.331  -10.169  -13.296 0.0000000000
84674  -32.091  -11.066  -12.930 0.0000000000
84675  -33.480  -10.907  -12.550 0.0000000000
84676  -34.358  -9.951  -12.367 0.0000000000
84654  -35.372  -9.721  -11.422 0.0000000000
84653  -34.641  -10.515  -11.541 0.0000000000
71054  -26.443  -21.148  -2.959 0.0000000000
69834  -26.173  -21.465  -2.671 0.0000000000
73798  -27.631  -18.739  -5.490 0.0000000000
75189  -28.401  -18.143  -5.889 0.0000000000
81993  -30.262  -13.437  -10.602 0.0000000000
80682  -31.390  -13.644  -11.355 0.0000000000
80669  -30.907  -14.198  -10.819 0.0000000000
115385  -20.406  12.954  -19.355 0.0000000000
115405  -20.343  13.725  -20.397 0.0000000000
115392  -20.068  13.073  -20.059 0.0000000000
115404  -19.815  13.322  -21.003 0.0000000000
111972  -21.011  10.377  -18.888 0.0000000000
113145  -20.253  11.124  -20.364 0.0000000000
113157  -20.058  11.133  -21.486 0.0000000000
113171  -19.892  11.253  -22.708 0.0000000000
112004  -20.721  10.022  -21.158 0.0000000000
112005  -21.354  9.603  -21.324 0.0000000000
110895  -22.260  9.494  -21.554 0.0000000000
107346  -22.279  6.275  -19.216 0.0000000000
108544  -23.487  7.481  -20.697 0.0000000000
108543  -22.945  7.238  -20.622 0.0000000000
109739  -23.328  8.178  -20.947 0.0000000000
109752  -23.543  8.583  -20.983 0.0000000000
109753  -24.068  8.570  -20.760 0.0000000000
108546  -24.558  7.056  -19.857 0.0000000000
108531  -24.562  8.099  -20.021 0.0000000000
108532  -24.902  7.556  -19.510 0.0000000000
109721  -25.138  8.546  -19.035 0.0000000000
101092  -24.991  1.455  -19.816 0.0000000000
101091  -24.635  1.455  -20.094 0.0000000000
102395  -24.663  2.593  -20.111 0.0000000000
103710  -25.140  3.514  -19.882 0.0000000000
104959  -25.896  4.308  -18.728 0.0000000000
107339  -25.939  6.014  -17.936 0.0000000000
106144  -26.182  5.502  -17.408 0.0000000000
107305  -26.402  6.896  -16.404 0.0000000000
104946  -26.526  4.731  -16.799 0.0000000000
103682  -27.048  3.632  -15.842 0.0000000000
104938  -26.725  4.693  -15.992 0.0000000000
103672  -27.503  3.902  -14.819 0.0000000000
104917  -27.444  4.408  -14.718 0.0000000000
98312  -27.929  -0.515  -16.992 0.0000000000
99734  -27.484  0.274  -16.952 0.0000000000
98301  -28.027  -0.269  -16.292 0.0000000000
99713  -29.618  0.322  -14.532 0.0000000000
99712  -28.800  0.718  -14.854 0.0000000000
101040  -29.364  1.552  -14.085 0.0000000000
102339  -29.222  2.545  -13.795 0.0000000000
101025  -29.813  1.763  -13.726 0.0000000000
98282  -31.835  -0.698  -13.525 0.0000000000
98283  -32.626  -0.598  -13.000 0.0000000000
88790  -27.892  -7.013  -16.463 0.0000000000
88775  -29.900  -7.342  -15.577 0.0000000000
90108  -29.912  -6.494  -15.706 0.0000000000
91513  -30.141  -5.621  -15.373 0.0000000000
91503  -30.592  -5.588  -14.884 0.0000000000
86076  -31.307  -8.450  -14.275 0.0000000000
87409  -32.002  -8.245  -13.908 0.0000000000
90089  -32.310  -6.297  -13.372 0.0000000000
91493  -31.749  -5.335  -13.666 0.0000000000
92897  -31.968  -4.524  -13.393 0.0000000000
94255  -31.867  -3.415  -13.489 0.0000000000
92898  -32.720  -4.266  -12.945 0.0000000000
92885  -34.315  -3.862  -12.054 0.0000000000
94257  -33.180  -3.028  -12.807 0.0000000000
94243  -33.710  -3.043  -12.466 0.0000000000
77972  -30.775  -16.237  -8.493 0.0000000000
77986  -30.716  -16.242  -9.258 0.0000000000
77973  -31.315  -16.065  -9.067 0.0000000000
77987  -31.476  -15.793  -9.585 0.0000000000
79262  -31.288  -15.632  -8.734 0.0000000000
94300  -27.412  -3.337  -17.934 0.0000000000
91535  -27.449  -5.354  -17.517 0.0000000000
91522  -28.240  -5.450  -17.095 0.0000000000
82020  -32.187  -12.471  -12.306 0.0000000000
83379  -32.556  -11.964  -12.495 0.0000000000
83364  -34.193  -11.157  -11.306 0.0000000000
83347  -33.698  -11.917  -10.161 0.0000000000
73780  -27.035  -19.281  -5.026 0.0000000000
73767  -27.770  -18.963  -3.521 0.0000000000
83360  -29.054  -11.594  -11.221 0.0000000000
83345  -28.061  -12.114  -10.669 0.0000000000
80667  -29.008  -13.191  -9.949 0.0000000000
111990  -21.103  9.594  -19.340 0.0000000000
110867  -21.509  9.164  -20.084 0.0000000000
109737  -22.162  8.537  -20.465 0.0000000000
107347  -22.629  6.312  -19.909 0.0000000000
107353  -23.481  6.425  -20.575 0.0000000000
108545  -24.207  7.685  -20.368 0.0000000000
107354  -23.995  6.594  -20.380 0.0000000000
102383  -25.574  2.293  -19.346 0.0000000000
103711  -25.573  3.068  -19.343 0.0000000000
102369  -25.969  2.262  -18.949 0.0000000000
103696  -26.334  3.447  -17.929 0.0000000000
103689  -26.652  3.739  -16.948 0.0000000000
102352  -26.704  2.764  -17.344 0.0000000000
103690  -26.970  2.937  -16.635 0.0000000000
102346  -27.357  2.410  -16.075 0.0000000000
96944  -28.838  -1.766  -15.906 0.0000000000
98302  -28.750  -0.949  -15.848 0.0000000000
98303  -29.274  -0.986  -15.279 0.0000000000
99714  -30.389  -0.023  -14.253 0.0000000000
99701  -30.798  0.683  -13.927 0.0000000000
98292  -30.730  -0.884  -14.121 0.0000000000
98293  -31.246  -0.830  -13.848 0.0000000000
96924  -31.935  -1.707  -13.492 0.0000000000
87442  -28.697  -7.928  -15.371 0.0000000000
87444  -30.217  -7.815  -15.259 0.0000000000
87411  -33.383  -8.361  -13.305 0.0000000000
87410  -32.865  -8.335  -13.525 0.0000000000
88747  -33.272  -7.784  -13.276 0.0000000000
91480  -32.935  -5.250  -12.785 0.0000000000
92883  -33.208  -4.764  -12.662 0.0000000000
91481  -33.602  -5.292  -12.500 0.0000000000
91482  -34.389  -5.026  -12.094 0.0000000000
92868  -34.962  -4.459  -11.562 0.0000000000
91467  -35.067  -5.319  -11.701 0.0000000000
76523  -27.656  -16.687  -7.315 0.0000000000
76540  -29.046  -16.474  -8.136 0.0000000000
77971  -29.319  -16.165  -8.507 0.0000000000
76541  -29.692  -16.629  -8.279 0.0000000000
76542  -30.240  -16.738  -8.022 0.0000000000
98333  -26.672  -0.566  -18.817 0.0000000000
98334  -27.104  -0.481  -18.280 0.0000000000
99744  -27.075  0.195  -17.855 0.0000000000
96967  -28.146  -1.610  -17.350 0.0000000000
95619  -28.338  -2.487  -16.854 0.0000000000
96955  -28.562  -1.718  -16.469 0.0000000000
95609  -28.805  -2.550  -16.036 0.0000000000
95610  -29.264  -3.018  -15.381 0.0000000000
94264  -29.828  -3.727  -14.807 0.0000000000
84694  -30.315  -10.139  -13.073 0.0000000000
86057  -30.554  -9.455  -13.711 0.0000000000
84697  -33.192  -9.772  -13.285 0.0000000000
86039  -34.612  -9.101  -12.578 0.0000000000
87392  -35.317  -8.259  -12.255 0.0000000000
87378  -35.740  -8.205  -11.852 0.0000000000
86024  -35.578  -9.033  -11.666 0.0000000000
83348  -34.554  -11.150  -10.601 0.0000000000
69817  -26.357  -21.873  -1.662 0.0000000000
75187  -27.283  -17.651  -6.436 0.0000000000
75172  -27.294  -18.395  -5.780 0.0000000000
75188  -27.772  -18.146  -6.212 0.0000000000
76492  -28.791  -17.306  -5.493 0.0000000000
84693  -29.287  -10.154  -12.890 0.0000000000
84672  -30.067  -10.661  -12.316 0.0000000000
83377  -30.711  -11.424  -11.998 0.0000000000
82007  -29.899  -12.252  -11.052 0.0000000000
83361  -30.259  -11.900  -11.436 0.0000000000
83362  -31.095  -12.210  -11.718 0.0000000000
82009  -31.839  -12.997  -11.815 0.0000000000
80683  -32.005  -14.316  -11.454 0.0000000000
79300  -32.851  -14.971  -11.037 0.0000000000
115393  -20.787  13.615  -19.765 0.0000000000
113107  -21.215  11.337  -17.180 0.0000000000
114259  -20.226  12.165  -19.741 0.0000000000
114275  -19.930  12.184  -20.701 0.0000000000
114289  -19.799  12.248  -21.787 0.0000000000
112033  -21.325  10.101  -23.037 0.0000000000
112034  -22.313  10.153  -22.714 0.0000000000
112035  -23.028  10.406  -22.082 0.0000000000
109718  -22.042  8.128  -19.848 0.0000000000
108530  -22.640  7.196  -20.133 0.0000000000
109719  -22.530  7.878  -20.406 0.0000000000
110882  -22.681  8.827  -21.074 0.0000000000
110896  -22.896  9.230  -21.290 0.0000000000
112021  -23.261  10.136  -21.282 0.0000000000
113146  -23.652  10.709  -20.936 0.0000000000
112007  -24.388  10.267  -20.238 0.0000000000
109740  -24.414  8.567  -20.309 0.0000000000
110884  -24.549  9.402  -20.098 0.0000000000
102393  -23.845  2.516  -20.132 0.0000000000
103717  -23.962  3.442  -20.373 0.0000000000
104974  -24.788  4.563  -20.188 0.0000000000
106158  -25.171  5.156  -19.679 0.0000000000
104967  -25.765  3.669  -19.110 0.0000000000
104958  -25.525  4.747  -19.275 0.0000000000
106151  -25.529  5.397  -19.050 0.0000000000
107338  -25.560  6.514  -18.580 0.0000000000
107327  -25.615  7.137  -18.070 0.0000000000
106116  -26.750  5.244  -15.626 0.0000000000
106118  -27.732  5.795  -14.479 0.0000000000
106095  -28.589  5.429  -14.021 0.0000000000
101049  -27.777  1.667  -15.505 0.0000000000
99723  -28.397  0.125  -15.523 0.0000000000
101050  -28.176  0.964  -15.296 0.0000000000
101038  -27.870  1.964  -15.047 0.0000000000
102338  -28.583  2.506  -14.234 0.0000000000
90121  -27.568  -6.221  -17.060 0.0000000000
88774  -29.113  -7.187  -15.996 0.0000000000
90107  -29.295  -6.259  -16.254 0.0000000000
91523  -29.004  -5.502  -16.589 0.0000000000
92917  -29.832  -4.692  -15.289 0.0000000000
92908  -30.000  -4.365  -14.877 0.0000000000
86075  -30.705  -8.800  -14.352 0.0000000000
87428  -30.796  -8.007  -14.772 0.0000000000
88760  -31.111  -7.329  -14.634 0.0000000000
88746  -32.530  -7.475  -13.563 0.0000000000
88745  -31.715  -7.125  -14.081 0.0000000000
90099  -31.051  -6.433  -14.649 0.0000000000
91504  -31.155  -5.405  -14.338 0.0000000000
92909  -30.422  -4.626  -14.636 0.0000000000
94265  -30.614  -3.626  -14.169 0.0000000000
95588  -31.697  -2.361  -13.608 0.0000000000
95589  -32.315  -2.417  -13.313 0.0000000000
92899  -33.200  -3.550  -12.773 0.0000000000
95590  -33.024  -2.354  -12.849 0.0000000000
80656  -28.547  -13.796  -9.484 0.0000000000
79261  -29.562  -15.880  -8.948 0.0000000000
79273  -29.968  -15.329  -9.487 0.0000000000
79285  -30.495  -14.705  -10.141 0.0000000000
79286  -31.116  -15.240  -10.264 0.0000000000
79275  -32.175  -15.309  -9.928 0.0000000000
80658  -32.422  -14.910  -9.867 0.0000000000
73799  -28.060  -18.736  -5.086 0.0000000000
73814  -28.134  -18.536  -5.544 0.0000000000
76557  -30.354  -16.515  -8.580 0.0000000000
77956  -27.582  -15.962  -7.684 0.0000000000
77985  -29.902  -16.276  -8.978 0.0000000000
78001  -31.668  -15.499  -10.056 0.0000000000
79263  -31.600  -15.450  -9.314 0.0000000000
79274  -30.797  -15.715  -9.711 0.0000000000
79276  -32.554  -14.996  -10.114 0.0000000000
79287  -32.140  -15.114  -10.720 0.0000000000
79288  -32.664  -14.984  -10.467 0.0000000000
79299  -32.546  -14.772  -11.231 0.0000000000
80642  -31.515  -14.973  -8.868 0.0000000000
80659  -32.734  -14.514  -10.077 0.0000000000
80685  -33.213  -13.907  -11.115 0.0000000000
81994  -33.048  -13.995  -10.499 0.0000000000
82021  -32.600  -12.795  -12.202 0.0000000000
82022  -32.993  -13.095  -12.128 0.0000000000
83346  -28.467  -12.101  -10.715 0.0000000000
86040  -35.242  -8.763  -12.204 0.0000000000
86060  -33.341  -8.931  -13.322 0.0000000000
87391  -34.874  -8.288  -12.539 0.0000000000
88789  -27.082  -6.989  -16.525 0.0000000000
88791  -28.457  -7.076  -16.305 0.0000000000
90072  -32.679  -5.748  -12.989 0.0000000000
90098  -30.481  -6.261  -15.198 0.0000000000
90135  -27.043  -5.858  -17.377 0.0000000000
94266  -31.172  -3.530  -13.810 0.0000000000
94285  -29.160  -3.823  -16.159 0.0000000000
95633  -28.041  -2.364  -17.399 0.0000000000
96985  -26.800  -1.243  -18.997 0.0000000000
97006  -26.230  -1.091  -19.316 0.0000000000
98323  -28.087  -0.927  -17.238 0.0000000000
99758  -26.739  0.062  -18.416 0.0000000000
101100  -24.232  1.558  -20.311 0.0000000000
102353  -27.065  2.164  -16.951 0.0000000000
102381  -24.632  2.006  -20.054 0.0000000000
104918  -27.779  4.639  -14.327 0.0000000000
104964  -22.549  4.445  -19.414 0.0000000000
108489  -25.659  7.728  -17.749 0.0000000000
108556  -23.915  8.202  -20.817 0.0000000000
109738  -22.763  8.237  -20.842 0.0000000000
110880  -21.247  9.542  -21.075 0.0000000000
110883  -24.176  9.657  -20.529 0.0000000000
