#!ascii label  , from subject 3464 vox2ras=TkReg
1321
135789  49.737  37.802  27.955 0.0000000000
139256  52.356  42.555  26.023 0.0000000000
129454  54.026  29.973  27.657 0.0000000000
133394  44.232  35.285  25.742 0.0000000000
131777  46.223  33.749  22.098 0.0000000000
135037  53.037  37.001  21.967 0.0000000000
142313  46.826  46.040  23.569 0.0000000000
144657  50.073  49.507  20.525 0.0000000000
127299  48.302  28.032  28.923 0.0000000000
128042  43.322  28.677  25.408 0.0000000000
135791  55.418  38.692  26.819 0.0000000000
131728  53.735  33.247  26.287 0.0000000000
134922  54.088  37.624  32.673 0.0000000000
132499  50.554  34.457  33.399 0.0000000000
141618  48.943  45.636  16.703 0.0000000000
140080  53.451  42.466  20.477 0.0000000000
129554  49.078  31.007  18.888 0.0000000000
134191  47.046  36.741  26.753 0.0000000000
132587  45.113  34.335  24.348 0.0000000000
132566  48.109  35.113  25.554 0.0000000000
135823  51.628  38.748  25.502 0.0000000000
136700  48.497  39.237  25.880 0.0000000000
144608  50.658  49.237  25.032 0.0000000000
127281  48.637  28.221  32.300 0.0000000000
126456  45.543  25.785  31.525 0.0000000000
125520  48.353  25.652  34.303 0.0000000000
137778  51.455  39.976  13.283 0.0000000000
137606  54.624  40.722  27.035 0.0000000000
135780  55.321  38.500  29.254 0.0000000000
137592  53.387  40.861  30.016 0.0000000000
136642  46.901  39.388  32.746 0.0000000000
135713  50.218  37.795  34.493 0.0000000000
133299  47.641  35.420  34.572 0.0000000000
132521  48.253  34.268  31.093 0.0000000000
140855  50.379  44.216  21.534 0.0000000000
141585  52.020  45.934  19.749 0.0000000000
140054  52.691  42.902  22.707 0.0000000000
137630  54.701  40.668  24.033 0.0000000000
130230  55.089  31.365  26.405 0.0000000000
130981  52.200  32.447  21.962 0.0000000000
129501  51.107  30.108  22.045 0.0000000000
131795  43.350  33.795  21.335 0.0000000000
131837  44.023  33.510  18.486 0.0000000000
135930  53.349  39.021  19.412 0.0000000000
135934  50.767  38.628  19.791 0.0000000000
140048  49.534  43.265  24.233 0.0000000000
139222  50.947  42.475  29.175 0.0000000000
144632  43.758  49.175  22.494 0.0000000000
145427  46.631  50.257  19.746 0.0000000000
143059  49.377  47.702  21.719 0.0000000000
128721  51.231  30.071  27.128 0.0000000000
128761  48.681  29.439  24.395 0.0000000000
127314  45.956  27.671  28.032 0.0000000000
124593  43.020  24.883  28.494 0.0000000000
134954  53.058  38.067  27.910 0.0000000000
132548  51.894  34.937  27.763 0.0000000000
134168  54.217  36.655  29.395 0.0000000000
132526  55.232  34.572  30.524 0.0000000000
130888  55.664  32.428  31.296 0.0000000000
137528  51.948  39.357  32.815 0.0000000000
133294  52.622  35.841  34.506 0.0000000000
130900  53.478  31.746  30.874 0.0000000000
130921  50.412  32.503  29.310 0.0000000000
130217  47.876  31.279  29.311 0.0000000000
139326  48.165  42.548  15.281 0.0000000000
140116  52.055  43.181  14.960 0.0000000000
141614  52.332  45.503  17.040 0.0000000000
138525  53.445  41.761  17.958 0.0000000000
137681  54.693  39.430  21.465 0.0000000000
134999  54.487  37.848  24.592 0.0000000000
131749  50.366  33.742  24.170 0.0000000000
131804  48.781  33.092  19.658 0.0000000000
130316  45.705  32.123  16.984 0.0000000000
129505  46.779  30.256  21.868 0.0000000000
134180  48.386  36.704  27.053 0.0000000000
133390  47.513  35.497  26.057 0.0000000000
133368  49.267  35.666  26.646 0.0000000000
135794  51.035  38.920  27.183 0.0000000000
136698  50.234  39.239  25.609 0.0000000000
135796  49.205  38.325  27.515 0.0000000000
135798  47.678  37.853  26.988 0.0000000000
127960  49.482  28.694  33.883 0.0000000000
126437  48.154  26.601  33.514 0.0000000000
126414  49.982  27.284  35.084 0.0000000000
131036  40.663  31.941  18.044 0.0000000000
139254  53.611  41.665  26.686 0.0000000000
138442  53.842  40.952  28.413 0.0000000000
139245  52.767  41.933  27.658 0.0000000000
135738  46.027  38.141  32.992 0.0000000000
134897  47.594  37.160  34.080 0.0000000000
140046  51.388  43.106  24.004 0.0000000000
140067  51.692  43.461  22.440 0.0000000000
140034  52.548  42.650  24.520 0.0000000000
139266  53.728  42.008  24.892 0.0000000000
129460  54.703  30.354  26.386 0.0000000000
129485  53.753  30.954  23.975 0.0000000000
128757  53.153  30.097  24.660 0.0000000000
133395  43.309  35.270  25.694 0.0000000000
132589  42.962  34.279  24.374 0.0000000000
131764  45.965  33.911  23.058 0.0000000000
131766  43.873  33.868  22.908 0.0000000000
131794  44.344  33.734  21.236 0.0000000000
131809  43.506  33.738  20.393 0.0000000000
131807  45.618  33.654  20.141 0.0000000000
134242  53.625  37.109  20.825 0.0000000000
135063  52.516  37.908  20.031 0.0000000000
135055  51.887  37.697  20.721 0.0000000000
134193  45.083  36.696  26.583 0.0000000000
134195  43.327  36.537  26.159 0.0000000000
140838  47.043  44.182  22.995 0.0000000000
140039  48.243  43.151  25.402 0.0000000000
140051  46.419  43.811  24.724 0.0000000000
143031  49.220  47.243  23.986 0.0000000000
143802  50.039  48.527  23.219 0.0000000000
143042  48.234  47.049  22.770 0.0000000000
141571  47.751  45.337  21.535 0.0000000000
128005  49.073  29.207  27.816 0.0000000000
128011  48.892  28.694  26.760 0.0000000000
127305  47.701  27.645  28.336 0.0000000000
124561  45.723  23.971  31.591 0.0000000000
125565  43.984  25.025  30.237 0.0000000000
123603  45.092  23.608  29.563 0.0000000000
134953  54.225  37.809  27.682 0.0000000000
134946  53.846  37.345  28.647 0.0000000000
134945  54.860  37.637  28.761 0.0000000000
135765  55.055  38.300  31.035 0.0000000000
134164  55.056  36.573  30.640 0.0000000000
134159  54.977  36.448  31.584 0.0000000000
131688  55.621  33.536  30.889 0.0000000000
133323  54.686  35.285  32.780 0.0000000000
139192  50.113  41.836  30.846 0.0000000000
138416  51.570  41.634  30.800 0.0000000000
138386  50.011  40.755  31.958 0.0000000000
134118  50.235  36.356  34.771 0.0000000000
134893  51.595  36.978  34.653 0.0000000000
132478  51.894  34.728  34.000 0.0000000000
130865  53.487  33.391  33.114 0.0000000000
131681  52.175  33.174  31.800 0.0000000000
130902  51.870  32.544  30.289 0.0000000000
131683  50.485  34.079  31.777 0.0000000000
131694  47.145  33.395  30.317 0.0000000000
131707  47.777  32.863  29.739 0.0000000000
140897  49.102  44.012  15.950 0.0000000000
139324  50.217  42.744  15.210 0.0000000000
141628  50.284  44.812  15.707 0.0000000000
145425  48.449  50.493  19.649 0.0000000000
144698  48.249  49.374  18.353 0.0000000000
144696  50.128  49.318  18.114 0.0000000000
141583  52.476  44.342  19.814 0.0000000000
142356  52.447  46.152  18.348 0.0000000000
140868  52.699  44.004  18.763 0.0000000000
140090  52.813  43.294  17.521 0.0000000000
139302  53.479  42.078  19.156 0.0000000000
137696  54.084  40.312  19.842 0.0000000000
138487  54.188  41.124  21.320 0.0000000000
136696  55.598  39.321  25.183 0.0000000000
136714  55.369  39.233  24.172 0.0000000000
134968  55.159  38.069  25.179 0.0000000000
134970  53.844  37.957  25.907 0.0000000000
131725  52.761  34.192  27.347 0.0000000000
132563  51.073  34.496  26.243 0.0000000000
131738  52.715  33.349  25.270 0.0000000000
130283  51.291  31.757  19.533 0.0000000000
131789  49.972  33.034  20.608 0.0000000000
131010  49.216  32.498  18.717 0.0000000000
131834  47.044  33.234  18.045 0.0000000000
130305  47.404  31.874  17.369 0.0000000000
128745  46.243  29.153  24.872 0.0000000000
128778  48.388  29.808  23.360 0.0000000000
128781  44.972  29.843  23.587 0.0000000000
133372  45.612  35.964  26.448 0.0000000000
132569  44.668  34.740  25.187 0.0000000000
133392  46.143  35.376  26.067 0.0000000000
132585  47.377  34.512  24.786 0.0000000000
131751  47.814  34.128  24.004 0.0000000000
135875  52.447  37.759  23.654 0.0000000000
134971  46.513  37.526  26.668 0.0000000000
127295  48.130  28.067  30.034 0.0000000000
127297  46.852  26.818  30.395 0.0000000000
127293  47.688  27.122  31.794 0.0000000000
125530  46.787  25.491  32.890 0.0000000000
136679  55.382  39.419  27.341 0.0000000000
135784  55.333  38.627  28.012 0.0000000000
136674  55.144  39.559  28.610 0.0000000000
136670  54.517  39.829  29.963 0.0000000000
136651  54.272  39.241  31.466 0.0000000000
137551  48.326  40.191  32.203 0.0000000000
136639  49.590  39.502  32.837 0.0000000000
135735  48.785  38.405  33.856 0.0000000000
134896  48.719  37.048  34.514 0.0000000000
133309  49.209  35.158  34.402 0.0000000000
132511  49.367  34.521  32.347 0.0000000000
132482  47.862  34.509  33.792 0.0000000000
132503  46.797  34.113  32.534 0.0000000000
131684  45.196  33.550  31.242 0.0000000000
142370  47.557  46.511  17.738 0.0000000000
143067  50.659  47.588  20.255 0.0000000000
143078  51.364  47.545  19.760 0.0000000000
141577  51.107  45.526  20.336 0.0000000000
140852  52.312  43.780  20.966 0.0000000000
140064  53.355  42.695  21.766 0.0000000000
138476  54.191  41.261  22.339 0.0000000000
138467  54.207  41.363  23.399 0.0000000000
137619  54.787  40.752  25.052 0.0000000000
130940  54.760  32.731  26.625 0.0000000000
130954  53.528  32.884  24.948 0.0000000000
130971  53.394  31.838  22.955 0.0000000000
130274  52.468  31.363  21.158 0.0000000000
129536  50.812  30.710  20.236 0.0000000000
126482  42.152  26.440  25.789 0.0000000000
128767  42.612  29.064  24.225 0.0000000000
132628  40.754  34.286  21.790 0.0000000000
132604  43.280  34.028  23.350 0.0000000000
132617  42.422  34.113  22.409 0.0000000000
132635  41.027  34.183  21.076 0.0000000000
131826  41.803  33.466  19.769 0.0000000000
131839  42.019  33.129  18.731 0.0000000000
131035  41.995  32.581  17.370 0.0000000000
135947  52.898  39.299  18.212 0.0000000000
135949  51.531  39.156  18.623 0.0000000000
140036  51.232  43.053  24.865 0.0000000000
139247  51.310  42.534  27.121 0.0000000000
140026  50.121  42.983  25.978 0.0000000000
140000  49.797  42.754  27.974 0.0000000000
139237  48.357  42.738  29.323 0.0000000000
138420  47.556  41.665  30.781 0.0000000000
137571  46.221  40.673  31.610 0.0000000000
144643  44.857  50.031  21.303 0.0000000000
145398  47.016  50.778  21.293 0.0000000000
145410  49.219  50.414  20.704 0.0000000000
143838  50.163  48.860  21.070 0.0000000000
142342  49.087  46.143  20.659 0.0000000000
140077  49.499  43.984  21.921 0.0000000000
128720  52.273  29.997  27.054 0.0000000000
128759  51.140  29.831  24.856 0.0000000000
128744  49.792  29.382  25.704 0.0000000000
128014  46.540  28.290  26.282 0.0000000000
128016  44.599  28.274  26.598 0.0000000000
126464  45.394  26.663  29.897 0.0000000000
126470  43.713  26.314  29.104 0.0000000000
126476  42.428  26.534  26.973 0.0000000000
135787  51.098  38.340  28.100 0.0000000000
134174  50.533  36.557  28.160 0.0000000000
134171  51.971  36.425  28.868 0.0000000000
133345  52.710  35.452  28.727 0.0000000000
132536  53.821  34.599  28.997 0.0000000000
134167  54.822  36.640  29.836 0.0000000000
132527  54.870  34.724  29.767 0.0000000000
131717  54.583  33.823  28.630 0.0000000000
130918  55.857  32.433  29.233 0.0000000000
130220  55.818  31.465  28.840 0.0000000000
129433  55.285  30.780  29.179 0.0000000000
139221  51.914  41.961  29.488 0.0000000000
137567  52.810  40.313  31.591 0.0000000000
135750  53.383  38.313  32.892 0.0000000000
136618  51.182  38.961  33.395 0.0000000000
135710  52.310  37.699  34.104 0.0000000000
134135  53.485  36.695  33.788 0.0000000000
131649  54.162  33.892  33.400 0.0000000000
130187  54.634  31.547  31.240 0.0000000000
129445  53.771  30.291  28.563 0.0000000000
130222  52.545  31.159  29.216 0.0000000000
130224  51.050  31.248  28.513 0.0000000000
129449  49.474  30.403  28.385 0.0000000000
131692  49.080  33.839  30.448 0.0000000000
130937  49.196  31.941  28.928 0.0000000000
128713  48.480  29.610  29.413 0.0000000000
128708  48.184  28.992  30.938 0.0000000000
138556  50.358  41.349  14.304 0.0000000000
138555  51.431  41.514  14.291 0.0000000000
139331  52.925  41.899  15.575 0.0000000000
143894  51.635  48.272  18.289 0.0000000000
141616  51.099  45.794  15.965 0.0000000000
140881  52.042  45.013  15.965 0.0000000000
139320  52.986  42.209  16.248 0.0000000000
138537  53.554  41.289  16.875 0.0000000000
137708  53.675  40.372  18.731 0.0000000000
135916  54.067  38.760  20.229 0.0000000000
135035  54.356  37.299  21.811 0.0000000000
137645  54.862  39.741  22.677 0.0000000000
135874  54.873  38.525  22.816 0.0000000000
135028  53.704  37.343  22.892 0.0000000000
135850  53.317  37.874  24.643 0.0000000000
135793  52.045  38.715  27.008 0.0000000000
132553  50.637  35.054  26.700 0.0000000000
131741  49.311  34.389  24.880 0.0000000000
131762  48.196  33.834  23.072 0.0000000000
130974  51.183  32.959  22.397 0.0000000000
131774  49.663  33.226  21.897 0.0000000000
131791  47.544  33.410  20.977 0.0000000000
131822  45.855  33.582  19.130 0.0000000000
131848  44.323  33.246  17.629 0.0000000000
128776  50.699  29.908  23.872 0.0000000000
128803  49.467  30.132  21.609 0.0000000000
129522  48.147  30.351  20.717 0.0000000000
129508  43.731  30.252  22.106 0.0000000000
129556  46.870  30.705  18.753 0.0000000000
125518  50.544  25.596  35.297 0.0000000000
124551  49.555  23.983  33.413 0.0000000000
134958  49.469  37.420  27.796 0.0000000000
133359  48.982  36.184  26.975 0.0000000000
134179  49.282  36.703  27.472 0.0000000000
135788  50.208  38.039  28.128 0.0000000000
136682  49.686  38.816  27.271 0.0000000000
134963  48.722  37.437  27.434 0.0000000000
127258  49.962  28.080  34.606 0.0000000000
139255  52.985  42.105  26.563 0.0000000000
138447  53.314  41.691  27.256 0.0000000000
140035  51.952  42.878  24.682 0.0000000000
140045  52.048  42.877  23.840 0.0000000000
139263  52.381  42.693  25.227 0.0000000000
139262  53.027  42.424  25.355 0.0000000000
128718  54.189  29.925  26.714 0.0000000000
128739  54.149  30.372  25.190 0.0000000000
128740  53.664  30.098  25.300 0.0000000000
132571  42.644  34.655  25.218 0.0000000000
132570  43.655  34.689  25.157 0.0000000000
131778  45.165  33.777  22.154 0.0000000000
131793  45.390  33.701  21.156 0.0000000000
134238  53.409  36.882  21.207 0.0000000000
135054  52.624  37.469  20.528 0.0000000000
135046  52.060  37.428  21.463 0.0000000000
133373  44.683  35.929  26.277 0.0000000000
134194  44.166  36.658  26.372 0.0000000000
133374  43.809  35.891  26.103 0.0000000000
133375  43.086  35.860  25.994 0.0000000000
141565  46.543  45.269  23.103 0.0000000000
140061  46.876  43.702  24.056 0.0000000000
140839  46.460  44.344  23.681 0.0000000000
142303  47.618  46.556  24.125 0.0000000000
142302  48.363  46.964  23.704 0.0000000000
142324  47.034  45.900  22.782 0.0000000000
141564  47.047  45.253  22.294 0.0000000000
128003  48.686  28.630  28.356 0.0000000000
127304  48.457  27.950  27.996 0.0000000000
123593  45.305  23.721  30.445 0.0000000000
134952  54.940  38.178  27.349 0.0000000000
134936  54.699  37.258  31.943 0.0000000000
134160  54.760  36.647  32.107 0.0000000000
133331  55.012  35.385  31.953 0.0000000000
133324  54.465  36.089  32.919 0.0000000000
139193  49.575  41.721  30.894 0.0000000000
132464  50.600  35.328  34.411 0.0000000000
132463  51.391  35.363  34.409 0.0000000000
132479  50.981  34.810  34.041 0.0000000000
132497  52.303  34.245  33.492 0.0000000000
131671  51.526  33.934  32.752 0.0000000000
131682  51.245  33.787  32.008 0.0000000000
131695  46.341  33.165  30.335 0.0000000000
141619  48.354  45.045  16.897 0.0000000000
140095  48.205  43.762  16.313 0.0000000000
140883  48.692  44.588  16.545 0.0000000000
140896  50.001  44.153  15.671 0.0000000000
140882  49.499  44.828  16.038 0.0000000000
145424  49.375  50.297  19.785 0.0000000000
144676  49.622  50.148  19.148 0.0000000000
144675  50.330  49.723  19.262 0.0000000000
140081  53.108  42.987  20.156 0.0000000000
140866  52.692  43.816  19.570 0.0000000000
140084  52.897  43.202  19.205 0.0000000000
139287  53.478  42.361  20.121 0.0000000000
139294  53.663  41.882  19.791 0.0000000000
139286  53.727  41.918  20.654 0.0000000000
135800  55.561  38.621  25.737 0.0000000000
134960  55.105  38.168  26.218 0.0000000000
134961  54.464  37.956  26.606 0.0000000000
131724  53.534  33.867  27.612 0.0000000000
131729  52.444  33.999  26.555 0.0000000000
130285  49.772  31.453  18.793 0.0000000000
131009  49.946  32.407  19.003 0.0000000000
130293  49.063  31.759  18.419 0.0000000000
131028  48.216  32.295  17.909 0.0000000000
129568  48.221  31.257  18.251 0.0000000000
128747  44.313  28.969  25.178 0.0000000000
128764  45.609  29.563  24.271 0.0000000000
128765  44.592  29.430  24.426 0.0000000000
133371  46.523  36.019  26.529 0.0000000000
133391  46.894  35.528  26.201 0.0000000000
132567  46.873  34.983  25.572 0.0000000000
132584  48.448  34.519  24.805 0.0000000000
135851  52.598  37.945  24.328 0.0000000000
135876  51.712  37.921  23.379 0.0000000000
135852  51.407  38.516  24.512 0.0000000000
136699  49.389  39.319  25.753 0.0000000000
136717  49.628  39.262  24.855 0.0000000000
134965  47.367  37.496  26.870 0.0000000000
134192  46.045  36.738  26.684 0.0000000000
127292  48.363  27.918  31.340 0.0000000000
127283  47.788  26.946  32.407 0.0000000000
126438  47.366  26.026  33.187 0.0000000000
125529  47.548  25.489  33.608 0.0000000000
124540  47.042  24.542  33.077 0.0000000000
123559  47.827  23.981  33.274 0.0000000000
137779  50.398  40.110  13.225 0.0000000000
136904  50.861  39.404  12.876 0.0000000000
137605  55.188  40.113  26.672 0.0000000000
137600  55.005  40.126  27.665 0.0000000000
138438  53.799  40.832  28.868 0.0000000000
137595  54.269  40.431  29.041 0.0000000000
137591  53.907  40.426  30.039 0.0000000000
137581  54.128  39.955  30.730 0.0000000000
136641  47.845  39.515  32.740 0.0000000000
136621  48.308  38.967  33.308 0.0000000000
136622  47.529  38.949  33.193 0.0000000000
134120  48.146  36.227  34.569 0.0000000000
134119  49.211  36.254  34.725 0.0000000000
133298  48.692  35.352  34.573 0.0000000000
132481  48.814  34.850  34.122 0.0000000000
132466  48.117  34.896  34.401 0.0000000000
132483  46.767  34.088  33.624 0.0000000000
131672  46.118  33.829  33.007 0.0000000000
132504  46.124  33.979  32.230 0.0000000000
131673  45.255  33.665  32.492 0.0000000000
141578  50.235  45.625  20.533 0.0000000000
142340  50.734  46.663  20.251 0.0000000000
140863  50.739  44.805  20.779 0.0000000000
140066  52.260  43.320  22.201 0.0000000000
140853  51.882  43.981  21.081 0.0000000000
140843  52.279  43.555  21.512 0.0000000000
140851  52.644  43.562  20.969 0.0000000000
139277  53.157  42.741  22.453 0.0000000000
139276  53.677  42.122  22.681 0.0000000000
139272  53.169  42.500  23.273 0.0000000000
138453  54.305  41.448  25.469 0.0000000000
137610  54.753  40.756  26.052 0.0000000000
137609  55.287  40.092  25.643 0.0000000000
130939  55.195  32.221  26.877 0.0000000000
130953  54.178  32.231  24.913 0.0000000000
130952  54.404  31.710  24.994 0.0000000000
129500  52.318  30.281  22.365 0.0000000000
129499  53.047  30.808  22.139 0.0000000000
129518  52.500  30.914  21.347 0.0000000000
129535  51.779  31.111  20.403 0.0000000000
129519  51.520  30.486  21.207 0.0000000000
132619  40.479  34.267  22.624 0.0000000000
132618  41.416  34.295  22.543 0.0000000000
132588  44.021  34.323  24.378 0.0000000000
132603  44.363  34.063  23.677 0.0000000000
131779  44.137  33.789  22.170 0.0000000000
131780  43.163  33.881  22.202 0.0000000000
131796  42.627  33.947  21.454 0.0000000000
132626  42.182  34.126  21.587 0.0000000000
132633  42.222  34.053  21.164 0.0000000000
131811  41.402  33.802  20.496 0.0000000000
131810  42.404  33.854  20.637 0.0000000000
131824  43.756  33.653  19.419 0.0000000000
131825  42.727  33.606  19.574 0.0000000000
131838  43.028  33.442  18.657 0.0000000000
131850  42.562  33.102  18.124 0.0000000000
131849  43.235  33.209  17.815 0.0000000000
136814  53.372  39.727  18.350 0.0000000000
135946  53.188  39.430  18.561 0.0000000000
135933  51.673  38.465  19.674 0.0000000000
135951  50.233  39.047  19.382 0.0000000000
140037  50.330  43.092  25.034 0.0000000000
140038  49.313  43.121  25.215 0.0000000000
140014  48.909  42.926  27.350 0.0000000000
140001  48.761  42.798  28.655 0.0000000000
139226  47.132  42.457  29.675 0.0000000000
138403  46.858  41.168  31.194 0.0000000000
144661  43.884  49.662  20.778 0.0000000000
144644  43.874  49.583  21.621 0.0000000000
145390  46.556  50.525  21.749 0.0000000000
145397  47.742  50.995  21.526 0.0000000000
146171  48.288  51.010  21.075 0.0000000000
143803  49.798  48.043  22.872 0.0000000000
143821  49.754  48.216  22.298 0.0000000000
143820  49.992  48.813  22.020 0.0000000000
143839  49.870  48.275  21.408 0.0000000000
143068  49.830  47.502  20.704 0.0000000000
143060  48.863  47.031  21.289 0.0000000000
140071  48.146  43.665  22.789 0.0000000000
140847  48.451  44.194  21.807 0.0000000000
140058  49.778  43.455  23.262 0.0000000000
140047  50.541  43.252  24.121 0.0000000000
128729  51.438  29.934  26.447 0.0000000000
128024  49.891  29.618  26.478 0.0000000000
127320  47.130  27.963  26.887 0.0000000000
128013  47.439  28.195  26.224 0.0000000000
127321  46.230  28.023  27.124 0.0000000000
128015  45.566  28.354  26.466 0.0000000000
127322  45.242  27.972  27.310 0.0000000000
126459  46.263  26.619  30.599 0.0000000000
126463  46.053  26.744  29.971 0.0000000000
126460  45.255  26.060  30.943 0.0000000000
124582  43.531  24.906  29.511 0.0000000000
126466  44.016  25.873  29.795 0.0000000000
125582  43.258  25.551  29.050 0.0000000000
126474  42.961  26.475  28.114 0.0000000000
124594  42.695  25.344  28.048 0.0000000000
125596  42.481  25.448  26.650 0.0000000000
124608  43.138  24.594  27.562 0.0000000000
134955  52.042  37.878  28.478 0.0000000000
134948  52.031  37.114  28.911 0.0000000000
134947  52.881  37.354  28.849 0.0000000000
134169  53.426  36.612  29.191 0.0000000000
133339  53.763  35.662  29.436 0.0000000000
133344  53.301  35.285  28.976 0.0000000000
134941  55.238  37.559  29.978 0.0000000000
133337  54.824  35.614  30.340 0.0000000000
131702  54.960  34.189  29.280 0.0000000000
131701  55.463  33.641  29.602 0.0000000000
131716  55.449  32.949  28.408 0.0000000000
131680  55.321  33.562  31.965 0.0000000000
130899  55.945  32.625  30.259 0.0000000000
130184  55.874  31.851  30.486 0.0000000000
130212  55.611  31.107  29.548 0.0000000000
130186  55.333  31.584  31.071 0.0000000000
139236  51.283  42.467  27.973 0.0000000000
139235  52.079  42.152  28.452 0.0000000000
138384  51.672  40.415  32.039 0.0000000000
138397  52.417  40.786  31.310 0.0000000000
137568  52.162  40.491  31.754 0.0000000000
137546  53.021  39.618  32.148 0.0000000000
136637  52.647  39.044  32.789 0.0000000000
135734  49.734  38.483  33.985 0.0000000000
136619  50.250  39.091  33.289 0.0000000000
135733  50.691  38.457  33.997 0.0000000000
134116  52.181  36.517  34.612 0.0000000000
135711  51.946  37.717  34.251 0.0000000000
134892  52.415  37.282  34.258 0.0000000000
134891  52.862  37.178  34.023 0.0000000000
134115  53.021  36.582  34.218 0.0000000000
133292  53.779  35.320  33.794 0.0000000000
132460  53.617  35.064  33.849 0.0000000000
130879  53.333  33.025  32.569 0.0000000000
130864  53.915  33.247  33.145 0.0000000000
130890  53.812  32.127  31.553 0.0000000000
129418  54.278  30.834  30.115 0.0000000000
130213  53.632  31.106  30.164 0.0000000000
129436  52.937  30.960  29.274 0.0000000000
130214  52.918  31.361  29.823 0.0000000000
131703  51.530  32.714  30.167 0.0000000000
130934  51.334  31.651  28.943 0.0000000000
130935  50.746  31.831  28.864 0.0000000000
129448  50.545  30.641  28.130 0.0000000000
130225  50.128  31.216  28.493 0.0000000000
132520  49.248  34.306  31.404 0.0000000000
130923  48.468  32.068  29.127 0.0000000000
130216  48.450  31.233  29.005 0.0000000000
129450  48.981  30.541  28.737 0.0000000000
129438  48.401  30.360  29.199 0.0000000000
139327  47.193  42.672  15.059 0.0000000000
139337  47.642  42.153  14.545 0.0000000000
139335  49.751  41.985  14.788 0.0000000000
139323  51.093  42.969  14.960 0.0000000000
139334  50.802  42.205  14.735 0.0000000000
139333  51.782  42.613  14.746 0.0000000000
138554  52.397  41.446  14.478 0.0000000000
139332  52.546  42.316  15.088 0.0000000000
142346  51.895  46.697  19.734 0.0000000000
143874  51.824  47.909  18.997 0.0000000000
143077  52.151  47.140  19.177 0.0000000000
142367  52.285  46.183  17.559 0.0000000000
143114  52.030  46.860  17.310 0.0000000000
142376  51.978  46.332  16.836 0.0000000000
141615  51.895  45.605  16.294 0.0000000000
141626  51.600  45.225  15.844 0.0000000000
139310  53.154  42.590  18.088 0.0000000000
139316  53.148  42.423  17.207 0.0000000000
138524  53.641  40.939  17.904 0.0000000000
137682  54.488  40.060  21.047 0.0000000000
136790  54.325  39.412  20.453 0.0000000000
135043  54.504  38.025  20.970 0.0000000000
135902  54.679  38.495  21.404 0.0000000000
137646  54.588  40.535  23.014 0.0000000000
137665  54.572  40.383  22.029 0.0000000000
134998  55.049  38.006  24.161 0.0000000000
135849  55.148  38.559  23.723 0.0000000000
135019  54.712  38.064  23.212 0.0000000000
135027  54.293  37.561  22.615 0.0000000000
135020  54.368  37.716  23.577 0.0000000000
135021  53.518  37.759  23.981 0.0000000000
135000  53.869  37.900  24.995 0.0000000000
134962  53.649  38.109  26.870 0.0000000000
135801  53.065  38.263  26.082 0.0000000000
135785  52.495  38.430  27.434 0.0000000000
135786  51.983  38.450  27.750 0.0000000000
133356  51.308  35.473  27.868 0.0000000000
133357  50.532  35.740  27.519 0.0000000000
132549  51.187  35.153  27.353 0.0000000000
131739  51.268  33.992  25.455 0.0000000000
131740  49.918  34.242  25.018 0.0000000000
131750  49.074  34.153  24.224 0.0000000000
131761  49.431  33.624  23.063 0.0000000000
130972  52.846  32.399  22.935 0.0000000000
130964  52.621  32.847  23.977 0.0000000000
130982  51.401  32.767  21.869 0.0000000000
131790  48.690  33.222  20.831 0.0000000000
131775  48.468  33.471  21.997 0.0000000000
131805  47.745  33.330  19.850 0.0000000000
131806  46.686  33.575  20.011 0.0000000000
131821  46.892  33.457  18.962 0.0000000000
131031  46.281  32.434  17.226 0.0000000000
131846  46.250  32.986  17.540 0.0000000000
131032  45.563  32.663  17.196 0.0000000000
131034  43.583  32.891  16.945 0.0000000000
131043  44.178  32.310  16.472 0.0000000000
128760  49.836  29.420  24.924 0.0000000000
128777  49.542  29.798  23.651 0.0000000000
128779  47.141  29.969  23.035 0.0000000000
128794  48.089  30.028  22.393 0.0000000000
128795  47.431  30.113  22.237 0.0000000000
129523  47.141  30.421  20.776 0.0000000000
128796  42.580  29.583  23.007 0.0000000000
129491  43.451  29.946  22.951 0.0000000000
129509  42.769  29.879  22.297 0.0000000000
134181  47.726  36.975  26.895 0.0000000000
133370  47.350  36.001  26.484 0.0000000000
133369  48.294  35.854  26.460 0.0000000000
132555  48.934  35.301  26.069 0.0000000000
135803  51.470  38.928  26.315 0.0000000000
136697  50.979  39.027  25.596 0.0000000000
136685  50.721  39.150  26.324 0.0000000000
136687  49.238  39.076  26.733 0.0000000000
136688  48.359  38.935  26.528 0.0000000000
136689  47.864  38.734  26.511 0.0000000000
135797  48.154  38.032  27.182 0.0000000000
134964  48.019  37.430  27.062 0.0000000000
127282  48.303  27.375  32.604 0.0000000000
127270  49.035  27.848  33.431 0.0000000000
126427  49.186  27.031  34.362 0.0000000000
125519  49.351  25.945  34.915 0.0000000000
138450  54.205  41.359  26.429 0.0000000000
137601  54.447  40.630  27.982 0.0000000000
138446  53.942  41.258  27.409 0.0000000000
138443  53.329  41.464  28.060 0.0000000000
138439  53.339  41.173  29.155 0.0000000000
135737  46.888  38.418  33.257 0.0000000000
134915  46.491  37.347  33.626 0.0000000000
134121  47.142  36.176  34.339 0.0000000000
140846  50.701  43.857  22.079 0.0000000000
140845  51.164  43.809  21.926 0.0000000000
140056  51.558  43.269  23.185 0.0000000000
140055  52.158  43.049  22.987 0.0000000000
140044  52.618  42.678  23.605 0.0000000000
139267  53.135  42.390  24.267 0.0000000000
139261  53.658  41.877  25.892 0.0000000000
129459  54.840  30.783  25.955 0.0000000000
130243  54.277  31.280  24.784 0.0000000000
129469  54.171  30.560  25.034 0.0000000000
129478  53.554  30.478  24.172 0.0000000000
128790  52.267  30.079  23.226 0.0000000000
131753  45.698  34.126  23.851 0.0000000000
132602  44.904  34.106  23.768 0.0000000000
131765  44.919  33.916  23.191 0.0000000000
131808  44.559  33.698  20.257 0.0000000000
131823  44.804  33.635  19.276 0.0000000000
135061  53.272  38.375  19.814 0.0000000000
135931  52.859  38.772  19.290 0.0000000000
135062  53.025  38.062  19.904 0.0000000000
135064  52.084  37.923  20.262 0.0000000000
135917  51.472  38.195  20.225 0.0000000000
134973  44.559  37.408  26.385 0.0000000000
134196  42.593  36.298  26.015 0.0000000000
133396  42.340  35.443  25.768 0.0000000000
140049  48.444  43.239  24.357 0.0000000000
140060  47.515  43.639  23.446 0.0000000000
140050  47.414  43.388  24.570 0.0000000000
143029  50.675  47.795  24.717 0.0000000000
143039  50.339  48.003  24.008 0.0000000000
143041  48.821  47.321  23.120 0.0000000000
143050  48.635  47.252  22.198 0.0000000000
142322  48.224  46.559  21.749 0.0000000000
142323  47.585  46.107  22.145 0.0000000000
140848  47.657  44.264  22.271 0.0000000000
128722  50.349  30.007  27.299 0.0000000000
128010  49.470  29.408  26.985 0.0000000000
128006  48.772  28.570  27.513 0.0000000000
127312  47.926  27.845  27.330 0.0000000000
127313  46.958  27.725  27.728 0.0000000000
124554  45.476  24.701  31.757 0.0000000000
125563  44.877  25.591  30.956 0.0000000000
124562  45.133  24.357  31.174 0.0000000000
123594  44.685  23.846  30.077 0.0000000000
123604  44.398  23.901  29.403 0.0000000000
135776  55.192  38.506  30.409 0.0000000000
134935  55.145  37.597  31.065 0.0000000000
133335  55.087  35.509  31.081 0.0000000000
132518  55.252  34.485  31.477 0.0000000000
132508  55.018  34.495  32.394 0.0000000000
139205  50.439  42.298  30.215 0.0000000000
139204  51.335  42.104  30.140 0.0000000000
138417  50.862  41.917  30.709 0.0000000000
138399  50.721  41.385  31.363 0.0000000000
137548  51.289  39.989  32.514 0.0000000000
134894  50.788  36.961  34.738 0.0000000000
134099  50.966  36.427  34.704 0.0000000000
133295  51.681  36.046  34.675 0.0000000000
132462  52.262  35.290  34.321 0.0000000000
132461  53.044  35.159  34.093 0.0000000000
131651  52.842  33.969  33.358 0.0000000000
130880  52.671  33.120  32.230 0.0000000000
130891  52.836  32.712  31.687 0.0000000000
130901  52.658  32.205  30.603 0.0000000000
131689  52.343  32.797  31.225 0.0000000000
131690  51.676  33.074  30.838 0.0000000000
131704  50.941  33.008  30.033 0.0000000000
132522  47.311  34.103  30.895 0.0000000000
131693  48.035  33.658  30.289 0.0000000000
130924  47.449  32.077  29.506 0.0000000000
140096  47.164  43.562  16.391 0.0000000000
140109  47.671  43.070  15.805 0.0000000000
140108  48.682  43.179  15.813 0.0000000000
139325  49.204  42.569  15.346 0.0000000000
140107  49.659  43.348  15.639 0.0000000000
140106  50.593  43.492  15.390 0.0000000000
140895  50.873  44.264  15.490 0.0000000000
145426  47.376  50.509  19.742 0.0000000000
144678  46.913  50.026  19.156 0.0000000000
145437  48.610  50.135  18.859 0.0000000000
144697  49.339  49.807  18.528 0.0000000000
141584  52.328  45.199  19.577 0.0000000000
142345  52.364  46.288  19.186 0.0000000000
141590  52.542  45.384  18.792 0.0000000000
141600  52.604  44.718  18.485 0.0000000000
141601  52.517  45.307  17.899 0.0000000000
140871  52.492  44.906  17.302 0.0000000000
140087  52.859  43.331  18.364 0.0000000000
139303  53.161  42.621  18.827 0.0000000000
138513  53.410  42.069  18.613 0.0000000000
138512  53.719  41.312  19.032 0.0000000000
138500  54.042  41.105  20.274 0.0000000000
137618  55.246  40.024  24.613 0.0000000000
137629  55.026  39.882  23.622 0.0000000000
135820  55.445  38.578  24.695 0.0000000000
134969  54.562  37.880  25.593 0.0000000000
132551  52.281  34.424  27.305 0.0000000000
132552  51.574  34.591  26.903 0.0000000000
131730  51.584  34.254  26.297 0.0000000000
131748  51.708  33.227  24.217 0.0000000000
130998  51.798  32.128  20.447 0.0000000000
130991  51.528  32.495  21.027 0.0000000000
130999  51.214  32.473  20.133 0.0000000000
131803  49.574  32.823  19.406 0.0000000000
131819  48.750  32.820  18.678 0.0000000000
131820  47.885  33.224  18.782 0.0000000000
131833  47.874  32.871  17.915 0.0000000000
131844  47.445  32.589  17.573 0.0000000000
130306  46.540  31.990  17.045 0.0000000000
128041  47.073  29.214  24.702 0.0000000000
128762  47.632  29.561  24.120 0.0000000000
128763  46.616  29.640  24.114 0.0000000000
128780  45.977  29.913  23.410 0.0000000000
129488  46.187  30.129  22.593 0.0000000000
133393  45.187  35.319  25.883 0.0000000000
132568  45.718  34.816  25.330 0.0000000000
132586  46.256  34.453  24.661 0.0000000000
131752  46.700  34.118  23.931 0.0000000000
131763  47.042  33.892  23.048 0.0000000000
135029  52.660  37.530  23.102 0.0000000000
135038  51.999  37.500  22.279 0.0000000000
135877  50.442  38.548  23.540 0.0000000000
136716  50.564  38.972  24.749 0.0000000000
135806  47.250  38.356  26.561 0.0000000000
134972  45.487  37.472  26.535 0.0000000000
143775  51.062  48.117  25.035 0.0000000000
143021  50.140  47.225  25.116 0.0000000000
142291  48.762  46.805  24.742 0.0000000000
127300  47.531  27.524  29.386 0.0000000000
127296  47.444  27.199  30.579 0.0000000000
126454  46.936  26.733  31.325 0.0000000000
126455  46.112  26.145  31.729 0.0000000000
126446  47.860  26.857  32.765 0.0000000000
125543  46.600  25.813  32.538 0.0000000000
125544  46.066  25.391  32.325 0.0000000000
124553  46.044  24.376  32.201 0.0000000000
123572  46.663  23.778  32.230 0.0000000000
137594  54.770  40.191  28.322 0.0000000000
136675  54.789  39.742  29.358 0.0000000000
136669  55.056  39.195  29.816 0.0000000000
136663  54.745  39.172  30.739 0.0000000000
135766  54.563  38.401  31.698 0.0000000000
135767  53.997  38.538  32.305 0.0000000000
138388  48.308  40.740  31.692 0.0000000000
137550  49.339  40.143  32.384 0.0000000000
136640  48.761  39.528  32.779 0.0000000000
136620  49.233  38.996  33.363 0.0000000000
135714  49.259  37.800  34.379 0.0000000000
135736  47.817  38.226  33.648 0.0000000000
135715  48.435  37.744  34.122 0.0000000000
134895  49.731  37.051  34.724 0.0000000000
133297  49.813  35.593  34.594 0.0000000000
132480  49.928  34.918  34.130 0.0000000000
132510  50.327  34.287  32.485 0.0000000000
132500  49.592  34.597  33.291 0.0000000000
132501  48.607  34.571  33.102 0.0000000000
132512  48.421  34.535  32.090 0.0000000000
132502  47.651  34.351  32.848 0.0000000000
132513  47.489  34.355  31.835 0.0000000000
132514  46.658  34.130  31.616 0.0000000000
132523  46.495  33.826  30.823 0.0000000000
131696  45.522  33.031  30.499 0.0000000000
141602  48.486  45.909  17.059 0.0000000000
143857  50.531  48.510  20.170 0.0000000000
142347  51.437  46.818  20.030 0.0000000000
142339  51.531  46.169  20.044 0.0000000000
140854  51.264  44.164  21.256 0.0000000000
140862  51.490  44.629  20.609 0.0000000000
141576  51.843  45.202  20.117 0.0000000000
140860  52.382  43.984  20.493 0.0000000000
140075  53.076  43.208  21.008 0.0000000000
140074  53.428  42.560  20.959 0.0000000000
139280  53.770  41.961  21.624 0.0000000000
139271  53.691  41.990  23.843 0.0000000000
138459  54.284  41.432  24.456 0.0000000000
136684  55.529  39.378  26.244 0.0000000000
131727  54.488  32.964  26.496 0.0000000000
131737  53.491  33.135  25.529 0.0000000000
130943  54.374  32.651  25.920 0.0000000000
130963  53.458  32.305  23.983 0.0000000000
130980  52.988  31.919  22.000 0.0000000000
130251  53.610  31.184  23.393 0.0000000000
130979  53.313  31.574  22.357 0.0000000000
130990  52.160  32.101  21.218 0.0000000000
130282  51.743  31.704  20.067 0.0000000000
129552  51.118  31.205  19.598 0.0000000000
129553  50.227  31.010  19.318 0.0000000000
127331  42.422  27.451  26.042 0.0000000000
128766  43.473  29.173  24.656 0.0000000000
128044  41.916  28.109  24.478 0.0000000000
132629  39.949  34.102  21.919 0.0000000000
132627  41.577  34.268  21.706 0.0000000000
131812  40.652  33.630  20.631 0.0000000000
131828  40.446  33.152  20.349 0.0000000000
131840  41.459  33.086  19.333 0.0000000000
131020  41.698  32.776  18.322 0.0000000000
135932  52.350  38.554  19.375 0.0000000000
135948  52.309  39.126  18.395 0.0000000000
135047  51.370  37.805  21.781 0.0000000000
135903  50.580  38.187  21.332 0.0000000000
140024  51.814  42.820  25.489 0.0000000000
140011  51.610  42.660  26.351 0.0000000000
140025  51.036  42.924  25.732 0.0000000000
140012  50.808  42.742  26.610 0.0000000000
139999  50.633  42.631  27.510 0.0000000000
140027  49.107  43.033  26.242 0.0000000000
140013  49.924  42.847  26.958 0.0000000000
139223  49.833  42.648  29.651 0.0000000000
139206  49.350  42.068  30.402 0.0000000000
138419  48.469  41.618  30.845 0.0000000000
138402  47.805  41.061  31.332 0.0000000000
137570  47.078  40.591  31.714 0.0000000000
137553  46.536  40.091  32.161 0.0000000000
145414  45.797  50.213  20.665 0.0000000000
144642  45.570  50.235  21.413 0.0000000000
145399  46.110  50.445  21.253 0.0000000000
145413  46.671  50.547  20.483 0.0000000000
145412  47.901  50.942  20.698 0.0000000000
145411  48.757  50.657  20.441 0.0000000000
145423  49.770  50.068  20.238 0.0000000000
144618  50.175  49.192  23.817 0.0000000000
145395  49.537  49.855  22.043 0.0000000000
145409  49.668  50.023  21.078 0.0000000000
142341  49.691  46.354  20.542 0.0000000000
141579  49.258  45.484  20.751 0.0000000000
141570  48.513  45.137  21.117 0.0000000000
140856  49.191  44.399  21.401 0.0000000000
140076  49.798  44.100  21.781 0.0000000000
140057  50.771  43.433  23.251 0.0000000000
128719  53.282  29.864  26.953 0.0000000000
128741  52.840  29.993  25.459 0.0000000000
128728  52.535  29.935  26.292 0.0000000000
128743  50.470  29.612  25.890 0.0000000000
128039  48.771  29.056  25.297 0.0000000000
128025  49.499  29.257  26.233 0.0000000000
128027  48.043  28.543  25.696 0.0000000000
128040  47.872  29.035  24.927 0.0000000000
128028  47.011  28.671  25.442 0.0000000000
128030  44.922  28.679  25.803 0.0000000000
128031  43.946  28.561  25.873 0.0000000000
127306  46.747  27.429  28.715 0.0000000000
127307  45.653  27.194  29.083 0.0000000000
126465  44.476  26.075  30.110 0.0000000000
126469  44.561  26.672  29.393 0.0000000000
127315  44.928  27.529  28.192 0.0000000000
127323  44.251  27.758  27.394 0.0000000000
127324  43.214  27.360  27.228 0.0000000000
128032  43.109  28.189  26.105 0.0000000000
134956  51.085  37.361  28.570 0.0000000000
134173  51.339  36.455  28.563 0.0000000000
133346  51.866  35.666  28.472 0.0000000000
134170  52.645  36.571  29.042 0.0000000000
133341  52.440  35.980  28.919 0.0000000000
132538  52.445  35.044  28.319 0.0000000000
132537  53.068  34.843  28.564 0.0000000000
132546  53.397  34.344  28.324 0.0000000000
131718  53.825  34.088  28.433 0.0000000000
133338  54.439  35.715  29.824 0.0000000000
132528  54.287  34.977  29.549 0.0000000000
131723  54.747  33.088  27.290 0.0000000000
131722  55.422  32.582  27.668 0.0000000000
130933  55.825  32.017  28.194 0.0000000000
130228  55.539  31.408  27.500 0.0000000000
129443  55.465  30.917  28.166 0.0000000000
129453  54.815  30.310  27.365 0.0000000000
129444  54.723  30.361  28.384 0.0000000000
139246  52.080  42.362  27.160 0.0000000000
138440  52.530  41.699  29.084 0.0000000000
138434  52.999  41.191  30.034 0.0000000000
139203  52.010  41.734  30.201 0.0000000000
138415  52.533  41.203  30.682 0.0000000000
137582  53.325  40.602  30.790 0.0000000000
137566  53.683  39.777  31.534 0.0000000000
137545  53.476  39.418  32.055 0.0000000000
137549  50.348  39.945  32.564 0.0000000000
137530  50.934  39.452  32.907 0.0000000000
137529  51.582  39.400  32.862 0.0000000000
135712  51.138  37.729  34.414 0.0000000000
135732  51.600  38.361  33.904 0.0000000000
136617  52.014  38.906  33.208 0.0000000000
135751  52.751  38.525  33.157 0.0000000000
135730  53.063  37.936  33.405 0.0000000000
134134  53.957  36.714  33.303 0.0000000000
133308  54.204  35.575  33.424 0.0000000000
132474  54.446  34.410  33.196 0.0000000000
130877  55.067  32.887  32.414 0.0000000000
131668  54.522  33.244  32.994 0.0000000000
130889  54.903  32.122  31.794 0.0000000000
130196  54.859  31.008  30.704 0.0000000000
129434  54.482  30.525  29.311 0.0000000000
129455  53.025  30.113  27.774 0.0000000000
129446  52.676  30.673  28.630 0.0000000000
129456  51.981  30.321  27.708 0.0000000000
130215  52.270  31.566  29.472 0.0000000000
129447  51.540  30.732  28.220 0.0000000000
129457  50.955  30.310  27.665 0.0000000000
128715  50.030  30.135  27.785 0.0000000000
128716  49.297  29.715  28.107 0.0000000000
128002  48.830  29.243  28.532 0.0000000000
132519  49.972  34.280  31.760 0.0000000000
131691  50.357  33.845  30.927 0.0000000000
131705  49.839  33.248  29.812 0.0000000000
131706  48.744  33.135  29.620 0.0000000000
130922  49.407  32.508  29.196 0.0000000000
130936  49.830  31.911  28.823 0.0000000000
130226  49.106  31.214  28.758 0.0000000000
128712  48.825  29.714  28.800 0.0000000000
127999  48.729  29.293  28.892 0.0000000000
128000  48.537  28.964  29.338 0.0000000000
127997  48.270  28.704  30.665 0.0000000000
127989  48.429  28.571  31.374 0.0000000000
127988  48.514  28.741  31.905 0.0000000000
137762  50.958  40.725  13.763 0.0000000000
138553  53.059  41.233  15.061 0.0000000000
137746  53.593  40.212  15.445 0.0000000000
142369  48.550  46.533  17.169 0.0000000000
142380  49.110  46.377  16.736 0.0000000000
143875  51.214  48.600  19.108 0.0000000000
143895  51.003  49.038  18.207 0.0000000000
143090  52.082  47.485  18.440 0.0000000000
142379  49.678  46.321  16.497 0.0000000000
141617  50.119  45.589  16.035 0.0000000000
141627  50.975  45.078  15.634 0.0000000000
140894  51.803  44.418  15.669 0.0000000000
140879  52.618  43.854  17.092 0.0000000000
140094  52.389  43.818  16.113 0.0000000000
140104  52.324  43.322  15.549 0.0000000000
138546  53.376  41.272  15.866 0.0000000000
137732  53.613  40.732  16.164 0.0000000000
138536  53.636  40.665  17.229 0.0000000000
136801  53.783  39.618  19.556 0.0000000000
135052  53.794  37.884  20.466 0.0000000000
134241  54.059  37.131  20.990 0.0000000000
134233  53.753  36.841  21.599 0.0000000000
137664  54.784  39.593  21.870 0.0000000000
136740  55.095  39.140  23.227 0.0000000000
136762  54.963  39.052  22.368 0.0000000000
135889  54.780  38.457  22.035 0.0000000000
135026  54.588  37.944  22.331 0.0000000000
135036  53.976  37.000  22.090 0.0000000000
135022  52.816  37.725  23.776 0.0000000000
135822  52.379  38.360  25.310 0.0000000000
135821  53.194  38.003  25.226 0.0000000000
135802  52.263  38.612  26.201 0.0000000000
134178  49.987  36.388  27.641 0.0000000000
133367  49.981  35.546  26.849 0.0000000000
132554  49.743  35.179  26.234 0.0000000000
132564  50.319  34.626  25.838 0.0000000000
132583  49.025  34.459  24.829 0.0000000000
131776  47.319  33.647  22.056 0.0000000000
131747  52.499  33.126  24.535 0.0000000000
131760  50.798  33.193  23.000 0.0000000000
131773  50.659  33.013  21.818 0.0000000000
131792  46.454  33.596  21.075 0.0000000000
131835  46.085  33.396  18.202 0.0000000000
131836  45.069  33.486  18.339 0.0000000000
128758  52.265  30.000  24.727 0.0000000000
128775  51.795  30.005  23.919 0.0000000000
128791  51.460  30.042  23.008 0.0000000000
128793  49.216  29.992  22.479 0.0000000000
129502  50.456  30.031  21.966 0.0000000000
129520  50.300  30.225  21.195 0.0000000000
129537  49.724  30.579  20.000 0.0000000000
129538  48.623  30.525  19.794 0.0000000000
128782  43.970  29.704  23.699 0.0000000000
129490  44.360  30.076  22.857 0.0000000000
129506  45.704  30.380  21.860 0.0000000000
129526  44.054  30.539  21.138 0.0000000000
129525  45.073  30.595  20.993 0.0000000000
129524  46.114  30.511  20.882 0.0000000000
129539  47.552  30.488  19.749 0.0000000000
129555  47.959  30.775  18.809 0.0000000000
129569  47.230  31.275  17.840 0.0000000000
129580  46.289  31.589  17.264 0.0000000000
125505  50.232  26.547  35.388 0.0000000000
124529  48.871  24.945  34.596 0.0000000000
124528  49.843  24.863  34.686 0.0000000000
124538  49.187  24.301  33.963 0.0000000000
123557  49.139  23.921  33.463 0.0000000000
123583  45.663  23.758  31.132 0.0000000000
124537  50.258  24.329  33.751 0.0000000000
124539  48.144  24.623  33.870 0.0000000000
124541  46.398  24.982  32.738 0.0000000000
124552  46.731  24.064  32.604 0.0000000000
124563  44.612  24.735  30.789 0.0000000000
124571  44.797  24.060  30.516 0.0000000000
124572  44.222  24.482  30.210 0.0000000000
124573  43.794  24.947  30.011 0.0000000000
124581  43.760  24.337  29.097 0.0000000000
124609  42.677  25.104  27.592 0.0000000000
124625  42.764  24.865  27.081 0.0000000000
125506  49.663  26.711  34.993 0.0000000000
125531  46.407  25.271  32.678 0.0000000000
125545  45.637  24.904  32.021 0.0000000000
125553  45.701  25.652  31.809 0.0000000000
125554  45.229  25.258  31.480 0.0000000000
125555  44.793  24.887  31.071 0.0000000000
125564  44.440  25.286  30.587 0.0000000000
125573  44.154  25.669  30.103 0.0000000000
125574  43.826  25.442  29.819 0.0000000000
125583  42.804  25.683  28.400 0.0000000000
125589  42.537  25.763  27.657 0.0000000000
126428  48.698  26.338  34.375 0.0000000000
126436  48.756  27.212  33.662 0.0000000000
126447  47.159  26.398  32.477 0.0000000000
126448  46.451  25.956  32.315 0.0000000000
126458  46.907  26.805  30.719 0.0000000000
126461  44.731  25.753  30.672 0.0000000000
126468  45.057  26.936  29.330 0.0000000000
126471  43.092  26.041  28.722 0.0000000000
126473  43.449  26.725  28.394 0.0000000000
127271  48.579  27.289  33.308 0.0000000000
127291  48.519  28.423  31.718 0.0000000000
127301  46.603  26.946  29.760 0.0000000000
127302  45.927  26.880  29.672 0.0000000000
127308  44.692  27.090  28.892 0.0000000000
127309  44.191  26.821  28.935 0.0000000000
127311  48.469  28.062  27.484 0.0000000000
127316  43.919  27.128  28.305 0.0000000000
127317  43.343  26.939  28.021 0.0000000000
127319  47.690  27.985  26.722 0.0000000000
127996  48.324  28.817  31.265 0.0000000000
128007  48.501  28.204  27.126 0.0000000000
128009  49.858  29.705  26.742 0.0000000000
128012  48.218  28.231  26.539 0.0000000000
128017  43.784  28.071  26.660 0.0000000000
128026  48.816  28.775  26.043 0.0000000000
128029  45.915  28.691  25.637 0.0000000000
128038  49.346  29.182  25.666 0.0000000000
128043  42.514  28.417  25.034 0.0000000000
128709  48.057  29.387  30.326 0.0000000000
128723  49.640  29.750  27.493 0.0000000000
128725  54.470  30.465  25.601 0.0000000000
128726  54.227  30.083  25.843 0.0000000000
128727  53.493  29.921  26.099 0.0000000000
128730  50.329  29.831  26.737 0.0000000000
128731  49.914  29.816  27.101 0.0000000000
128738  54.300  30.520  25.247 0.0000000000
128742  51.778  29.920  25.633 0.0000000000
128746  45.260  29.092  25.035 0.0000000000
128748  43.747  28.846  25.277 0.0000000000
128755  53.991  30.483  24.896 0.0000000000
128756  53.709  30.367  24.679 0.0000000000
128773  53.370  30.307  24.118 0.0000000000
128774  52.760  30.056  23.837 0.0000000000
128783  43.005  29.585  23.619 0.0000000000
128784  42.292  29.140  23.484 0.0000000000
128792  50.366  29.995  22.713 0.0000000000
128797  42.107  29.192  22.545 0.0000000000
128802  49.971  30.001  21.977 0.0000000000
129416  55.419  30.943  29.748 0.0000000000
129417  55.047  30.748  29.948 0.0000000000
129432  55.690  31.191  28.972 0.0000000000
129435  53.546  30.764  29.433 0.0000000000
129437  48.937  30.238  28.755 0.0000000000
129442  55.719  31.285  28.594 0.0000000000
129452  55.162  30.809  26.956 0.0000000000
129468  54.355  30.749  25.133 0.0000000000
129476  53.990  30.946  24.498 0.0000000000
129477  53.791  30.609  24.527 0.0000000000
129484  53.864  31.034  24.164 0.0000000000
129486  53.294  30.542  23.368 0.0000000000
129487  52.733  30.134  23.138 0.0000000000
129489  45.322  30.136  22.728 0.0000000000
129492  42.931  29.807  22.988 0.0000000000
129503  48.639  30.196  21.609 0.0000000000
129504  47.709  30.239  21.610 0.0000000000
129507  44.709  30.382  21.968 0.0000000000
129517  53.012  30.959  21.795 0.0000000000
129521  49.162  30.332  20.811 0.0000000000
129534  52.231  31.249  20.900 0.0000000000
129551  51.500  31.449  19.870 0.0000000000
129567  48.713  31.398  18.362 0.0000000000
129579  46.904  31.667  17.280 0.0000000000
130185  55.753  31.780  30.667 0.0000000000
130194  55.885  31.719  30.234 0.0000000000
130195  55.547  31.247  30.215 0.0000000000
130197  53.991  31.280  30.824 0.0000000000
130198  53.353  31.512  30.472 0.0000000000
130211  55.844  31.482  29.525 0.0000000000
130221  55.775  31.425  28.368 0.0000000000
130223  51.869  31.297  28.931 0.0000000000
130238  54.698  31.284  25.466 0.0000000000
130244  53.973  31.442  24.444 0.0000000000
130249  53.937  31.176  24.362 0.0000000000
130250  53.784  31.285  24.010 0.0000000000
130257  53.375  31.210  22.546 0.0000000000
130258  53.215  31.456  22.041 0.0000000000
130266  53.173  31.188  21.951 0.0000000000
130267  52.874  31.403  21.589 0.0000000000
130268  52.498  31.634  21.251 0.0000000000
130275  52.122  31.609  20.762 0.0000000000
130284  50.538  31.710  19.014 0.0000000000
130292  49.796  31.924  18.649 0.0000000000
130294  48.407  31.667  18.073 0.0000000000
130295  47.878  31.593  17.792 0.0000000000
130303  48.491  32.028  18.056 0.0000000000
130304  48.064  31.976  17.707 0.0000000000
130878  54.325  32.721  32.503 0.0000000000
130887  56.000  32.002  30.508 0.0000000000
130898  56.045  31.941  29.828 0.0000000000
130917  55.911  31.758  29.048 0.0000000000
130919  52.380  31.839  29.856 0.0000000000
130920  51.626  32.161  29.596 0.0000000000
130932  55.874  31.613  28.636 0.0000000000
130942  54.708  31.888  25.743 0.0000000000
130944  53.840  33.000  25.651 0.0000000000
130955  52.880  33.081  24.668 0.0000000000
130961  54.166  31.608  24.677 0.0000000000
130962  53.860  31.740  24.220 0.0000000000
130965  51.940  32.960  23.646 0.0000000000
130970  53.653  31.470  23.659 0.0000000000
130973  51.833  32.806  22.905 0.0000000000
130989  52.692  31.756  21.500 0.0000000000
130992  50.855  32.781  20.509 0.0000000000
131000  50.454  32.716  19.796 0.0000000000
131007  51.480  32.127  19.832 0.0000000000
131008  50.893  32.272  19.448 0.0000000000
131017  49.353  32.206  18.607 0.0000000000
131018  48.704  32.387  18.294 0.0000000000
131019  48.173  32.565  17.964 0.0000000000
131029  47.755  32.389  17.625 0.0000000000
131030  47.102  32.352  17.334 0.0000000000
131033  44.697  32.812  17.026 0.0000000000
131041  45.671  32.354  17.078 0.0000000000
131042  45.114  32.325  16.900 0.0000000000
131648  54.355  34.194  33.277 0.0000000000
131650  53.453  33.837  33.440 0.0000000000
131667  54.767  33.854  32.916 0.0000000000
131669  53.127  33.566  33.085 0.0000000000
131670  52.330  33.690  32.749 0.0000000000
131754  45.170  34.120  23.803 0.0000000000
131759  51.573  33.045  23.448 0.0000000000
131767  43.345  33.915  22.790 0.0000000000
131781  42.577  34.005  21.897 0.0000000000
131788  50.906  32.856  21.149 0.0000000000
131818  49.379  32.654  18.930 0.0000000000
131832  48.359  32.688  18.191 0.0000000000
131845  47.035  32.753  17.536 0.0000000000
131847  45.340  33.145  17.581 0.0000000000
132459  53.838  35.013  33.744 0.0000000000
132465  48.531  34.987  34.438 0.0000000000
132475  54.088  34.737  33.584 0.0000000000
132476  53.559  34.535  33.702 0.0000000000
132477  52.800  34.537  33.821 0.0000000000
132496  54.675  34.553  32.941 0.0000000000
132498  51.523  34.279  33.350 0.0000000000
132509  51.024  34.110  32.819 0.0000000000
132515  45.895  33.881  31.504 0.0000000000
132524  45.857  33.567  30.812 0.0000000000
132535  54.555  34.437  29.258 0.0000000000
132547  52.747  34.472  27.922 0.0000000000
132565  49.235  34.738  25.401 0.0000000000
132616  43.046  33.956  22.690 0.0000000000
132634  41.781  34.139  21.073 0.0000000000
133277  51.444  36.244  34.632 0.0000000000
133278  51.213  36.230  34.673 0.0000000000
133293  53.308  35.647  34.128 0.0000000000
133296  50.866  35.913  34.655 0.0000000000
133307  54.433  34.883  33.222 0.0000000000
133310  48.889  35.080  34.435 0.0000000000
133340  53.058  35.916  29.095 0.0000000000
133347  51.097  35.953  28.155 0.0000000000
133358  49.665  36.019  27.205 0.0000000000
134098  51.358  36.459  34.668 0.0000000000
134114  53.669  36.084  33.862 0.0000000000
134117  51.698  36.487  34.681 0.0000000000
134148  54.766  36.104  32.331 0.0000000000
134149  54.485  36.750  32.564 0.0000000000
134175  49.867  36.877  27.884 0.0000000000
134190  47.776  36.475  26.695 0.0000000000
134231  54.281  37.121  21.651 0.0000000000
134232  54.116  36.946  21.607 0.0000000000
134236  54.195  37.066  21.419 0.0000000000
134237  53.925  36.857  21.246 0.0000000000
134243  53.144  37.104  20.766 0.0000000000
134878  51.243  36.788  34.698 0.0000000000
134879  51.092  36.633  34.701 0.0000000000
134911  53.718  37.371  33.179 0.0000000000
134912  53.252  37.410  33.584 0.0000000000
134913  52.769  37.484  33.916 0.0000000000
134914  47.203  37.793  33.639 0.0000000000
134923  53.606  37.690  33.102 0.0000000000
134949  51.608  36.846  28.767 0.0000000000
134957  50.136  37.352  28.140 0.0000000000
135034  54.581  37.881  21.628 0.0000000000
135044  54.338  37.433  21.202 0.0000000000
135045  52.709  37.139  21.059 0.0000000000
135051  54.277  38.263  20.627 0.0000000000
135053  53.162  37.462  20.385 0.0000000000
135056  51.346  37.862  21.148 0.0000000000
135731  52.552  38.053  33.674 0.0000000000
135749  54.039  38.254  32.414 0.0000000000
135752  46.271  38.882  32.839 0.0000000000
135777  54.970  38.608  30.975 0.0000000000
135792  52.818  38.437  26.944 0.0000000000
135795  50.225  38.605  27.574 0.0000000000
135804  48.750  38.786  26.978 0.0000000000
135805  48.270  38.542  26.889 0.0000000000
135915  54.484  38.647  20.822 0.0000000000
135935  49.675  38.994  19.723 0.0000000000
136616  52.474  38.637  33.212 0.0000000000
136636  53.291  39.121  32.415 0.0000000000
136638  52.172  39.281  32.798 0.0000000000
136652  53.853  39.025  32.091 0.0000000000
136662  55.070  38.964  30.319 0.0000000000
136680  50.479  39.130  26.762 0.0000000000
136681  50.115  39.052  27.042 0.0000000000
136686  50.033  39.242  26.395 0.0000000000
136715  51.151  38.826  25.090 0.0000000000
136778  54.837  39.008  21.709 0.0000000000
136789  54.640  39.156  21.164 0.0000000000
137547  52.156  39.822  32.412 0.0000000000
137552  47.384  40.064  32.233 0.0000000000
137565  54.249  39.579  31.134 0.0000000000
137569  47.755  40.522  31.818 0.0000000000
137583  52.780  40.756  31.088 0.0000000000
137596  53.709  40.715  29.575 0.0000000000
138385  50.977  40.631  32.019 0.0000000000
138387  49.042  40.749  31.825 0.0000000000
138398  51.744  40.995  31.454 0.0000000000
138400  49.621  41.367  31.353 0.0000000000
138414  53.060  40.976  30.392 0.0000000000
138435  52.570  41.530  29.793 0.0000000000
139208  47.343  42.195  30.301 0.0000000000
139224  48.851  42.628  29.654 0.0000000000
139234  52.807  41.702  28.488 0.0000000000
139295  53.305  42.522  19.539 0.0000000000
139321  52.674  42.520  15.671 0.0000000000
139322  51.502  43.049  14.891 0.0000000000
139987  50.527  42.614  28.332 0.0000000000
139988  49.895  42.760  28.879 0.0000000000
139989  49.360  42.755  29.244 0.0000000000
140059  48.709  43.416  23.373 0.0000000000
140065  52.787  43.230  21.758 0.0000000000
140068  51.037  43.621  22.542 0.0000000000
140069  50.123  43.792  22.326 0.0000000000
140070  48.915  43.765  22.313 0.0000000000
140093  52.616  43.283  16.542 0.0000000000
140103  52.597  42.822  16.002 0.0000000000
140105  51.534  43.442  15.162 0.0000000000
140115  52.268  42.921  14.971 0.0000000000
140842  52.527  43.505  21.299 0.0000000000
140844  51.766  43.674  21.740 0.0000000000
140849  46.840  44.636  22.792 0.0000000000
140857  48.246  44.613  21.534 0.0000000000
140859  52.650  43.709  20.313 0.0000000000
140861  52.034  44.320  20.521 0.0000000000
140864  49.948  44.883  20.926 0.0000000000
140870  52.644  44.258  17.749 0.0000000000
140880  52.383  44.510  16.531 0.0000000000
140893  52.286  44.066  15.908 0.0000000000
141574  52.438  44.145  20.176 0.0000000000
141575  52.268  44.541  20.112 0.0000000000
141589  52.571  44.594  19.174 0.0000000000
141603  47.945  45.573  17.280 0.0000000000
142290  49.511  46.954  24.998 0.0000000000
142311  48.223  47.054  23.165 0.0000000000
142312  47.638  46.652  23.053 0.0000000000
142333  48.484  46.076  21.045 0.0000000000
142334  47.967  46.031  21.590 0.0000000000
142378  50.508  46.367  16.339 0.0000000000
143022  49.551  47.126  24.624 0.0000000000
143030  49.999  47.498  24.299 0.0000000000
143040  49.726  47.743  23.425 0.0000000000
143049  49.370  47.736  22.599 0.0000000000
143051  48.040  46.734  22.373 0.0000000000
143069  49.143  46.647  20.776 0.0000000000
143076  52.369  46.785  19.034 0.0000000000
143089  52.331  46.811  18.693 0.0000000000
143101  52.192  46.864  17.975 0.0000000000
143774  51.170  48.521  25.487 0.0000000000
143786  50.961  48.830  25.104 0.0000000000
143787  50.725  48.544  24.538 0.0000000000
143822  43.247  48.912  22.570 0.0000000000
143858  50.122  48.319  20.811 0.0000000000
144633  43.171  49.031  22.288 0.0000000000
144641  49.960  49.470  21.555 0.0000000000
144658  46.040  50.074  20.031 0.0000000000
144659  45.333  49.876  20.230 0.0000000000
144677  47.775  50.146  18.940 0.0000000000
144679  46.285  49.775  19.449 0.0000000000
145400  45.491  50.228  21.086 0.0000000000
145415  45.194  50.085  20.746 0.0000000000
145436  49.129  50.253  19.175 0.0000000000
146160  48.076  51.032  21.665 0.0000000000
146163  48.831  50.661  21.151 0.0000000000
146165  48.159  51.037  21.336 0.0000000000
146169  48.838  50.659  20.815 0.0000000000
146170  48.538  50.870  20.926 0.0000000000
