#!ascii label  , from subject 3464 vox2ras=TkReg
907
67964  19.762  -22.810  1.745 0.1428571492
66686  18.741  -22.737  1.718 0.1428571492
69241  19.014  -21.534  0.198 0.1428571492
67963  20.414  -22.834  1.891 0.1428571492
68003  19.959  -22.279  0.775 0.2857142985
67981  19.335  -22.568  1.314 0.1428571492
67979  20.922  -22.383  1.448 0.1428571492
70516  19.946  -20.959  -0.802 0.5714285970
69239  20.728  -21.795  0.508 0.1428571492
70494  21.877  -20.983  0.095 0.2857142985
70493  22.865  -20.623  0.132 0.1428571492
71778  23.629  -19.747  -2.293 0.2857142985
70549  23.104  -20.099  -2.304 0.2857142985
71819  25.228  -19.219  -4.818 0.2857142985
71776  24.919  -19.103  -3.403 0.2857142985
71843  25.623  -18.918  -5.574 0.2857142985
71844  25.170  -18.995  -5.393 0.2857142985
74488  27.406  -17.550  -6.779 0.2857142985
77280  29.966  -15.734  -8.793 0.8571428657
75927  28.072  -16.018  -7.886 0.4285714328
73204  26.922  -18.281  -6.390 0.2857142985
77323  31.775  -15.582  -11.453 0.7142857313
75951  31.240  -16.199  -9.699 0.7142857313
75952  30.717  -15.881  -9.371 0.7142857313
75937  28.834  -15.695  -8.265 0.7142857313
77331  32.713  -15.780  -12.551 0.8571428657
77322  32.326  -16.080  -11.836 0.5714285970
77332  31.839  -15.062  -12.278 0.8571428657
77311  31.116  -15.553  -10.213 0.7142857313
77296  30.232  -15.450  -9.382 0.7142857313
79818  34.229  -14.043  -15.173 0.4285714328
78579  33.312  -15.205  -13.957 0.7142857313
78569  32.310  -14.827  -13.033 0.8571428657
83859  34.181  -11.219  -17.134 0.2857142985
82559  33.908  -11.697  -17.164 0.5714285970
79833  33.723  -13.416  -15.621 0.8571428657
81233  33.893  -12.887  -16.230 0.7142857313
78590  32.976  -14.232  -14.610 0.8571428657
85179  33.414  -9.651  -18.303 0.1428571492
83850  34.141  -10.570  -16.907 0.1428571492
83860  33.607  -10.746  -17.686 0.4285714328
81253  33.500  -12.123  -17.045 0.5714285970
81234  33.159  -12.851  -15.958 0.8571428657
89117  32.415  -6.687  -20.685 0.1428571492
86545  33.669  -8.696  -17.988 0.1428571492
86551  33.184  -8.735  -19.103 0.1428571492
85186  32.824  -9.619  -18.917 0.4285714328
82548  32.780  -12.038  -16.922 0.8571428657
91756  32.307  -4.790  -20.960 0.1428571492
90480  32.721  -5.565  -20.246 0.1428571492
90489  32.025  -5.845  -21.094 0.1428571492
87821  32.610  -7.696  -20.239 0.1428571492
87822  31.749  -8.125  -20.519 0.4285714328
85187  32.101  -9.499  -19.335 0.5714285970
83871  31.720  -9.913  -18.805 0.7142857313
82550  31.137  -11.105  -16.639 0.8571428657
91768  31.270  -4.951  -22.120 0.1428571492
91776  30.818  -4.611  -22.627 0.1428571492
90490  31.211  -5.879  -21.575 0.1428571492
89125  30.958  -6.754  -21.261 0.5714285970
85189  30.928  -9.330  -19.127 0.8571428657
83862  31.638  -10.437  -18.050 0.8571428657
83863  30.821  -9.983  -18.088 0.8571428657
92936  30.720  -3.845  -23.121 0.1428571492
92937  30.139  -3.725  -23.159 0.2857142985
91769  30.637  -5.130  -22.029 0.1428571492
91758  30.155  -5.213  -21.315 0.8571428657
87823  30.646  -8.023  -20.207 0.8571428657
86560  31.503  -8.760  -20.009 0.7142857313
89111  30.090  -6.932  -19.712 0.8571428657
94110  29.285  -2.500  -23.427 0.1428571492
95568  28.921  -1.666  -24.169 0.1428571492
92925  29.861  -3.528  -22.550 0.4285714328
94069  29.976  -3.047  -20.654 0.8571428657
92910  29.919  -4.184  -21.107 0.8571428657
90471  30.299  -5.671  -19.210 0.8571428657
89106  30.362  -6.748  -18.442 0.8571428657
94095  29.466  -2.748  -22.612 0.4285714328
92896  30.192  -3.914  -19.960 0.8571428657
91734  30.328  -4.589  -19.329 0.8571428657
91721  30.461  -4.631  -18.299 0.8571428657
95556  28.584  -1.175  -23.164 0.1428571492
96976  28.400  -0.523  -22.442 0.2857142985
95547  28.921  -1.741  -22.608 0.5714285970
96967  28.970  -0.849  -21.385 0.8571428657
95541  29.332  -2.171  -21.636 0.8571428657
95532  30.044  -2.368  -19.921 0.8571428657
94063  30.196  -2.907  -19.455 0.8571428657
95524  30.145  -1.733  -19.094 0.8571428657
94054  30.486  -2.659  -18.307 0.8571428657
98278  28.222  0.475  -21.899 0.2857142985
98271  28.687  0.385  -21.119 0.7142857313
96975  28.691  -1.095  -22.265 0.5714285970
98270  29.245  0.273  -20.316 0.8571428657
96951  29.967  -0.615  -19.088 0.8571428657
98257  30.245  -0.137  -17.506 0.8571428657
95514  30.518  -1.593  -17.724 0.8571428657
99485  29.107  1.269  -20.452 0.8571428657
99478  29.498  1.198  -19.601 0.8571428657
98258  30.045  0.274  -18.206 0.8571428657
100714  29.472  1.928  -16.894 0.7142857313
99459  29.752  1.198  -17.548 0.7142857313
100740  29.408  1.941  -19.843 0.8571428657
100732  29.498  2.146  -18.973 0.8571428657
99471  29.712  1.215  -18.593 0.8571428657
101992  29.279  3.022  -18.274 0.8571428657
101975  29.095  3.770  -17.328 0.8571428657
101974  29.211  2.801  -17.118 0.7142857313
103266  28.815  4.600  -19.931 0.7142857313
102004  29.126  3.485  -19.368 0.8571428657
103253  29.157  4.859  -18.720 0.8571428657
105487  29.297  6.654  -19.038 0.7142857313
100727  29.532  2.077  -17.894 0.8571428657
101993  29.181  3.977  -18.243 0.8571428657
105529  26.313  6.384  -23.297 0.1428571492
104418  29.104  5.662  -19.448 0.8571428657
105498  29.121  6.513  -19.934 0.7142857313
105497  29.276  6.932  -19.509 0.7142857313
104404  29.205  5.878  -18.641 0.8571428657
107821  25.566  8.112  -23.698 0.1428571492
106594  28.626  7.359  -21.140 0.5714285970
107798  28.276  8.268  -21.612 0.5714285970
109055  29.038  9.165  -20.524 0.5714285970
107799  27.637  8.162  -22.339 0.1428571492
109095  24.199  9.063  -23.998 0.1428571492
110261  28.790  10.145  -20.882 0.5714285970
111438  23.686  10.729  -23.562 0.1428571492
111439  23.074  10.957  -23.796 0.1428571492
110272  27.263  10.169  -22.423 0.1428571492
112575  22.830  11.990  -23.711 0.1428571492
110271  28.083  10.184  -21.658 0.5714285970
111424  23.268  11.446  -23.482 0.1428571492
112564  24.164  12.339  -22.763 0.1428571492
113801  22.833  12.665  -23.980 0.1428571492
113782  22.501  12.714  -22.935 0.1428571492
66672  19.659  -23.209  2.291 0.1428571492
66673  18.622  -23.182  2.247 0.1428571492
69216  20.874  -22.051  1.054 0.1428571492
69214  22.198  -21.702  1.293 0.2857142985
70495  21.205  -21.325  0.129 0.2857142985
71756  23.788  -19.561  -1.316 0.2857142985
70513  23.275  -20.068  -0.723 0.1428571492
74489  26.611  -17.291  -6.711 0.2857142985
73205  26.043  -18.059  -6.282 0.2857142985
75926  29.014  -16.340  -7.928 0.4285714328
74502  27.736  -16.866  -7.293 0.5714285970
77339  33.887  -15.834  -13.637 0.2857142985
77297  29.255  -14.969  -9.193 0.7142857313
79831  34.975  -13.185  -15.632 0.1428571492
79821  32.140  -13.310  -14.836 0.8571428657
83861  32.659  -10.776  -17.966 0.7142857313
92922  31.821  -3.940  -22.254 0.1428571492
90491  30.560  -6.108  -21.346 0.8571428657
89118  30.245  -6.953  -20.763 0.8571428657
87816  30.257  -7.836  -18.937 0.8571428657
99486  28.541  1.396  -21.252 0.8571428657
102011  28.669  3.514  -20.733 0.8571428657
105511  28.687  6.394  -20.809 0.7142857313
106607  28.030  7.307  -21.984 0.2857142985
109069  27.827  9.173  -22.029 0.1428571492
110302  24.310  9.913  -23.697 0.1428571492
112585  24.221  11.940  -25.369 0.1428571492
69257  20.798  -21.375  -0.039 0.4285714328
70514  22.141  -20.656  -0.719 0.2857142985
70515  21.017  -21.125  -0.644 0.4285714328
70534  22.377  -20.391  -1.594 0.1428571492
73118  25.045  -18.974  -2.174 0.2857142985
73138  25.589  -18.833  -3.583 0.2857142985
71798  24.291  -19.477  -3.771 0.2857142985
71821  23.505  -19.317  -4.174 0.2857142985
71797  24.982  -19.135  -4.083 0.2857142985
90479  33.388  -5.698  -19.331 0.1428571492
92909  32.404  -3.756  -21.309 0.1428571492
92942  30.230  -3.460  -23.758 0.1428571492
92938  29.655  -3.185  -23.383 0.2857142985
94123  29.523  -2.405  -24.199 0.1428571492
92911  29.886  -3.795  -21.819 0.8571428657
86546  30.388  -8.632  -18.200 0.8571428657
85173  30.489  -9.442  -17.643 1.0000000000
95569  28.467  -1.238  -23.952 0.1428571492
98286  27.775  0.470  -22.954 0.1428571492
99494  28.040  1.442  -22.191 0.2857142985
98234  29.869  0.203  -16.187 0.8571428657
100747  28.398  2.448  -21.537 0.5714285970
102017  27.975  3.541  -21.964 0.5714285970
103275  28.441  4.553  -21.042 0.5714285970
104429  28.753  5.532  -20.407 0.7142857313
104435  27.750  5.509  -22.055 0.2857142985
105522  27.591  6.394  -22.332 0.2857142985
106608  27.376  7.245  -22.606 0.1428571492
107811  27.089  7.946  -22.891 0.1428571492
109083  27.040  8.994  -22.914 0.1428571492
111410  27.501  11.174  -21.981 0.2857142985
109094  25.010  9.049  -23.781 0.1428571492
111422  25.184  11.235  -23.175 0.1428571492
112563  25.643  12.286  -22.602 0.1428571492
110303  23.510  9.909  -23.836 0.1428571492
113791  22.610  12.812  -23.295 0.1428571492
113781  23.087  13.349  -22.595 0.1428571492
113789  24.109  13.848  -23.897 0.1428571492
100755  27.866  2.397  -22.469 0.4285714328
102026  27.638  3.007  -22.698 0.4285714328
102018  27.583  4.115  -22.298 0.4285714328
103283  27.370  4.662  -22.463 0.4285714328
104434  28.320  5.500  -21.304 0.5714285970
105521  28.239  6.403  -21.640 0.5714285970
67980  20.162  -22.542  1.351 0.1428571492
68004  19.145  -22.127  0.663 0.1428571492
66685  19.224  -22.907  1.861 0.1428571492
67965  18.167  -22.719  1.921 0.1428571492
69240  19.773  -21.829  0.191 0.4285714328
69242  18.460  -21.024  0.508 0.2857142985
69258  20.299  -21.422  -0.204 0.5714285970
69215  21.347  -21.900  1.149 0.1428571492
71777  24.480  -19.372  -2.787 0.2857142985
78552  30.103  -14.534  -10.552 0.7142857313
78589  33.674  -14.821  -14.531 0.8571428657
79806  32.355  -13.912  -14.354 0.8571428657
81242  34.391  -12.229  -16.526 0.5714285970
83869  33.000  -10.218  -18.354 0.5714285970
89124  31.660  -6.719  -21.174 0.2857142985
87820  33.212  -7.653  -19.453 0.1428571492
86559  32.354  -8.722  -19.830 0.1428571492
92924  30.125  -4.359  -22.174 0.5714285970
86553  30.555  -8.732  -19.138 0.8571428657
90481  30.162  -6.026  -20.489 0.8571428657
94083  29.761  -3.070  -21.705 0.8571428657
96959  29.560  -0.655  -20.032 0.8571428657
95525  29.862  -1.200  -19.672 0.8571428657
96950  30.352  -0.723  -18.161 0.8571428657
98264  29.693  0.290  -19.315 0.8571428657
100741  29.050  2.400  -20.447 0.8571428657
102003  29.329  2.828  -19.037 0.8571428657
106618  25.939  7.194  -23.502 0.1428571492
107785  28.800  8.348  -20.870 0.5714285970
110305  23.168  10.187  -24.836 0.1428571492
110287  25.230  10.058  -23.583 0.1428571492
112586  23.283  11.956  -24.583 0.1428571492
111440  23.125  10.973  -24.520 0.1428571492
110286  26.292  10.176  -23.170 0.1428571492
111421  26.506  11.218  -22.640 0.1428571492
112566  22.602  12.455  -23.229 0.1428571492
71737  24.490  -19.415  -0.793 0.1428571492
70536  20.286  -20.465  -1.438 0.4285714328
71820  24.355  -19.152  -4.518 0.5714285970
112562  26.893  12.126  -22.238 0.1428571492
73163  22.733  -18.624  -4.216 0.5714285970
74466  22.050  -17.721  -4.217 0.5714285970
75884  20.998  -17.187  -3.768 0.2857142985
74478  23.339  -17.505  -5.055 0.5714285970
75894  22.391  -16.967  -4.808 0.5714285970
74443  20.569  -17.999  -3.014 0.4285714328
75893  22.974  -17.272  -4.973 0.5714285970
75885  20.319  -16.823  -3.567 0.2857142985
77244  21.039  -15.726  -4.812 0.4285714328
74491  25.214  -17.239  -6.184 0.4285714328
77252  23.756  -16.154  -5.855 0.5714285970
77253  22.975  -15.805  -5.775 0.5714285970
77254  21.874  -15.359  -5.583 0.4285714328
77264  25.626  -15.632  -6.737 0.5714285970
77265  24.868  -15.462  -6.428 0.5714285970
77275  26.219  -15.217  -7.274 0.7142857313
78498  25.418  -14.846  -6.845 0.4285714328
77274  26.962  -15.293  -7.759 0.4285714328
77243  21.796  -16.209  -4.951 0.4285714328
77234  19.906  -15.854  -3.841 0.2857142985
77267  22.814  -14.900  -6.166 0.4285714328
75918  26.255  -16.284  -6.930 0.7142857313
78521  28.083  -14.488  -8.733 0.7142857313
81127  26.204  -13.144  -8.252 0.4285714328
79762  28.081  -13.390  -9.527 0.7142857313
81146  27.708  -13.083  -9.358 0.5714285970
81170  28.068  -12.620  -9.810 0.7142857313
81171  27.572  -12.168  -9.529 0.2857142985
77282  28.611  -15.070  -8.595 0.5714285970
77298  28.641  -14.605  -9.078 0.5714285970
78539  27.800  -14.088  -8.887 0.7142857313
79786  29.641  -13.598  -11.248 0.7142857313
82503  28.835  -12.010  -11.205 0.7142857313
82514  29.330  -11.875  -11.920 0.7142857313
83802  28.830  -11.046  -11.304 0.7142857313
83803  28.303  -10.896  -10.704 0.4285714328
85121  29.072  -9.957  -11.739 0.4285714328
78551  30.876  -14.883  -10.854 0.5714285970
78553  29.401  -14.123  -10.350 0.5714285970
78570  31.388  -14.271  -12.537 0.5714285970
81194  30.554  -12.890  -12.873 0.5714285970
82522  29.970  -11.723  -12.966 0.7142857313
83825  30.260  -10.914  -13.853 0.7142857313
85151  30.268  -9.657  -14.189 0.7142857313
85140  29.583  -9.918  -12.601 0.7142857313
86516  29.960  -8.893  -13.112 0.5714285970
87779  30.233  -8.135  -13.852 0.5714285970
79834  32.976  -13.355  -15.431 0.7142857313
81223  31.363  -12.692  -14.729 0.5714285970
81208  31.115  -12.843  -13.854 0.5714285970
82530  31.095  -12.305  -14.956 0.7142857313
82531  30.686  -11.933  -14.650 0.7142857313
85159  30.448  -9.570  -15.392 0.8571428657
86499  29.332  -9.109  -11.986 0.4285714328
86533  30.368  -8.400  -15.788 0.7142857313
87793  30.390  -7.594  -14.669 0.7142857313
87801  30.450  -7.327  -15.568 0.7142857313
87794  30.130  -7.296  -13.857 0.5714285970
89083  30.439  -6.527  -14.903 0.7142857313
82538  31.395  -12.184  -15.391 0.5714285970
85166  30.467  -9.490  -16.566 0.8571428657
86540  30.475  -8.541  -17.094 0.8571428657
89094  30.455  -6.554  -15.961 0.7142857313
90406  30.302  -6.003  -14.749 0.5714285970
92848  30.155  -3.943  -14.855 0.2857142985
83852  30.810  -10.384  -17.256 0.7142857313
87806  30.436  -7.527  -16.552 0.7142857313
94014  30.056  -2.623  -14.992 0.7142857313
87811  30.430  -7.667  -17.746 0.7142857313
89101  30.408  -6.628  -17.150 0.8571428657
90428  30.402  -5.700  -15.206 0.8571428657
94041  30.589  -2.467  -17.043 0.8571428657
90447  30.438  -5.597  -16.434 0.8571428657
92847  30.279  -3.276  -15.266 0.5714285970
92860  30.587  -3.431  -16.361 0.8571428657
95481  30.054  -1.570  -15.915 0.8571428657
95482  29.861  -1.356  -15.381 0.7142857313
90461  30.443  -5.646  -17.760 0.8571428657
92872  30.588  -3.578  -17.640 0.8571428657
96926  29.972  -0.735  -15.947 0.8571428657
95499  30.248  -1.379  -16.507 0.8571428657
96925  30.127  -0.466  -16.523 0.8571428657
96907  29.615  -0.199  -15.228 0.7142857313
101952  28.995  3.514  -16.247 0.7142857313
101938  28.122  3.728  -14.622 0.7142857313
103206  28.496  4.307  -15.404 0.7142857313
103237  29.124  4.733  -17.574 0.7142857313
104374  28.887  5.544  -16.871 0.8571428657
105436  28.619  6.364  -16.235 0.7142857313
104363  28.106  5.251  -15.051 0.7142857313
106512  27.778  7.469  -15.597 0.7142857313
106528  28.120  8.026  -16.192 0.7142857313
106513  26.696  7.394  -15.120 0.5714285970
105474  29.203  6.554  -18.173 0.7142857313
107747  28.967  8.495  -17.231 0.7142857313
107726  27.676  8.537  -16.134 0.5714285970
109003  28.042  9.060  -16.567 0.5714285970
106551  29.246  7.526  -17.832 0.5714285970
107712  26.231  8.084  -15.489 0.5714285970
109021  29.228  9.350  -17.674 0.5714285970
109022  28.563  9.493  -17.013 0.5714285970
109004  27.573  9.670  -16.516 0.5714285970
107727  26.796  8.849  -15.912 0.4285714328
107728  25.785  8.783  -15.840 0.5714285970
107713  25.349  7.925  -15.555 0.4285714328
110211  26.915  10.679  -16.554 0.5714285970
109005  26.388  9.703  -16.245 0.5714285970
110242  29.278  10.234  -18.140 0.5714285970
109006  25.330  9.569  -16.252 0.4285714328
106530  23.770  7.350  -15.859 0.4285714328
110212  25.905  10.603  -16.464 0.5714285970
111358  25.472  11.705  -16.689 0.4285714328
75935  30.530  -16.170  -8.891 0.2857142985
79807  31.674  -13.378  -14.090 0.5714285970
111368  26.371  12.125  -16.738 0.2857142985
110213  24.923  10.505  -16.564 0.4285714328
110214  23.975  10.447  -16.525 0.2857142985
73164  22.046  -18.406  -3.903 0.5714285970
73141  20.991  -18.385  -3.103 0.5714285970
73186  24.614  -18.443  -5.342 0.2857142985
73187  24.008  -18.291  -5.027 0.4285714328
74467  21.384  -17.477  -3.884 0.5714285970
73185  25.414  -18.457  -5.784 0.2857142985
75904  24.874  -17.058  -6.068 0.5714285970
77266  23.850  -15.316  -6.234 0.4285714328
78499  24.540  -14.654  -6.613 0.5714285970
77245  19.950  -15.211  -4.673 0.2857142985
78485  21.305  -14.450  -5.968 0.2857142985
78524  26.292  -14.167  -7.841 0.5714285970
74539  32.030  -17.058  -10.029 0.2857142985
81149  25.160  -12.214  -8.717 0.2857142985
82504  28.341  -11.693  -10.514 0.7142857313
91689  30.435  -4.487  -15.563 0.7142857313
100675  29.290  1.997  -15.674 0.7142857313
101937  28.826  3.007  -15.135 0.7142857313
100662  28.546  2.428  -14.713 0.7142857313
106511  28.354  6.928  -15.834 0.7142857313
106514  25.733  7.286  -15.129 0.5714285970
107729  24.674  8.358  -15.921 0.2857142985
105486  29.344  7.144  -19.295 0.5714285970
107760  29.589  8.485  -18.737 0.5714285970
107771  29.473  8.330  -19.473 0.5714285970
109034  29.538  9.316  -18.463 0.5714285970
110229  27.860  10.797  -16.928 0.5714285970
111366  28.244  11.739  -17.502 0.2857142985
78500  23.640  -14.248  -6.628 0.4285714328
71845  24.681  -19.037  -5.055 0.2857142985
78581  31.941  -14.080  -13.536 0.7142857313
78536  29.737  -14.750  -9.837 0.5714285970
82549  32.101  -11.880  -16.569 0.7142857313
83842  30.623  -10.484  -16.134 0.7142857313
82539  30.942  -11.464  -15.801 0.7142857313
91705  30.514  -4.563  -17.004 0.7142857313
105454  28.961  6.532  -17.240 0.8571428657
75928  27.115  -16.171  -7.446 0.5714285970
77283  27.740  -15.070  -8.190 0.5714285970
98214  29.231  0.658  -14.897 0.7142857313
78561  30.349  -14.233  -11.375 0.5714285970
73162  23.625  -18.577  -4.632 0.5714285970
75895  21.320  -16.747  -4.240 0.5714285970
74455  20.969  -17.758  -3.469 0.5714285970
75896  20.529  -16.026  -4.169 0.4285714328
74477  23.984  -17.655  -5.342 0.5714285970
75906  23.249  -16.818  -5.391 0.5714285970
75907  22.435  -16.241  -5.313 0.4285714328
73120  20.576  -18.623  -2.664 0.5714285970
75919  25.179  -16.462  -6.336 0.5714285970
77268  22.043  -14.566  -6.173 0.4285714328
78512  25.852  -14.266  -7.470 0.5714285970
79732  25.324  -13.727  -7.425 0.4285714328
77284  27.039  -14.677  -8.133 0.5714285970
78522  27.338  -14.194  -8.547 0.7142857313
79763  27.493  -13.565  -8.960 0.5714285970
81148  26.308  -12.621  -8.643 0.4285714328
81128  25.561  -12.817  -8.164 0.4285714328
79745  25.980  -13.628  -7.878 0.4285714328
78554  28.882  -14.045  -9.872 0.7142857313
79778  28.827  -13.499  -10.250 0.7142857313
82459  26.494  -11.985  -9.140 0.2857142985
79787  29.101  -13.117  -10.892 0.7142857313
79796  30.387  -13.664  -12.130 0.7142857313
81195  29.779  -12.859  -12.276 0.7142857313
83817  29.432  -10.869  -12.270 0.7142857313
79795  31.222  -13.357  -13.140 0.5714285970
85152  29.931  -10.014  -13.385 0.7142857313
86515  30.227  -8.846  -13.945 0.7142857313
83834  30.585  -10.664  -14.999 0.5714285970
86527  30.321  -8.703  -14.641 0.7142857313
87780  29.656  -7.523  -13.137 0.2857142985
90429  30.162  -4.959  -14.793 0.5714285970
91675  28.329  -4.199  -14.017 0.2857142985
104362  28.497  5.380  -15.883 0.7142857313
106527  28.601  7.501  -16.552 0.8571428657
110228  28.703  10.598  -17.515 0.7142857313
109007  24.304  9.461  -16.329 0.4285714328
79721  23.214  -13.725  -6.920 0.4285714328
69260  18.882  -20.842  -0.077 0.4285714328
73137  26.332  -18.665  -3.963 0.1428571492
71818  25.676  -19.078  -5.322 0.1428571492
73159  26.178  -18.993  -4.875 0.1428571492
74487  28.224  -17.587  -6.928 0.1428571492
74501  28.562  -16.918  -7.509 0.1428571492
73158  27.129  -18.938  -5.290 0.1428571492
73136  27.099  -18.675  -4.430 0.1428571492
73222  28.960  -17.593  -7.189 0.1428571492
73203  27.849  -18.338  -6.469 0.1428571492
73183  27.502  -19.106  -6.083 0.1428571492
74500  29.474  -17.050  -7.679 0.1428571492
74561  32.293  -16.935  -10.759 0.2857142985
75999  33.889  -16.641  -12.631 0.1428571492
99427  29.406  1.213  -15.622 0.5714285970
114931  24.702  14.711  -23.617 0.1428571492
96896  28.843  -0.036  -14.550 0.4285714328
116029  23.177  15.602  -23.099 0.1428571492
113780  24.736  13.545  -22.339 0.1428571492
100663  27.901  2.298  -14.367 0.4285714328
101925  28.260  2.940  -14.557 0.5714285970
101939  27.497  4.069  -14.424 0.4285714328
114911  26.909  14.712  -21.390 0.2857142985
112524  28.929  12.529  -19.202 0.2857142985
111380  29.002  11.475  -18.328 0.2857142985
113769  28.482  12.862  -20.709 0.2857142985
100695  23.559  2.482  -16.260 0.1428571492
103194  27.307  4.770  -14.421 0.5714285970
105437  28.069  6.227  -15.268 0.5714285970
113748  28.692  13.589  -18.970 0.2857142985
110251  29.479  10.043  -19.041 0.4285714328
103209  24.207  4.341  -15.260 0.4285714328
104364  25.519  5.899  -14.663 0.5714285970
112510  28.548  12.694  -18.217 0.2857142985
104366  23.960  5.329  -15.461 0.4285714328
105441  24.491  6.249  -15.340 0.2857142985
112496  27.730  12.915  -17.510 0.1428571492
104375  23.173  5.358  -15.949 0.1428571492
106529  24.478  7.520  -15.692 0.4285714328
113723  27.144  13.777  -17.417 0.1428571492
114888  27.771  14.667  -18.245 0.1428571492
105456  22.989  6.388  -16.087 0.2857142985
112485  25.264  12.480  -16.708 0.2857142985
111361  22.835  11.535  -16.201 0.1428571492
112498  25.867  12.791  -16.749 0.1428571492
113725  25.556  13.681  -16.688 0.1428571492
113724  26.326  13.686  -16.982 0.1428571492
113713  24.774  13.596  -16.491 0.1428571492
71739  19.206  -19.929  -0.856 0.4285714328
73102  18.746  -18.819  -1.074 0.2857142985
73160  25.634  -18.947  -4.296 0.1428571492
71842  28.148  -19.225  -6.126 0.1428571492
74516  30.850  -16.995  -8.561 0.1428571492
99416  27.582  1.411  -14.332 0.2857142985
106593  29.021  7.713  -20.497 0.4285714328
111401  29.012  11.153  -20.375 0.2857142985
115980  28.280  14.822  -19.264 0.2857142985
113759  28.651  13.475  -20.177 0.2857142985
115981  27.943  15.447  -18.974 0.2857142985
71738  23.907  -19.595  -0.720 0.1428571492
73117  25.428  -18.840  -2.722 0.1428571492
73098  26.147  -18.700  -2.212 0.1428571492
75986  32.773  -16.640  -11.802 0.1428571492
75934  31.247  -16.762  -9.233 0.1428571492
98202  28.154  0.632  -14.422 0.4285714328
101941  23.812  3.416  -15.728 0.2857142985
110260  29.350  9.924  -19.982 0.4285714328
115999  27.344  15.490  -20.849 0.2857142985
114904  27.766  14.529  -20.840 0.2857142985
112550  28.422  12.188  -20.965 0.2857142985
113770  27.705  13.434  -21.387 0.2857142985
114913  24.801  14.809  -21.862 0.1428571492
114914  24.015  15.181  -22.041 0.1428571492
114880  27.187  14.687  -17.679 0.2857142985
115989  27.793  15.717  -20.013 0.2857142985
114919  24.480  14.271  -22.121 0.1428571492
114920  23.658  14.661  -22.337 0.1428571492
113779  26.405  13.096  -22.206 0.1428571492
76009  34.570  -16.399  -13.314 0.2857142985
111409  28.364  11.181  -21.322 0.4285714328
116005  26.486  15.600  -21.353 0.2857142985
113778  27.230  12.713  -21.909 0.2857142985
70537  19.606  -20.327  -1.044 0.4285714328
70517  19.222  -20.484  -0.544 0.4285714328
75970  31.957  -16.396  -10.817 0.4285714328
109054  29.367  8.991  -19.902 0.4285714328
112551  27.712  12.138  -21.628 0.2857142985
101926  27.396  3.254  -14.305 0.4285714328
103207  27.826  4.568  -14.629 0.5714285970
104346  26.971  5.249  -14.386 0.5714285970
105438  27.191  6.628  -14.811 0.5714285970
111400  29.303  10.696  -19.539 0.2857142985
111359  24.516  11.306  -16.709 0.2857142985
111367  27.238  11.813  -16.892 0.2857142985
99428  29.151  1.363  -14.990 0.5714285970
105423  26.732  5.922  -14.510 0.5714285970
73221  29.761  -18.045  -7.233 0.1428571492
100665  26.127  2.044  -14.383 0.2857142985
114903  28.306  14.432  -20.264 0.2857142985
112538  28.846  12.296  -20.162 0.2857142985
101940  24.486  3.360  -15.173 0.2857142985
104348  25.317  4.758  -14.552 0.4285714328
113732  28.099  13.743  -18.154 0.1428571492
104365  24.864  5.340  -14.802 0.4285714328
103210  23.442  4.374  -15.788 0.2857142985
104347  25.970  5.281  -14.438 0.5714285970
105440  25.226  6.438  -14.925 0.5714285970
105455  23.757  6.273  -15.714 0.4285714328
73088  18.386  -19.003  -0.507 0.2857142985
73240  31.151  -17.686  -8.326 0.1428571492
98203  27.255  0.511  -14.407 0.2857142985
113771  25.925  14.113  -21.859 0.2857142985
87767  29.251  -8.030  -12.327 0.4285714328
90408  28.795  -5.214  -13.899 0.2857142985
118113  26.443  17.858  -19.822 0.1428571492
117093  26.881  16.102  -21.099 0.1428571492
119170  24.675  18.043  -21.150 0.1428571492
115969  25.755  15.528  -16.710 0.1428571492
119160  25.851  18.488  -20.145 0.1428571492
118120  26.662  17.274  -20.305 0.1428571492
117086  26.529  17.035  -20.726 0.1428571492
117073  26.735  16.852  -17.986 0.1428571492
118102  26.370  17.234  -17.819 0.1428571492
118108  27.143  16.952  -19.045 0.1428571492
119149  25.861  18.304  -18.609 0.1428571492
119162  24.384  18.995  -20.744 0.1428571492
117077  27.472  16.428  -19.451 0.1428571492
118109  26.506  17.564  -18.622 0.1428571492
119142  24.900  18.611  -17.586 0.1428571492
120152  25.621  18.858  -19.755 0.1428571492
90391  29.530  -6.168  -13.905 0.2857142985
118103  25.635  17.702  -17.530 0.1428571492
120153  25.137  19.260  -19.405 0.1428571492
119171  23.974  18.459  -21.234 0.1428571492
75917  26.776  -16.656  -7.048 0.2857142985
117094  26.164  16.585  -21.226 0.1428571492
118121  25.952  17.619  -20.707 0.1428571492
118129  25.363  17.181  -21.222 0.1428571492
119150  25.392  18.545  -18.144 0.1428571492
118104  24.892  18.179  -17.218 0.1428571492
74490  25.788  -17.196  -6.446 0.4285714328
71780  21.157  -19.518  -2.614 0.4285714328
71779  21.927  -19.987  -2.917 0.2857142985
70550  22.555  -20.251  -2.404 0.1428571492
71800  22.286  -19.576  -3.449 0.2857142985
73139  22.280  -18.961  -3.810 0.2857142985
70552  20.785  -20.068  -2.070 0.2857142985
106515  24.889  7.177  -15.387 0.4285714328
71799  23.383  -19.982  -3.411 0.1428571492
70566  22.619  -20.154  -3.059 0.1428571492
71822  22.789  -19.399  -3.923 0.2857142985
73140  21.605  -18.689  -3.473 0.4285714328
71801  21.613  -19.373  -3.121 0.2857142985
103196  25.690  4.158  -14.423 0.2857142985
70551  21.662  -20.291  -2.284 0.2857142985
71782  19.813  -19.242  -1.840 0.2857142985
71758  19.505  -19.637  -1.353 0.2857142985
71781  20.359  -19.302  -2.203 0.2857142985
73121  19.725  -18.566  -2.159 0.2857142985
78514  24.337  -14.123  -6.809 0.2857142985
79746  24.925  -13.108  -7.687 0.2857142985
81129  24.517  -12.560  -8.278 0.2857142985
82484  27.786  -11.780  -9.853 0.1428571492
83784  27.634  -10.829  -10.227 0.1428571492
85122  28.250  -10.032  -10.915 0.2857142985
86500  28.513  -8.461  -11.789 0.1428571492
90409  27.702  -5.026  -13.791 0.1428571492
92835  28.913  -3.183  -14.121 0.1428571492
94016  28.247  -2.166  -14.174 0.1428571492
92836  27.763  -3.215  -14.089 0.1428571492
95470  28.561  -1.095  -14.423 0.1428571492
95472  26.613  -1.402  -14.543 0.1428571492
99418  25.561  1.269  -14.803 0.1428571492
101927  26.196  3.091  -14.305 0.1428571492
99431  23.961  1.893  -15.970 0.1428571492
100666  25.424  2.317  -14.612 0.1428571492
107730  23.578  8.442  -16.107 0.1428571492
106531  22.801  7.453  -16.104 0.1428571492
107731  22.605  8.509  -16.123 0.1428571492
109008  23.338  9.493  -16.218 0.1428571492
71740  18.643  -19.675  -0.399 0.2857142985
71757  20.123  -19.768  -1.823 0.1428571492
95469  29.305  -0.816  -14.767 0.2857142985
96898  26.955  -0.430  -14.506 0.1428571492
101928  25.179  3.259  -14.631 0.1428571492
71725  18.352  -19.796  0.083 0.2857142985
78501  22.612  -14.128  -6.541 0.2857142985
79733  24.111  -13.624  -7.150 0.2857142985
79747  23.802  -12.941  -7.855 0.2857142985
85123  27.324  -9.492  -10.808 0.1428571492
87768  28.131  -7.460  -12.340 0.1428571492
89058  27.900  -6.849  -12.715 0.1428571492
89068  29.611  -6.612  -13.719 0.1428571492
90410  26.674  -5.027  -13.964 0.1428571492
91676  27.235  -4.173  -14.097 0.1428571492
92837  26.735  -3.278  -14.340 0.1428571492
99430  24.528  1.309  -15.537 0.1428571492
79734  23.033  -13.318  -7.491 0.2857142985
86486  28.720  -9.318  -11.547 0.1428571492
105457  22.095  6.476  -16.320 0.1428571492
78502  21.740  -13.973  -6.518 0.1428571492
96897  27.895  -0.279  -14.395 0.1428571492
99417  26.627  1.312  -14.404 0.1428571492
73122  19.109  -18.375  -1.703 0.2857142985
81130  23.519  -12.554  -8.551 0.1428571492
94017  27.177  -2.283  -14.274 0.1428571492
91677  26.260  -4.241  -14.442 0.1428571492
73089  18.028  -19.048  -0.044 0.1428571492
74417  17.580  -17.970  0.001 0.1428571492
73103  18.131  -18.516  -0.538 0.1428571492
74445  19.096  -17.623  -2.142 0.1428571492
78588  34.657  -14.805  -14.722 0.1428571492
77338  35.070  -15.974  -14.037 0.1428571492
100756  27.367  2.452  -23.189 0.1428571492
70497  18.156  -20.430  0.673 0.1428571492
74432  18.085  -17.737  -0.988 0.1428571492
74444  19.947  -17.783  -2.745 0.1428571492
74431  18.638  -17.981  -1.543 0.1428571492
75886  19.551  -16.149  -3.364 0.1428571492
99503  27.200  1.679  -23.757 0.1428571492
102027  27.208  3.649  -23.027 0.1428571492
98287  27.418  0.974  -23.614 0.1428571492
70496  18.479  -20.260  0.155 0.1428571492
78587  35.246  -14.587  -14.571 0.1428571492
75872  19.978  -17.268  -3.128 0.1428571492
77255  20.774  -14.927  -5.408 0.1428571492
71759  19.020  -19.516  -0.928 0.1428571492
71726  18.018  -19.712  0.533 0.1428571492
75873  19.477  -16.870  -2.870 0.1428571492
68002  20.528  -22.206  1.032 0.1428571492
68005  18.597  -21.707  0.703 0.2857142985
69238  21.646  -21.452  0.682 0.2857142985
69259  19.511  -21.221  -0.251 0.4285714328
70518  18.801  -20.326  -0.231 0.4285714328
70533  23.110  -20.004  -1.777 0.2857142985
70565  23.084  -20.187  -2.718 0.1428571492
71741  18.256  -19.552  0.041 0.2857142985
71865  28.301  -19.016  -6.282 0.1428571492
73099  25.623  -18.807  -1.924 0.1428571492
73100  25.205  -18.969  -1.774 0.2857142985
73101  19.387  -18.918  -1.614 0.2857142985
73119  21.210  -18.906  -2.968 0.5714285970
73161  24.261  -18.729  -4.906 0.2857142985
74454  21.607  -18.006  -3.781 0.5714285970
74456  20.342  -17.526  -3.189 0.4285714328
74464  23.579  -17.968  -4.932 0.5714285970
74465  22.958  -17.800  -4.666 0.5714285970
74475  25.448  -17.753  -6.123 0.2857142985
74476  24.844  -17.646  -5.797 0.2857142985
74499  30.391  -17.429  -7.882 0.1428571492
74503  27.124  -16.905  -7.063 0.2857142985
74517  30.088  -16.659  -8.185 0.2857142985
75905  24.323  -16.835  -5.841 0.5714285970
75920  24.404  -16.033  -6.112 0.5714285970
75925  29.537  -16.515  -8.045 0.4285714328
75929  26.643  -15.728  -7.381 0.7142857313
75936  29.620  -16.056  -8.384 0.4285714328
75938  28.306  -15.437  -8.224 0.5714285970
75969  32.432  -16.860  -11.121 0.2857142985
75987  32.177  -16.201  -11.481 0.4285714328
76000  33.200  -16.332  -12.471 0.1428571492
76010  34.161  -16.316  -13.221 0.1428571492
77273  27.470  -15.615  -7.829 0.7142857313
77281  29.408  -15.476  -8.750 0.8571428657
77295  30.839  -15.756  -9.631 0.7142857313
77312  30.431  -15.006  -10.122 0.7142857313
77330  33.455  -16.141  -12.815 0.1428571492
77340  32.998  -15.280  -13.451 0.8571428657
77345  34.626  -15.496  -14.318 0.1428571492
77346  34.222  -15.321  -14.406 0.2857142985
78511  26.527  -14.625  -7.796 0.5714285970
78513  24.992  -14.136  -6.973 0.2857142985
78523  26.667  -14.153  -8.147 0.5714285970
78537  29.021  -14.439  -9.599 0.7142857313
78538  28.324  -14.047  -9.363 0.7142857313
78560  31.192  -14.692  -11.717 0.5714285970
78562  29.843  -14.165  -10.893 0.5714285970
78571  30.811  -14.236  -11.949 0.5714285970
78578  35.076  -15.229  -14.386 0.1428571492
78580  32.753  -14.678  -13.981 0.7142857313
79720  23.651  -13.825  -6.877 0.4285714328
79722  22.318  -13.574  -7.018 0.4285714328
79731  25.759  -13.866  -7.605 0.4285714328
79743  27.209  -13.789  -8.657 0.7142857313
79744  26.789  -13.542  -8.476 0.4285714328
79764  26.982  -13.100  -8.768 0.4285714328
79777  29.301  -13.742  -10.595 0.7142857313
79785  30.088  -13.874  -11.613 0.7142857313
79797  29.890  -13.417  -11.924 0.7142857313
79817  35.167  -13.800  -15.183 0.1428571492
79819  33.419  -13.908  -15.038 0.8571428657
79820  32.739  -13.675  -14.924 0.8571428657
79832  34.482  -13.334  -15.675 0.7142857313
79835  32.537  -13.287  -15.203 0.7142857313
81147  27.231  -12.613  -9.175 0.5714285970
81180  29.219  -12.697  -11.387 0.7142857313
81181  28.711  -12.630  -10.690 0.7142857313
81193  30.915  -12.824  -13.339 0.5714285970
81209  30.593  -12.358  -13.581 0.7142857313
81210  30.226  -12.455  -12.929 0.5714285970
81224  30.903  -12.480  -14.222 0.7142857313
81231  35.364  -12.962  -15.533 0.1428571492
81232  34.632  -12.628  -16.049 0.5714285970
81235  32.301  -12.752  -15.549 0.7142857313
81243  33.982  -12.305  -16.806 0.5714285970
81244  33.162  -12.332  -16.691 0.8571428657
81245  32.700  -12.451  -16.205 0.8571428657
81252  33.670  -11.972  -17.140 0.5714285970
82521  30.394  -11.728  -13.763 0.7142857313
82546  34.638  -11.963  -16.413 0.5714285970
82547  34.276  -11.994  -16.789 0.5714285970
82558  34.318  -11.655  -16.849 0.2857142985
82560  33.078  -11.723  -17.304 0.5714285970
82561  32.185  -11.237  -17.499 0.8571428657
83826  29.827  -10.689  -13.027 0.7142857313
83849  34.482  -11.291  -16.599 0.2857142985
83851  31.536  -11.054  -17.243 0.8571428657
83870  32.339  -10.115  -18.620 0.7142857313
85104  27.551  -10.070  -10.533 0.1428571492
85172  33.777  -9.679  -17.378 0.1428571492
85180  31.168  -9.773  -18.641 0.8571428657
85181  30.643  -9.362  -18.506 0.8571428657
85188  31.411  -9.536  -19.181 0.8571428657
85194  31.872  -9.118  -19.772 0.5714285970
85195  31.496  -9.230  -19.596 0.7142857313
85196  31.186  -9.280  -19.403 0.8571428657
86485  29.060  -9.454  -11.743 0.4285714328
86552  32.652  -9.189  -19.357 0.1428571492
86558  32.869  -8.223  -19.692 0.1428571492
86561  31.011  -8.933  -19.619 0.7142857313
87781  28.977  -7.365  -12.638 0.1428571492
87828  32.003  -7.410  -20.875 0.2857142985
87829  31.267  -7.433  -20.917 0.4285714328
87830  30.692  -7.230  -20.912 0.5714285970
89069  28.666  -6.714  -13.025 0.1428571492
89084  30.185  -6.750  -14.226 0.7142857313
89116  33.030  -6.685  -19.861 0.1428571492
89126  30.551  -6.823  -21.160 0.5714285970
90392  29.108  -6.059  -13.704 0.2857142985
90407  29.861  -5.824  -14.293 0.5714285970
90497  30.948  -5.479  -21.958 0.1428571492
90498  30.815  -5.684  -21.780 0.1428571492
91674  29.567  -4.366  -14.358 0.2857142985
91690  30.172  -4.435  -14.820 0.5714285970
91746  30.162  -4.968  -20.271 0.8571428657
91757  31.710  -5.226  -21.505 0.1428571492
91767  31.907  -4.560  -21.669 0.1428571492
91777  30.459  -4.395  -22.682 0.5714285970
92833  30.110  -3.035  -14.916 0.5714285970
92834  29.828  -3.205  -14.663 0.5714285970
92883  30.364  -3.714  -18.826 0.8571428657
92923  31.218  -4.299  -22.705 0.1428571492
92935  31.382  -3.704  -22.855 0.1428571492
92943  29.777  -3.249  -23.934 0.2857142985
92944  29.467  -2.848  -23.898 0.1428571492
94015  29.416  -2.035  -14.582 0.1428571492
94026  30.192  -2.271  -15.821 0.8571428657
94027  29.952  -2.050  -15.139 0.7142857313
94070  29.648  -2.547  -21.103 0.8571428657
94082  29.851  -3.562  -21.340 0.8571428657
94108  31.263  -3.087  -23.171 0.1428571492
94109  30.671  -2.988  -23.689 0.1428571492
94122  30.082  -2.832  -24.203 0.1428571492
94124  29.268  -2.256  -23.961 0.1428571492
94130  29.294  -1.839  -24.284 0.1428571492
94131  29.247  -1.951  -24.149 0.1428571492
95471  27.575  -1.276  -14.370 0.1428571492
95500  30.024  -1.259  -15.934 0.8571428657
95533  29.680  -1.825  -20.435 0.8571428657
95548  28.659  -1.143  -22.636 0.1428571492
95555  28.922  -1.795  -23.602 0.1428571492
95579  28.898  -1.484  -24.559 0.1428571492
95580  28.510  -1.250  -24.477 0.1428571492
96895  29.297  -0.235  -14.790 0.7142857313
96899  26.075  -0.549  -14.803 0.1428571492
96908  29.288  0.060  -14.809 0.7142857313
96939  30.362  -0.715  -17.197 0.8571428657
96968  28.509  -0.153  -21.687 0.7142857313
96984  28.104  -0.518  -23.541 0.1428571492
96991  28.061  -0.691  -24.430 0.1428571492
98201  28.717  0.687  -14.589 0.4285714328
98213  29.550  0.483  -15.460 0.7142857313
98233  30.077  -0.110  -16.504 0.8571428657
98246  30.165  -0.106  -16.830 0.8571428657
98247  29.984  0.450  -17.139 0.8571428657
99415  28.568  1.451  -14.620 0.5714285970
99419  24.980  1.809  -14.896 0.1428571492
99447  29.645  1.136  -16.588 0.5714285970
99502  27.547  1.542  -23.024 0.1428571492
100664  26.965  2.240  -14.198 0.4285714328
100676  29.053  2.004  -15.120 0.7142857313
100677  24.747  2.424  -15.042 0.1428571492
100678  24.189  2.488  -15.645 0.1428571492
100694  29.429  1.772  -16.164 0.7142857313
100733  29.323  2.581  -19.544 0.8571428657
101924  28.555  2.800  -14.761 0.5714285970
101936  29.152  2.402  -15.473 0.7142857313
101951  29.294  2.526  -16.074 0.7142857313
103195  26.787  4.301  -14.300 0.5714285970
103197  24.880  4.206  -14.710 0.4285714328
103208  27.352  4.438  -14.409 0.5714285970
103216  28.825  4.544  -16.547 0.7142857313
103282  27.863  4.641  -21.813 0.4285714328
104345  27.587  5.238  -14.629 0.7142857313
104393  29.133  5.684  -17.857 0.8571428657
105421  27.826  5.660  -14.851 0.7142857313
105422  27.421  5.848  -14.669 0.5714285970
105439  26.129  6.459  -14.676 0.5714285970
105528  26.939  6.437  -22.855 0.2857142985
106516  24.269  6.920  -15.613 0.4285714328
106550  29.475  8.019  -18.351 0.5714285970
106564  29.453  7.569  -18.868 0.5714285970
106565  29.300  7.072  -18.472 0.5714285970
106578  29.291  7.444  -19.786 0.4285714328
106579  28.968  7.082  -20.434 0.7142857313
106617  26.719  7.215  -23.116 0.1428571492
107711  27.052  8.104  -15.592 0.5714285970
107714  24.841  7.752  -15.650 0.4285714328
107725  28.334  8.524  -16.607 0.7142857313
107746  29.442  8.529  -18.008 0.5714285970
107784  29.218  8.332  -20.193 0.5714285970
107812  26.433  8.093  -23.326 0.1428571492
109023  28.218  10.158  -16.940 0.5714285970
109041  29.558  9.187  -19.282 0.5714285970
109068  28.483  9.219  -21.250 0.5714285970
109084  25.998  9.097  -23.550 0.1428571492
109097  23.338  9.650  -24.815 0.1428571492
110227  28.995  9.937  -17.545 0.5714285970
110243  29.111  10.807  -18.034 0.5714285970
110304  22.949  10.031  -24.299 0.1428571492
111357  26.391  11.396  -16.623 0.4285714328
111379  29.196  10.839  -18.317 0.5714285970
111389  29.287  10.812  -18.795 0.5714285970
111390  29.142  11.508  -19.411 0.2857142985
111423  23.903  11.464  -23.263 0.1428571492
111437  24.442  10.699  -23.494 0.1428571492
112497  26.801  12.860  -17.022 0.1428571492
112499  25.198  12.993  -16.666 0.1428571492
112565  23.073  12.244  -23.209 0.1428571492
112574  23.028  11.705  -23.563 0.1428571492
113722  27.662  13.640  -17.726 0.1428571492
113733  27.600  14.110  -17.833 0.1428571492
113760  28.216  14.004  -20.733 0.2857142985
113772  25.115  14.153  -22.015 0.1428571492
113790  23.133  13.424  -23.496 0.1428571492
113800  23.779  12.823  -24.449 0.1428571492
114887  28.282  14.455  -18.831 0.2857142985
114896  28.510  14.329  -19.540 0.2857142985
115968  26.198  16.024  -16.977 0.1428571492
115976  27.333  15.515  -18.057 0.2857142985
115988  28.207  14.999  -19.744 0.2857142985
115998  27.932  15.050  -20.361 0.2857142985
117060  25.851  16.359  -16.891 0.1428571492
117069  26.314  16.635  -17.353 0.1428571492
117072  27.217  16.451  -18.537 0.1428571492
117085  27.124  16.555  -20.497 0.1428571492
118110  25.890  18.053  -18.203 0.1428571492
118112  27.000  17.170  -19.640 0.1428571492
118122  25.134  17.766  -21.089 0.1428571492
119152  25.915  18.503  -19.307 0.1428571492
119153  25.496  18.808  -18.774 0.1428571492
119161  25.034  18.484  -20.717 0.1428571492
120142  24.880  18.993  -17.953 0.1428571492
120149  24.966  19.230  -18.438 0.1428571492
120160  25.342  18.965  -20.107 0.1428571492
