#!ascii label  , from subject 3467 vox2ras=TkReg
1401
108660  -54.063  -2.236  55.936 0.0000000000
125378  -46.669  16.236  45.599 0.0000000000
120942  -50.517  11.999  55.505 0.0000000000
115947  -57.469  5.215  43.386 0.0000000000
121880  -50.285  12.153  38.686 0.0000000000
122678  -54.252  13.019  43.351 0.0000000000
119419  -53.524  8.878  39.825 0.0000000000
115941  -50.167  5.306  43.459 0.0000000000
105692  -47.921  -5.476  58.404 0.0000000000
109623  -51.117  -1.024  56.057 0.0000000000
129489  -38.439  21.675  43.994 0.0000000000
128723  -46.251  20.925  42.802 0.0000000000
127159  -51.049  18.398  38.296 0.0000000000
114950  -51.525  4.914  50.698 0.0000000000
121786  -50.883  12.840  49.471 0.0000000000
119304  -53.287  9.517  48.831 0.0000000000
113224  -55.388  2.726  48.865 0.0000000000
113272  -49.851  2.148  44.128 0.0000000000
114177  -45.214  3.513  39.822 0.0000000000
109656  -51.844  -1.997  53.275 0.0000000000
121100  -50.467  10.996  36.011 0.0000000000
120314  -53.253  10.713  38.065 0.0000000000
118539  -51.590  8.304  36.881 0.0000000000
119404  -51.192  8.843  40.880 0.0000000000
107627  -50.048  -3.043  57.110 0.0000000000
110589  -48.251  -0.413  54.129 0.0000000000
129475  -34.620  21.390  46.032 0.0000000000
127953  -48.638  19.776  40.485 0.0000000000
116782  -48.780  6.047  50.859 0.0000000000
118396  -51.515  8.243  52.922 0.0000000000
125361  -44.168  16.241  46.839 0.0000000000
123537  -48.764  14.990  47.311 0.0000000000
119371  -56.346  9.689  43.543 0.0000000000
121013  -53.927  12.137  46.166 0.0000000000
118450  -54.892  7.833  46.059 0.0000000000
116795  -55.350  6.043  48.480 0.0000000000
114112  -55.708  3.826  46.405 0.0000000000
113229  -52.946  2.445  47.078 0.0000000000
113276  -54.087  2.612  43.706 0.0000000000
116000  -47.769  5.114  39.751 0.0000000000
123585  -48.280  13.907  42.350 0.0000000000
123560  -51.402  14.658  44.370 0.0000000000
121842  -53.059  12.603  41.125 0.0000000000
120268  -56.061  10.936  40.623 0.0000000000
118493  -55.963  8.038  41.912 0.0000000000
115007  -53.480  4.800  42.760 0.0000000000
118467  -52.732  7.858  44.043 0.0000000000
118464  -49.342  8.168  44.223 0.0000000000
104687  -51.942  -6.243  59.724 0.0000000000
107582  -52.932  -3.541  59.438 0.0000000000
109606  -54.343  -1.114  57.707 0.0000000000
127086  -35.756  18.569  47.431 0.0000000000
127096  -39.031  18.647  45.863 0.0000000000
127101  -43.388  18.758  45.384 0.0000000000
126253  -44.936  18.067  42.904 0.0000000000
124519  -47.143  15.780  40.244 0.0000000000
123620  -49.287  14.759  36.913 0.0000000000
122744  -51.355  13.929  34.410 0.0000000000
126334  -51.366  16.793  35.369 0.0000000000
112373  -48.631  1.790  52.669 0.0000000000
113182  -51.760  2.176  53.623 0.0000000000
113171  -54.259  1.736  53.844 0.0000000000
123471  -51.641  14.183  54.048 0.0000000000
123541  -53.484  14.551  47.569 0.0000000000
123513  -54.275  13.804  50.128 0.0000000000
120983  -53.358  11.474  53.156 0.0000000000
117600  -53.335  7.749  50.675 0.0000000000
114104  -54.927  3.855  50.599 0.0000000000
111537  -54.775  0.957  52.698 0.0000000000
111553  -52.383  0.680  49.833 0.0000000000
111567  -49.944  1.185  48.223 0.0000000000
112420  -47.385  1.609  45.682 0.0000000000
113345  -50.948  3.116  40.529 0.0000000000
113307  -47.115  2.626  42.287 0.0000000000
113267  -44.557  1.908  44.186 0.0000000000
107621  -54.140  -3.420  57.663 0.0000000000
107641  -52.806  -3.176  55.671 0.0000000000
108674  -52.912  -2.330  54.884 0.0000000000
120358  -50.186  10.759  34.787 0.0000000000
118559  -51.222  9.330  35.673 0.0000000000
118557  -49.982  8.395  35.323 0.0000000000
118527  -49.811  8.359  37.375 0.0000000000
119251  -51.433  10.056  54.286 0.0000000000
125371  -45.255  16.766  46.286 0.0000000000
118484  -57.454  8.021  43.157 0.0000000000
118469  -55.973  8.534  44.626 0.0000000000
116842  -57.097  6.072  44.688 0.0000000000
116812  -55.952  5.486  46.095 0.0000000000
114981  -56.641  4.574  44.866 0.0000000000
113258  -54.908  3.135  44.692 0.0000000000
114145  -56.108  3.594  43.099 0.0000000000
122710  -48.955  13.140  40.462 0.0000000000
122700  -50.457  12.828  41.802 0.0000000000
121851  -50.940  12.473  40.430 0.0000000000
119450  -53.796  9.500  38.272 0.0000000000
121068  -54.410  11.280  39.203 0.0000000000
119421  -55.551  9.863  39.954 0.0000000000
119409  -56.297  9.553  40.873 0.0000000000
118502  -54.600  8.663  41.371 0.0000000000
118482  -54.508  7.838  43.144 0.0000000000
118491  -53.473  8.593  42.112 0.0000000000
119370  -50.156  9.010  42.725 0.0000000000
108647  -50.495  -2.324  56.852 0.0000000000
107601  -51.952  -3.350  58.869 0.0000000000
108621  -52.209  -2.476  58.293 0.0000000000
109589  -53.857  -1.802  58.262 0.0000000000
109615  -52.859  -0.894  57.072 0.0000000000
129487  -36.425  21.834  44.550 0.0000000000
127926  -36.796  19.564  45.742 0.0000000000
128703  -39.106  20.059  44.935 0.0000000000
127099  -41.742  18.899  45.613 0.0000000000
128705  -41.173  20.051  44.861 0.0000000000
129508  -44.856  21.261  43.514 0.0000000000
128719  -44.226  20.324  43.780 0.0000000000
127110  -45.088  19.072  42.629 0.0000000000
125413  -46.105  16.879  41.435 0.0000000000
127128  -46.419  18.920  41.104 0.0000000000
127964  -49.777  19.351  39.794 0.0000000000
125432  -48.999  17.271  38.537 0.0000000000
125444  -50.218  16.986  37.538 0.0000000000
123628  -50.651  14.581  35.761 0.0000000000
125468  -51.117  16.029  36.375 0.0000000000
124571  -51.772  15.195  35.167 0.0000000000
126302  -51.472  17.924  37.289 0.0000000000
117574  -45.339  7.160  52.496 0.0000000000
115852  -44.214  5.430  52.602 0.0000000000
114932  -45.581  4.694  52.021 0.0000000000
113200  -47.075  2.363  51.930 0.0000000000
114079  -46.772  4.193  51.618 0.0000000000
114949  -50.634  4.954  50.882 0.0000000000
114095  -49.595  3.557  51.747 0.0000000000
114082  -51.356  3.125  52.471 0.0000000000
113183  -52.821  2.182  53.724 0.0000000000
114084  -53.384  3.192  52.326 0.0000000000
121767  -49.690  12.588  50.433 0.0000000000
122577  -50.316  13.941  53.329 0.0000000000
122602  -51.856  13.773  51.588 0.0000000000
123577  -53.154  13.933  43.774 0.0000000000
124465  -52.172  15.385  45.881 0.0000000000
123551  -53.940  14.371  45.279 0.0000000000
121010  -53.108  11.368  47.445 0.0000000000
121802  -54.205  12.864  47.975 0.0000000000
121770  -53.585  12.076  50.204 0.0000000000
122604  -53.630  13.064  51.971 0.0000000000
120990  -53.312  11.309  51.012 0.0000000000
119290  -53.435  9.538  52.337 0.0000000000
119302  -54.044  8.592  50.279 0.0000000000
114958  -55.569  4.414  48.890 0.0000000000
114957  -55.199  4.716  49.417 0.0000000000
114102  -55.504  3.094  50.383 0.0000000000
113209  -55.443  2.168  51.966 0.0000000000
112382  -55.221  1.973  50.269 0.0000000000
111548  -54.309  1.002  50.942 0.0000000000
112385  -53.644  1.397  49.536 0.0000000000
113239  -51.646  2.255  45.986 0.0000000000
112398  -51.540  1.775  47.709 0.0000000000
113237  -49.953  2.177  46.190 0.0000000000
112405  -48.322  1.423  46.733 0.0000000000
113252  -48.610  2.168  45.136 0.0000000000
115943  -52.137  5.112  43.418 0.0000000000
115039  -52.637  4.163  41.264 0.0000000000
115037  -50.897  4.575  41.000 0.0000000000
114196  -46.607  4.207  39.265 0.0000000000
114179  -47.514  3.555  39.720 0.0000000000
113344  -46.165  3.050  40.597 0.0000000000
113287  -45.798  2.290  43.260 0.0000000000
113323  -44.261  2.695  41.415 0.0000000000
113303  -42.544  2.212  42.567 0.0000000000
105696  -55.355  -5.483  59.489 0.0000000000
109665  -50.802  -2.045  52.281 0.0000000000
121088  -50.030  11.741  37.657 0.0000000000
121078  -51.699  11.344  38.170 0.0000000000
120322  -51.633  10.536  36.947 0.0000000000
119465  -52.743  9.563  37.205 0.0000000000
118521  -52.942  8.680  38.898 0.0000000000
119418  -52.687  8.678  40.125 0.0000000000
118510  -50.936  8.412  38.767 0.0000000000
106695  -48.752  -4.447  58.149 0.0000000000
107626  -48.881  -3.410  56.696 0.0000000000
110577  -49.897  -0.762  55.146 0.0000000000
130958  -36.961  23.229  44.392 0.0000000000
128730  -47.134  20.428  41.748 0.0000000000
128740  -50.820  20.411  40.401 0.0000000000
127966  -51.620  19.561  39.294 0.0000000000
115856  -47.432  5.972  51.591 0.0000000000
117578  -49.666  7.828  52.192 0.0000000000
117598  -50.942  7.275  50.976 0.0000000000
122651  -50.416  13.897  47.498 0.0000000000
121035  -55.162  11.712  43.611 0.0000000000
121814  -54.643  12.487  44.379 0.0000000000
120219  -54.885  10.540  44.520 0.0000000000
119331  -54.590  9.112  45.452 0.0000000000
119315  -53.485  8.959  46.921 0.0000000000
118423  -54.483  7.871  48.061 0.0000000000
117626  -55.305  6.605  46.934 0.0000000000
115886  -55.570  5.116  47.268 0.0000000000
113227  -55.288  2.974  47.730 0.0000000000
112393  -54.257  2.209  48.406 0.0000000000
113242  -54.585  3.026  45.819 0.0000000000
113256  -52.871  2.381  44.958 0.0000000000
113274  -51.986  2.246  43.931 0.0000000000
115020  -49.410  5.139  41.620 0.0000000000
123421  -50.582  14.624  56.853 0.0000000000
123571  -48.004  14.736  43.948 0.0000000000
124478  -48.886  15.231  44.981 0.0000000000
123573  -49.964  14.139  43.760 0.0000000000
122674  -51.460  13.603  43.193 0.0000000000
122689  -53.528  13.273  42.634 0.0000000000
121067  -53.487  11.709  39.326 0.0000000000
121855  -54.438  12.270  40.487 0.0000000000
121833  -55.415  11.787  41.983 0.0000000000
120250  -56.361  10.630  42.343 0.0000000000
119393  -57.379  8.363  42.044 0.0000000000
116853  -57.195  6.264  42.554 0.0000000000
115027  -56.223  4.885  42.741 0.0000000000
116847  -55.754  6.423  42.795 0.0000000000
116838  -53.438  6.356  44.344 0.0000000000
116836  -51.315  6.414  44.510 0.0000000000
118490  -52.150  8.681  42.383 0.0000000000
118466  -51.636  8.049  44.037 0.0000000000
106655  -50.306  -4.867  59.304 0.0000000000
105678  -52.736  -5.451  60.229 0.0000000000
105669  -54.835  -5.703  60.409 0.0000000000
107604  -55.035  -4.169  59.476 0.0000000000
108639  -54.812  -2.563  57.852 0.0000000000
108650  -55.144  -1.977  57.046 0.0000000000
126223  -38.221  16.873  47.396 0.0000000000
127088  -37.437  18.172  46.738 0.0000000000
126228  -39.385  17.288  46.621 0.0000000000
126230  -41.481  17.477  46.332 0.0000000000
126232  -43.410  17.718  46.188 0.0000000000
126238  -44.848  17.239  45.276 0.0000000000
129503  -40.179  21.936  43.518 0.0000000000
128716  -42.326  20.578  44.546 0.0000000000
127105  -43.808  18.824  44.447 0.0000000000
125391  -45.517  16.618  44.166 0.0000000000
124501  -46.616  15.596  43.033 0.0000000000
124511  -47.022  15.215  41.325 0.0000000000
123602  -47.931  14.220  39.912 0.0000000000
126277  -47.326  17.801  40.164 0.0000000000
123614  -47.888  15.248  38.772 0.0000000000
121888  -48.902  12.853  38.072 0.0000000000
122732  -49.438  13.195  36.547 0.0000000000
121902  -50.297  12.811  34.934 0.0000000000
122753  -50.605  14.044  33.561 0.0000000000
124590  -50.211  15.393  34.006 0.0000000000
127977  -51.808  19.422  38.474 0.0000000000
111519  -48.808  0.632  53.595 0.0000000000
111498  -50.219  0.217  54.529 0.0000000000
114094  -48.575  3.754  51.560 0.0000000000
113203  -50.074  2.320  52.742 0.0000000000
111500  -51.705  0.588  54.973 0.0000000000
111488  -53.185  0.403  55.738 0.0000000000
111490  -54.551  0.133  55.847 0.0000000000
111502  -54.734  0.152  54.941 0.0000000000
121697  -52.088  13.553  55.908 0.0000000000
124463  -50.120  15.708  46.195 0.0000000000
123539  -51.113  14.587  47.052 0.0000000000
122640  -52.013  13.635  48.429 0.0000000000
122655  -54.397  13.577  46.637 0.0000000000
123525  -53.735  14.478  48.733 0.0000000000
122613  -52.438  13.905  50.524 0.0000000000
123492  -53.250  13.667  52.101 0.0000000000
122580  -52.839  13.200  53.944 0.0000000000
120973  -52.529  11.847  54.660 0.0000000000
119286  -52.637  9.254  53.567 0.0000000000
117591  -52.643  8.075  51.499 0.0000000000
116786  -52.864  6.649  50.184 0.0000000000
117604  -54.808  6.993  49.302 0.0000000000
115877  -53.879  5.849  49.772 0.0000000000
114952  -53.481  4.633  50.441 0.0000000000
114085  -54.298  3.153  52.047 0.0000000000
112358  -54.813  1.352  53.256 0.0000000000
110614  -54.274  -0.497  54.203 0.0000000000
110623  -53.595  -0.470  53.172 0.0000000000
110628  -52.565  -0.580  52.099 0.0000000000
111545  -50.964  -0.315  50.458 0.0000000000
112391  -52.553  1.512  48.619 0.0000000000
111560  -51.340  0.928  49.132 0.0000000000
111550  -49.316  -0.376  49.532 0.0000000000
111557  -47.888  -0.334  48.410 0.0000000000
111564  -47.067  -0.287  47.731 0.0000000000
114151  -54.174  3.631  41.893 0.0000000000
113312  -52.300  2.536  41.785 0.0000000000
113310  -50.195  2.291  41.901 0.0000000000
114181  -48.983  3.884  39.663 0.0000000000
113328  -49.360  2.721  41.034 0.0000000000
113290  -48.948  2.175  43.153 0.0000000000
113270  -47.663  2.220  44.307 0.0000000000
112433  -45.393  1.504  44.855 0.0000000000
108649  -54.551  -2.527  56.895 0.0000000000
107630  -53.761  -2.901  56.492 0.0000000000
107642  -53.518  -2.710  55.895 0.0000000000
108659  -53.386  -2.508  55.521 0.0000000000
108675  -53.620  -2.081  55.257 0.0000000000
119509  -49.720  10.054  34.395 0.0000000000
119493  -49.861  9.175  34.749 0.0000000000
120153  -50.794  10.637  54.535 0.0000000000
120971  -51.057  11.344  54.989 0.0000000000
125372  -46.488  16.342  46.293 0.0000000000
125373  -47.549  16.038  46.095 0.0000000000
116854  -57.688  6.221  43.029 0.0000000000
117655  -57.253  7.005  44.078 0.0000000000
115948  -57.485  5.334  43.949 0.0000000000
115929  -57.151  5.217  44.590 0.0000000000
115012  -57.326  4.879  43.976 0.0000000000
114139  -56.586  4.061  43.685 0.0000000000
114146  -56.526  4.194  43.074 0.0000000000
121865  -49.274  12.830  39.572 0.0000000000
121850  -49.924  12.665  40.402 0.0000000000
121866  -50.522  12.272  39.262 0.0000000000
119433  -53.883  9.084  38.926 0.0000000000
119434  -54.602  9.833  39.082 0.0000000000
119420  -54.539  9.319  39.826 0.0000000000
119408  -55.228  9.127  40.613 0.0000000000
119407  -54.225  8.905  40.622 0.0000000000
118501  -53.917  8.725  41.264 0.0000000000
105693  -48.873  -5.442  58.770 0.0000000000
109613  -50.797  -1.641  56.508 0.0000000000
108637  -51.714  -2.181  57.682 0.0000000000
109614  -51.983  -1.237  56.890 0.0000000000
109604  -52.379  -1.656  57.605 0.0000000000
129488  -37.141  21.473  44.362 0.0000000000
128711  -37.456  20.675  44.678 0.0000000000
128712  -38.252  20.782  44.571 0.0000000000
128704  -40.165  20.048  44.861 0.0000000000
129490  -39.730  21.376  44.003 0.0000000000
130261  -45.418  22.328  43.220 0.0000000000
130277  -44.803  22.541  43.169 0.0000000000
128722  -45.498  20.650  43.053 0.0000000000
128721  -44.766  20.478  43.443 0.0000000000
127943  -45.498  19.896  42.596 0.0000000000
127118  -45.866  19.101  41.733 0.0000000000
127944  -46.142  20.124  42.268 0.0000000000
127158  -50.501  18.347  38.628 0.0000000000
126289  -49.919  18.069  38.653 0.0000000000
126300  -50.358  17.693  38.088 0.0000000000
125456  -50.656  16.515  36.923 0.0000000000
126312  -51.234  17.289  37.099 0.0000000000
125457  -51.323  16.680  36.547 0.0000000000
126301  -51.126  17.888  37.674 0.0000000000
118391  -45.948  8.040  52.543 0.0000000000
116768  -45.699  6.351  52.435 0.0000000000
115853  -45.159  5.489  52.408 0.0000000000
115854  -46.049  5.564  52.139 0.0000000000
114933  -46.384  4.789  51.780 0.0000000000
114944  -51.068  4.287  51.265 0.0000000000
114097  -51.680  3.646  51.816 0.0000000000
114083  -52.372  3.201  52.473 0.0000000000
114098  -52.686  3.629  51.725 0.0000000000
121796  -49.992  12.630  48.832 0.0000000000
121768  -50.645  12.920  50.411 0.0000000000
122601  -50.759  13.395  51.510 0.0000000000
122612  -51.515  13.343  50.489 0.0000000000
122663  -53.897  13.670  44.068 0.0000000000
123563  -53.943  14.027  44.533 0.0000000000
122664  -54.335  13.347  44.338 0.0000000000
121006  -52.789  10.869  48.167 0.0000000000
121007  -53.156  11.567  48.608 0.0000000000
121004  -53.199  11.469  49.530 0.0000000000
120998  -53.116  11.211  50.234 0.0000000000
120190  -52.950  10.328  49.962 0.0000000000
120191  -53.162  10.209  50.417 0.0000000000
119300  -53.390  9.479  49.509 0.0000000000
114108  -55.573  3.587  48.385 0.0000000000
114106  -55.545  3.459  49.509 0.0000000000
113221  -55.451  2.635  49.949 0.0000000000
112381  -54.607  1.425  50.453 0.0000000000
112386  -54.511  1.901  49.388 0.0000000000
113254  -50.778  2.205  45.081 0.0000000000
113238  -50.717  2.204  46.055 0.0000000000
113253  -49.707  2.180  45.242 0.0000000000
112422  -49.230  2.179  45.874 0.0000000000
115942  -51.158  5.222  43.452 0.0000000000
115022  -51.250  4.815  41.768 0.0000000000
115021  -50.341  4.990  41.700 0.0000000000
114195  -45.595  4.101  39.171 0.0000000000
114178  -46.410  3.317  40.103 0.0000000000
113343  -45.706  3.059  40.584 0.0000000000
113324  -45.354  2.759  41.394 0.0000000000
113342  -44.727  3.060  40.543 0.0000000000
114176  -44.205  3.449  39.684 0.0000000000
105695  -54.986  -5.280  58.828 0.0000000000
108689  -51.244  -2.697  53.401 0.0000000000
108700  -51.458  -2.267  53.158 0.0000000000
121099  -49.960  11.632  36.535 0.0000000000
121089  -50.944  11.014  37.164 0.0000000000
120333  -51.129  10.557  36.467 0.0000000000
118549  -51.611  8.849  36.223 0.0000000000
118550  -52.195  9.268  36.689 0.0000000000
118540  -52.519  8.840  37.127 0.0000000000
118531  -53.266  8.804  38.023 0.0000000000
118530  -52.239  8.410  37.918 0.0000000000
118520  -52.153  8.443  38.764 0.0000000000
118529  -51.209  8.195  37.610 0.0000000000
119431  -49.390  8.941  38.728 0.0000000000
107638  -47.979  -3.319  55.972 0.0000000000
109622  -49.893  -1.455  55.731 0.0000000000
109637  -49.506  -1.028  55.129 0.0000000000
130953  -35.851  23.435  45.519 0.0000000000
129522  -49.827  21.330  41.487 0.0000000000
129523  -50.862  21.620  41.586 0.0000000000
130281  -50.528  22.721  42.564 0.0000000000
118377  -50.844  8.740  53.468 0.0000000000
118395  -50.299  8.160  52.953 0.0000000000
117579  -50.814  7.921  52.361 0.0000000000
117589  -50.314  7.600  51.605 0.0000000000
117580  -51.421  7.994  52.422 0.0000000000
125360  -43.144  16.142  46.910 0.0000000000
122650  -49.306  14.090  47.531 0.0000000000
120234  -56.330  10.382  43.049 0.0000000000
121028  -55.543  11.065  43.470 0.0000000000
120220  -55.603  10.418  43.781 0.0000000000
118451  -55.787  8.003  45.176 0.0000000000
119332  -55.536  8.735  44.869 0.0000000000
119330  -53.666  9.654  46.053 0.0000000000
118435  -54.342  8.008  47.048 0.0000000000
117636  -55.129  7.374  46.215 0.0000000000
114971  -55.975  4.480  46.132 0.0000000000
115897  -55.814  5.055  46.462 0.0000000000
114962  -55.687  4.415  46.916 0.0000000000
114110  -55.580  3.699  47.344 0.0000000000
113232  -55.219  3.228  46.666 0.0000000000
113257  -53.867  2.707  44.834 0.0000000000
113275  -53.054  2.335  43.826 0.0000000000
123584  -47.827  14.491  42.941 0.0000000000
123572  -48.816  14.170  43.470 0.0000000000
121840  -51.238  12.623  41.395 0.0000000000
122686  -51.079  13.019  42.422 0.0000000000
121829  -52.581  12.851  41.917 0.0000000000
122688  -52.828  13.284  42.574 0.0000000000
121830  -53.361  12.977  41.866 0.0000000000
121079  -52.789  11.019  38.134 0.0000000000
121066  -52.361  11.727  38.967 0.0000000000
121080  -53.699  11.109  38.615 0.0000000000
120301  -55.164  11.085  39.491 0.0000000000
121069  -54.948  11.375  39.588 0.0000000000
121058  -55.126  11.693  40.109 0.0000000000
121845  -55.206  12.071  41.198 0.0000000000
121049  -55.909  11.273  40.983 0.0000000000
121042  -56.017  11.118  41.919 0.0000000000
121043  -56.200  10.870  41.256 0.0000000000
118504  -56.493  8.657  41.484 0.0000000000
119392  -57.074  9.105  41.865 0.0000000000
118494  -56.940  7.978  41.826 0.0000000000
118495  -57.455  7.835  42.336 0.0000000000
117668  -57.049  7.097  42.286 0.0000000000
116852  -56.470  6.402  42.534 0.0000000000
117667  -56.047  7.200  42.402 0.0000000000
118481  -53.763  8.041  43.383 0.0000000000
117653  -54.502  6.888  43.703 0.0000000000
118468  -53.403  7.639  44.035 0.0000000000
116837  -52.392  6.321  44.513 0.0000000000
119405  -52.204  8.716  40.903 0.0000000000
119390  -51.731  8.791  41.703 0.0000000000
118478  -49.872  8.712  43.519 0.0000000000
118479  -51.152  8.734  43.124 0.0000000000
107617  -49.567  -3.841  57.925 0.0000000000
106676  -49.571  -4.553  58.747 0.0000000000
107600  -50.401  -3.869  58.536 0.0000000000
106678  -51.553  -4.179  59.354 0.0000000000
106657  -52.396  -4.331  59.752 0.0000000000
105667  -53.734  -5.542  60.407 0.0000000000
106658  -53.740  -4.595  60.244 0.0000000000
106660  -55.171  -4.790  60.297 0.0000000000
107583  -53.707  -3.746  59.623 0.0000000000
109590  -54.311  -1.563  58.071 0.0000000000
108623  -54.386  -2.214  58.424 0.0000000000
108624  -54.811  -1.634  58.077 0.0000000000
108640  -55.115  -1.898  57.882 0.0000000000
109608  -55.060  -1.075  57.399 0.0000000000
127078  -35.218  18.908  48.567 0.0000000000
127072  -36.116  18.059  48.698 0.0000000000
127080  -36.356  17.983  47.846 0.0000000000
126222  -37.317  17.204  47.936 0.0000000000
127081  -37.021  17.842  47.349 0.0000000000
130234  -33.773  22.065  46.956 0.0000000000
128699  -35.121  20.657  45.897 0.0000000000
127927  -37.771  19.525  45.552 0.0000000000
127089  -38.531  18.211  46.308 0.0000000000
127090  -39.630  18.015  46.074 0.0000000000
126229  -40.463  17.369  46.415 0.0000000000
127091  -40.638  18.034  45.889 0.0000000000
127100  -42.591  18.960  45.597 0.0000000000
127093  -42.512  18.322  45.931 0.0000000000
127094  -43.133  18.389  45.804 0.0000000000
126236  -43.661  18.035  45.775 0.0000000000
126237  -44.099  17.842  45.451 0.0000000000
129492  -41.816  21.126  44.065 0.0000000000
129493  -42.713  21.103  44.234 0.0000000000
127109  -44.619  18.961  43.173 0.0000000000
127937  -43.916  19.656  44.003 0.0000000000
126252  -44.469  18.287  43.511 0.0000000000
126241  -44.805  17.263  44.554 0.0000000000
126244  -44.751  17.449  43.715 0.0000000000
125392  -46.156  16.108  43.628 0.0000000000
125402  -45.312  16.883  43.167 0.0000000000
124518  -46.572  16.034  41.024 0.0000000000
123601  -47.528  14.602  40.648 0.0000000000
123608  -47.592  15.009  39.607 0.0000000000
128731  -47.738  20.575  41.491 0.0000000000
127951  -47.007  19.485  41.019 0.0000000000
127130  -48.060  19.095  40.316 0.0000000000
124534  -49.120  15.819  37.494 0.0000000000
125431  -48.330  17.004  38.949 0.0000000000
123615  -48.407  14.780  37.960 0.0000000000
122731  -48.889  13.612  37.325 0.0000000000
122737  -49.434  13.892  36.547 0.0000000000
122743  -50.819  13.708  35.032 0.0000000000
122738  -49.972  13.580  35.793 0.0000000000
121120  -49.905  11.777  34.495 0.0000000000
121912  -50.361  13.127  33.961 0.0000000000
121913  -51.063  13.669  33.846 0.0000000000
125482  -51.456  16.146  35.060 0.0000000000
124592  -50.994  15.752  34.029 0.0000000000
125481  -51.188  16.433  34.831 0.0000000000
125480  -50.637  16.369  34.575 0.0000000000
126333  -50.896  17.077  35.147 0.0000000000
128745  -52.090  20.220  39.469 0.0000000000
112370  -45.594  1.668  52.352 0.0000000000
113201  -48.007  2.377  52.125 0.0000000000
112372  -47.662  1.711  52.504 0.0000000000
112352  -48.272  1.161  53.113 0.0000000000
112353  -49.331  1.304  53.318 0.0000000000
116778  -47.723  6.137  51.503 0.0000000000
115864  -47.716  5.521  51.417 0.0000000000
114941  -48.147  4.629  51.372 0.0000000000
113204  -51.078  2.547  52.979 0.0000000000
114080  -49.614  2.852  52.201 0.0000000000
113181  -50.836  1.927  53.425 0.0000000000
112337  -51.326  0.962  54.483 0.0000000000
112355  -51.519  1.567  54.079 0.0000000000
111487  -52.365  0.209  55.596 0.0000000000
112338  -52.452  1.087  54.776 0.0000000000
113170  -53.662  1.751  54.122 0.0000000000
112339  -53.534  1.300  54.746 0.0000000000
112340  -54.322  1.298  54.477 0.0000000000
112330  -54.596  0.706  54.978 0.0000000000
122578  -50.867  13.973  53.242 0.0000000000
123437  -51.444  14.532  55.889 0.0000000000
124479  -49.923  15.164  45.065 0.0000000000
124470  -49.299  15.722  45.709 0.0000000000
124471  -50.514  15.506  45.586 0.0000000000
123547  -53.133  15.072  46.332 0.0000000000
123546  -51.795  15.115  46.567 0.0000000000
123540  -52.301  14.465  47.449 0.0000000000
121807  -54.465  12.647  45.478 0.0000000000
121805  -54.068  12.757  46.631 0.0000000000
122641  -54.764  13.275  49.085 0.0000000000
123526  -54.450  14.126  48.927 0.0000000000
123512  -53.779  14.379  49.882 0.0000000000
123511  -53.055  14.272  49.650 0.0000000000
123499  -53.002  14.235  50.672 0.0000000000
123500  -53.520  14.063  50.969 0.0000000000
121746  -53.445  12.332  52.502 0.0000000000
122591  -53.315  13.118  52.934 0.0000000000
121740  -53.218  12.397  53.495 0.0000000000
121734  -52.853  12.481  54.249 0.0000000000
120156  -52.852  11.172  54.286 0.0000000000
120155  -52.400  10.705  54.370 0.0000000000
120175  -53.160  10.607  53.876 0.0000000000
118411  -53.594  8.453  51.057 0.0000000000
118405  -53.174  8.659  52.003 0.0000000000
117592  -53.219  8.284  51.301 0.0000000000
117599  -52.139  7.466  50.845 0.0000000000
117606  -54.936  7.373  48.392 0.0000000000
118420  -55.010  7.503  48.859 0.0000000000
117607  -55.133  6.823  48.752 0.0000000000
114954  -54.931  4.385  49.966 0.0000000000
115878  -54.629  5.345  49.559 0.0000000000
115874  -54.469  4.734  49.923 0.0000000000
114947  -53.802  4.010  50.902 0.0000000000
114099  -53.635  3.605  51.555 0.0000000000
114100  -54.492  3.593  51.198 0.0000000000
112375  -55.152  1.561  52.333 0.0000000000
113186  -55.167  1.957  52.710 0.0000000000
111522  -54.665  0.549  53.811 0.0000000000
111536  -54.185  0.176  52.967 0.0000000000
110624  -54.122  -0.325  53.658 0.0000000000
111547  -53.454  0.622  50.797 0.0000000000
111540  -53.274  0.085  51.939 0.0000000000
111546  -52.198  -0.016  50.864 0.0000000000
110633  -51.422  -0.622  51.158 0.0000000000
112400  -53.547  2.257  47.732 0.0000000000
112392  -53.541  1.881  48.565 0.0000000000
112399  -52.563  2.106  47.656 0.0000000000
112397  -50.449  1.510  47.709 0.0000000000
112390  -51.463  1.341  48.452 0.0000000000
112389  -50.678  1.174  48.511 0.0000000000
111551  -50.038  -0.186  49.806 0.0000000000
111559  -50.163  0.697  49.007 0.0000000000
111558  -48.963  0.022  48.938 0.0000000000
111566  -49.156  0.825  48.204 0.0000000000
112404  -47.215  1.128  46.528 0.0000000000
111574  -47.865  0.899  47.152 0.0000000000
111573  -47.098  0.517  47.146 0.0000000000
111572  -45.944  0.018  46.922 0.0000000000
112403  -46.443  0.751  46.521 0.0000000000
115026  -55.196  4.505  42.695 0.0000000000
114152  -54.891  3.880  42.366 0.0000000000
115025  -54.121  4.298  42.276 0.0000000000
114184  -51.754  3.440  40.587 0.0000000000
113331  -52.354  3.058  40.924 0.0000000000
113330  -51.487  2.730  40.969 0.0000000000
113311  -51.268  2.377  41.815 0.0000000000
113329  -50.388  2.767  40.783 0.0000000000
115047  -48.668  4.755  39.944 0.0000000000
113326  -47.394  2.835  41.370 0.0000000000
114162  -48.517  3.169  40.159 0.0000000000
113327  -48.338  2.774  41.219 0.0000000000
113309  -49.139  2.333  42.074 0.0000000000
113308  -48.134  2.543  42.243 0.0000000000
113289  -47.908  2.384  43.261 0.0000000000
113288  -46.852  2.309  43.252 0.0000000000
113286  -44.723  2.316  43.354 0.0000000000
113268  -45.577  1.990  44.126 0.0000000000
112418  -45.138  1.029  45.518 0.0000000000
107620  -53.606  -3.820  57.247 0.0000000000
106720  -52.301  -4.118  55.929 0.0000000000
121109  -50.233  11.104  35.106 0.0000000000
120344  -50.808  10.338  35.666 0.0000000000
119494  -50.585  9.810  34.987 0.0000000000
118558  -50.755  8.887  35.394 0.0000000000
118548  -50.823  8.292  36.038 0.0000000000
118538  -50.608  8.131  36.827 0.0000000000
118547  -49.949  8.116  36.117 0.0000000000
119250  -50.583  9.945  54.153 0.0000000000
119272  -51.237  9.396  53.917 0.0000000000
125362  -45.157  16.309  46.811 0.0000000000
124459  -46.654  16.017  46.784 0.0000000000
124456  -49.017  15.565  46.781 0.0000000000
118483  -57.129  8.636  43.544 0.0000000000
119351  -56.710  9.034  43.738 0.0000000000
118470  -56.762  8.105  44.230 0.0000000000
118452  -56.391  7.539  44.803 0.0000000000
117638  -56.246  7.030  45.224 0.0000000000
117637  -55.512  7.039  45.987 0.0000000000
116823  -56.795  5.700  45.097 0.0000000000
115907  -56.713  5.196  45.167 0.0000000000
114120  -56.253  4.159  45.054 0.0000000000
113243  -55.372  3.477  45.593 0.0000000000
114129  -55.792  3.655  44.830 0.0000000000
114138  -55.946  3.444  43.860 0.0000000000
113277  -55.077  2.940  43.553 0.0000000000
122698  -48.546  13.516  41.520 0.0000000000
122684  -49.123  13.500  42.435 0.0000000000
122699  -49.597  12.987  41.482 0.0000000000
121839  -50.416  12.668  41.112 0.0000000000
121852  -51.753  12.457  40.650 0.0000000000
119467  -53.735  10.360  38.160 0.0000000000
120315  -53.922  10.716  38.463 0.0000000000
120300  -54.633  10.591  38.986 0.0000000000
119435  -55.248  10.435  39.487 0.0000000000
120284  -55.887  10.814  40.148 0.0000000000
120269  -56.196  10.645  40.798 0.0000000000
118503  -55.643  8.691  41.392 0.0000000000
117666  -55.494  7.689  42.453 0.0000000000
118492  -54.846  8.167  42.392 0.0000000000
119389  -50.796  9.013  41.975 0.0000000000
104686  -50.746  -5.993  59.427 0.0000000000
107628  -50.587  -2.730  57.290 0.0000000000
107618  -50.880  -3.077  57.847 0.0000000000
107619  -51.679  -2.762  58.199 0.0000000000
107602  -53.541  -2.973  59.109 0.0000000000
108622  -53.150  -2.237  58.493 0.0000000000
109605  -53.310  -1.381  57.678 0.0000000000
110562  -53.352  -0.722  57.083 0.0000000000
127910  -34.799  19.183  48.099 0.0000000000
129479  -35.333  21.382  45.480 0.0000000000
128700  -35.924  20.343  45.514 0.0000000000
128701  -36.978  20.271  45.041 0.0000000000
128702  -38.067  20.086  45.014 0.0000000000
127928  -38.874  19.368  45.494 0.0000000000
127097  -39.815  18.701  45.659 0.0000000000
127929  -39.955  19.416  45.306 0.0000000000
127930  -40.961  19.462  45.250 0.0000000000
127931  -41.891  19.567  45.327 0.0000000000
130276  -44.188  22.643  43.035 0.0000000000
129494  -43.500  21.000  44.174 0.0000000000
129496  -44.477  20.747  43.677 0.0000000000
127939  -44.487  19.740  43.441 0.0000000000
125412  -45.528  17.443  42.260 0.0000000000
126264  -45.423  18.516  42.184 0.0000000000
126265  -45.866  18.123  41.498 0.0000000000
126276  -46.533  17.898  40.778 0.0000000000
127963  -49.204  19.451  40.080 0.0000000000
127143  -48.837  18.854  39.762 0.0000000000
126288  -49.083  17.949  38.957 0.0000000000
125443  -49.390  16.862  38.008 0.0000000000
124542  -49.895  15.709  36.854 0.0000000000
123627  -49.857  14.357  36.271 0.0000000000
124543  -50.618  15.534  36.375 0.0000000000
123629  -51.372  14.834  35.422 0.0000000000
123637  -51.640  14.754  34.687 0.0000000000
124555  -51.570  15.444  35.438 0.0000000000
125458  -51.572  16.723  36.176 0.0000000000
126322  -51.572  17.154  35.970 0.0000000000
119285  -45.526  8.971  52.526 0.0000000000
118390  -44.951  8.036  52.358 0.0000000000
117573  -44.350  7.122  52.427 0.0000000000
116767  -44.755  6.290  52.562 0.0000000000
113199  -46.017  2.665  51.809 0.0000000000
114078  -46.189  3.830  51.715 0.0000000000
114092  -46.896  3.614  51.598 0.0000000000
113215  -47.406  3.037  51.679 0.0000000000
115868  -49.087  5.844  50.778 0.0000000000
114942  -49.032  4.417  51.303 0.0000000000
114943  -49.988  4.439  51.248 0.0000000000
114096  -50.659  3.642  51.820 0.0000000000
112356  -52.305  1.769  54.111 0.0000000000
113205  -52.067  2.730  53.137 0.0000000000
113206  -53.106  2.745  53.055 0.0000000000
113184  -53.806  2.223  53.511 0.0000000000
121745  -49.849  13.281  51.835 0.0000000000
122589  -51.052  13.825  52.568 0.0000000000
123480  -51.688  13.981  52.888 0.0000000000
123561  -52.292  14.601  44.330 0.0000000000
124481  -51.874  15.102  44.810 0.0000000000
124482  -52.624  14.915  44.767 0.0000000000
123550  -53.291  14.913  45.329 0.0000000000
123548  -54.165  14.397  46.523 0.0000000000
121012  -53.640  11.516  46.255 0.0000000000
121798  -53.639  12.263  48.209 0.0000000000
121799  -54.193  12.687  48.829 0.0000000000
122627  -54.476  13.200  50.044 0.0000000000
122605  -53.885  13.151  51.271 0.0000000000
121756  -53.657  12.418  51.306 0.0000000000
120987  -53.383  11.401  52.089 0.0000000000
120181  -53.446  10.477  52.796 0.0000000000
120183  -53.428  10.351  51.658 0.0000000000
119297  -53.632  9.197  51.100 0.0000000000
119298  -53.870  8.594  50.738 0.0000000000
115881  -55.485  5.201  48.194 0.0000000000
115879  -55.298  5.338  48.997 0.0000000000
114955  -55.421  4.153  49.649 0.0000000000
114105  -55.352  3.709  50.232 0.0000000000
114101  -55.263  3.258  51.039 0.0000000000
113219  -55.444  2.479  50.982 0.0000000000
112378  -55.284  1.645  51.329 0.0000000000
111542  -54.961  1.240  51.914 0.0000000000
111541  -54.329  0.775  51.806 0.0000000000
112377  -54.790  1.217  51.308 0.0000000000
112380  -53.913  1.082  50.346 0.0000000000
111554  -53.286  0.973  49.974 0.0000000000
112409  -52.274  2.346  46.757 0.0000000000
112408  -51.553  2.172  46.868 0.0000000000
112407  -50.619  1.979  46.897 0.0000000000
112396  -49.313  1.343  47.535 0.0000000000
112406  -49.480  1.824  46.713 0.0000000000
112421  -48.461  1.938  45.921 0.0000000000
115024  -53.107  4.544  41.930 0.0000000000
115023  -52.167  4.678  41.818 0.0000000000
115038  -51.762  4.354  41.126 0.0000000000
114183  -51.076  3.552  40.416 0.0000000000
115060  -47.281  4.717  39.255 0.0000000000
114198  -48.296  4.057  39.419 0.0000000000
114160  -46.921  2.981  40.761 0.0000000000
113325  -46.386  2.870  41.166 0.0000000000
113306  -46.077  2.555  42.296 0.0000000000
113305  -45.004  2.524  42.373 0.0000000000
113285  -43.585  2.160  43.490 0.0000000000
113304  -43.846  2.467  42.449 0.0000000000
113322  -43.027  2.671  41.371 0.0000000000
104691  -55.266  -6.361  59.607 0.0000000000
121076  -50.095  11.916  38.169 0.0000000000
121064  -50.826  12.038  38.822 0.0000000000
121077  -50.601  11.836  38.362 0.0000000000
121090  -52.068  10.779  37.567 0.0000000000
120323  -52.619  10.360  37.404 0.0000000000
120334  -51.650  10.066  36.441 0.0000000000
119481  -52.215  9.782  36.785 0.0000000000
119466  -53.445  9.956  37.800 0.0000000000
118541  -53.197  9.304  37.648 0.0000000000
118512  -52.357  8.568  39.435 0.0000000000
119417  -51.763  8.631  40.047 0.0000000000
119416  -50.546  8.749  39.622 0.0000000000
119432  -50.222  8.522  38.345 0.0000000000
106675  -48.407  -4.936  58.407 0.0000000000
107616  -48.369  -4.152  57.560 0.0000000000
107639  -48.639  -3.008  56.029 0.0000000000
108645  -49.034  -2.722  56.058 0.0000000000
108646  -49.696  -2.453  56.357 0.0000000000
109612  -50.213  -1.962  56.361 0.0000000000
110578  -50.616  -0.436  55.304 0.0000000000
130240  -34.897  22.019  45.722 0.0000000000
130241  -35.609  22.619  45.351 0.0000000000
130247  -36.467  22.476  44.581 0.0000000000
130248  -37.377  22.411  44.051 0.0000000000
128726  -46.719  20.659  42.295 0.0000000000
128732  -48.621  20.754  41.140 0.0000000000
127954  -49.543  19.854  40.277 0.0000000000
127955  -50.342  19.859  40.084 0.0000000000
127965  -50.680  19.340  39.550 0.0000000000
127146  -51.507  18.918  38.600 0.0000000000
127956  -51.082  19.919  39.884 0.0000000000
128735  -51.204  20.948  40.806 0.0000000000
116780  -48.943  6.840  51.055 0.0000000000
117597  -49.858  7.058  51.030 0.0000000000
116784  -50.365  6.461  50.708 0.0000000000
116785  -51.543  6.588  50.517 0.0000000000
122638  -49.744  13.161  48.032 0.0000000000
122639  -50.896  13.080  48.440 0.0000000000
121821  -54.928  12.160  43.143 0.0000000000
121027  -54.912  11.529  44.331 0.0000000000
121019  -54.280  11.637  45.470 0.0000000000
119350  -55.716  9.329  44.340 0.0000000000
119349  -54.834  9.832  44.756 0.0000000000
121018  -54.023  11.043  45.606 0.0000000000
120202  -53.202  10.345  46.570 0.0000000000
120201  -53.004  9.907  47.141 0.0000000000
119307  -53.165  9.538  47.947 0.0000000000
119305  -53.750  9.000  49.137 0.0000000000
118422  -53.945  8.354  47.696 0.0000000000
117612  -54.931  7.324  47.528 0.0000000000
117613  -55.280  6.707  47.978 0.0000000000
116821  -55.643  6.336  46.253 0.0000000000
116811  -55.652  5.773  46.579 0.0000000000
116800  -55.476  5.912  47.592 0.0000000000
114960  -55.592  4.396  47.850 0.0000000000
113223  -54.846  2.310  48.876 0.0000000000
113226  -54.782  2.512  48.103 0.0000000000
113231  -54.548  2.640  46.983 0.0000000000
113230  -53.630  2.481  46.939 0.0000000000
113241  -53.694  2.672  45.965 0.0000000000
113240  -52.701  2.449  46.108 0.0000000000
113255  -51.821  2.264  45.022 0.0000000000
113273  -50.914  2.226  44.026 0.0000000000
115961  -49.743  5.136  42.575 0.0000000000
115960  -48.794  5.302  42.513 0.0000000000
115976  -48.469  5.322  41.534 0.0000000000
115988  -48.149  5.296  40.577 0.0000000000
115999  -46.807  5.259  39.663 0.0000000000
115059  -46.348  4.855  39.168 0.0000000000
115071  -45.863  4.595  38.986 0.0000000000
115058  -45.004  4.315  38.991 0.0000000000
124476  -47.193  15.628  44.483 0.0000000000
124468  -47.986  15.601  45.166 0.0000000000
123557  -48.487  14.831  44.355 0.0000000000
123558  -49.413  14.665  44.406 0.0000000000
123559  -50.440  14.656  44.431 0.0000000000
122685  -50.059  13.226  42.432 0.0000000000
122673  -50.523  13.597  43.161 0.0000000000
123575  -51.853  14.155  43.788 0.0000000000
122675  -52.320  13.648  43.223 0.0000000000
122676  -53.035  13.650  43.254 0.0000000000
122690  -54.066  13.069  42.725 0.0000000000
121065  -51.315  11.914  38.878 0.0000000000
121867  -51.776  12.167  39.763 0.0000000000
121853  -52.562  12.350  40.440 0.0000000000
121056  -53.787  11.960  39.749 0.0000000000
121843  -53.898  12.674  41.099 0.0000000000
121844  -54.586  12.477  41.267 0.0000000000
121832  -54.671  12.493  42.226 0.0000000000
121822  -55.540  11.568  42.460 0.0000000000
121036  -55.729  11.242  42.838 0.0000000000
120235  -56.823  9.989  42.357 0.0000000000
120251  -56.546  10.314  41.608 0.0000000000
119372  -57.095  9.236  42.972 0.0000000000
119373  -57.380  8.510  42.433 0.0000000000
117669  -57.565  7.065  42.720 0.0000000000
115963  -57.197  5.352  42.900 0.0000000000
115028  -56.749  4.676  42.955 0.0000000000
115962  -56.561  5.674  42.677 0.0000000000
115009  -55.559  5.214  42.823 0.0000000000
115944  -54.646  5.512  43.367 0.0000000000
117660  -54.978  7.300  43.177 0.0000000000
115926  -54.573  5.913  43.633 0.0000000000
114992  -53.655  5.192  43.488 0.0000000000
115924  -52.884  5.456  44.077 0.0000000000
115923  -51.742  5.603  44.155 0.0000000000
119406  -53.249  8.742  40.933 0.0000000000
119391  -52.568  8.697  41.626 0.0000000000
118480  -52.500  8.413  43.245 0.0000000000
118489  -51.462  8.823  42.324 0.0000000000
105675  -49.756  -5.387  59.213 0.0000000000
105676  -50.549  -5.375  59.482 0.0000000000
105677  -51.534  -5.372  59.796 0.0000000000
106677  -50.785  -4.257  59.118 0.0000000000
106656  -51.147  -4.735  59.536 0.0000000000
104679  -54.359  -6.159  60.372 0.0000000000
104690  -55.146  -6.639  60.028 0.0000000000
105679  -55.491  -5.727  60.010 0.0000000000
106681  -55.486  -4.928  59.691 0.0000000000
107603  -54.615  -3.322  58.933 0.0000000000
106679  -54.642  -4.358  58.597 0.0000000000
109616  -55.000  -1.669  56.403 0.0000000000
127918  -35.530  19.205  46.738 0.0000000000
128693  -35.405  19.995  46.131 0.0000000000
127919  -36.613  18.952  46.380 0.0000000000
127087  -36.416  18.407  47.042 0.0000000000
126227  -38.329  17.441  46.833 0.0000000000
126224  -38.916  16.866  47.059 0.0000000000
125366  -40.314  16.638  46.820 0.0000000000
125367  -41.298  16.707  46.683 0.0000000000
125368  -42.319  16.826  46.627 0.0000000000
125369  -43.326  16.945  46.592 0.0000000000
127092  -41.624  18.188  45.918 0.0000000000
126231  -42.466  17.619  46.316 0.0000000000
125370  -44.292  16.933  46.481 0.0000000000
126233  -44.283  17.457  46.038 0.0000000000
126234  -44.817  17.194  45.789 0.0000000000
125383  -45.669  16.594  45.061 0.0000000000
129491  -40.813  21.207  43.974 0.0000000000
128715  -41.452  20.595  44.461 0.0000000000
128707  -42.690  20.117  44.847 0.0000000000
128718  -43.739  20.337  44.202 0.0000000000
127936  -43.531  19.682  44.610 0.0000000000
127104  -43.591  19.072  44.928 0.0000000000
126240  -44.176  17.911  44.824 0.0000000000
125384  -46.777  15.893  44.716 0.0000000000
124491  -46.978  15.600  44.028 0.0000000000
124492  -47.359  15.101  43.532 0.0000000000
124502  -47.126  15.048  42.426 0.0000000000
124510  -46.457  15.767  41.945 0.0000000000
123593  -47.647  14.352  41.751 0.0000000000
122709  -48.128  13.798  40.662 0.0000000000
122720  -48.920  13.130  39.891 0.0000000000
121864  -48.882  13.041  39.405 0.0000000000
127947  -46.546  19.838  41.682 0.0000000000
127129  -47.248  18.773  40.551 0.0000000000
125423  -47.500  16.898  39.722 0.0000000000
126287  -48.128  17.856  39.555 0.0000000000
124526  -47.671  16.024  39.195 0.0000000000
123609  -48.003  14.327  39.029 0.0000000000
122726  -48.501  13.612  38.488 0.0000000000
121889  -49.440  12.491  37.206 0.0000000000
121896  -49.756  12.537  36.001 0.0000000000
121108  -49.988  11.757  35.427 0.0000000000
121121  -50.105  11.196  34.713 0.0000000000
120357  -49.670  10.864  34.321 0.0000000000
122754  -51.440  14.356  33.744 0.0000000000
123648  -50.758  14.904  33.724 0.0000000000
127160  -51.459  18.654  37.862 0.0000000000
127170  -51.508  18.366  37.132 0.0000000000
110611  -47.380  -0.074  53.698 0.0000000000
112371  -46.668  1.688  52.344 0.0000000000
112351  -47.308  1.037  52.919 0.0000000000
111496  -48.529  0.185  53.823 0.0000000000
111497  -49.154  0.105  54.059 0.0000000000
110591  -50.052  -0.389  54.891 0.0000000000
115855  -46.955  5.610  51.739 0.0000000000
114093  -47.544  3.966  51.537 0.0000000000
113216  -48.254  3.062  51.770 0.0000000000
113217  -49.003  3.095  51.890 0.0000000000
112374  -49.438  1.899  52.826 0.0000000000
112354  -50.466  1.159  53.911 0.0000000000
112336  -50.766  0.721  54.411 0.0000000000
110579  -51.645  -0.429  55.801 0.0000000000
110580  -52.239  -0.337  56.005 0.0000000000
111478  -52.975  0.092  56.019 0.0000000000
110571  -53.724  -0.346  56.748 0.0000000000
113169  -52.972  1.640  54.299 0.0000000000
111489  -53.874  0.415  55.824 0.0000000000
111481  -54.520  -0.253  56.468 0.0000000000
110573  -54.813  -0.582  56.761 0.0000000000
110582  -54.860  -0.506  55.879 0.0000000000
110581  -54.800  -0.734  55.561 0.0000000000
124385  -50.863  14.797  56.368 0.0000000000
122532  -51.508  13.916  56.401 0.0000000000
121712  -51.651  12.764  55.886 0.0000000000
125380  -48.662  15.842  45.799 0.0000000000
124457  -49.666  15.551  46.518 0.0000000000
124464  -51.175  15.549  46.056 0.0000000000
123545  -50.710  15.246  46.518 0.0000000000
123538  -49.894  14.943  46.912 0.0000000000
122652  -51.406  13.861  47.681 0.0000000000
122625  -51.551  13.186  49.368 0.0000000000
122657  -54.476  13.545  45.459 0.0000000000
122653  -54.544  13.530  47.839 0.0000000000
123542  -54.294  14.244  47.724 0.0000000000
123524  -52.875  14.221  48.553 0.0000000000
122626  -52.340  13.709  49.504 0.0000000000
122603  -52.512  13.987  51.154 0.0000000000
123490  -51.975  13.926  52.166 0.0000000000
123481  -52.401  13.983  53.079 0.0000000000
123482  -52.788  13.619  53.372 0.0000000000
123472  -52.267  13.918  54.243 0.0000000000
122562  -52.405  13.454  54.777 0.0000000000
120945  -52.343  12.467  55.085 0.0000000000
120943  -51.340  12.071  55.448 0.0000000000
120154  -51.597  10.709  54.580 0.0000000000
119252  -51.962  10.239  54.352 0.0000000000
118378  -51.853  8.912  53.583 0.0000000000
118398  -53.170  9.099  52.771 0.0000000000
118397  -52.581  8.809  53.098 0.0000000000
118404  -52.237  8.246  52.338 0.0000000000
117590  -51.536  7.882  51.807 0.0000000000
115871  -52.070  5.716  50.271 0.0000000000
118414  -54.211  8.535  49.476 0.0000000000
118415  -54.574  7.926  49.745 0.0000000000
117601  -54.109  7.567  50.136 0.0000000000
116793  -54.963  6.199  49.147 0.0000000000
116792  -54.266  6.569  49.612 0.0000000000
116787  -53.736  7.056  50.043 0.0000000000
116790  -53.294  6.202  49.925 0.0000000000
115872  -53.193  5.615  50.036 0.0000000000
114951  -52.540  4.825  50.519 0.0000000000
114946  -53.024  4.099  51.005 0.0000000000
113207  -54.085  2.700  52.823 0.0000000000
113185  -54.620  2.022  53.238 0.0000000000
113208  -54.942  2.586  52.374 0.0000000000
112357  -54.596  1.435  53.809 0.0000000000
112341  -54.743  0.937  54.241 0.0000000000
110593  -54.567  -0.504  54.863 0.0000000000
109640  -54.269  -1.043  54.936 0.0000000000
109639  -53.638  -1.501  54.637 0.0000000000
109658  -53.335  -1.247  53.899 0.0000000000
109657  -52.602  -1.630  53.577 0.0000000000
111535  -53.590  -0.112  52.674 0.0000000000
110629  -53.180  -0.372  52.563 0.0000000000
109667  -52.292  -1.342  52.850 0.0000000000
110627  -51.745  -1.030  51.830 0.0000000000
110626  -51.037  -1.100  51.465 0.0000000000
112384  -52.831  1.113  49.392 0.0000000000
111561  -52.132  1.114  49.075 0.0000000000
111552  -51.198  0.285  49.824 0.0000000000
111544  -50.393  -0.526  50.324 0.0000000000
110631  -49.836  -1.092  50.522 0.0000000000
109681  -48.874  -1.306  50.047 0.0000000000
110636  -47.999  -1.218  49.264 0.0000000000
111565  -48.104  0.370  47.846 0.0000000000
114153  -55.787  4.027  42.702 0.0000000000
113315  -54.781  3.414  42.308 0.0000000000
113295  -54.137  2.744  42.660 0.0000000000
114166  -52.978  3.550  41.088 0.0000000000
113313  -53.266  2.756  41.804 0.0000000000
113294  -53.192  2.465  42.729 0.0000000000
113293  -52.153  2.301  42.816 0.0000000000
113292  -51.080  2.242  42.918 0.0000000000
113291  -50.009  2.225  43.039 0.0000000000
115036  -50.025  4.844  40.831 0.0000000000
114163  -49.592  3.142  40.272 0.0000000000
113271  -48.779  2.211  44.209 0.0000000000
113251  -47.838  2.031  45.198 0.0000000000
112435  -47.173  1.901  44.829 0.0000000000
112434  -46.404  1.672  44.870 0.0000000000
112419  -46.250  1.213  45.735 0.0000000000
103833  -55.137  -6.820  59.625 0.0000000000
104678  -53.956  -5.991  60.418 0.0000000000
104680  -54.960  -6.227  60.311 0.0000000000
104681  -55.314  -6.176  60.118 0.0000000000
104689  -54.541  -6.693  60.121 0.0000000000
105668  -54.330  -5.599  60.440 0.0000000000
105670  -55.238  -5.768  60.269 0.0000000000
106645  -54.263  -5.060  60.430 0.0000000000
106646  -54.768  -5.145  60.423 0.0000000000
106647  -55.197  -5.303  60.331 0.0000000000
106648  -55.384  -5.453  60.179 0.0000000000
106659  -54.662  -4.582  60.307 0.0000000000
106661  -55.533  -5.072  60.063 0.0000000000
106680  -55.298  -4.742  59.312 0.0000000000
106696  -53.669  -4.171  57.560 0.0000000000
107584  -54.587  -4.006  59.873 0.0000000000
107585  -55.176  -4.302  60.090 0.0000000000
107586  -55.385  -4.632  60.108 0.0000000000
107599  -49.811  -4.082  58.464 0.0000000000
107605  -55.403  -4.578  59.815 0.0000000000
107629  -53.392  -3.548  56.742 0.0000000000
107673  -51.361  -2.943  53.809 0.0000000000
108625  -54.930  -1.462  57.990 0.0000000000
108636  -50.960  -2.450  57.354 0.0000000000
108638  -52.553  -1.955  58.002 0.0000000000
108641  -55.051  -1.453  57.807 0.0000000000
108648  -51.166  -1.940  57.081 0.0000000000
108651  -55.142  -1.521  57.374 0.0000000000
108661  -54.800  -2.016  56.360 0.0000000000
108690  -51.828  -2.428  53.822 0.0000000000
108705  -50.428  -2.314  52.191 0.0000000000
109591  -54.727  -1.344  57.921 0.0000000000
109592  -54.898  -1.260  57.776 0.0000000000
109607  -54.796  -1.035  57.643 0.0000000000
109617  -55.062  -1.204  56.577 0.0000000000
109624  -51.713  -0.842  56.246 0.0000000000
109625  -54.000  -1.791  55.376 0.0000000000
109626  -54.584  -1.373  55.663 0.0000000000
109627  -54.968  -0.965  55.911 0.0000000000
109666  -51.536  -1.699  52.556 0.0000000000
109672  -51.176  -1.374  51.859 0.0000000000
110563  -53.986  -0.739  57.292 0.0000000000
110564  -54.591  -0.764  57.314 0.0000000000
110565  -54.860  -0.853  57.327 0.0000000000
110569  -52.078  -0.648  56.278 0.0000000000
110570  -52.785  -0.383  56.472 0.0000000000
110572  -54.360  -0.431  56.858 0.0000000000
110590  -49.430  -0.545  54.658 0.0000000000
110592  -54.137  -0.844  54.531 0.0000000000
110594  -54.769  -0.381  55.346 0.0000000000
110612  -53.256  -1.030  53.475 0.0000000000
110613  -53.782  -0.815  53.951 0.0000000000
110621  -52.210  -1.134  52.420 0.0000000000
110622  -52.828  -0.937  52.872 0.0000000000
110634  -52.101  -0.488  51.502 0.0000000000
110637  -48.619  -1.038  49.608 0.0000000000
110638  -49.345  -0.834  50.001 0.0000000000
110639  -50.027  -0.703  50.282 0.0000000000
110643  -48.310  -0.662  49.049 0.0000000000
110644  -48.909  -0.560  49.421 0.0000000000
111479  -53.480  0.086  56.245 0.0000000000
111480  -54.152  -0.010  56.386 0.0000000000
111485  -50.809  0.092  54.951 0.0000000000
111486  -51.352  0.108  55.246 0.0000000000
111499  -51.032  0.462  54.760 0.0000000000
111501  -54.660  0.071  54.419 0.0000000000
111517  -46.950  0.423  53.288 0.0000000000
111518  -47.920  0.431  53.534 0.0000000000
111520  -49.609  0.682  53.860 0.0000000000
111521  -54.495  -0.077  53.989 0.0000000000
111539  -52.558  -0.251  51.588 0.0000000000
112327  -52.867  0.642  55.350 0.0000000000
112328  -53.384  0.803  55.288 0.0000000000
112329  -54.133  0.841  55.243 0.0000000000
112387  -55.143  2.267  49.491 0.0000000000
112395  -48.550  0.997  47.503 0.0000000000
112401  -54.184  2.384  47.644 0.0000000000
113180  -50.043  1.732  53.241 0.0000000000
113202  -49.010  2.452  52.294 0.0000000000
113214  -46.693  3.075  51.649 0.0000000000
113218  -55.287  2.714  51.657 0.0000000000
113259  -55.373  3.445  44.970 0.0000000000
113269  -46.576  2.069  44.117 0.0000000000
113278  -55.568  3.200  43.120 0.0000000000
113296  -54.905  3.049  42.628 0.0000000000
113297  -55.442  3.429  42.681 0.0000000000
113314  -54.044  3.088  41.850 0.0000000000
113316  -55.232  3.642  42.510 0.0000000000
113332  -53.360  3.120  41.350 0.0000000000
113333  -53.693  3.132  41.512 0.0000000000
113346  -51.582  3.179  40.646 0.0000000000
113347  -51.880  3.220  40.700 0.0000000000
114081  -50.390  2.982  52.339 0.0000000000
114086  -54.936  3.080  51.711 0.0000000000
114119  -55.988  3.970  45.616 0.0000000000
114128  -55.406  3.380  44.715 0.0000000000
114130  -56.426  4.049  44.437 0.0000000000
114137  -55.465  3.279  44.333 0.0000000000
114154  -56.350  4.419  42.868 0.0000000000
114161  -47.516  3.058  40.506 0.0000000000
114165  -52.193  3.774  40.760 0.0000000000
114167  -53.635  3.369  41.463 0.0000000000
114180  -48.228  3.745  39.572 0.0000000000
114197  -47.710  4.120  39.346 0.0000000000
114207  -45.639  4.486  39.018 0.0000000000
114208  -45.932  4.408  39.077 0.0000000000
114934  -47.024  4.757  51.582 0.0000000000
114940  -47.502  4.802  51.483 0.0000000000
114945  -52.062  4.183  51.125 0.0000000000
114953  -54.321  4.303  50.417 0.0000000000
114972  -56.321  4.575  45.461 0.0000000000
114991  -52.934  5.040  43.299 0.0000000000
114993  -54.254  5.437  43.533 0.0000000000
114994  -57.014  4.631  44.264 0.0000000000
114995  -57.307  4.992  44.206 0.0000000000
115004  -50.698  5.032  42.608 0.0000000000
115005  -51.650  4.970  42.605 0.0000000000
115006  -52.573  4.890  42.609 0.0000000000
115008  -54.527  5.034  43.045 0.0000000000
115010  -56.102  5.379  42.681 0.0000000000
115011  -57.136  4.737  43.489 0.0000000000
115035  -49.098  5.080  40.689 0.0000000000
115040  -53.494  3.949  41.505 0.0000000000
115050  -51.404  4.023  40.565 0.0000000000
115057  -44.728  4.381  38.830 0.0000000000
115061  -48.168  4.474  39.413 0.0000000000
115070  -45.140  4.504  38.928 0.0000000000
115863  -47.260  5.172  51.556 0.0000000000
115865  -48.719  5.395  51.015 0.0000000000
115866  -49.343  4.911  51.043 0.0000000000
115869  -49.762  5.505  50.799 0.0000000000
115870  -50.956  5.696  50.564 0.0000000000
115873  -53.996  5.060  49.975 0.0000000000
115876  -53.504  6.037  49.848 0.0000000000
115898  -56.207  5.129  45.840 0.0000000000
115908  -56.978  5.537  44.900 0.0000000000
115925  -53.875  5.704  43.990 0.0000000000
115927  -54.938  6.181  43.421 0.0000000000
115928  -56.933  4.888  44.743 0.0000000000
115945  -55.188  5.795  43.175 0.0000000000
115946  -55.958  5.801  42.721 0.0000000000
115964  -57.618  5.633  43.369 0.0000000000
116770  -47.563  6.560  51.782 0.0000000000
116783  -49.265  6.432  50.833 0.0000000000
116788  -53.922  7.134  50.003 0.0000000000
116791  -53.617  6.417  49.880 0.0000000000
116822  -56.289  6.030  45.624 0.0000000000
116839  -54.243  6.430  43.988 0.0000000000
116840  -54.740  6.535  43.543 0.0000000000
116841  -56.605  6.534  45.044 0.0000000000
116846  -55.231  6.520  43.220 0.0000000000
116848  -57.577  6.209  43.757 0.0000000000
117588  -49.105  7.278  51.401 0.0000000000
117596  -49.264  6.958  51.021 0.0000000000
117603  -54.443  7.309  49.687 0.0000000000
117625  -55.010  7.338  46.626 0.0000000000
117651  -53.015  7.152  44.394 0.0000000000
117652  -54.038  7.259  43.982 0.0000000000
117654  -56.733  7.039  44.658 0.0000000000
117659  -54.324  7.635  43.451 0.0000000000
117661  -55.536  6.866  42.906 0.0000000000
117662  -57.554  7.010  43.383 0.0000000000
118379  -52.377  9.130  53.587 0.0000000000
118403  -51.704  8.065  52.415 0.0000000000
118412  -54.034  8.151  50.491 0.0000000000
118416  -54.728  7.449  49.436 0.0000000000
118418  -54.142  8.431  48.610 0.0000000000
118419  -54.670  7.999  48.888 0.0000000000
118434  -53.900  8.390  47.216 0.0000000000
118471  -57.359  7.552  43.717 0.0000000000
118511  -51.555  8.481  39.189 0.0000000000
118513  -52.908  8.679  39.564 0.0000000000
118518  -50.836  8.281  38.154 0.0000000000
118519  -51.513  8.311  38.401 0.0000000000
118528  -50.242  8.293  37.591 0.0000000000
118537  -49.635  8.298  36.914 0.0000000000
119271  -50.265  9.341  53.762 0.0000000000
119273  -52.311  9.672  53.996 0.0000000000
119274  -52.899  9.957  53.921 0.0000000000
119287  -53.107  9.593  53.400 0.0000000000
119301  -53.678  9.225  50.007 0.0000000000
119308  -53.573  8.899  48.215 0.0000000000
119314  -53.109  9.637  47.425 0.0000000000
119316  -54.291  8.424  46.328 0.0000000000
119422  -56.066  10.306  40.415 0.0000000000
119448  -49.553  8.574  37.607 0.0000000000
119449  -50.005  8.439  37.862 0.0000000000
119451  -54.079  10.157  38.413 0.0000000000
119464  -49.323  8.479  37.090 0.0000000000
119480  -51.698  9.485  36.252 0.0000000000
119495  -51.235  9.820  35.777 0.0000000000
119510  -50.052  10.356  34.573 0.0000000000
120174  -52.738  10.193  54.100 0.0000000000
120193  -52.942  10.068  49.543 0.0000000000
120194  -53.236  9.682  49.916 0.0000000000
120196  -52.888  10.157  48.555 0.0000000000
120198  -52.914  10.204  47.728 0.0000000000
120199  -52.953  10.540  47.276 0.0000000000
120209  -53.836  10.372  45.740 0.0000000000
120210  -54.385  10.445  45.186 0.0000000000
120285  -56.086  10.604  40.442 0.0000000000
120313  -52.936  10.692  37.828 0.0000000000
120321  -51.253  10.657  36.819 0.0000000000
120324  -53.447  10.450  38.016 0.0000000000
120325  -53.679  10.591  38.237 0.0000000000
120335  -52.189  10.053  36.861 0.0000000000
120345  -51.261  10.053  35.915 0.0000000000
120944  -52.022  12.250  55.298 0.0000000000
120972  -51.847  11.452  54.925 0.0000000000
120974  -53.107  11.655  54.021 0.0000000000
120997  -52.920  10.714  49.828 0.0000000000
121003  -52.809  10.853  49.064 0.0000000000
121009  -52.875  10.774  47.638 0.0000000000
121050  -56.159  10.955  41.003 0.0000000000
121057  -54.188  11.911  39.800 0.0000000000
121081  -54.054  11.059  38.729 0.0000000000
121091  -52.538  10.711  37.668 0.0000000000
121695  -51.239  13.366  56.350 0.0000000000
121696  -51.849  13.419  56.128 0.0000000000
121713  -52.204  13.056  55.497 0.0000000000
121733  -52.525  12.729  54.801 0.0000000000
121744  -49.346  13.174  51.909 0.0000000000
121754  -50.011  13.041  51.277 0.0000000000
121755  -50.577  13.139  51.022 0.0000000000
121757  -54.014  12.933  50.941 0.0000000000
121769  -51.178  13.045  49.943 0.0000000000
121771  -54.073  12.800  50.475 0.0000000000
121785  -50.210  12.596  49.625 0.0000000000
121787  -53.671  12.192  49.181 0.0000000000
121788  -54.207  12.727  49.647 0.0000000000
121797  -50.531  12.703  49.065 0.0000000000
121801  -53.665  12.299  47.156 0.0000000000
121804  -53.822  12.254  46.532 0.0000000000
121828  -51.840  12.727  41.969 0.0000000000
121831  -54.092  12.936  41.938 0.0000000000
121841  -52.191  12.597  41.253 0.0000000000
121854  -53.558  12.207  40.145 0.0000000000
121856  -54.908  12.189  40.739 0.0000000000
121868  -52.881  12.030  39.723 0.0000000000
121869  -53.347  11.995  39.725 0.0000000000
121878  -48.892  12.939  38.951 0.0000000000
121879  -49.740  12.296  38.450 0.0000000000
121903  -50.850  13.417  34.348 0.0000000000
122531  -50.868  14.031  56.680 0.0000000000
122533  -51.931  13.884  56.155 0.0000000000
122543  -52.128  13.759  55.655 0.0000000000
122563  -52.659  12.990  54.443 0.0000000000
122579  -52.522  13.570  54.221 0.0000000000
122588  -49.946  13.537  52.416 0.0000000000
122590  -51.677  13.888  52.314 0.0000000000
122600  -50.134  13.327  51.758 0.0000000000
122611  -50.887  13.193  50.870 0.0000000000
122614  -54.194  13.286  50.681 0.0000000000
122672  -49.673  13.657  43.109 0.0000000000
122677  -53.608  13.556  43.490 0.0000000000
122687  -52.031  13.155  42.582 0.0000000000
122697  -47.970  13.874  41.367 0.0000000000
122708  -47.758  14.121  41.107 0.0000000000
122719  -48.572  13.430  39.609 0.0000000000
123422  -51.207  14.419  56.411 0.0000000000
123423  -51.637  14.150  56.277 0.0000000000
123438  -51.812  14.234  56.023 0.0000000000
123470  -50.844  14.172  53.873 0.0000000000
123473  -52.589  13.600  53.939 0.0000000000
123479  -51.137  13.982  53.157 0.0000000000
123491  -52.550  13.957  51.817 0.0000000000
123493  -53.646  13.398  51.585 0.0000000000
123501  -53.811  13.594  51.098 0.0000000000
123544  -50.104  15.410  46.514 0.0000000000
123556  -48.087  14.974  44.352 0.0000000000
123562  -53.248  14.408  44.467 0.0000000000
123574  -50.944  14.163  43.786 0.0000000000
123576  -52.664  14.096  43.808 0.0000000000
123594  -48.050  13.851  41.768 0.0000000000
123621  -50.035  15.003  36.399 0.0000000000
123636  -51.300  14.277  35.096 0.0000000000
123638  -51.668  15.244  34.517 0.0000000000
123649  -51.425  15.189  33.986 0.0000000000
123650  -51.445  15.502  34.316 0.0000000000
124372  -50.752  14.731  56.611 0.0000000000
124466  -52.820  15.220  45.564 0.0000000000
124469  -48.411  15.598  45.352 0.0000000000
124472  -51.525  15.400  45.423 0.0000000000
124473  -52.347  15.255  45.238 0.0000000000
124474  -52.917  14.995  45.014 0.0000000000
124477  -47.786  15.387  44.646 0.0000000000
124480  -50.956  15.170  44.934 0.0000000000
124483  -52.949  14.810  44.758 0.0000000000
124533  -48.399  16.118  38.328 0.0000000000
124554  -51.192  15.390  35.922 0.0000000000
124556  -51.575  15.733  35.184 0.0000000000
124570  -50.160  15.959  34.289 0.0000000000
124572  -51.553  15.651  34.736 0.0000000000
124591  -50.775  15.645  34.081 0.0000000000
124593  -51.338  15.787  34.418 0.0000000000
125358  -41.061  15.934  47.025 0.0000000000
125363  -45.961  16.276  46.685 0.0000000000
125365  -39.570  16.599  47.050 0.0000000000
125374  -48.421  15.913  46.033 0.0000000000
125375  -48.870  15.967  46.064 0.0000000000
125377  -45.636  16.734  45.756 0.0000000000
125379  -47.764  15.777  45.432 0.0000000000
125381  -49.011  15.939  45.896 0.0000000000
125385  -47.458  15.692  44.967 0.0000000000
125403  -45.928  16.362  42.557 0.0000000000
125422  -46.794  16.870  40.506 0.0000000000
125442  -48.752  16.825  38.443 0.0000000000
125455  -49.847  16.408  37.339 0.0000000000
125469  -51.538  16.053  36.062 0.0000000000
125470  -51.529  16.285  35.609 0.0000000000
125491  -50.926  15.952  34.252 0.0000000000
125492  -51.111  16.050  34.438 0.0000000000
125493  -51.356  16.011  34.679 0.0000000000
126226  -37.636  17.473  47.215 0.0000000000
126243  -44.194  18.045  44.101 0.0000000000
126299  -49.563  17.574  38.458 0.0000000000
126311  -50.767  17.300  37.447 0.0000000000
126313  -51.484  17.452  36.652 0.0000000000
127071  -35.535  18.710  48.967 0.0000000000
127079  -35.511  18.565  48.151 0.0000000000
127098  -40.798  18.768  45.545 0.0000000000
127102  -43.809  18.502  45.026 0.0000000000
127107  -44.137  18.927  43.731 0.0000000000
127117  -45.532  19.273  42.235 0.0000000000
127142  -47.898  18.492  40.032 0.0000000000
127144  -50.001  18.664  39.197 0.0000000000
127145  -50.986  18.807  38.981 0.0000000000
127194  -51.213  17.596  35.744 0.0000000000
127911  -35.208  18.935  47.511 0.0000000000
127917  -34.756  19.457  47.277 0.0000000000
127920  -37.584  18.916  46.124 0.0000000000
127921  -38.356  18.950  45.886 0.0000000000
127925  -36.019  19.566  46.047 0.0000000000
127932  -42.752  19.597  45.222 0.0000000000
127933  -43.304  19.431  45.045 0.0000000000
127935  -43.103  19.873  44.893 0.0000000000
127940  -45.014  20.094  43.059 0.0000000000
127942  -44.919  19.577  42.964 0.0000000000
127946  -45.917  19.663  42.112 0.0000000000
127948  -47.335  20.039  41.284 0.0000000000
127949  -47.972  20.186  40.998 0.0000000000
127952  -47.691  19.585  40.751 0.0000000000
128706  -42.063  20.097  44.909 0.0000000000
128713  -39.353  20.768  44.486 0.0000000000
128714  -40.449  20.657  44.435 0.0000000000
128717  -43.121  20.417  44.577 0.0000000000
128725  -46.018  20.473  42.604 0.0000000000
128733  -49.533  20.886  40.960 0.0000000000
128734  -50.388  20.937  40.959 0.0000000000
128738  -49.247  20.371  40.627 0.0000000000
128739  -49.987  20.399  40.531 0.0000000000
129474  -34.042  21.440  46.677 0.0000000000
129480  -36.184  21.311  44.796 0.0000000000
129481  -36.901  20.887  44.628 0.0000000000
129495  -44.112  20.875  43.886 0.0000000000
129504  -41.246  21.784  43.528 0.0000000000
129509  -45.937  21.467  43.096 0.0000000000
129519  -50.585  22.122  42.068 0.0000000000
130242  -36.143  22.915  44.964 0.0000000000
130246  -36.092  22.069  44.738 0.0000000000
130260  -44.509  22.078  43.451 0.0000000000
130954  -36.189  23.378  45.223 0.0000000000
130957  -36.435  23.139  44.780 0.0000000000
131575  -36.640  23.576  44.895 0.0000000000
