#!ascii label  , from subject 3467 vox2ras=TkReg
1349
118888  48.817  10.843  38.735 0.0000000000
123389  53.894  16.167  49.625 0.0000000000
115752  50.728  8.280  52.801 0.0000000000
115926  41.029  9.402  39.426 0.0000000000
115844  45.568  7.791  43.059 0.0000000000
120646  52.578  14.292  45.926 0.0000000000
123394  48.293  16.872  49.446 0.0000000000
129484  50.383  24.119  51.543 0.0000000000
111157  50.345  4.010  57.235 0.0000000000
110078  49.803  2.358  51.666 0.0000000000
117739  55.904  10.632  44.851 0.0000000000
115815  52.493  8.521  45.106 0.0000000000
117704  55.839  10.312  51.641 0.0000000000
117631  52.684  10.162  59.773 0.0000000000
131103  45.908  25.947  47.598 0.0000000000
126188  54.457  19.800  45.603 0.0000000000
114015  46.411  6.221  48.337 0.0000000000
118892  44.599  10.549  38.201 0.0000000000
115907  43.655  8.574  40.020 0.0000000000
116787  46.563  8.781  39.592 0.0000000000
118814  50.559  11.166  43.589 0.0000000000
118834  46.674  11.515  41.763 0.0000000000
127928  46.907  21.530  49.802 0.0000000000
107637  52.401  1.462  59.182 0.0000000000
107684  52.871  0.583  56.105 0.0000000000
107633  56.344  0.500  57.680 0.0000000000
128787  49.422  22.582  42.332 0.0000000000
120612  55.107  13.633  48.506 0.0000000000
117729  56.772  10.243  47.446 0.0000000000
119711  54.676  13.086  51.113 0.0000000000
122289  49.376  15.384  57.329 0.0000000000
120539  52.933  13.640  57.660 0.0000000000
118682  50.417  12.352  57.959 0.0000000000
115691  49.236  8.732  59.967 0.0000000000
126178  50.443  19.624  47.168 0.0000000000
128732  52.146  22.979  48.309 0.0000000000
124395  54.392  17.533  47.351 0.0000000000
122426  55.316  15.833  46.188 0.0000000000
116708  51.809  9.798  49.506 0.0000000000
115796  49.253  8.797  46.924 0.0000000000
115781  48.521  8.119  50.644 0.0000000000
114927  43.632  7.156  43.912 0.0000000000
113175  44.402  5.187  44.598 0.0000000000
124429  54.261  17.616  42.608 0.0000000000
122465  50.741  16.170  44.441 0.0000000000
123392  50.657  16.044  48.887 0.0000000000
122348  53.510  15.511  52.404 0.0000000000
133254  43.287  28.261  52.390 0.0000000000
133237  48.063  28.079  52.870 0.0000000000
127073  48.803  20.802  50.027 0.0000000000
114845  49.409  7.246  55.033 0.0000000000
113116  47.939  5.295  53.254 0.0000000000
108844  48.688  2.093  54.806 0.0000000000
110059  52.885  2.254  52.345 0.0000000000
117789  52.887  10.680  41.496 0.0000000000
115899  51.723  8.859  40.434 0.0000000000
115876  55.542  8.897  42.237 0.0000000000
116723  54.640  9.415  47.880 0.0000000000
116681  53.900  9.724  51.995 0.0000000000
119695  53.662  12.963  54.352 0.0000000000
117660  54.760  10.251  56.240 0.0000000000
116627  52.660  9.285  55.592 0.0000000000
114830  50.439  7.987  57.819 0.0000000000
112203  49.883  4.732  58.494 0.0000000000
131871  47.951  26.405  44.395 0.0000000000
128757  48.850  22.588  45.110 0.0000000000
130363  50.351  24.368  47.020 0.0000000000
127979  53.953  20.979  43.938 0.0000000000
124413  54.970  17.130  44.732 0.0000000000
119753  53.447  11.939  46.004 0.0000000000
114941  48.950  7.992  43.325 0.0000000000
114021  46.868  6.929  45.789 0.0000000000
112276  44.695  4.011  46.615 0.0000000000
111216  46.952  3.648  50.920 0.0000000000
118890  46.643  10.777  38.361 0.0000000000
116816  45.656  9.343  38.119 0.0000000000
116814  47.861  9.797  38.504 0.0000000000
118847  49.459  11.360  41.220 0.0000000000
118832  48.564  11.376  42.055 0.0000000000
118864  47.274  11.450  39.877 0.0000000000
118865  46.249  11.608  39.816 0.0000000000
108772  52.934  1.370  60.368 0.0000000000
107635  54.609  0.452  58.572 0.0000000000
106559  55.285  -0.044  59.524 0.0000000000
110164  42.411  2.555  43.928 0.0000000000
122400  54.765  15.265  49.101 0.0000000000
119722  55.310  12.663  49.171 0.0000000000
121527  54.877  14.334  50.342 0.0000000000
121444  48.186  14.472  56.444 0.0000000000
120555  50.381  13.752  57.146 0.0000000000
124384  53.109  16.726  48.205 0.0000000000
125312  52.288  18.750  46.689 0.0000000000
123408  54.220  16.510  48.468 0.0000000000
122415  54.839  15.434  48.180 0.0000000000
116684  51.188  9.094  51.243 0.0000000000
116697  50.256  9.294  49.776 0.0000000000
115770  49.446  8.170  51.284 0.0000000000
115911  40.186  9.323  40.318 0.0000000000
115891  40.854  8.528  40.646 0.0000000000
115866  44.590  8.476  42.135 0.0000000000
115867  43.466  8.495  41.927 0.0000000000
114946  44.391  7.232  43.703 0.0000000000
114039  43.814  6.389  44.222 0.0000000000
114055  45.173  6.636  44.054 0.0000000000
122462  53.540  16.083  44.405 0.0000000000
123450  52.227  16.617  43.592 0.0000000000
122440  51.357  15.513  44.998 0.0000000000
118869  42.256  10.897  39.985 0.0000000000
117805  40.417  10.110  40.332 0.0000000000
123393  49.286  16.713  48.983 0.0000000000
121529  50.583  15.028  50.918 0.0000000000
122388  48.907  15.342  50.402 0.0000000000
125275  47.548  18.868  49.459 0.0000000000
127074  47.847  20.907  50.047 0.0000000000
125274  48.330  19.126  49.410 0.0000000000
124386  49.286  17.862  48.621 0.0000000000
113096  49.905  5.663  56.319 0.0000000000
112231  49.011  4.740  55.162 0.0000000000
110011  49.625  3.235  56.056 0.0000000000
108821  54.929  1.427  55.245 0.0000000000
108857  53.872  1.734  53.655 0.0000000000
110037  54.772  2.165  53.089 0.0000000000
117763  54.650  10.428  42.934 0.0000000000
117787  54.349  9.587  41.384 0.0000000000
117761  56.028  9.560  42.699 0.0000000000
117722  56.469  10.410  49.688 0.0000000000
116721  56.327  9.802  48.199 0.0000000000
116704  55.750  9.801  50.025 0.0000000000
117724  54.465  9.896  50.351 0.0000000000
116680  54.877  9.789  51.685 0.0000000000
122332  52.455  15.677  53.806 0.0000000000
121457  54.046  15.001  53.563 0.0000000000
121441  53.321  15.274  55.037 0.0000000000
119646  53.155  12.238  58.699 0.0000000000
118681  53.902  11.670  57.503 0.0000000000
117642  54.057  10.265  58.215 0.0000000000
116610  54.172  9.245  56.198 0.0000000000
116596  52.905  9.257  57.545 0.0000000000
116613  51.379  9.038  57.070 0.0000000000
115687  51.967  8.886  59.012 0.0000000000
115701  47.880  8.256  58.666 0.0000000000
114824  48.812  7.722  58.810 0.0000000000
131860  46.500  26.658  45.074 0.0000000000
130374  47.546  24.411  44.211 0.0000000000
129554  46.912  23.953  45.620 0.0000000000
131000  49.424  25.856  52.466 0.0000000000
131791  48.628  26.814  51.597 0.0000000000
131015  50.147  25.223  51.117 0.0000000000
127952  53.330  21.736  46.304 0.0000000000
130351  51.993  24.013  47.719 0.0000000000
129547  53.147  23.335  46.247 0.0000000000
129559  52.844  23.069  45.042 0.0000000000
127112  54.284  20.738  45.101 0.0000000000
126203  54.617  18.910  44.323 0.0000000000
125317  54.762  18.379  45.026 0.0000000000
119735  55.403  12.440  46.645 0.0000000000
120627  54.817  13.613  46.459 0.0000000000
118797  54.721  11.063  44.703 0.0000000000
117752  53.233  10.831  43.911 0.0000000000
115858  52.004  8.048  42.073 0.0000000000
115860  50.387  8.408  41.694 0.0000000000
115830  50.824  8.046  43.919 0.0000000000
114906  47.504  7.616  47.314 0.0000000000
114911  47.510  7.482  46.259 0.0000000000
114018  46.129  6.166  47.208 0.0000000000
113153  45.536  5.300  46.373 0.0000000000
112272  45.255  4.396  47.900 0.0000000000
110064  47.711  2.792  52.841 0.0000000000
113128  47.160  5.108  52.013 0.0000000000
111215  47.464  3.185  51.348 0.0000000000
117832  42.748  10.132  38.592 0.0000000000
115924  42.358  8.755  39.106 0.0000000000
115932  43.944  8.906  38.473 0.0000000000
115906  44.728  8.655  40.107 0.0000000000
115886  46.383  8.923  41.159 0.0000000000
119739  51.631  12.557  46.266 0.0000000000
118867  44.080  11.497  39.738 0.0000000000
108794  51.081  2.379  58.293 0.0000000000
107671  50.853  1.251  57.252 0.0000000000
107651  52.560  0.719  58.225 0.0000000000
107667  55.005  1.091  56.429 0.0000000000
119734  56.074  11.893  46.881 0.0000000000
117731  56.871  10.162  46.189 0.0000000000
119728  56.020  11.576  48.274 0.0000000000
118755  55.755  11.748  49.707 0.0000000000
118740  55.728  10.996  51.719 0.0000000000
123323  50.853  17.101  57.149 0.0000000000
122268  52.728  15.606  56.848 0.0000000000
121409  51.650  14.885  57.945 0.0000000000
119654  51.221  13.318  58.032 0.0000000000
118663  51.417  11.229  59.627 0.0000000000
117619  50.819  10.122  59.935 0.0000000000
118675  49.806  11.039  59.096 0.0000000000
116599  48.304  9.841  58.650 0.0000000000
115710  47.124  8.119  58.268 0.0000000000
132576  46.276  27.509  48.543 0.0000000000
127936  50.614  21.572  49.305 0.0000000000
129513  51.397  23.509  50.026 0.0000000000
127947  51.034  21.642  47.682 0.0000000000
126191  52.507  19.673  46.416 0.0000000000
125310  54.016  19.139  46.593 0.0000000000
124408  55.047  17.559  45.705 0.0000000000
122423  55.048  15.666  47.181 0.0000000000
120620  55.254  13.632  47.568 0.0000000000
116734  52.032  9.159  46.724 0.0000000000
115806  50.544  8.609  45.927 0.0000000000
116718  50.567  9.435  48.232 0.0000000000
115792  48.377  8.545  48.440 0.0000000000
114899  47.243  7.524  49.503 0.0000000000
110101  51.173  2.173  49.882 0.0000000000
108887  49.087  1.926  50.152 0.0000000000
114929  41.723  7.429  44.115 0.0000000000
115868  42.355  8.434  41.750 0.0000000000
114948  42.266  7.986  43.429 0.0000000000
114040  42.504  6.446  44.481 0.0000000000
113176  43.148  5.355  44.471 0.0000000000
112297  43.589  4.241  44.672 0.0000000000
111264  43.620  3.196  45.201 0.0000000000
124460  53.940  17.874  41.230 0.0000000000
123487  52.200  17.059  41.749 0.0000000000
123390  53.001  16.186  49.454 0.0000000000
122366  53.735  15.596  51.505 0.0000000000
122385  51.973  15.402  50.862 0.0000000000
122350  51.803  15.460  53.077 0.0000000000
122333  51.406  15.733  54.065 0.0000000000
123350  50.204  16.684  55.512 0.0000000000
123325  48.602  17.027  57.046 0.0000000000
133240  45.813  28.173  53.127 0.0000000000
131764  48.073  26.495  53.113 0.0000000000
129486  49.167  24.075  51.913 0.0000000000
127917  49.597  22.221  50.654 0.0000000000
126171  49.440  19.755  48.889 0.0000000000
123425  50.871  17.003  47.802 0.0000000000
115737  49.890  8.116  54.498 0.0000000000
114866  49.344  7.361  52.883 0.0000000000
113971  48.828  6.204  53.943 0.0000000000
111178  47.886  3.926  54.372 0.0000000000
108877  49.824  1.632  53.294 0.0000000000
108842  50.749  0.899  55.176 0.0000000000
108859  51.818  1.588  53.458 0.0000000000
110076  51.909  2.399  51.611 0.0000000000
118874  51.148  11.019  39.701 0.0000000000
116812  50.042  9.954  38.925 0.0000000000
117811  52.399  9.803  40.029 0.0000000000
115897  53.554  8.814  40.958 0.0000000000
115840  54.342  8.363  43.461 0.0000000000
115810  56.881  8.986  44.962 0.0000000000
115812  55.450  8.609  45.294 0.0000000000
115803  53.888  8.847  46.139 0.0000000000
116724  53.501  9.505  47.769 0.0000000000
116694  53.000  9.774  51.036 0.0000000000
116674  52.385  9.051  52.556 0.0000000000
121494  54.391  14.704  52.025 0.0000000000
119708  54.508  12.727  52.116 0.0000000000
118731  54.746  11.538  53.635 0.0000000000
120554  53.249  13.865  56.360 0.0000000000
118706  54.320  11.515  55.604 0.0000000000
117687  55.393  10.318  54.384 0.0000000000
116641  54.894  9.210  54.507 0.0000000000
116643  53.179  9.094  54.546 0.0000000000
116644  51.846  9.028  54.513 0.0000000000
115725  50.632  8.816  55.132 0.0000000000
114838  49.860  7.339  56.327 0.0000000000
113090  50.088  5.675  57.312 0.0000000000
114814  50.273  8.063  59.207 0.0000000000
113949  49.835  6.560  57.873 0.0000000000
112213  50.314  4.755  57.786 0.0000000000
111147  50.562  3.562  58.698 0.0000000000
130380  49.204  24.751  43.335 0.0000000000
128778  48.623  22.834  43.523 0.0000000000
127982  51.295  21.458  42.967 0.0000000000
130311  50.798  24.549  49.461 0.0000000000
130356  48.027  24.628  47.618 0.0000000000
129551  49.408  23.096  45.811 0.0000000000
128764  51.531  22.243  44.502 0.0000000000
127989  53.338  20.834  42.347 0.0000000000
125324  54.437  18.857  42.880 0.0000000000
123469  54.588  17.265  43.867 0.0000000000
122437  53.988  15.574  45.088 0.0000000000
122425  55.414  16.279  45.552 0.0000000000
121562  54.411  14.901  45.717 0.0000000000
120629  53.212  13.602  46.216 0.0000000000
118800  51.747  11.080  44.502 0.0000000000
118845  51.610  11.073  41.845 0.0000000000
115919  48.968  9.071  39.395 0.0000000000
115884  48.350  8.689  40.984 0.0000000000
114961  47.472  8.159  43.047 0.0000000000
114913  49.304  7.958  44.587 0.0000000000
114925  47.559  7.487  44.533 0.0000000000
114053  46.459  7.068  44.018 0.0000000000
114027  45.748  5.841  45.099 0.0000000000
112284  44.529  4.239  45.577 0.0000000000
114886  47.874  6.795  51.718 0.0000000000
114010  47.052  6.626  50.728 0.0000000000
113143  46.288  5.291  49.774 0.0000000000
108895  48.264  1.596  49.446 0.0000000000
112270  45.657  4.306  48.798 0.0000000000
105564  56.830  -1.102  58.003 0.0000000000
106591  57.577  0.034  55.942 0.0000000000
118889  47.728  10.837  38.533 0.0000000000
117827  47.278  10.273  38.223 0.0000000000
117826  48.390  10.371  38.424 0.0000000000
118862  49.326  11.379  40.181 0.0000000000
118877  48.073  11.309  39.108 0.0000000000
118878  47.009  11.386  38.961 0.0000000000
107609  53.965  0.306  60.106 0.0000000000
122401  54.603  15.448  49.558 0.0000000000
121526  54.886  14.747  49.663 0.0000000000
122382  54.675  15.178  50.297 0.0000000000
123409  53.437  16.516  48.737 0.0000000000
124383  53.585  16.903  48.072 0.0000000000
123388  54.429  15.893  49.230 0.0000000000
123407  54.614  15.863  48.614 0.0000000000
116675  51.441  8.751  52.204 0.0000000000
115764  50.509  8.448  51.771 0.0000000000
115910  40.694  8.957  39.839 0.0000000000
115865  45.783  8.335  42.458 0.0000000000
115845  44.977  7.885  42.998 0.0000000000
114056  44.570  6.552  44.096 0.0000000000
114945  45.489  7.294  43.513 0.0000000000
122438  53.227  15.518  44.939 0.0000000000
122463  52.720  16.043  44.292 0.0000000000
121565  51.966  14.894  45.481 0.0000000000
117817  41.309  10.184  39.423 0.0000000000
117804  40.990  10.422  40.056 0.0000000000
117818  40.825  10.033  39.775 0.0000000000
116790  40.128  9.699  40.401 0.0000000000
122407  49.099  15.950  49.724 0.0000000000
124371  47.472  17.829  49.430 0.0000000000
124370  48.466  17.958  49.263 0.0000000000
111167  49.955  4.027  56.369 0.0000000000
110001  50.139  3.243  56.800 0.0000000000
110023  54.954  2.002  53.658 0.0000000000
117750  55.490  10.439  44.054 0.0000000000
117762  55.571  10.055  42.785 0.0000000000
117749  56.245  9.785  43.590 0.0000000000
117703  56.115  10.288  51.185 0.0000000000
116703  56.180  10.015  50.292 0.0000000000
116691  55.681  9.896  50.941 0.0000000000
116692  55.201  9.783  50.642 0.0000000000
116679  55.595  9.980  51.885 0.0000000000
122313  51.994  16.246  54.944 0.0000000000
122312  53.061  15.770  54.469 0.0000000000
122299  52.777  16.070  55.606 0.0000000000
118661  53.181  10.968  59.495 0.0000000000
118671  53.702  11.351  58.623 0.0000000000
117643  53.607  10.208  59.141 0.0000000000
116586  53.555  9.442  58.303 0.0000000000
116576  53.026  9.436  59.284 0.0000000000
116587  52.516  9.045  58.575 0.0000000000
116561  52.534  9.571  59.626 0.0000000000
114825  47.820  7.350  58.553 0.0000000000
131844  45.601  26.524  46.718 0.0000000000
132614  45.968  27.458  45.844 0.0000000000
131861  45.853  26.196  45.776 0.0000000000
130370  46.401  24.617  45.562 0.0000000000
130368  46.211  24.868  46.254 0.0000000000
130239  49.955  25.160  52.178 0.0000000000
130999  49.911  25.395  51.877 0.0000000000
130259  50.299  24.673  51.596 0.0000000000
127951  53.752  21.371  45.826 0.0000000000
128748  53.185  22.748  46.595 0.0000000000
127958  53.766  21.863  45.843 0.0000000000
128752  53.839  22.218  45.193 0.0000000000
126201  54.505  19.912  44.963 0.0000000000
126187  54.605  19.398  45.337 0.0000000000
118767  55.457  11.755  46.084 0.0000000000
118779  55.008  11.573  45.520 0.0000000000
118796  55.484  10.958  44.907 0.0000000000
117751  54.265  10.659  43.898 0.0000000000
115842  52.060  8.011  43.077 0.0000000000
115843  51.104  8.019  42.794 0.0000000000
115829  52.204  8.238  44.114 0.0000000000
114907  46.812  6.903  47.806 0.0000000000
113149  46.024  5.654  48.004 0.0000000000
113150  45.622  5.291  47.371 0.0000000000
110079  48.783  2.461  51.760 0.0000000000
110080  47.934  2.796  51.907 0.0000000000
117831  43.471  10.180  38.285 0.0000000000
115933  43.077  9.123  38.651 0.0000000000
117830  44.221  10.015  37.914 0.0000000000
116803  46.330  8.959  38.671 0.0000000000
115930  45.620  8.790  38.656 0.0000000000
115904  46.136  8.691  39.604 0.0000000000
115887  45.238  8.761  41.175 0.0000000000
116773  46.428  8.783  40.221 0.0000000000
118801  50.769  11.196  44.476 0.0000000000
118784  50.133  11.570  45.234 0.0000000000
118802  49.790  11.295  44.323 0.0000000000
118833  47.591  11.405  41.892 0.0000000000
118817  47.710  11.422  42.882 0.0000000000
118880  44.856  11.211  38.840 0.0000000000
118866  45.196  11.688  39.775 0.0000000000
118881  43.754  10.870  38.746 0.0000000000
118882  43.112  10.778  39.025 0.0000000000
108793  51.546  2.012  58.733 0.0000000000
107652  51.584  1.470  58.271 0.0000000000
107649  54.843  0.701  57.602 0.0000000000
107648  55.853  0.858  57.324 0.0000000000
107666  56.070  1.192  56.483 0.0000000000
107665  56.826  1.074  56.109 0.0000000000
129568  49.364  24.040  42.587 0.0000000000
129574  49.316  23.800  41.852 0.0000000000
119732  55.635  12.625  47.245 0.0000000000
119731  56.110  11.754  47.531 0.0000000000
119729  55.571  12.498  48.131 0.0000000000
119715  55.101  12.699  50.311 0.0000000000
118746  55.747  11.494  50.711 0.0000000000
119710  55.150  12.085  51.345 0.0000000000
123308  49.826  16.614  57.521 0.0000000000
122271  51.177  15.668  57.729 0.0000000000
122272  50.144  15.698  57.558 0.0000000000
119662  50.102  13.011  57.172 0.0000000000
120542  50.852  13.893  57.589 0.0000000000
119649  50.961  12.654  58.200 0.0000000000
119648  51.651  12.702  58.524 0.0000000000
118674  50.817  11.850  58.833 0.0000000000
118664  50.594  10.999  59.526 0.0000000000
118683  49.838  11.681  58.165 0.0000000000
117650  48.332  10.412  57.984 0.0000000000
116600  47.647  9.156  58.261 0.0000000000
116601  47.002  8.590  57.903 0.0000000000
127094  50.259  20.635  47.756 0.0000000000
127948  50.548  21.404  48.493 0.0000000000
127103  50.852  20.237  46.852 0.0000000000
125296  52.993  18.121  47.113 0.0000000000
125311  53.236  18.947  46.635 0.0000000000
126190  53.425  19.835  46.282 0.0000000000
125294  54.422  18.374  46.663 0.0000000000
124394  54.816  17.700  46.539 0.0000000000
121542  54.991  14.636  47.848 0.0000000000
116725  52.358  9.499  47.627 0.0000000000
116726  51.278  9.342  47.460 0.0000000000
116717  51.568  9.641  48.433 0.0000000000
115780  49.495  8.864  50.055 0.0000000000
115787  49.138  8.942  48.839 0.0000000000
115788  48.464  8.520  49.521 0.0000000000
115793  47.737  8.149  49.008 0.0000000000
115789  47.794  8.023  50.035 0.0000000000
114930  40.481  7.418  44.115 0.0000000000
114949  40.864  8.120  43.016 0.0000000000
115908  42.605  8.480  39.887 0.0000000000
115890  41.892  8.381  40.729 0.0000000000
115889  42.989  8.511  40.872 0.0000000000
114947  43.347  7.701  43.501 0.0000000000
115847  42.876  8.285  42.731 0.0000000000
114928  42.902  7.243  44.044 0.0000000000
112285  44.059  3.922  45.131 0.0000000000
125336  54.426  18.583  42.375 0.0000000000
123485  53.847  17.441  42.100 0.0000000000
123472  52.657  16.889  42.723 0.0000000000
123451  51.238  16.728  43.655 0.0000000000
123452  50.113  16.825  43.734 0.0000000000
123391  51.951  15.923  49.074 0.0000000000
122404  52.474  15.816  49.989 0.0000000000
122405  51.394  15.580  49.759 0.0000000000
121513  51.258  15.118  51.471 0.0000000000
122315  49.738  16.169  54.794 0.0000000000
123338  49.661  17.055  56.383 0.0000000000
133888  45.597  29.400  52.487 0.0000000000
133241  45.195  28.109  52.937 0.0000000000
131765  47.010  26.695  52.798 0.0000000000
131002  47.808  25.620  52.454 0.0000000000
131001  48.824  25.752  52.752 0.0000000000
126159  48.458  20.066  49.643 0.0000000000
127065  48.516  21.443  50.274 0.0000000000
127918  48.866  22.120  50.549 0.0000000000
127926  49.229  21.491  50.296 0.0000000000
127085  49.735  20.481  49.356 0.0000000000
126158  49.164  20.202  49.581 0.0000000000
123412  50.054  17.006  48.332 0.0000000000
123411  51.298  16.369  48.270 0.0000000000
114854  49.401  7.410  53.914 0.0000000000
114846  49.190  6.838  54.721 0.0000000000
108825  48.751  2.611  55.183 0.0000000000
111177  48.529  3.913  55.017 0.0000000000
110024  48.150  3.016  54.625 0.0000000000
110041  48.115  2.268  53.825 0.0000000000
108862  48.929  1.620  54.024 0.0000000000
107685  51.923  0.454  56.413 0.0000000000
107686  51.039  0.686  56.410 0.0000000000
107701  51.907  0.644  55.518 0.0000000000
110039  52.960  1.968  53.057 0.0000000000
108858  52.962  1.654  53.695 0.0000000000
110040  52.399  1.835  53.156 0.0000000000
108875  51.263  1.887  52.797 0.0000000000
110088  52.031  2.371  50.705 0.0000000000
110075  52.951  2.434  51.513 0.0000000000
118873  51.931  10.881  40.214 0.0000000000
117812  51.775  10.253  39.736 0.0000000000
117801  52.676  10.532  40.580 0.0000000000
116770  54.737  9.216  41.543 0.0000000000
116780  54.040  9.218  41.014 0.0000000000
115896  54.264  8.916  41.303 0.0000000000
115856  54.073  8.372  42.505 0.0000000000
115855  55.088  8.592  42.684 0.0000000000
116738  56.865  9.414  45.294 0.0000000000
116722  55.686  9.413  47.976 0.0000000000
115801  56.005  8.813  46.013 0.0000000000
116731  55.423  9.052  46.986 0.0000000000
115813  54.530  8.644  45.489 0.0000000000
116732  54.269  9.057  46.993 0.0000000000
116715  53.860  9.840  48.736 0.0000000000
117706  53.907  9.901  51.511 0.0000000000
117715  53.439  9.979  50.546 0.0000000000
116693  53.533  9.769  51.508 0.0000000000
116683  52.162  9.286  51.617 0.0000000000
116673  53.354  9.291  52.757 0.0000000000
122365  54.358  15.263  51.323 0.0000000000
122347  54.047  15.296  52.193 0.0000000000
120587  53.844  14.020  54.052 0.0000000000
120586  54.124  14.524  53.528 0.0000000000
119702  53.871  13.426  53.779 0.0000000000
118737  54.682  11.881  52.801 0.0000000000
119694  54.225  11.993  54.154 0.0000000000
121408  52.459  14.875  57.763 0.0000000000
121407  52.939  14.974  56.934 0.0000000000
118680  54.397  10.979  56.967 0.0000000000
118688  54.015  11.719  56.491 0.0000000000
118705  54.786  10.836  55.647 0.0000000000
118723  54.930  11.054  54.708 0.0000000000
117676  55.084  10.358  55.359 0.0000000000
116640  55.238  9.461  54.493 0.0000000000
116608  55.171  9.536  55.277 0.0000000000
116611  53.287  9.287  56.468 0.0000000000
116626  53.727  9.144  55.452 0.0000000000
116628  51.504  9.231  55.902 0.0000000000
115707  50.864  8.465  57.713 0.0000000000
115717  50.205  8.106  56.914 0.0000000000
115708  50.376  8.036  57.533 0.0000000000
113956  49.915  6.531  56.878 0.0000000000
114831  50.094  7.505  57.570 0.0000000000
116565  50.059  9.362  60.074 0.0000000000
115677  50.440  8.960  60.019 0.0000000000
115678  49.830  8.957  60.161 0.0000000000
113941  49.276  6.553  58.477 0.0000000000
113083  49.783  5.621  58.131 0.0000000000
112212  50.297  4.180  58.362 0.0000000000
132612  47.620  27.998  44.828 0.0000000000
133336  48.332  28.502  44.720 0.0000000000
132628  48.173  27.668  44.600 0.0000000000
131134  48.437  25.839  44.146 0.0000000000
128768  47.761  23.080  44.480 0.0000000000
129566  47.948  23.623  43.892 0.0000000000
128767  48.378  22.651  44.388 0.0000000000
127970  49.496  21.888  43.502 0.0000000000
127969  49.998  21.660  43.675 0.0000000000
129523  51.881  23.448  49.078 0.0000000000
130310  51.271  23.997  49.708 0.0000000000
130335  51.535  24.169  48.664 0.0000000000
130362  51.211  24.379  47.083 0.0000000000
130353  50.687  24.680  47.737 0.0000000000
130354  49.844  24.703  47.649 0.0000000000
130364  49.431  24.252  46.996 0.0000000000
129541  48.953  23.652  46.406 0.0000000000
129540  49.923  23.734  46.446 0.0000000000
127967  53.563  21.794  44.231 0.0000000000
128763  52.517  22.491  44.481 0.0000000000
128775  52.916  21.992  43.900 0.0000000000
128776  51.985  21.808  43.825 0.0000000000
127980  53.411  21.319  43.454 0.0000000000
127126  53.998  19.807  42.555 0.0000000000
127123  53.980  20.348  43.425 0.0000000000
124414  54.780  17.587  44.253 0.0000000000
126206  54.606  18.707  43.859 0.0000000000
122461  54.235  16.177  44.612 0.0000000000
122460  54.805  16.280  44.841 0.0000000000
123431  55.391  16.693  45.751 0.0000000000
119752  54.256  11.963  46.011 0.0000000000
121551  54.621  14.326  46.163 0.0000000000
119737  53.813  12.745  46.274 0.0000000000
120644  53.992  14.530  45.770 0.0000000000
119754  52.462  11.891  45.936 0.0000000000
118781  53.097  11.423  45.347 0.0000000000
117777  52.950  10.737  42.396 0.0000000000
117778  52.169  10.924  42.635 0.0000000000
118844  52.301  10.923  41.541 0.0000000000
118860  51.325  11.121  40.719 0.0000000000
116799  50.455  9.568  39.325 0.0000000000
116800  49.490  9.432  39.131 0.0000000000
116784  49.958  9.256  39.491 0.0000000000
114959  49.254  8.182  42.509 0.0000000000
115883  49.310  8.663  40.942 0.0000000000
115862  48.813  8.394  41.851 0.0000000000
115863  47.910  8.469  42.067 0.0000000000
114960  48.407  8.194  42.783 0.0000000000
115795  49.961  8.767  46.490 0.0000000000
115817  50.064  8.153  45.013 0.0000000000
115807  49.456  8.259  46.026 0.0000000000
114915  47.597  7.446  45.392 0.0000000000
114025  46.936  7.040  45.026 0.0000000000
114926  46.995  7.244  44.412 0.0000000000
114036  46.536  6.865  44.498 0.0000000000
114037  45.658  6.099  44.628 0.0000000000
114026  46.237  6.288  45.268 0.0000000000
112283  45.064  4.665  46.129 0.0000000000
111248  44.174  3.205  46.128 0.0000000000
111249  43.786  2.732  45.704 0.0000000000
110134  43.990  2.390  45.997 0.0000000000
113982  48.303  6.146  53.023 0.0000000000
114878  48.507  6.920  52.393 0.0000000000
113995  48.153  6.446  52.472 0.0000000000
111208  46.978  4.056  51.453 0.0000000000
113135  46.919  5.310  51.423 0.0000000000
113141  46.607  5.265  50.696 0.0000000000
114011  46.728  6.146  50.412 0.0000000000
112267  46.444  4.457  50.388 0.0000000000
108894  49.360  1.652  49.257 0.0000000000
108904  48.609  1.351  48.463 0.0000000000
118891  45.577  10.696  38.209 0.0000000000
117829  45.135  10.020  37.715 0.0000000000
117828  46.211  10.125  37.868 0.0000000000
116815  46.761  9.638  38.316 0.0000000000
116802  47.278  9.179  38.864 0.0000000000
118830  50.531  11.221  42.583 0.0000000000
118815  49.634  11.307  43.330 0.0000000000
118831  49.552  11.346  42.289 0.0000000000
118848  48.459  11.428  41.015 0.0000000000
118849  47.464  11.410  40.871 0.0000000000
118850  46.488  11.522  40.792 0.0000000000
118879  45.934  11.368  38.880 0.0000000000
107624  52.598  1.684  59.749 0.0000000000
107636  53.443  0.613  58.947 0.0000000000
107623  53.226  1.130  59.860 0.0000000000
107622  54.389  0.317  59.456 0.0000000000
107621  55.272  0.245  59.042 0.0000000000
120605  54.994  13.780  49.604 0.0000000000
120602  54.786  13.851  50.881 0.0000000000
121429  48.792  14.949  56.946 0.0000000000
121428  49.884  14.620  56.989 0.0000000000
121442  49.561  14.068  56.546 0.0000000000
118690  49.874  12.305  57.436 0.0000000000
124398  51.405  17.455  47.460 0.0000000000
125313  51.535  18.618  46.854 0.0000000000
124397  52.675  17.178  47.637 0.0000000000
124396  53.659  17.546  47.563 0.0000000000
124382  54.097  17.062  47.841 0.0000000000
123422  54.734  16.531  47.561 0.0000000000
116695  51.984  9.673  50.629 0.0000000000
116709  50.814  9.565  49.214 0.0000000000
116696  50.900  9.418  50.236 0.0000000000
115769  50.278  8.863  50.824 0.0000000000
115771  48.822  7.907  51.205 0.0000000000
115888  44.097  8.659  41.041 0.0000000000
115846  43.956  8.112  42.912 0.0000000000
114038  44.812  6.045  44.379 0.0000000000
123470  54.161  17.233  43.203 0.0000000000
123471  53.475  16.976  42.868 0.0000000000
123449  53.100  16.532  43.608 0.0000000000
122464  51.784  16.111  44.337 0.0000000000
118854  42.075  11.048  40.749 0.0000000000
118855  41.000  10.775  41.128 0.0000000000
117806  39.871  9.960  40.715 0.0000000000
116774  39.589  9.492  40.751 0.0000000000
122406  50.177  15.672  49.575 0.0000000000
122386  50.897  15.289  50.360 0.0000000000
121530  49.685  14.881  50.962 0.0000000000
127075  46.762  20.585  49.760 0.0000000000
126160  47.620  19.883  49.621 0.0000000000
125273  48.970  19.381  49.253 0.0000000000
124387  48.854  17.992  48.968 0.0000000000
123413  49.344  17.279  48.704 0.0000000000
113963  49.613  6.465  55.796 0.0000000000
113097  49.386  5.598  55.410 0.0000000000
111168  49.328  3.972  55.621 0.0000000000
108824  49.460  2.325  55.778 0.0000000000
108822  54.371  1.319  55.312 0.0000000000
107699  53.347  1.164  54.934 0.0000000000
108839  53.904  1.439  54.630 0.0000000000
108856  54.505  1.916  53.518 0.0000000000
110058  53.896  2.261  52.269 0.0000000000
117776  53.803  10.523  42.126 0.0000000000
117788  53.653  10.238  41.255 0.0000000000
117775  54.684  10.150  41.984 0.0000000000
117774  55.180  9.911  42.023 0.0000000000
116768  55.796  9.195  42.233 0.0000000000
117727  56.545  10.378  48.619 0.0000000000
116712  56.202  10.012  49.316 0.0000000000
116713  55.703  9.767  49.034 0.0000000000
116714  54.910  9.721  48.843 0.0000000000
116705  55.064  9.762  49.856 0.0000000000
117713  54.650  9.850  50.912 0.0000000000
116672  54.288  9.509  52.811 0.0000000000
122331  53.495  15.500  53.370 0.0000000000
121458  53.728  14.989  54.095 0.0000000000
120570  53.475  14.145  55.052 0.0000000000
120532  52.855  12.782  58.293 0.0000000000
119653  53.401  12.419  58.006 0.0000000000
118670  54.251  10.916  57.805 0.0000000000
117649  54.430  10.239  57.324 0.0000000000
116594  54.476  9.571  56.803 0.0000000000
116585  54.149  9.676  57.631 0.0000000000
116595  53.797  9.318  57.196 0.0000000000
116612  52.270  9.319  56.753 0.0000000000
116597  51.927  9.033  57.820 0.0000000000
115698  51.572  8.745  58.465 0.0000000000
115699  50.946  8.299  58.804 0.0000000000
115700  48.592  8.518  59.317 0.0000000000
114816  49.005  8.203  59.567 0.0000000000
113942  48.386  6.519  58.588 0.0000000000
133326  46.689  28.310  45.639 0.0000000000
132613  47.094  27.677  45.040 0.0000000000
132629  47.334  26.903  44.692 0.0000000000
131135  47.648  25.359  44.250 0.0000000000
131136  46.890  25.409  44.604 0.0000000000
129561  46.767  24.213  45.119 0.0000000000
128758  48.001  22.851  45.079 0.0000000000
131763  48.893  26.759  53.051 0.0000000000
132548  48.418  27.629  52.187 0.0000000000
131777  48.896  26.913  52.208 0.0000000000
131016  49.422  26.039  51.720 0.0000000000
128749  52.648  22.333  46.870 0.0000000000
130334  52.035  23.717  48.280 0.0000000000
129532  52.705  23.264  47.236 0.0000000000
129537  52.460  23.819  46.852 0.0000000000
129538  51.776  23.943  46.522 0.0000000000
129549  51.474  23.480  45.771 0.0000000000
129558  53.296  23.165  45.455 0.0000000000
128762  53.509  22.401  44.700 0.0000000000
127966  53.932  21.497  44.511 0.0000000000
126204  54.408  19.691  44.265 0.0000000000
124410  55.047  17.166  44.969 0.0000000000
120625  55.174  13.642  46.849 0.0000000000
119736  54.722  12.520  46.267 0.0000000000
118780  54.071  11.482  45.385 0.0000000000
118798  53.699  11.046  44.662 0.0000000000
117764  53.626  10.650  43.065 0.0000000000
115880  51.903  8.413  41.191 0.0000000000
115881  51.036  8.599  41.049 0.0000000000
115859  51.044  8.241  41.930 0.0000000000
114939  50.432  8.129  42.573 0.0000000000
114940  49.758  8.032  42.957 0.0000000000
115797  48.324  8.384  47.364 0.0000000000
115808  48.683  8.269  46.531 0.0000000000
114905  48.042  7.972  46.627 0.0000000000
114017  46.834  6.909  46.737 0.0000000000
114022  46.284  6.332  46.179 0.0000000000
113152  45.819  5.816  45.783 0.0000000000
114023  45.876  5.882  46.449 0.0000000000
112275  45.158  4.624  46.951 0.0000000000
112273  44.912  4.012  47.367 0.0000000000
112252  47.462  4.520  53.002 0.0000000000
113127  47.519  5.309  52.503 0.0000000000
112259  47.236  4.186  52.404 0.0000000000
111207  47.325  3.589  51.938 0.0000000000
110092  47.610  2.709  50.692 0.0000000000
116821  41.855  9.792  38.821 0.0000000000
115925  41.543  9.097  39.142 0.0000000000
115934  42.313  9.292  38.769 0.0000000000
115923  43.302  8.721  39.172 0.0000000000
115931  44.887  8.817  38.484 0.0000000000
115922  44.284  8.679  39.208 0.0000000000
120630  52.174  13.493  46.307 0.0000000000
120647  51.568  14.199  45.977 0.0000000000
119757  49.567  12.555  45.812 0.0000000000
118803  48.794  11.391  44.100 0.0000000000
118851  45.528  11.732  40.795 0.0000000000
118852  44.486  11.786  40.830 0.0000000000
118868  42.946  11.026  39.705 0.0000000000
117815  42.619  10.548  39.074 0.0000000000
127076  45.802  20.307  49.565 0.0000000000
126161  46.686  19.627  49.587 0.0000000000
110000  50.554  3.168  57.669 0.0000000000
108808  50.341  2.252  57.052 0.0000000000
107653  50.934  1.806  57.751 0.0000000000
107670  51.722  0.676  57.360 0.0000000000
107669  52.770  0.415  57.171 0.0000000000
107650  53.700  0.482  57.923 0.0000000000
107668  53.874  0.666  56.819 0.0000000000
108807  55.077  1.293  55.813 0.0000000000
108820  55.740  1.577  55.126 0.0000000000
118766  56.077  11.497  46.298 0.0000000000
117738  56.430  10.179  44.928 0.0000000000
118777  56.563  10.842  45.907 0.0000000000
118765  56.615  11.089  46.864 0.0000000000
118763  56.490  11.008  47.955 0.0000000000
118761  55.745  11.849  48.849 0.0000000000
118760  56.277  11.114  49.040 0.0000000000
118754  56.327  10.989  50.158 0.0000000000
118745  56.144  10.722  50.984 0.0000000000
123336  51.310  16.956  56.197 0.0000000000
123334  52.538  16.215  56.332 0.0000000000
123306  51.706  16.261  57.475 0.0000000000
122270  51.971  15.606  57.682 0.0000000000
120540  52.124  14.062  58.141 0.0000000000
121410  50.731  14.801  57.596 0.0000000000
120541  51.400  14.084  57.957 0.0000000000
120533  52.316  13.196  58.301 0.0000000000
119647  52.486  12.477  58.779 0.0000000000
118673  51.932  11.960  59.264 0.0000000000
118662  52.349  11.146  59.699 0.0000000000
117617  51.985  9.896  59.871 0.0000000000
117633  51.065  10.563  59.846 0.0000000000
118665  50.130  10.709  59.553 0.0000000000
117636  49.147  10.052  59.454 0.0000000000
117645  48.802  10.326  58.904 0.0000000000
116589  48.603  9.395  59.281 0.0000000000
116590  48.159  8.830  58.962 0.0000000000
115702  47.457  7.756  58.454 0.0000000000
114826  47.100  7.251  58.329 0.0000000000
131828  45.753  26.780  47.626 0.0000000000
128716  50.654  23.038  50.901 0.0000000000
129502  50.835  23.831  51.006 0.0000000000
127923  51.131  22.201  49.579 0.0000000000
128733  51.672  22.610  48.972 0.0000000000
128745  51.651  22.401  48.058 0.0000000000
126192  51.384  19.385  46.683 0.0000000000
127102  51.763  20.546  46.559 0.0000000000
127946  51.896  22.049  47.228 0.0000000000
127101  52.856  20.678  46.321 0.0000000000
127100  53.610  20.722  46.056 0.0000000000
126189  54.084  19.914  46.103 0.0000000000
125308  54.770  18.714  45.727 0.0000000000
125293  54.694  18.480  46.294 0.0000000000
123432  55.208  16.685  46.495 0.0000000000
121548  55.055  14.736  46.951 0.0000000000
115804  52.801  8.829  46.012 0.0000000000
115816  51.291  8.355  45.006 0.0000000000
115805  51.678  8.794  45.880 0.0000000000
116735  51.012  9.022  46.602 0.0000000000
116727  50.194  9.151  47.193 0.0000000000
116710  49.951  9.324  49.049 0.0000000000
116719  49.704  9.207  48.100 0.0000000000
115791  49.001  8.914  47.841 0.0000000000
115798  47.805  8.091  48.099 0.0000000000
114902  47.287  7.556  48.429 0.0000000000
114903  46.802  6.903  48.885 0.0000000000
110089  50.997  2.297  50.797 0.0000000000
110090  49.946  2.294  50.853 0.0000000000
110102  50.151  2.007  50.022 0.0000000000
115909  41.599  8.580  39.794 0.0000000000
115848  41.882  8.339  42.557 0.0000000000
113177  41.974  5.502  44.620 0.0000000000
111278  42.796  3.379  44.516 0.0000000000
123486  53.068  17.077  41.851 0.0000000000
121566  50.949  14.821  45.564 0.0000000000
122383  54.064  15.764  50.552 0.0000000000
122403  53.062  16.018  50.063 0.0000000000
122384  53.206  15.806  50.646 0.0000000000
122367  52.913  15.547  51.721 0.0000000000
122368  52.021  15.334  52.057 0.0000000000
122349  52.745  15.538  52.751 0.0000000000
123349  51.142  16.655  55.565 0.0000000000
124339  50.440  17.181  56.491 0.0000000000
124317  50.003  17.147  57.248 0.0000000000
122273  49.126  15.976  57.674 0.0000000000
133239  46.765  28.272  53.246 0.0000000000
132523  45.976  27.691  53.039 0.0000000000
132522  46.707  27.580  53.165 0.0000000000
131753  48.177  27.141  53.358 0.0000000000
130240  49.576  24.975  52.376 0.0000000000
129485  49.893  24.318  51.959 0.0000000000
127927  47.664  21.772  50.163 0.0000000000
129503  48.904  23.595  51.531 0.0000000000
128711  49.621  23.579  51.526 0.0000000000
128717  49.964  22.917  51.104 0.0000000000
127916  50.308  22.333  50.582 0.0000000000
127084  50.189  20.887  48.935 0.0000000000
126179  49.795  19.485  47.924 0.0000000000
125286  49.417  18.770  48.423 0.0000000000
125285  49.864  18.466  47.871 0.0000000000
125298  50.586  18.483  47.324 0.0000000000
123424  51.780  16.773  47.798 0.0000000000
123410  52.522  16.443  48.415 0.0000000000
115753  50.005  7.895  53.384 0.0000000000
114867  48.928  6.804  53.405 0.0000000000
113115  48.423  5.651  53.730 0.0000000000
113104  48.771  5.486  54.502 0.0000000000
113105  48.259  5.127  53.954 0.0000000000
112242  47.847  4.574  53.811 0.0000000000
110042  47.620  3.108  53.690 0.0000000000
110063  48.747  2.072  52.925 0.0000000000
110062  49.738  2.058  52.481 0.0000000000
108823  50.166  1.314  56.190 0.0000000000
108843  49.526  1.441  55.047 0.0000000000
108840  52.781  1.278  54.368 0.0000000000
108841  51.799  1.019  54.546 0.0000000000
108861  49.827  1.365  54.142 0.0000000000
108876  50.679  1.739  53.002 0.0000000000
110061  50.692  2.133  52.352 0.0000000000
110077  50.855  2.342  51.646 0.0000000000
118875  50.132  11.170  39.501 0.0000000000
117825  49.504  10.404  38.690 0.0000000000
118886  50.650  10.842  39.206 0.0000000000
117823  51.183  10.086  39.330 0.0000000000
116797  52.012  9.608  39.822 0.0000000000
117800  53.105  9.835  40.485 0.0000000000
116782  52.582  9.309  40.171 0.0000000000
115898  52.633  8.836  40.573 0.0000000000
115879  52.857  8.374  41.392 0.0000000000
115841  53.196  8.185  43.284 0.0000000000
115828  53.420  8.406  44.292 0.0000000000
116753  56.477  9.341  43.292 0.0000000000
115838  56.339  8.793  43.632 0.0000000000
116730  56.567  9.329  46.769 0.0000000000
115811  56.365  8.717  45.109 0.0000000000
115839  55.456  8.527  43.552 0.0000000000
115827  54.691  8.477  44.540 0.0000000000
115814  53.631  8.595  45.274 0.0000000000
116733  53.142  9.208  46.857 0.0000000000
116716  52.688  9.794  48.634 0.0000000000
116707  53.087  10.002  49.872 0.0000000000
116662  51.640  8.721  53.244 0.0000000000
121512  54.667  14.573  51.112 0.0000000000
120600  54.587  13.858  51.673 0.0000000000
121474  54.157  15.040  53.000 0.0000000000
120594  54.376  13.965  52.767 0.0000000000
119707  55.057  11.682  52.152 0.0000000000
118736  55.386  11.101  52.911 0.0000000000
122286  52.798  15.749  56.429 0.0000000000
121426  53.194  15.074  55.921 0.0000000000
119661  53.488  12.645  56.953 0.0000000000
119677  53.575  12.627  55.647 0.0000000000
118724  54.035  11.950  54.871 0.0000000000
118730  55.282  10.817  53.932 0.0000000000
117695  55.480  10.319  53.467 0.0000000000
116670  55.456  9.848  53.078 0.0000000000
116658  55.126  9.514  53.800 0.0000000000
116659  54.604  9.336  53.724 0.0000000000
116625  54.572  9.151  55.290 0.0000000000
116642  54.185  9.148  54.546 0.0000000000
116660  53.751  9.221  53.663 0.0000000000
116661  52.707  8.989  53.536 0.0000000000
115736  50.740  8.528  53.901 0.0000000000
115726  49.979  8.143  55.735 0.0000000000
115716  50.658  8.743  56.430 0.0000000000
112222  50.187  4.846  56.786 0.0000000000
116563  51.522  9.505  59.843 0.0000000000
115689  50.716  8.551  59.549 0.0000000000
114822  50.438  7.926  58.335 0.0000000000
114815  49.522  8.033  59.503 0.0000000000
114823  49.747  7.504  58.592 0.0000000000
111156  50.513  3.839  58.043 0.0000000000
109988  50.804  3.138  58.471 0.0000000000
108784  51.671  2.295  59.291 0.0000000000
108783  52.274  1.895  59.643 0.0000000000
129564  49.334  24.318  43.056 0.0000000000
130381  48.349  24.703  43.760 0.0000000000
129565  48.866  23.903  43.295 0.0000000000
129569  49.026  23.201  42.880 0.0000000000
127993  49.894  21.785  42.531 0.0000000000
127983  50.358  21.549  42.984 0.0000000000
127991  51.570  21.270  42.112 0.0000000000
131082  46.590  26.102  48.601 0.0000000000
131102  46.676  25.135  47.505 0.0000000000
130285  50.676  24.419  50.512 0.0000000000
131034  50.258  24.938  50.127 0.0000000000
130336  50.888  24.662  48.530 0.0000000000
131101  47.422  24.897  47.745 0.0000000000
130366  47.661  24.251  46.807 0.0000000000
129552  48.452  23.179  45.722 0.0000000000
128756  49.899  22.500  45.170 0.0000000000
129550  50.447  23.234  45.814 0.0000000000
128755  51.003  22.710  45.178 0.0000000000
128765  50.451  21.989  44.493 0.0000000000
127968  50.965  21.585  43.800 0.0000000000
127981  52.349  21.539  43.053 0.0000000000
127990  52.636  21.163  42.211 0.0000000000
127996  53.494  20.552  41.892 0.0000000000
126207  54.387  19.241  43.392 0.0000000000
125323  54.576  18.412  43.367 0.0000000000
124428  54.524  17.809  43.083 0.0000000000
123448  53.861  16.611  43.794 0.0000000000
121564  52.912  14.959  45.455 0.0000000000
124407  55.186  17.134  45.348 0.0000000000
123435  55.295  16.496  45.102 0.0000000000
121550  54.940  14.824  46.183 0.0000000000
121561  54.868  15.325  45.614 0.0000000000
122436  54.643  15.675  45.197 0.0000000000
120645  53.473  14.393  45.847 0.0000000000
119755  51.615  11.806  45.791 0.0000000000
118813  51.361  11.054  43.824 0.0000000000
117753  52.363  10.944  43.945 0.0000000000
117766  51.964  10.971  43.428 0.0000000000
118829  51.359  11.062  42.983 0.0000000000
118846  50.480  11.251  41.491 0.0000000000
118861  50.340  11.257  40.413 0.0000000000
116813  48.987  9.885  38.665 0.0000000000
116801  48.407  9.281  39.027 0.0000000000
116786  47.685  8.906  39.676 0.0000000000
115901  49.888  9.014  40.093 0.0000000000
115903  48.247  8.848  40.148 0.0000000000
116771  47.752  8.823  40.490 0.0000000000
115885  47.412  8.800  41.262 0.0000000000
115864  46.934  8.548  42.270 0.0000000000
114962  46.575  7.916  43.117 0.0000000000
115831  49.949  8.050  44.322 0.0000000000
114923  49.668  7.986  43.786 0.0000000000
114910  48.399  7.883  45.850 0.0000000000
114914  48.436  7.749  44.964 0.0000000000
114924  48.642  7.860  44.156 0.0000000000
114942  47.994  7.925  43.676 0.0000000000
114943  46.999  7.442  43.871 0.0000000000
114944  46.266  7.309  43.612 0.0000000000
114054  45.966  6.807  44.029 0.0000000000
113174  45.095  5.583  44.667 0.0000000000
113159  45.759  5.807  45.337 0.0000000000
113160  45.289  5.266  45.278 0.0000000000
113161  44.708  4.707  45.019 0.0000000000
111263  44.076  3.649  45.503 0.0000000000
115765  49.889  7.882  52.329 0.0000000000
114884  48.944  7.790  51.461 0.0000000000
114885  48.393  7.535  51.386 0.0000000000
113134  47.272  5.638  51.911 0.0000000000
114895  47.458  7.259  50.691 0.0000000000
114896  46.992  6.746  50.446 0.0000000000
114013  46.498  6.180  49.355 0.0000000000
113146  46.171  5.550  48.804 0.0000000000
110091  48.865  2.342  50.879 0.0000000000
108888  48.023  1.986  50.244 0.0000000000
108889  47.479  2.246  50.128 0.0000000000
108905  47.475  1.317  48.676 0.0000000000
108896  47.152  1.926  49.587 0.0000000000
110093  46.845  3.161  50.329 0.0000000000
111222  46.422  3.645  50.039 0.0000000000
112268  46.075  4.370  49.582 0.0000000000
111230  45.261  3.461  48.454 0.0000000000
111239  44.999  3.769  47.820 0.0000000000
106558  56.044  -0.227  59.156 0.0000000000
106568  56.747  -0.039  57.882 0.0000000000
105577  57.097  -0.577  57.240 0.0000000000
107646  57.119  0.609  56.509 0.0000000000
105563  56.988  -0.473  57.629 0.0000000000
106557  56.577  -0.529  58.593 0.0000000000
106567  57.071  -0.173  57.370 0.0000000000
106569  56.394  -0.026  58.549 0.0000000000
106577  57.294  0.097  56.788 0.0000000000
106578  57.024  0.118  57.290 0.0000000000
107634  55.835  0.427  58.304 0.0000000000
107638  51.821  1.836  58.913 0.0000000000
107647  56.711  0.566  57.033 0.0000000000
107682  54.686  1.243  55.696 0.0000000000
107683  53.878  1.037  55.633 0.0000000000
107700  52.784  0.874  55.145 0.0000000000
107702  51.378  0.596  55.874 0.0000000000
108785  51.194  2.761  58.815 0.0000000000
108806  55.535  1.358  55.830 0.0000000000
108809  49.881  2.746  56.424 0.0000000000
108838  54.952  1.783  54.254 0.0000000000
108860  50.770  1.302  53.891 0.0000000000
108878  49.309  1.619  53.567 0.0000000000
109978  51.061  3.012  59.080 0.0000000000
110012  48.926  3.158  55.414 0.0000000000
110022  55.467  2.076  53.725 0.0000000000
110025  47.712  3.456  54.117 0.0000000000
110038  53.826  1.983  52.963 0.0000000000
110057  54.914  2.443  52.279 0.0000000000
110060  51.842  2.102  52.550 0.0000000000
110103  47.172  2.392  50.002 0.0000000000
111188  47.526  3.870  53.682 0.0000000000
111199  47.359  3.644  52.929 0.0000000000
111240  44.755  3.162  47.491 0.0000000000
112223  49.729  4.809  55.886 0.0000000000
112232  48.348  4.636  54.488 0.0000000000
112253  47.278  4.724  52.339 0.0000000000
112260  47.056  4.501  51.815 0.0000000000
112265  46.780  4.539  51.124 0.0000000000
112296  44.314  4.409  44.931 0.0000000000
113144  46.007  4.910  49.052 0.0000000000
113147  45.771  5.031  48.327 0.0000000000
113964  49.175  6.391  54.817 0.0000000000
113983  47.890  5.711  52.744 0.0000000000
113996  47.744  6.134  52.258 0.0000000000
114002  47.157  6.254  51.306 0.0000000000
114003  46.807  5.763  50.973 0.0000000000
114019  45.757  5.683  46.835 0.0000000000
114035  46.973  7.175  44.651 0.0000000000
114855  49.135  6.828  54.301 0.0000000000
114877  49.110  7.568  51.942 0.0000000000
114879  48.069  6.575  52.210 0.0000000000
114894  48.051  7.716  50.849 0.0000000000
114900  46.865  6.847  49.901 0.0000000000
114909  49.131  7.971  45.285 0.0000000000
114922  50.342  8.003  43.210 0.0000000000
114957  50.451  8.263  42.146 0.0000000000
114958  49.977  8.251  42.296 0.0000000000
114963  45.955  7.686  43.154 0.0000000000
115675  51.766  9.092  59.546 0.0000000000
115676  51.127  9.012  59.801 0.0000000000
115679  49.516  9.091  60.105 0.0000000000
115688  51.371  8.720  59.240 0.0000000000
115690  50.029  8.469  59.886 0.0000000000
115697  52.027  8.894  58.638 0.0000000000
115706  51.435  8.770  57.921 0.0000000000
115709  47.532  8.496  58.418 0.0000000000
115779  50.221  9.117  50.236 0.0000000000
115782  47.925  7.823  50.580 0.0000000000
115800  56.721  8.956  45.645 0.0000000000
115802  54.956  8.805  46.161 0.0000000000
115824  56.879  9.164  44.500 0.0000000000
115825  56.658  8.859  44.375 0.0000000000
115826  55.900  8.582  44.405 0.0000000000
115837  56.731  9.125  43.810 0.0000000000
115853  56.478  9.100  43.163 0.0000000000
115854  56.010  8.813  42.775 0.0000000000
115857  53.032  8.101  42.293 0.0000000000
115861  49.650  8.420  41.723 0.0000000000
115877  54.779  8.815  41.898 0.0000000000
115878  53.800  8.532  41.663 0.0000000000
115882  50.192  8.684  40.941 0.0000000000
115892  39.884  8.827  40.713 0.0000000000
115900  50.849  9.003  40.193 0.0000000000
115902  48.960  8.858  40.066 0.0000000000
115905  45.884  8.708  40.026 0.0000000000
115915  52.155  9.162  40.084 0.0000000000
115916  51.530  9.264  39.875 0.0000000000
115917  50.935  9.330  39.646 0.0000000000
115918  49.462  9.082  39.562 0.0000000000
115920  45.962  8.698  39.256 0.0000000000
115921  45.226  8.659  39.251 0.0000000000
115935  41.852  9.498  38.837 0.0000000000
116562  52.105  9.482  59.701 0.0000000000
116564  50.746  9.605  59.964 0.0000000000
116566  49.716  9.236  60.098 0.0000000000
116577  52.362  9.183  59.355 0.0000000000
116578  50.533  10.005  59.974 0.0000000000
116579  50.157  9.879  59.959 0.0000000000
116580  49.500  9.520  59.878 0.0000000000
116588  52.018  8.924  58.393 0.0000000000
116598  51.390  8.838  57.642 0.0000000000
116609  54.890  9.419  55.841 0.0000000000
116623  55.317  9.519  54.896 0.0000000000
116624  55.112  9.270  55.076 0.0000000000
116639  55.403  9.747  54.564 0.0000000000
116657  55.426  9.794  53.976 0.0000000000
116671  55.037  9.625  52.847 0.0000000000
116678  55.912  10.123  51.402 0.0000000000
116682  53.052  9.444  51.922 0.0000000000
116690  56.093  10.028  51.078 0.0000000000
116706  54.234  9.953  49.644 0.0000000000
116728  49.514  9.082  47.490 0.0000000000
116736  50.417  8.912  46.528 0.0000000000
116746  56.696  9.415  44.196 0.0000000000
116760  56.116  9.257  42.623 0.0000000000
116761  56.153  8.833  42.380 0.0000000000
116769  55.468  9.185  41.984 0.0000000000
116772  47.037  8.878  40.398 0.0000000000
116781  53.252  9.292  40.513 0.0000000000
116783  50.442  9.227  39.684 0.0000000000
116785  48.462  8.959  39.608 0.0000000000
116788  46.290  8.710  39.937 0.0000000000
116789  40.614  9.608  39.909 0.0000000000
116796  52.664  9.560  40.189 0.0000000000
116798  51.238  9.626  39.495 0.0000000000
116804  41.415  9.667  39.064 0.0000000000
116805  40.997  9.767  39.451 0.0000000000
116810  51.425  9.899  39.451 0.0000000000
116811  50.881  9.932  39.189 0.0000000000
116817  44.591  9.405  38.058 0.0000000000
116818  43.692  9.513  38.208 0.0000000000
116819  42.912  9.639  38.444 0.0000000000
116820  42.278  9.729  38.641 0.0000000000
117616  52.339  9.768  59.748 0.0000000000
117618  51.329  10.034  59.909 0.0000000000
117632  51.816  10.515  59.877 0.0000000000
117634  50.433  10.379  59.802 0.0000000000
117635  49.762  10.322  59.614 0.0000000000
117644  49.330  10.512  59.220 0.0000000000
117659  55.087  9.845  55.556 0.0000000000
117675  55.357  9.925  55.020 0.0000000000
117688  55.271  10.399  54.889 0.0000000000
117700  55.590  10.354  52.444 0.0000000000
117705  54.288  9.880  51.425 0.0000000000
117712  56.322  10.352  50.589 0.0000000000
117714  53.901  9.988  50.971 0.0000000000
117723  54.885  9.766  50.439 0.0000000000
117725  53.834  10.021  50.276 0.0000000000
117754  51.847  10.994  43.931 0.0000000000
117765  52.719  10.839  43.229 0.0000000000
117773  55.769  9.436  42.283 0.0000000000
117785  55.617  9.319  42.135 0.0000000000
117786  55.262  9.365  41.943 0.0000000000
117790  52.400  10.876  41.962 0.0000000000
117791  41.265  10.713  40.488 0.0000000000
117792  40.673  10.511  40.681 0.0000000000
117799  53.691  9.434  40.856 0.0000000000
117802  42.299  10.716  39.588 0.0000000000
117803  41.711  10.667  39.914 0.0000000000
117813  51.067  10.638  39.364 0.0000000000
117814  43.142  10.517  38.708 0.0000000000
117816  41.954  10.386  39.282 0.0000000000
117824  50.661  10.392  39.120 0.0000000000
117833  42.166  10.117  38.837 0.0000000000
117834  41.693  10.049  39.001 0.0000000000
118672  52.892  11.791  59.274 0.0000000000
118676  49.228  10.753  58.941 0.0000000000
118687  54.538  11.068  56.219 0.0000000000
118689  50.260  12.678  57.552 0.0000000000
118722  55.270  10.705  54.360 0.0000000000
118739  56.012  10.509  51.382 0.0000000000
118778  55.950  11.088  45.470 0.0000000000
118782  52.127  11.371  45.294 0.0000000000
118783  51.167  11.426  45.253 0.0000000000
118799  52.708  11.067  44.629 0.0000000000
118816  48.652  11.384  43.089 0.0000000000
118859  52.191  10.957  40.996 0.0000000000
118863  48.307  11.422  39.998 0.0000000000
118876  49.127  11.255  39.291 0.0000000000
118887  49.878  10.862  38.945 0.0000000000
118893  44.013  10.414  38.220 0.0000000000
119655  50.641  13.074  57.629 0.0000000000
119663  49.490  12.722  56.662 0.0000000000
119701  54.126  12.764  53.337 0.0000000000
119716  54.793  13.348  50.635 0.0000000000
119738  52.816  12.681  46.304 0.0000000000
119756  50.746  12.071  45.854 0.0000000000
120534  51.752  13.476  58.219 0.0000000000
120595  54.097  13.791  53.502 0.0000000000
120606  54.888  13.637  50.353 0.0000000000
120628  54.171  13.850  46.139 0.0000000000
121411  50.178  15.121  57.381 0.0000000000
121427  50.503  14.289  57.301 0.0000000000
121443  49.073  14.317  56.441 0.0000000000
121475  53.884  15.189  53.519 0.0000000000
121528  51.208  15.183  50.902 0.0000000000
121536  54.920  14.604  48.825 0.0000000000
121563  53.705  14.995  45.485 0.0000000000
122269  52.484  15.652  57.216 0.0000000000
122287  52.601  15.916  56.797 0.0000000000
122288  49.896  15.235  57.340 0.0000000000
122330  53.866  15.408  52.767 0.0000000000
122381  54.761  15.162  49.671 0.0000000000
122387  49.889  15.305  50.284 0.0000000000
122402  54.373  15.705  49.873 0.0000000000
122434  55.386  16.320  45.305 0.0000000000
122435  55.230  15.884  45.376 0.0000000000
122439  52.344  15.496  44.908 0.0000000000
122459  55.121  16.362  44.978 0.0000000000
123305  52.162  16.014  57.376 0.0000000000
123307  50.827  16.555  57.561 0.0000000000
123309  48.835  16.534  57.464 0.0000000000
123320  52.578  16.085  56.602 0.0000000000
123321  52.297  16.309  56.903 0.0000000000
123322  51.511  16.863  56.931 0.0000000000
123324  49.458  17.084  57.197 0.0000000000
123335  52.137  16.648  56.178 0.0000000000
123337  50.619  17.006  56.068 0.0000000000
123375  53.687  15.988  50.244 0.0000000000
123376  53.417  16.064  50.036 0.0000000000
123387  54.601  15.598  49.127 0.0000000000
123423  54.396  16.886  47.786 0.0000000000
123426  50.338  17.356  47.932 0.0000000000
123434  55.343  16.681  45.279 0.0000000000
123445  55.170  16.866  44.938 0.0000000000
123446  54.896  16.856  44.644 0.0000000000
123447  54.441  16.757  44.173 0.0000000000
123473  51.734  17.033  42.708 0.0000000000
124316  50.388  16.990  57.321 0.0000000000
124328  50.916  17.142  56.667 0.0000000000
124329  50.399  17.286  56.931 0.0000000000
124330  49.919  17.285  56.889 0.0000000000
124338  50.837  17.095  56.350 0.0000000000
124340  50.116  17.253  56.652 0.0000000000
124369  48.989  17.566  48.912 0.0000000000
124385  49.937  17.904  47.977 0.0000000000
124399  50.599  17.607  47.659 0.0000000000
124411  54.878  17.671  44.968 0.0000000000
124444  54.499  18.149  42.582 0.0000000000
124445  54.359  17.961  42.147 0.0000000000
125287  48.859  18.528  49.016 0.0000000000
125295  53.864  18.336  47.088 0.0000000000
125297  51.928  18.034  47.078 0.0000000000
125299  49.823  18.787  47.847 0.0000000000
125309  54.513  19.102  46.207 0.0000000000
125319  54.729  18.281  44.311 0.0000000000
125335  54.524  18.236  42.828 0.0000000000
126200  54.653  19.174  44.966 0.0000000000
127071  50.150  21.145  49.737 0.0000000000
127072  49.533  20.897  49.962 0.0000000000
127093  51.007  20.934  47.039 0.0000000000
127095  49.833  20.245  48.607 0.0000000000
127099  54.002  20.702  45.639 0.0000000000
127120  54.221  20.557  44.382 0.0000000000
127124  53.606  20.723  42.921 0.0000000000
127127  53.690  20.390  42.453 0.0000000000
127924  50.557  21.853  50.032 0.0000000000
127925  49.931  21.606  50.273 0.0000000000
127935  51.121  21.973  48.715 0.0000000000
127953  52.350  21.479  46.639 0.0000000000
127954  51.564  21.378  46.927 0.0000000000
127957  53.948  21.660  45.360 0.0000000000
127984  49.668  21.838  43.000 0.0000000000
128710  50.273  23.621  51.401 0.0000000000
128712  49.209  23.554  51.540 0.0000000000
128715  51.136  23.223  50.470 0.0000000000
128718  49.120  22.979  51.149 0.0000000000
128723  51.493  22.891  49.813 0.0000000000
128724  50.943  22.549  50.295 0.0000000000
128743  52.785  22.986  47.180 0.0000000000
128744  52.298  22.707  47.548 0.0000000000
128753  53.619  22.471  45.732 0.0000000000
128754  52.020  23.007  45.094 0.0000000000
128759  47.550  23.196  44.966 0.0000000000
128761  53.931  22.031  44.938 0.0000000000
128766  49.278  22.115  44.162 0.0000000000
128774  53.371  21.894  44.102 0.0000000000
128777  49.223  22.271  43.221 0.0000000000
128779  48.058  22.940  44.003 0.0000000000
128788  49.045  22.689  42.950 0.0000000000
129467  49.700  24.615  52.221 0.0000000000
129468  49.470  24.542  52.239 0.0000000000
129487  48.655  23.985  51.663 0.0000000000
129501  51.134  23.603  50.488 0.0000000000
129522  52.140  23.410  48.317 0.0000000000
129533  52.424  23.394  47.602 0.0000000000
129536  52.820  23.303  46.944 0.0000000000
129539  50.890  23.905  46.433 0.0000000000
129542  48.061  23.712  46.299 0.0000000000
129543  47.366  23.911  46.179 0.0000000000
129548  52.508  23.570  45.804 0.0000000000
129553  47.600  23.441  45.535 0.0000000000
129560  47.260  23.766  44.764 0.0000000000
130241  48.833  24.822  52.411 0.0000000000
130260  50.015  24.785  52.109 0.0000000000
130284  51.083  23.863  50.369 0.0000000000
130312  50.423  24.809  49.078 0.0000000000
130352  51.427  24.467  47.806 0.0000000000
130357  47.285  24.634  47.265 0.0000000000
130361  51.834  24.220  47.177 0.0000000000
130365  48.513  24.203  46.944 0.0000000000
130367  46.791  24.464  46.523 0.0000000000
130371  46.034  25.164  45.833 0.0000000000
130375  46.825  24.711  44.679 0.0000000000
131017  48.943  26.522  51.665 0.0000000000
131055  50.348  24.831  49.532 0.0000000000
131083  45.990  26.370  48.099 0.0000000000
131120  46.351  24.950  46.732 0.0000000000
131121  45.919  25.473  46.551 0.0000000000
131130  46.277  25.527  45.129 0.0000000000
131131  45.918  25.567  45.796 0.0000000000
131141  48.380  25.350  43.989 0.0000000000
131752  48.479  27.164  53.251 0.0000000000
131754  47.520  27.119  53.279 0.0000000000
131762  49.138  26.292  52.738 0.0000000000
131776  49.173  26.363  52.504 0.0000000000
131778  48.477  27.271  51.794 0.0000000000
131817  46.070  26.872  48.345 0.0000000000
131872  47.054  26.051  44.622 0.0000000000
132520  48.237  27.548  53.198 0.0000000000
132521  47.522  27.666  53.310 0.0000000000
132524  45.486  27.846  52.954 0.0000000000
132534  48.516  27.550  52.717 0.0000000000
132535  46.278  27.296  52.894 0.0000000000
132598  45.709  27.453  46.966 0.0000000000
133238  47.559  28.247  53.141 0.0000000000
133253  44.702  28.660  52.652 0.0000000000
133313  46.442  28.730  46.306 0.0000000000
133324  48.434  29.178  44.810 0.0000000000
133327  46.167  28.210  46.043 0.0000000000
