#!ascii label  , from subject 3467 vox2ras=TkReg
945
39746  11.069  -57.506  77.023 0.0000000000
42667  6.411  -55.686  56.155 0.0000000000
37078  3.273  -59.504  71.266 0.0000000000
46244  7.282  -52.935  70.898 0.0000000000
51111  5.939  -47.533  68.109 0.0000000000
35672  6.380  -60.062  76.122 0.0000000000
42405  5.513  -55.507  76.563 0.0000000000
37024  14.515  -59.205  76.300 0.0000000000
34320  9.962  -60.628  73.906 0.0000000000
33008  5.890  -61.371  69.715 0.0000000000
49910  9.992  -48.953  74.831 0.0000000000
48750  7.928  -49.199  69.061 0.0000000000
52136  6.599  -46.014  74.214 0.0000000000
38530  4.113  -59.047  65.735 0.0000000000
43796  5.435  -56.938  65.761 0.0000000000
42430  5.121  -55.956  70.611 0.0000000000
47426  6.845  -51.835  76.538 0.0000000000
45115  7.381  -53.567  63.337 0.0000000000
47589  7.193  -50.783  61.507 0.0000000000
52277  5.743  -48.252  61.514 0.0000000000
55653  6.144  -45.174  66.699 0.0000000000
37009  9.003  -59.201  77.391 0.0000000000
39749  8.213  -57.217  76.644 0.0000000000
36993  13.030  -58.571  77.191 0.0000000000
35683  12.485  -60.070  75.006 0.0000000000
35668  9.934  -60.316  76.162 0.0000000000
34311  7.762  -60.721  75.098 0.0000000000
51045  8.414  -47.450  74.796 0.0000000000
37105  3.750  -58.869  67.857 0.0000000000
41134  4.082  -57.556  68.405 0.0000000000
41085  4.121  -57.017  71.478 0.0000000000
43679  7.213  -53.955  78.468 0.0000000000
44979  5.703  -53.578  76.549 0.0000000000
34339  4.239  -61.208  70.906 0.0000000000
33041  5.370  -59.924  67.831 0.0000000000
34390  3.840  -59.832  68.490 0.0000000000
35792  3.746  -60.038  65.991 0.0000000000
43763  5.846  -54.890  68.409 0.0000000000
43833  5.641  -55.405  64.550 0.0000000000
45044  6.958  -53.468  67.653 0.0000000000
48752  7.263  -48.892  68.061 0.0000000000
47523  6.960  -50.576  65.387 0.0000000000
48804  6.418  -49.692  64.802 0.0000000000
48841  6.269  -49.535  61.436 0.0000000000
51165  5.574  -48.246  64.234 0.0000000000
37068  4.562  -59.507  73.681 0.0000000000
39766  4.480  -57.450  74.065 0.0000000000
38378  5.615  -58.121  76.015 0.0000000000
42391  7.758  -55.047  77.188 0.0000000000
37053  16.199  -58.606  74.804 0.0000000000
38459  14.164  -58.037  71.519 0.0000000000
37071  13.297  -59.040  72.845 0.0000000000
35701  11.337  -59.786  71.632 0.0000000000
34335  8.102  -61.216  72.191 0.0000000000
34319  5.897  -60.868  73.732 0.0000000000
48724  8.303  -50.548  72.980 0.0000000000
47476  8.141  -51.728  70.019 0.0000000000
49925  9.200  -49.036  72.225 0.0000000000
51069  7.647  -47.434  71.977 0.0000000000
51071  6.896  -46.581  71.088 0.0000000000
42387  13.401  -56.007  76.197 0.0000000000
39778  19.256  -57.059  73.510 0.0000000000
38373  20.494  -58.269  76.496 0.0000000000
38352  16.697  -58.313  76.702 0.0000000000
39735  15.232  -57.688  76.304 0.0000000000
35865  3.322  -60.140  62.700 0.0000000000
39950  4.354  -58.904  63.194 0.0000000000
41192  4.592  -58.335  65.655 0.0000000000
42474  5.124  -56.418  68.161 0.0000000000
43730  6.118  -54.494  71.089 0.0000000000
42416  4.658  -55.763  73.937 0.0000000000
44998  5.561  -53.524  73.347 0.0000000000
47457  6.476  -52.201  73.196 0.0000000000
48701  8.807  -50.198  75.615 0.0000000000
42579  5.312  -57.541  62.399 0.0000000000
43898  6.256  -55.879  61.308 0.0000000000
43916  6.974  -54.620  59.565 0.0000000000
46293  7.918  -52.170  66.124 0.0000000000
46342  8.417  -52.565  62.388 0.0000000000
45222  8.338  -52.933  57.728 0.0000000000
47643  7.335  -50.643  57.349 0.0000000000
51236  6.582  -49.157  57.978 0.0000000000
54363  5.964  -45.097  73.903 0.0000000000
54379  5.703  -45.076  70.787 0.0000000000
56761  6.467  -43.755  69.553 0.0000000000
54423  5.524  -45.727  67.805 0.0000000000
54469  5.596  -46.714  64.109 0.0000000000
38360  9.557  -58.300  77.222 0.0000000000
39748  9.201  -57.349  76.638 0.0000000000
41046  10.721  -56.724  76.464 0.0000000000
38358  11.511  -58.346  77.318 0.0000000000
35659  11.487  -59.821  77.041 0.0000000000
37007  10.992  -59.209  77.424 0.0000000000
35661  9.488  -60.023  77.108 0.0000000000
42675  6.364  -55.779  55.454 0.0000000000
43978  6.669  -54.790  56.344 0.0000000000
37083  3.028  -59.078  69.479 0.0000000000
39819  3.600  -58.171  69.742 0.0000000000
38461  3.335  -58.633  71.068 0.0000000000
39815  16.474  -56.610  71.864 0.0000000000
35699  3.662  -60.372  71.394 0.0000000000
34361  3.776  -60.681  69.085 0.0000000000
35711  3.251  -60.132  69.113 0.0000000000
35733  3.684  -59.252  68.116 0.0000000000
45032  6.480  -53.979  68.699 0.0000000000
45045  6.011  -54.262  67.394 0.0000000000
46263  7.460  -52.896  69.323 0.0000000000
49962  6.607  -48.100  67.952 0.0000000000
48767  6.529  -49.169  66.922 0.0000000000
49987  6.006  -48.672  66.483 0.0000000000
50005  5.981  -48.837  64.686 0.0000000000
51133  5.520  -47.870  66.710 0.0000000000
35681  5.379  -59.903  75.008 0.0000000000
37044  5.227  -59.092  75.131 0.0000000000
37028  5.887  -59.214  76.152 0.0000000000
41049  7.862  -56.044  76.552 0.0000000000
42374  8.587  -54.507  77.995 0.0000000000
37040  15.495  -59.080  75.501 0.0000000000
37065  14.504  -58.889  74.008 0.0000000000
37056  13.987  -59.363  74.871 0.0000000000
35685  10.722  -60.395  74.273 0.0000000000
35690  11.488  -60.109  73.664 0.0000000000
35697  10.565  -60.252  72.265 0.0000000000
34334  9.046  -61.007  72.547 0.0000000000
35679  6.946  -60.386  75.626 0.0000000000
34318  6.716  -61.026  73.881 0.0000000000
34313  6.205  -60.620  74.462 0.0000000000
35692  5.207  -60.575  73.719 0.0000000000
49911  9.415  -49.484  74.176 0.0000000000
48723  8.840  -49.941  72.563 0.0000000000
49917  9.781  -48.811  73.857 0.0000000000
51037  7.443  -46.683  75.075 0.0000000000
51057  7.539  -47.379  73.233 0.0000000000
51058  6.894  -47.116  72.767 0.0000000000
51070  7.235  -47.040  71.542 0.0000000000
51059  6.590  -46.571  72.291 0.0000000000
38376  17.318  -58.531  76.206 0.0000000000
37196  3.592  -59.550  64.190 0.0000000000
38577  4.055  -59.064  63.718 0.0000000000
38529  4.122  -58.861  65.891 0.0000000000
41115  4.342  -57.209  69.289 0.0000000000
41153  4.188  -57.217  67.711 0.0000000000
42442  5.335  -56.163  69.574 0.0000000000
43748  5.687  -55.546  69.080 0.0000000000
43731  5.561  -54.994  71.285 0.0000000000
41062  4.941  -56.514  75.382 0.0000000000
41070  4.530  -56.610  73.518 0.0000000000
42412  4.816  -55.721  74.891 0.0000000000
46206  6.137  -52.475  76.555 0.0000000000
44992  5.490  -53.443  75.312 0.0000000000
46226  5.803  -52.677  74.715 0.0000000000
46231  5.884  -52.742  73.730 0.0000000000
47449  6.325  -52.004  74.151 0.0000000000
48717  7.458  -50.982  74.469 0.0000000000
48703  7.447  -51.301  75.766 0.0000000000
38464  12.931  -58.181  70.487 0.0000000000
38467  13.435  -57.106  69.705 0.0000000000
34419  6.951  -61.390  68.794 0.0000000000
34442  7.158  -60.891  68.056 0.0000000000
33039  6.494  -60.756  67.993 0.0000000000
33069  4.909  -60.127  66.331 0.0000000000
33081  5.073  -60.679  65.470 0.0000000000
37152  3.941  -59.092  66.187 0.0000000000
35837  3.137  -60.249  64.281 0.0000000000
42561  4.751  -58.287  63.691 0.0000000000
41253  4.858  -58.478  62.654 0.0000000000
43855  5.301  -57.320  63.518 0.0000000000
45097  5.931  -54.641  63.796 0.0000000000
43872  5.788  -55.356  62.365 0.0000000000
43871  6.046  -55.014  61.892 0.0000000000
43917  6.547  -55.187  59.950 0.0000000000
45158  7.179  -54.119  61.269 0.0000000000
48749  8.493  -50.332  69.147 0.0000000000
46267  8.196  -51.839  67.986 0.0000000000
48776  8.182  -50.709  67.840 0.0000000000
47556  6.914  -50.429  63.263 0.0000000000
47544  7.838  -51.421  63.937 0.0000000000
47569  7.698  -51.107  62.079 0.0000000000
46387  8.504  -52.409  59.991 0.0000000000
47608  8.259  -51.738  59.598 0.0000000000
47657  7.697  -51.789  57.134 0.0000000000
48883  7.018  -50.746  59.181 0.0000000000
50049  6.122  -49.217  61.193 0.0000000000
50068  6.262  -49.493  59.212 0.0000000000
51227  5.786  -48.684  59.358 0.0000000000
55563  6.723  -44.150  73.381 0.0000000000
54378  5.624  -44.935  71.840 0.0000000000
55576  6.160  -44.534  71.697 0.0000000000
57844  6.422  -42.527  67.933 0.0000000000
56781  6.012  -44.202  67.795 0.0000000000
55619  5.808  -44.928  68.279 0.0000000000
55643  5.818  -45.332  67.443 0.0000000000
54454  5.316  -46.178  66.010 0.0000000000
55681  5.650  -45.835  65.759 0.0000000000
35663  7.672  -59.899  77.005 0.0000000000
37012  6.362  -58.679  76.645 0.0000000000
38361  8.584  -58.232  77.101 0.0000000000
37025  13.626  -59.306  76.517 0.0000000000
35682  13.224  -59.703  75.387 0.0000000000
35665  12.875  -59.547  76.599 0.0000000000
35675  11.746  -60.255  75.611 0.0000000000
34308  10.035  -60.503  75.266 0.0000000000
34315  9.313  -60.788  74.545 0.0000000000
34305  9.310  -60.426  75.981 0.0000000000
35670  8.128  -60.309  76.377 0.0000000000
51024  9.067  -47.939  77.154 0.0000000000
51044  9.192  -47.700  75.185 0.0000000000
51035  8.475  -47.441  75.896 0.0000000000
51027  7.598  -46.614  76.218 0.0000000000
52127  7.465  -46.174  75.571 0.0000000000
38496  3.900  -58.756  67.097 0.0000000000
38495  4.035  -58.392  67.279 0.0000000000
39849  3.936  -57.914  68.490 0.0000000000
39835  3.910  -57.699  69.467 0.0000000000
42424  4.484  -56.532  71.513 0.0000000000
42377  6.373  -54.464  77.563 0.0000000000
43709  5.594  -54.613  76.767 0.0000000000
44962  6.179  -53.522  77.576 0.0000000000
46190  6.778  -52.490  77.675 0.0000000000
47412  7.226  -51.895  77.474 0.0000000000
47425  7.641  -51.414  76.824 0.0000000000
34359  4.969  -61.212  69.861 0.0000000000
33029  5.473  -60.331  68.626 0.0000000000
33011  4.838  -60.027  68.723 0.0000000000
33043  4.546  -59.726  67.718 0.0000000000
33070  4.341  -60.075  66.564 0.0000000000
34465  3.846  -60.402  65.377 0.0000000000
34455  4.295  -60.101  66.111 0.0000000000
35764  3.838  -59.126  66.895 0.0000000000
43795  5.546  -56.294  66.400 0.0000000000
43834  5.574  -56.308  64.259 0.0000000000
43814  5.678  -55.318  65.648 0.0000000000
45077  5.988  -54.481  64.920 0.0000000000
45076  6.731  -53.713  65.330 0.0000000000
48751  7.241  -48.914  68.292 0.0000000000
48790  7.318  -50.460  66.736 0.0000000000
48779  6.494  -49.656  66.730 0.0000000000
48803  6.387  -49.888  65.144 0.0000000000
47557  6.628  -50.053  63.427 0.0000000000
48848  6.482  -50.100  60.915 0.0000000000
48820  6.548  -49.693  63.168 0.0000000000
50033  6.054  -49.052  62.724 0.0000000000
52267  5.516  -48.227  62.763 0.0000000000
57878  6.685  -43.714  66.568 0.0000000000
55665  6.574  -45.168  65.797 0.0000000000
56816  6.957  -44.196  66.156 0.0000000000
37073  3.697  -59.467  72.151 0.0000000000
38434  3.854  -58.599  72.547 0.0000000000
37058  4.458  -58.917  73.633 0.0000000000
39762  4.782  -57.369  75.019 0.0000000000
41061  5.430  -56.423  76.147 0.0000000000
39750  7.253  -57.123  76.846 0.0000000000
41050  6.870  -55.956  77.030 0.0000000000
42393  6.183  -55.098  77.303 0.0000000000
42375  7.667  -54.410  78.115 0.0000000000
38431  16.168  -58.102  73.799 0.0000000000
38458  15.376  -57.409  71.929 0.0000000000
38447  15.286  -57.979  72.691 0.0000000000
35688  13.081  -59.589  74.640 0.0000000000
37072  12.553  -59.221  72.491 0.0000000000
37076  12.235  -59.176  71.557 0.0000000000
34356  7.819  -61.248  70.899 0.0000000000
34357  6.635  -61.463  70.366 0.0000000000
34322  8.303  -61.079  73.320 0.0000000000
34323  7.382  -61.188  73.058 0.0000000000
34337  6.071  -61.377  71.618 0.0000000000
34338  5.126  -61.428  71.304 0.0000000000
35698  4.163  -60.664  72.047 0.0000000000
47469  7.475  -52.143  71.675 0.0000000000
46243  7.736  -52.310  70.521 0.0000000000
47468  8.086  -51.415  71.288 0.0000000000
47467  8.552  -50.526  70.725 0.0000000000
48738  8.495  -49.727  70.179 0.0000000000
51067  9.196  -48.015  72.883 0.0000000000
51078  8.783  -48.308  71.919 0.0000000000
49948  7.954  -48.513  69.900 0.0000000000
49949  7.647  -47.981  69.672 0.0000000000
51097  7.036  -47.438  69.642 0.0000000000
51098  6.475  -47.362  69.018 0.0000000000
41044  12.499  -56.746  76.632 0.0000000000
39779  18.412  -57.176  73.375 0.0000000000
38386  23.135  -57.752  75.821 0.0000000000
38372  21.574  -58.187  76.583 0.0000000000
38405  21.455  -57.714  74.965 0.0000000000
38406  20.399  -57.861  74.889 0.0000000000
38407  19.340  -58.024  74.756 0.0000000000
38430  17.503  -57.572  73.613 0.0000000000
37021  16.678  -58.734  75.874 0.0000000000
37001  15.884  -58.752  76.462 0.0000000000
38332  16.416  -57.955  77.118 0.0000000000
38354  14.965  -58.581  76.947 0.0000000000
38335  13.910  -58.274  76.947 0.0000000000
39744  13.056  -57.467  76.936 0.0000000000
39926  4.364  -58.738  63.700 0.0000000000
42532  4.916  -57.966  64.999 0.0000000000
41171  4.143  -57.638  67.385 0.0000000000
41181  4.529  -57.533  66.860 0.0000000000
42513  5.168  -56.761  67.135 0.0000000000
43764  5.491  -55.705  68.231 0.0000000000
43747  6.025  -54.738  69.443 0.0000000000
46245  6.814  -53.537  71.341 0.0000000000
39781  4.116  -57.712  72.753 0.0000000000
41074  4.386  -56.785  72.465 0.0000000000
42420  4.714  -55.863  72.910 0.0000000000
43718  4.930  -54.911  75.317 0.0000000000
43724  4.818  -54.987  73.408 0.0000000000
43727  4.975  -55.022  72.377 0.0000000000
45002  5.811  -53.719  72.486 0.0000000000
46240  6.396  -53.264  72.074 0.0000000000
46239  7.042  -52.724  71.729 0.0000000000
47456  7.176  -51.355  73.551 0.0000000000
48716  8.039  -50.625  73.891 0.0000000000
49905  9.422  -49.595  75.188 0.0000000000
48691  9.193  -50.274  76.825 0.0000000000
49899  9.526  -49.754  76.097 0.0000000000
49898  9.855  -49.210  76.995 0.0000000000
33065  6.624  -59.743  66.240 0.0000000000
33053  6.142  -60.054  67.150 0.0000000000
43854  5.486  -56.557  63.477 0.0000000000
42603  5.652  -57.043  61.447 0.0000000000
43963  7.205  -54.698  57.769 0.0000000000
46262  7.788  -52.532  68.834 0.0000000000
45058  7.513  -52.882  66.873 0.0000000000
45095  7.642  -53.112  64.514 0.0000000000
47522  7.677  -51.382  65.537 0.0000000000
46308  8.044  -52.151  64.587 0.0000000000
45136  7.914  -53.321  62.592 0.0000000000
45176  7.679  -53.850  60.464 0.0000000000
45203  7.576  -54.159  58.971 0.0000000000
43974  7.148  -54.470  57.151 0.0000000000
45256  7.681  -52.968  56.331 0.0000000000
48884  6.688  -50.204  58.920 0.0000000000
48912  7.035  -49.945  57.702 0.0000000000
53236  6.771  -45.388  74.854 0.0000000000
54357  6.502  -45.089  74.722 0.0000000000
53244  6.197  -45.435  74.027 0.0000000000
53257  5.827  -45.408  72.264 0.0000000000
53266  6.089  -45.671  71.275 0.0000000000
52171  5.969  -46.618  69.017 0.0000000000
55606  6.180  -44.433  69.456 0.0000000000
54400  5.735  -45.548  68.808 0.0000000000
52199  5.213  -46.958  67.593 0.0000000000
52217  5.039  -47.298  66.170 0.0000000000
53345  5.426  -47.318  63.896 0.0000000000
53361  5.682  -47.249  62.712 0.0000000000
54491  6.493  -46.657  62.131 0.0000000000
38359  10.527  -58.346  77.309 0.0000000000
39747  10.144  -57.453  76.837 0.0000000000
43984  6.499  -54.830  55.659 0.0000000000
37079  2.946  -59.296  70.373 0.0000000000
38462  3.293  -58.574  70.140 0.0000000000
39797  17.044  -56.826  72.536 0.0000000000
35703  3.099  -60.288  70.223 0.0000000000
35704  2.876  -59.737  69.555 0.0000000000
45010  6.955  -53.550  70.423 0.0000000000
45017  7.003  -53.436  69.499 0.0000000000
46254  7.361  -52.914  70.046 0.0000000000
49963  6.092  -48.015  67.494 0.0000000000
49975  5.961  -48.375  66.977 0.0000000000
51120  5.861  -47.935  67.341 0.0000000000
51132  5.874  -48.239  66.960 0.0000000000
37043  5.621  -59.616  75.423 0.0000000000
37041  14.704  -59.233  75.591 0.0000000000
37055  15.009  -59.102  74.868 0.0000000000
35691  10.661  -60.343  73.290 0.0000000000
34333  9.849  -60.603  72.919 0.0000000000
34321  9.172  -60.889  73.603 0.0000000000
35680  5.989  -60.255  75.366 0.0000000000
35686  5.591  -60.333  74.446 0.0000000000
51047  6.842  -46.916  74.078 0.0000000000
51048  6.497  -46.532  73.339 0.0000000000
37177  3.948  -59.415  65.107 0.0000000000
38554  4.152  -59.092  64.708 0.0000000000
42443  4.804  -56.701  69.945 0.0000000000
42406  5.038  -55.667  75.794 0.0000000000
47427  6.304  -52.031  75.931 0.0000000000
46220  5.835  -52.652  75.709 0.0000000000
47442  6.274  -52.016  75.135 0.0000000000
47441  6.933  -51.612  75.634 0.0000000000
47448  6.901  -51.492  74.694 0.0000000000
34388  6.774  -61.492  69.496 0.0000000000
33028  6.070  -61.149  68.992 0.0000000000
33082  4.694  -60.683  65.419 0.0000000000
37178  3.769  -59.769  65.419 0.0000000000
37197  3.474  -59.811  64.820 0.0000000000
42547  5.106  -57.670  64.607 0.0000000000
42560  5.038  -57.801  63.889 0.0000000000
43835  5.323  -57.108  64.088 0.0000000000
45116  6.578  -54.215  63.040 0.0000000000
45117  5.937  -54.821  62.773 0.0000000000
45138  6.483  -54.605  61.977 0.0000000000
45137  7.269  -53.883  62.280 0.0000000000
48763  8.432  -50.878  68.403 0.0000000000
48764  8.085  -50.139  68.272 0.0000000000
47570  7.005  -50.542  62.338 0.0000000000
47555  7.487  -50.936  63.071 0.0000000000
47588  7.784  -51.257  61.099 0.0000000000
47609  7.784  -51.290  60.145 0.0000000000
47625  7.699  -51.224  59.155 0.0000000000
47610  7.233  -50.900  60.663 0.0000000000
51207  5.893  -48.778  60.952 0.0000000000
51217  5.750  -48.755  60.154 0.0000000000
52285  5.727  -48.368  60.649 0.0000000000
56724  7.274  -43.637  74.177 0.0000000000
55575  6.696  -44.186  72.290 0.0000000000
56790  6.291  -43.459  67.518 0.0000000000
56780  6.207  -43.582  68.157 0.0000000000
56791  6.116  -44.562  67.481 0.0000000000
56803  6.144  -45.040  67.164 0.0000000000
55667  5.646  -45.686  66.380 0.0000000000
37010  8.013  -59.148  77.243 0.0000000000
41047  9.869  -56.371  76.297 0.0000000000
37026  13.266  -59.273  76.870 0.0000000000
35657  12.709  -59.464  76.952 0.0000000000
35667  11.050  -60.210  76.301 0.0000000000
35676  10.635  -60.400  75.329 0.0000000000
35677  10.019  -60.447  75.545 0.0000000000
34309  9.508  -60.555  75.416 0.0000000000
35662  8.526  -59.984  77.121 0.0000000000
51034  9.140  -47.808  76.247 0.0000000000
51026  7.998  -47.120  76.571 0.0000000000
52122  7.446  -46.148  76.361 0.0000000000
38482  3.855  -58.761  67.475 0.0000000000
38481  3.900  -58.445  67.797 0.0000000000
38470  3.702  -58.482  68.591 0.0000000000
39818  3.700  -57.845  70.597 0.0000000000
41098  4.208  -57.135  70.296 0.0000000000
43680  6.495  -54.048  77.880 0.0000000000
46174  7.085  -52.716  78.304 0.0000000000
47395  7.170  -52.227  77.993 0.0000000000
47411  8.056  -51.345  77.651 0.0000000000
33010  5.108  -60.353  69.050 0.0000000000
34360  4.593  -60.800  69.277 0.0000000000
34389  4.434  -59.976  68.553 0.0000000000
34421  4.243  -59.698  67.788 0.0000000000
33056  4.488  -59.822  67.185 0.0000000000
34444  3.993  -59.713  67.101 0.0000000000
34422  3.875  -59.432  67.820 0.0000000000
37090  3.489  -58.956  68.732 0.0000000000
35763  3.897  -59.398  67.074 0.0000000000
37106  3.828  -58.977  67.172 0.0000000000
43778  5.579  -55.182  67.629 0.0000000000
43794  5.486  -55.165  66.735 0.0000000000
45060  5.913  -54.287  66.068 0.0000000000
45059  6.721  -53.552  66.519 0.0000000000
48766  6.864  -49.161  67.477 0.0000000000
48793  6.339  -49.621  65.596 0.0000000000
48792  6.345  -49.805  65.969 0.0000000000
47547  6.597  -50.176  63.903 0.0000000000
48812  6.654  -50.164  64.405 0.0000000000
48813  6.548  -49.683  64.004 0.0000000000
50006  5.785  -48.500  64.815 0.0000000000
50025  5.914  -48.816  63.607 0.0000000000
51175  5.695  -48.556  63.592 0.0000000000
51186  5.736  -48.606  62.923 0.0000000000
52255  5.353  -47.817  63.546 0.0000000000
57856  6.416  -42.398  67.473 0.0000000000
57867  6.500  -42.695  66.837 0.0000000000
37069  4.086  -59.353  73.073 0.0000000000
37057  4.738  -59.001  74.234 0.0000000000
38379  5.207  -58.128  75.384 0.0000000000
39757  5.325  -57.299  75.722 0.0000000000
39756  5.786  -57.245  76.415 0.0000000000
38362  7.599  -58.172  77.012 0.0000000000
38363  6.734  -58.094  76.831 0.0000000000
41051  5.868  -56.284  76.958 0.0000000000
42392  7.046  -54.890  77.318 0.0000000000
38410  16.443  -58.364  74.482 0.0000000000
37063  16.078  -58.389  74.378 0.0000000000
37070  14.010  -58.818  73.218 0.0000000000
38433  14.489  -58.590  73.408 0.0000000000
35689  12.348  -59.628  74.055 0.0000000000
35696  11.402  -60.067  72.683 0.0000000000
35695  12.066  -59.634  73.077 0.0000000000
35700  11.929  -59.584  72.285 0.0000000000
37077  11.640  -59.317  70.900 0.0000000000
35708  11.023  -59.721  70.587 0.0000000000
35709  10.257  -60.048  70.147 0.0000000000
34355  8.839  -60.939  71.338 0.0000000000
34310  8.677  -60.757  75.177 0.0000000000
34316  8.479  -60.982  74.332 0.0000000000
34324  6.428  -61.208  72.848 0.0000000000
34325  5.368  -61.131  72.713 0.0000000000
35687  4.883  -59.908  74.287 0.0000000000
35693  4.590  -60.310  73.055 0.0000000000
35694  3.953  -60.087  72.433 0.0000000000
47462  7.801  -51.128  72.582 0.0000000000
48730  8.364  -50.613  72.149 0.0000000000
48729  8.688  -50.041  71.427 0.0000000000
49932  8.619  -48.923  71.081 0.0000000000
51055  9.195  -47.708  74.064 0.0000000000
51056  8.377  -47.539  73.622 0.0000000000
51068  8.329  -47.695  72.435 0.0000000000
51079  8.266  -47.989  71.232 0.0000000000
49933  8.273  -48.450  70.536 0.0000000000
51095  8.022  -48.057  70.436 0.0000000000
51096  7.871  -47.973  70.107 0.0000000000
51080  7.747  -47.594  70.647 0.0000000000
51081  7.336  -47.215  70.363 0.0000000000
51082  6.827  -46.891  70.010 0.0000000000
41056  12.851  -56.050  76.242 0.0000000000
42400  13.320  -55.338  75.858 0.0000000000
39794  19.558  -56.353  73.065 0.0000000000
41083  19.403  -56.076  72.557 0.0000000000
39795  18.745  -56.756  72.914 0.0000000000
38348  21.056  -58.188  77.427 0.0000000000
38347  22.162  -58.162  77.547 0.0000000000
38387  22.072  -58.003  75.742 0.0000000000
38388  20.998  -58.133  75.681 0.0000000000
38408  18.218  -58.111  74.622 0.0000000000
38377  16.776  -58.581  76.296 0.0000000000
37000  16.409  -58.686  76.288 0.0000000000
37022  16.034  -59.021  75.988 0.0000000000
39734  16.253  -57.521  76.751 0.0000000000
38333  15.568  -58.125  76.722 0.0000000000
38334  14.683  -58.248  76.728 0.0000000000
39736  14.255  -57.865  76.468 0.0000000000
42386  14.019  -55.956  76.141 0.0000000000
39743  13.845  -57.327  76.434 0.0000000000
41043  13.441  -56.626  76.403 0.0000000000
35881  3.366  -60.052  62.150 0.0000000000
37209  3.573  -59.571  63.216 0.0000000000
39888  4.448  -58.736  65.220 0.0000000000
39903  4.348  -58.750  64.303 0.0000000000
41203  4.592  -58.510  64.723 0.0000000000
39856  3.940  -58.180  67.758 0.0000000000
39868  4.153  -58.132  66.993 0.0000000000
41154  4.057  -57.544  68.025 0.0000000000
42475  4.572  -56.889  68.027 0.0000000000
42495  4.733  -56.844  67.313 0.0000000000
42514  4.954  -57.349  66.613 0.0000000000
42494  5.019  -56.728  67.662 0.0000000000
43779  5.412  -56.047  67.422 0.0000000000
43735  5.790  -55.432  70.110 0.0000000000
43734  6.125  -54.664  70.454 0.0000000000
45011  6.523  -54.141  70.837 0.0000000000
39767  4.353  -57.833  73.450 0.0000000000
39780  4.373  -57.271  73.250 0.0000000000
44980  5.426  -54.321  76.314 0.0000000000
44993  5.257  -54.202  75.758 0.0000000000
44995  5.427  -53.428  74.296 0.0000000000
44996  5.045  -54.139  74.837 0.0000000000
44999  4.953  -54.139  73.852 0.0000000000
45003  5.246  -54.279  72.932 0.0000000000
45007  5.589  -54.443  72.179 0.0000000000
46235  6.078  -52.860  72.785 0.0000000000
47464  6.605  -52.478  72.715 0.0000000000
46234  6.668  -52.708  72.374 0.0000000000
47463  7.111  -51.988  72.366 0.0000000000
48708  8.013  -50.575  74.980 0.0000000000
48707  8.738  -50.056  74.556 0.0000000000
48692  8.365  -50.948  77.129 0.0000000000
39816  15.602  -56.840  71.461 0.0000000000
39817  14.898  -57.196  71.234 0.0000000000
33052  6.765  -60.002  67.367 0.0000000000
33051  7.064  -59.688  67.132 0.0000000000
33040  5.840  -60.367  67.948 0.0000000000
33054  5.556  -59.977  67.048 0.0000000000
34519  3.258  -60.781  62.924 0.0000000000
34533  3.317  -60.837  62.150 0.0000000000
39985  4.773  -58.792  61.944 0.0000000000
41283  5.260  -58.009  61.737 0.0000000000
43853  5.587  -55.560  63.403 0.0000000000
43886  5.862  -55.927  62.000 0.0000000000
43899  5.885  -56.358  61.594 0.0000000000
42632  5.979  -56.847  60.468 0.0000000000
42631  6.328  -56.311  60.057 0.0000000000
43942  6.608  -55.684  59.492 0.0000000000
43941  6.888  -55.034  58.951 0.0000000000
43964  6.874  -55.429  58.433 0.0000000000
46253  7.827  -52.360  69.626 0.0000000000
46252  8.099  -52.079  69.144 0.0000000000
46279  8.150  -51.678  67.630 0.0000000000
46280  8.091  -52.099  67.320 0.0000000000
45075  7.447  -53.006  65.783 0.0000000000
46309  7.796  -52.468  65.273 0.0000000000
47513  7.335  -50.714  66.118 0.0000000000
47554  8.144  -51.591  62.793 0.0000000000
47534  7.773  -51.588  64.779 0.0000000000
46324  8.284  -52.200  63.555 0.0000000000
45094  8.038  -52.591  64.018 0.0000000000
45157  8.024  -53.436  61.486 0.0000000000
45201  8.629  -52.766  58.504 0.0000000000
45188  8.562  -53.043  59.349 0.0000000000
45202  8.221  -53.533  58.634 0.0000000000
45223  7.682  -53.966  57.865 0.0000000000
45241  7.893  -53.153  57.194 0.0000000000
45242  7.488  -53.805  56.980 0.0000000000
46443  7.874  -52.812  56.985 0.0000000000
47642  7.411  -50.909  57.547 0.0000000000
48921  7.504  -50.868  56.951 0.0000000000
48840  6.323  -49.804  61.580 0.0000000000
48867  6.470  -50.200  59.883 0.0000000000
48849  6.270  -49.745  60.616 0.0000000000
50080  6.593  -49.452  58.372 0.0000000000
48885  6.576  -49.810  58.704 0.0000000000
50091  6.847  -49.577  57.524 0.0000000000
50100  6.925  -49.658  56.714 0.0000000000
55536  6.489  -44.737  74.608 0.0000000000
53250  5.761  -45.356  73.302 0.0000000000
53258  5.845  -45.297  71.330 0.0000000000
53267  6.089  -45.581  70.413 0.0000000000
52157  6.232  -46.139  69.745 0.0000000000
53279  5.938  -45.762  69.364 0.0000000000
56770  6.602  -43.111  69.433 0.0000000000
56760  6.866  -43.467  70.152 0.0000000000
55605  6.409  -44.166  70.022 0.0000000000
54410  5.783  -45.137  68.604 0.0000000000
53292  5.439  -46.207  68.208 0.0000000000
53305  5.294  -46.371  67.713 0.0000000000
52208  4.940  -47.103  66.961 0.0000000000
53315  5.149  -46.507  67.158 0.0000000000
54462  5.578  -46.316  65.085 0.0000000000
53334  5.284  -47.021  64.742 0.0000000000
54479  5.576  -47.041  63.411 0.0000000000
55679  6.616  -45.630  65.067 0.0000000000
41059  10.496  -55.904  76.273 0.0000000000
38357  12.535  -58.333  77.230 0.0000000000
35658  12.333  -59.583  76.979 0.0000000000
37006  11.968  -59.128  77.360 0.0000000000
35660  10.495  -60.003  77.075 0.0000000000
37008  9.996  -59.241  77.443 0.0000000000
45264  6.925  -53.883  55.745 0.0000000000
38466  3.419  -58.566  69.329 0.0000000000
34340  3.708  -61.008  70.179 0.0000000000
34391  3.721  -59.493  68.326 0.0000000000
35712  3.385  -59.515  68.798 0.0000000000
45031  7.296  -53.150  68.603 0.0000000000
49973  6.871  -48.603  67.767 0.0000000000
49974  6.529  -48.628  67.332 0.0000000000
49986  6.328  -48.874  66.848 0.0000000000
48781  6.217  -49.240  65.875 0.0000000000
48794  6.255  -49.355  65.161 0.0000000000
49996  5.978  -48.792  65.523 0.0000000000
49988  5.711  -48.303  66.040 0.0000000000
49997  5.700  -48.278  65.453 0.0000000000
37029  5.533  -58.638  75.651 0.0000000000
42390  8.680  -54.999  76.829 0.0000000000
37054  15.704  -58.932  74.970 0.0000000000
37064  15.514  -58.584  74.367 0.0000000000
37066  13.395  -59.174  73.859 0.0000000000
35684  11.587  -60.231  74.645 0.0000000000
34312  6.864  -60.666  74.773 0.0000000000
48715  8.841  -50.032  73.543 0.0000000000
49918  9.371  -49.351  73.206 0.0000000000
49924  9.547  -48.672  73.106 0.0000000000
51046  7.624  -47.261  74.425 0.0000000000
39777  20.197  -56.769  73.722 0.0000000000
38391  17.688  -58.461  75.419 0.0000000000
38351  17.829  -58.218  76.978 0.0000000000
38331  17.355  -57.922  77.470 0.0000000000
41036  15.125  -57.034  75.966 0.0000000000
35849  3.229  -60.179  63.481 0.0000000000
41133  4.240  -57.248  68.424 0.0000000000
42458  4.824  -56.746  68.869 0.0000000000
42457  5.313  -56.149  68.771 0.0000000000
41066  4.660  -56.565  74.485 0.0000000000
48709  7.448  -51.145  75.261 0.0000000000
48702  8.016  -50.913  76.063 0.0000000000
39834  14.338  -57.172  70.653 0.0000000000
38463  13.599  -57.410  70.265 0.0000000000
34418  7.811  -61.124  68.695 0.0000000000
33068  5.110  -60.241  66.216 0.0000000000
35814  3.962  -59.814  65.741 0.0000000000
35826  3.218  -60.550  65.274 0.0000000000
35827  3.391  -60.315  65.344 0.0000000000
41229  4.641  -58.557  63.347 0.0000000000
41254  4.585  -58.790  62.951 0.0000000000
42571  4.779  -58.354  63.431 0.0000000000
42570  5.014  -58.020  63.236 0.0000000000
43874  5.446  -57.038  62.944 0.0000000000
45139  5.973  -54.928  62.226 0.0000000000
43885  6.163  -55.383  61.681 0.0000000000
43897  6.447  -55.330  60.888 0.0000000000
43884  6.348  -54.949  61.329 0.0000000000
43896  6.609  -54.828  60.517 0.0000000000
45177  7.050  -54.371  60.424 0.0000000000
47475  8.585  -50.892  70.078 0.0000000000
47484  8.424  -51.445  69.151 0.0000000000
47500  8.253  -51.293  67.849 0.0000000000
47511  8.095  -51.454  67.390 0.0000000000
47536  6.852  -50.486  64.598 0.0000000000
47535  7.334  -51.075  64.698 0.0000000000
47545  7.176  -50.757  63.940 0.0000000000
47568  8.281  -51.748  61.670 0.0000000000
46362  8.534  -52.526  61.072 0.0000000000
47587  8.279  -51.790  60.585 0.0000000000
46418  8.583  -52.123  58.369 0.0000000000
46430  8.053  -52.187  57.502 0.0000000000
47624  8.276  -51.683  58.719 0.0000000000
48882  7.407  -51.072  58.700 0.0000000000
48899  7.207  -50.659  58.350 0.0000000000
50048  6.206  -49.446  60.644 0.0000000000
50059  6.009  -49.165  60.432 0.0000000000
50069  5.976  -49.143  59.679 0.0000000000
51237  6.194  -48.695  58.462 0.0000000000
55549  6.809  -44.186  74.425 0.0000000000
55550  6.075  -44.662  73.713 0.0000000000
54371  5.415  -44.981  73.012 0.0000000000
55564  6.015  -44.627  72.676 0.0000000000
55577  5.840  -44.659  71.084 0.0000000000
56771  6.405  -43.482  68.901 0.0000000000
55618  6.014  -44.464  68.624 0.0000000000
55632  5.909  -44.433  68.117 0.0000000000
55633  5.848  -44.986  67.876 0.0000000000
54435  5.413  -45.913  67.311 0.0000000000
54445  5.317  -46.056  66.729 0.0000000000
37027  6.564  -59.660  76.418 0.0000000000
37011  6.899  -59.189  76.902 0.0000000000
37003  14.386  -59.037  76.879 0.0000000000
37042  13.885  -59.420  75.805 0.0000000000
35673  13.244  -59.593  76.107 0.0000000000
35674  12.658  -60.039  75.890 0.0000000000
35666  12.048  -60.060  76.465 0.0000000000
35669  9.025  -60.298  76.458 0.0000000000
34306  8.803  -60.512  75.862 0.0000000000
34307  8.194  -60.565  75.685 0.0000000000
35678  7.624  -60.432  75.857 0.0000000000
35671  7.125  -60.108  76.425 0.0000000000
51043  9.774  -48.258  75.562 0.0000000000
51036  7.842  -47.110  75.529 0.0000000000
52135  7.136  -46.275  74.762 0.0000000000
38509  4.015  -59.032  66.480 0.0000000000
38508  4.149  -58.626  66.678 0.0000000000
39836  3.682  -58.174  69.130 0.0000000000
39848  4.088  -57.518  68.785 0.0000000000
42431  4.586  -56.546  70.940 0.0000000000
43710  5.218  -54.870  76.128 0.0000000000
43697  5.961  -54.242  77.385 0.0000000000
44942  6.732  -53.436  78.164 0.0000000000
46175  6.496  -52.974  77.870 0.0000000000
46191  6.218  -52.851  77.267 0.0000000000
46205  6.608  -52.290  77.113 0.0000000000
33009  5.438  -60.942  69.359 0.0000000000
33030  5.105  -59.884  68.420 0.0000000000
33031  4.777  -59.772  68.324 0.0000000000
33042  4.993  -59.767  67.848 0.0000000000
33083  4.235  -60.580  65.344 0.0000000000
35793  3.990  -59.349  66.499 0.0000000000
43816  5.398  -56.986  64.907 0.0000000000
43815  5.695  -56.242  65.255 0.0000000000
45096  6.663  -53.897  64.151 0.0000000000
48765  7.403  -49.622  67.958 0.0000000000
48778  6.917  -50.011  67.189 0.0000000000
48791  6.731  -50.196  66.256 0.0000000000
48802  6.502  -50.103  65.563 0.0000000000
47537  6.545  -50.081  64.538 0.0000000000
47571  6.656  -50.180  62.770 0.0000000000
48847  6.807  -50.456  61.170 0.0000000000
48839  6.520  -50.148  61.972 0.0000000000
48829  6.379  -49.769  62.390 0.0000000000
48830  6.227  -49.501  62.111 0.0000000000
48814  6.393  -49.348  63.566 0.0000000000
48821  6.346  -49.406  62.794 0.0000000000
50041  6.069  -49.196  61.924 0.0000000000
51196  5.862  -48.784  61.806 0.0000000000
52278  5.522  -48.181  62.017 0.0000000000
56802  6.383  -44.211  66.993 0.0000000000
56817  6.546  -44.707  66.441 0.0000000000
56815  7.314  -43.782  65.857 0.0000000000
42660  6.551  -55.718  56.972 0.0000000000
38449  3.543  -58.816  71.830 0.0000000000
38412  4.221  -58.441  73.262 0.0000000000
38411  4.487  -58.310  73.901 0.0000000000
38393  4.765  -58.229  74.665 0.0000000000
38364  6.018  -58.128  76.628 0.0000000000
39751  6.330  -57.185  77.009 0.0000000000
42376  6.823  -54.498  77.780 0.0000000000
43678  7.646  -54.152  78.702 0.0000000000
38446  16.352  -57.296  72.695 0.0000000000
38432  15.052  -58.379  73.533 0.0000000000
38448  14.452  -58.368  72.818 0.0000000000
37080  12.777  -58.695  71.145 0.0000000000
37067  12.698  -59.266  73.277 0.0000000000
37081  12.228  -58.871  70.559 0.0000000000
34386  8.590  -60.754  69.805 0.0000000000
34387  7.470  -61.316  69.712 0.0000000000
34317  7.584  -61.029  74.110 0.0000000000
34336  7.090  -61.320  71.858 0.0000000000
34358  5.668  -61.444  70.360 0.0000000000
34326  4.625  -61.069  72.089 0.0000000000
46238  7.558  -52.340  71.238 0.0000000000
48739  8.145  -49.098  69.859 0.0000000000
51054  9.802  -48.159  74.493 0.0000000000
51066  9.675  -48.197  73.614 0.0000000000
49947  8.266  -48.954  70.308 0.0000000000
49959  7.706  -48.512  69.372 0.0000000000
49960  7.392  -48.478  68.965 0.0000000000
49934  7.578  -47.602  70.081 0.0000000000
49935  7.383  -47.633  69.742 0.0000000000
49950  7.084  -47.917  69.128 0.0000000000
49951  6.757  -47.916  68.544 0.0000000000
51110  6.464  -47.737  68.385 0.0000000000
51099  6.003  -47.155  68.661 0.0000000000
39745  12.036  -57.507  77.056 0.0000000000
41045  11.589  -56.784  76.602 0.0000000000
41057  12.039  -56.061  76.263 0.0000000000
42401  12.437  -55.432  76.027 0.0000000000
39796  17.839  -57.015  72.759 0.0000000000
38427  20.820  -57.216  74.363 0.0000000000
38428  19.786  -57.404  74.226 0.0000000000
38389  19.919  -58.203  75.608 0.0000000000
38429  18.758  -57.579  74.006 0.0000000000
37020  17.156  -58.605  75.618 0.0000000000
37038  16.814  -58.622  75.192 0.0000000000
37039  16.169  -58.874  75.394 0.0000000000
37023  15.313  -59.115  76.130 0.0000000000
37002  15.172  -58.990  76.722 0.0000000000
38353  15.755  -58.427  76.801 0.0000000000
38356  13.825  -58.634  77.084 0.0000000000
36992  13.436  -58.632  77.134 0.0000000000
39742  14.521  -57.372  76.126 0.0000000000
39737  13.641  -57.827  76.760 0.0000000000
38336  13.268  -58.176  77.064 0.0000000000
38590  3.977  -59.233  62.847 0.0000000000
41211  4.505  -58.518  63.983 0.0000000000
42548  4.778  -58.169  64.283 0.0000000000
42531  5.118  -57.547  65.502 0.0000000000
39879  4.383  -58.453  66.176 0.0000000000
41182  4.464  -57.873  66.652 0.0000000000
42515  4.769  -57.890  65.932 0.0000000000
45018  6.537  -54.105  69.891 0.0000000000
39798  3.756  -57.950  71.833 0.0000000000
41075  4.021  -57.311  72.183 0.0000000000
41084  4.432  -56.571  71.814 0.0000000000
42423  4.726  -55.995  71.736 0.0000000000
43721  4.790  -54.935  74.377 0.0000000000
45006  6.090  -54.059  71.620 0.0000000000
47455  7.799  -50.882  73.234 0.0000000000
47440  7.378  -51.438  76.154 0.0000000000
49904  9.956  -49.076  75.893 0.0000000000
51033  9.655  -48.382  76.587 0.0000000000
41058  11.223  -56.008  76.272 0.0000000000
38457  15.986  -57.104  71.941 0.0000000000
39833  14.998  -56.456  70.606 0.0000000000
33066  6.152  -60.048  66.173 0.0000000000
43873  5.629  -56.146  62.738 0.0000000000
43887  5.584  -56.640  62.203 0.0000000000
41301  5.649  -57.601  60.735 0.0000000000
43918  6.450  -55.811  60.441 0.0000000000
43975  6.932  -54.890  57.201 0.0000000000
45043  7.604  -52.810  67.830 0.0000000000
46261  8.183  -51.997  68.610 0.0000000000
46268  7.920  -52.344  68.157 0.0000000000
48777  7.705  -50.417  67.438 0.0000000000
47512  7.823  -51.196  66.752 0.0000000000
47521  7.861  -51.815  65.073 0.0000000000
46292  7.956  -51.999  65.332 0.0000000000
45114  8.074  -52.947  63.423 0.0000000000
45190  7.424  -54.160  59.780 0.0000000000
45175  8.320  -53.202  60.319 0.0000000000
45189  8.000  -53.706  59.575 0.0000000000
43940  7.258  -54.577  58.488 0.0000000000
45243  7.163  -54.318  56.920 0.0000000000
45257  7.269  -53.827  56.361 0.0000000000
48866  6.823  -50.543  60.263 0.0000000000
48868  6.281  -49.837  59.534 0.0000000000
48900  7.092  -50.203  57.987 0.0000000000
48922  7.348  -50.461  56.871 0.0000000000
52123  7.359  -45.773  76.067 0.0000000000
52128  7.191  -45.738  75.119 0.0000000000
54347  6.933  -45.080  75.653 0.0000000000
52143  6.207  -45.861  73.074 0.0000000000
52150  6.265  -46.069  71.771 0.0000000000
52156  6.433  -46.203  70.545 0.0000000000
52170  6.420  -46.636  69.626 0.0000000000
52186  5.728  -46.996  68.506 0.0000000000
55592  6.015  -44.632  70.322 0.0000000000
54387  5.968  -45.130  69.899 0.0000000000
54399  5.845  -45.093  69.119 0.0000000000
53280  5.675  -46.068  68.701 0.0000000000
52172  5.623  -46.576  68.501 0.0000000000
51112  5.467  -47.239  67.853 0.0000000000
51121  5.471  -47.466  67.469 0.0000000000
51145  5.464  -47.818  65.809 0.0000000000
52229  5.280  -47.385  65.309 0.0000000000
53320  5.012  -46.619  66.467 0.0000000000
52242  5.430  -47.633  64.451 0.0000000000
53379  5.535  -47.894  62.353 0.0000000000
53378  5.804  -47.553  61.846 0.0000000000
55666  6.035  -45.380  66.057 0.0000000000
55680  6.024  -45.751  65.289 0.0000000000
54478  6.049  -46.591  63.250 0.0000000000
54492  6.020  -47.003  62.279 0.0000000000
53393  5.879  -47.766  60.776 0.0000000000
33057  4.194  -59.792  67.007 0.0000000000
34314  10.027  -60.575  74.790 0.0000000000
34420  4.577  -59.706  68.053 0.0000000000
34443  4.205  -59.727  67.265 0.0000000000
34477  3.016  -60.704  65.208 0.0000000000
35664  13.238  -59.481  76.413 0.0000000000
35813  3.592  -60.271  65.437 0.0000000000
37004  13.685  -59.016  77.078 0.0000000000
37005  12.886  -59.121  77.156 0.0000000000
37037  17.227  -58.559  75.355 0.0000000000
37127  3.766  -58.962  66.824 0.0000000000
38355  14.247  -58.625  77.028 0.0000000000
39970  4.678  -58.802  62.396 0.0000000000
41170  4.395  -57.411  67.128 0.0000000000
41228  4.819  -58.400  63.113 0.0000000000
43962  7.349  -54.463  57.872 0.0000000000
45030  7.640  -52.715  68.359 0.0000000000
45159  6.711  -54.609  61.084 0.0000000000
45221  8.555  -52.477  58.067 0.0000000000
45224  7.350  -54.289  57.553 0.0000000000
45240  7.999  -52.667  57.351 0.0000000000
46406  8.643  -52.247  59.081 0.0000000000
46429  8.370  -52.082  57.872 0.0000000000
46442  7.821  -52.397  57.197 0.0000000000
47485  8.122  -51.909  69.485 0.0000000000
47493  8.323  -51.495  68.392 0.0000000000
47501  8.050  -51.001  67.438 0.0000000000
47524  6.588  -50.200  65.044 0.0000000000
47546  6.761  -50.272  63.982 0.0000000000
47626  7.270  -50.951  59.863 0.0000000000
47640  8.297  -51.767  58.210 0.0000000000
47641  7.816  -51.362  58.036 0.0000000000
47656  7.811  -51.896  57.405 0.0000000000
48780  6.343  -49.351  66.364 0.0000000000
48805  6.215  -49.142  64.501 0.0000000000
48819  6.651  -50.005  63.721 0.0000000000
48828  6.554  -50.125  62.990 0.0000000000
48838  6.834  -50.453  61.740 0.0000000000
48850  6.309  -49.508  60.998 0.0000000000
48898  7.298  -50.936  58.526 0.0000000000
48901  6.821  -49.814  58.207 0.0000000000
48911  7.275  -50.447  57.223 0.0000000000
49961  7.022  -48.385  68.350 0.0000000000
50015  5.919  -48.845  64.062 0.0000000000
50016  5.820  -48.705  64.119 0.0000000000
50024  6.025  -48.882  62.919 0.0000000000
50034  5.914  -48.786  63.184 0.0000000000
50058  6.097  -49.509  60.007 0.0000000000
50081  6.137  -49.110  59.006 0.0000000000
51156  5.555  -47.951  65.006 0.0000000000
51185  5.918  -48.857  62.325 0.0000000000
51197  5.741  -48.598  62.415 0.0000000000
52187  5.423  -46.882  68.118 0.0000000000
52294  5.521  -48.180  59.947 0.0000000000
53326  5.076  -46.754  65.614 0.0000000000
53362  5.444  -47.612  63.113 0.0000000000
54411  5.628  -45.528  68.315 0.0000000000
54461  5.914  -46.085  64.811 0.0000000000
55591  6.355  -44.199  70.806 0.0000000000
55654  5.721  -45.541  66.966 0.0000000000
