#!ascii label  , from subject 3467 vox2ras=TkReg
494
92231  24.231  -14.332  -0.604 0.0000000000
101114  32.084  -6.521  -5.907 0.0000000000
110704  28.660  2.130  -2.410 0.0000000000
107249  23.295  -0.612  -2.864 0.0000000000
86551  25.749  -18.812  -1.218 0.0000000000
91167  28.762  -15.602  -1.782 0.0000000000
96598  27.751  -10.200  -3.874 0.0000000000
101107  26.655  -6.001  -4.610 0.0000000000
106259  29.831  -1.847  -6.090 0.0000000000
112738  31.550  4.261  -5.767 0.0000000000
114456  29.355  6.831  -0.247 0.0000000000
90052  25.423  -16.654  -1.279 0.0000000000
88901  27.475  -17.377  -1.510 0.0000000000
91186  27.235  -14.952  -2.381 0.0000000000
98773  24.229  -8.299  -2.613 0.0000000000
102179  22.980  -5.216  -1.995 0.0000000000
109535  25.610  1.084  -3.678 0.0000000000
106228  27.153  -1.565  -4.793 0.0000000000
108393  29.151  0.026  -4.513 0.0000000000
109561  30.940  1.462  -6.475 0.0000000000
111819  30.215  2.932  -5.445 0.0000000000
116220  26.638  8.230  2.221 0.0000000000
114448  25.932  6.726  0.975 0.0000000000
116223  28.773  8.912  0.661 0.0000000000
98793  30.350  -8.484  -4.778 0.0000000000
96579  30.681  -10.944  -3.319 0.0000000000
98780  31.972  -8.562  -3.702 0.0000000000
111777  24.421  3.889  -2.052 0.0000000000
104205  33.761  -3.543  -5.316 0.0000000000
94374  24.048  -12.205  -1.241 0.0000000000
94391  25.862  -12.372  -2.594 0.0000000000
96581  24.685  -10.264  -2.605 0.0000000000
98797  27.230  -8.037  -4.174 0.0000000000
101117  29.390  -6.005  -5.193 0.0000000000
104208  24.879  -3.525  -3.953 0.0000000000
104217  28.413  -3.615  -5.028 0.0000000000
104229  31.249  -3.483  -6.527 0.0000000000
107256  32.468  -0.602  -5.923 0.0000000000
112668  25.357  5.047  -0.747 0.0000000000
112682  28.418  4.299  -1.106 0.0000000000
117234  30.639  9.626  -1.061 0.0000000000
115337  30.220  7.552  -3.417 0.0000000000
112714  29.717  5.355  -4.592 0.0000000000
114536  29.944  6.424  -6.408 0.0000000000
94388  28.553  -12.870  -3.300 0.0000000000
92213  23.824  -13.865  -0.242 0.0000000000
91139  24.141  -15.398  0.309 0.0000000000
91171  25.255  -15.654  -1.303 0.0000000000
91170  26.076  -15.762  -1.747 0.0000000000
92249  25.950  -14.788  -1.874 0.0000000000
109520  26.976  1.576  -2.870 0.0000000000
108378  27.793  0.375  -3.910 0.0000000000
109518  28.715  1.394  -2.992 0.0000000000
110733  30.241  1.571  -4.627 0.0000000000
111810  30.099  3.164  -4.351 0.0000000000
117228  27.539  9.710  1.671 0.0000000000
116224  27.919  9.010  1.165 0.0000000000
117231  28.465  9.843  0.713 0.0000000000
99904  31.156  -7.851  -5.115 0.0000000000
98792  31.136  -8.505  -4.591 0.0000000000
99903  31.953  -7.624  -4.787 0.0000000000
111798  23.169  2.985  -2.270 0.0000000000
112687  22.955  4.318  -1.372 0.0000000000
87697  24.671  -18.076  -0.477 0.0000000000
86535  25.153  -19.373  -0.738 0.0000000000
85430  26.452  -20.341  -0.631 0.0000000000
86533  27.381  -19.401  -0.646 0.0000000000
90049  28.038  -16.493  -1.711 0.0000000000
88884  29.020  -17.566  -0.571 0.0000000000
96564  24.317  -11.106  -1.873 0.0000000000
96565  23.755  -10.420  -1.640 0.0000000000
101097  24.989  -6.784  -3.582 0.0000000000
98783  25.709  -8.167  -3.530 0.0000000000
99909  26.673  -7.202  -4.227 0.0000000000
99907  28.699  -7.319  -4.764 0.0000000000
101119  27.560  -5.678  -4.850 0.0000000000
104198  23.583  -3.427  -2.829 0.0000000000
106219  24.282  -1.731  -3.616 0.0000000000
106242  28.387  -1.953  -5.253 0.0000000000
105187  27.307  -2.968  -4.758 0.0000000000
105184  29.396  -2.707  -5.918 0.0000000000
103234  29.468  -4.103  -5.570 0.0000000000
105202  30.802  -2.641  -6.778 0.0000000000
105200  32.290  -2.545  -6.501 0.0000000000
107291  31.436  -0.808  -6.837 0.0000000000
110744  30.991  2.699  -6.348 0.0000000000
109560  31.635  1.212  -6.138 0.0000000000
114458  27.559  6.302  0.316 0.0000000000
113536  26.317  6.239  0.401 0.0000000000
113552  26.957  5.642  0.041 0.0000000000
112666  27.539  4.859  -0.467 0.0000000000
113568  28.666  5.154  -0.712 0.0000000000
114490  30.071  6.535  -3.748 0.0000000000
114502  29.479  6.449  -5.033 0.0000000000
113621  29.454  5.497  -5.844 0.0000000000
94409  27.091  -11.665  -3.325 0.0000000000
94389  27.677  -12.734  -3.196 0.0000000000
94407  28.506  -12.102  -3.561 0.0000000000
96578  31.419  -10.724  -2.940 0.0000000000
95495  30.462  -11.700  -3.043 0.0000000000
88887  24.878  -17.276  -0.761 0.0000000000
88903  25.737  -17.353  -1.385 0.0000000000
87712  26.705  -17.936  -1.428 0.0000000000
90051  26.302  -16.584  -1.713 0.0000000000
91169  26.997  -15.736  -2.133 0.0000000000
91185  27.851  -15.139  -2.419 0.0000000000
98761  22.674  -8.149  -1.171 0.0000000000
101088  23.753  -6.888  -2.345 0.0000000000
101109  24.997  -5.702  -3.784 0.0000000000
108382  24.360  0.223  -3.699 0.0000000000
107262  24.620  -1.115  -3.942 0.0000000000
108397  25.840  -0.270  -4.371 0.0000000000
107257  28.420  -0.565  -4.842 0.0000000000
107274  29.789  -0.676  -5.561 0.0000000000
108423  30.686  0.002  -6.292 0.0000000000
109562  30.580  1.074  -5.978 0.0000000000
110745  30.604  2.424  -6.016 0.0000000000
111840  30.194  3.909  -6.519 0.0000000000
115295  25.253  7.151  2.491 0.0000000000
115301  26.453  7.355  1.453 0.0000000000
114446  27.903  7.159  0.570 0.0000000000
114445  28.808  7.414  0.306 0.0000000000
96618  28.651  -9.732  -4.261 0.0000000000
96596  29.451  -10.514  -4.113 0.0000000000
97698  30.328  -9.824  -4.177 0.0000000000
97697  31.162  -9.561  -3.743 0.0000000000
108371  22.503  0.239  -1.841 0.0000000000
109524  23.453  1.287  -2.863 0.0000000000
110708  24.575  2.445  -2.837 0.0000000000
110706  26.495  2.396  -2.344 0.0000000000
87693  28.238  -18.408  -0.590 0.0000000000
102203  32.822  -5.501  -6.032 0.0000000000
101103  33.075  -6.275  -4.891 0.0000000000
94356  24.004  -13.009  -0.849 0.0000000000
93313  24.865  -13.484  -1.684 0.0000000000
94392  25.001  -12.329  -2.144 0.0000000000
95498  25.776  -11.471  -2.814 0.0000000000
96599  26.803  -10.066  -3.660 0.0000000000
97685  24.545  -9.160  -2.802 0.0000000000
97702  25.884  -8.915  -3.473 0.0000000000
97700  27.516  -9.523  -3.975 0.0000000000
98795  28.765  -8.204  -4.639 0.0000000000
99906  29.593  -7.566  -4.897 0.0000000000
101115  31.135  -6.482  -5.811 0.0000000000
103200  23.788  -4.334  -3.095 0.0000000000
103209  25.851  -4.418  -4.418 0.0000000000
105174  26.019  -2.801  -4.562 0.0000000000
104206  26.279  -3.663  -4.568 0.0000000000
102208  27.467  -5.033  -4.909 0.0000000000
102206  29.058  -5.259  -5.195 0.0000000000
102220  30.547  -4.921  -5.933 0.0000000000
102218  31.772  -5.343  -6.269 0.0000000000
104215  32.546  -3.416  -6.283 0.0000000000
106239  33.028  -1.947  -5.646 0.0000000000
108421  31.548  -0.048  -6.593 0.0000000000
112685  24.869  4.454  -1.395 0.0000000000
111775  26.486  3.294  -1.593 0.0000000000
111773  28.889  3.146  -1.825 0.0000000000
116228  30.083  8.920  -0.241 0.0000000000
115305  30.183  8.082  -0.605 0.0000000000
116240  30.543  8.639  -2.935 0.0000000000
114469  30.247  6.929  -1.646 0.0000000000
114483  30.040  5.950  -2.014 0.0000000000
113578  29.932  4.970  -2.485 0.0000000000
112702  29.933  4.086  -3.222 0.0000000000
111820  29.817  3.976  -5.515 0.0000000000
112748  29.795  4.528  -6.401 0.0000000000
113630  30.488  5.065  -6.527 0.0000000000
93331  26.845  -13.404  -2.748 0.0000000000
93330  27.731  -13.599  -2.985 0.0000000000
92265  28.715  -14.504  -2.544 0.0000000000
95496  29.744  -11.880  -3.354 0.0000000000
93328  29.560  -13.572  -2.513 0.0000000000
92212  23.803  -14.412  0.422 0.0000000000
91154  24.576  -15.498  -0.601 0.0000000000
92250  24.991  -14.663  -1.413 0.0000000000
110705  27.570  2.091  -2.292 0.0000000000
109519  27.940  1.443  -2.820 0.0000000000
110703  29.318  1.777  -3.008 0.0000000000
117232  27.884  9.946  1.114 0.0000000000
99919  31.793  -7.237  -5.366 0.0000000000
101104  32.444  -6.830  -5.226 0.0000000000
86552  25.334  -18.594  -1.078 0.0000000000
87696  24.893  -18.660  -0.739 0.0000000000
86534  26.234  -19.354  -1.064 0.0000000000
87695  26.361  -18.510  -1.296 0.0000000000
90048  28.742  -16.485  -1.323 0.0000000000
91166  29.453  -15.596  -1.233 0.0000000000
96550  23.207  -10.459  -0.761 0.0000000000
101108  25.509  -6.140  -4.017 0.0000000000
99910  26.103  -6.649  -4.177 0.0000000000
101106  27.546  -6.484  -4.691 0.0000000000
106220  23.556  -1.597  -3.089 0.0000000000
107294  29.607  -1.241  -5.762 0.0000000000
106241  29.131  -1.897  -5.684 0.0000000000
105203  30.095  -2.660  -6.365 0.0000000000
106258  30.486  -1.749  -6.549 0.0000000000
106257  31.146  -1.699  -7.007 0.0000000000
111830  31.332  3.578  -6.074 0.0000000000
110743  31.739  2.510  -5.649 0.0000000000
114457  28.490  6.495  0.101 0.0000000000
113551  28.089  5.577  -0.195 0.0000000000
113550  29.037  5.871  -0.491 0.0000000000
115346  29.740  7.251  -4.509 0.0000000000
115347  29.455  7.242  -5.393 0.0000000000
115364  29.442  7.206  -5.927 0.0000000000
95513  27.731  -11.105  -3.699 0.0000000000
94408  27.710  -11.905  -3.466 0.0000000000
96563  31.824  -11.009  -2.369 0.0000000000
95494  31.188  -11.659  -2.506 0.0000000000
90036  24.768  -16.477  -0.670 0.0000000000
88904  25.213  -17.400  -1.085 0.0000000000
92248  26.628  -15.117  -2.115 0.0000000000
91168  27.883  -15.814  -2.064 0.0000000000
101090  22.746  -5.808  -1.706 0.0000000000
101075  22.802  -6.928  -1.410 0.0000000000
101089  23.253  -6.347  -2.026 0.0000000000
101098  24.357  -6.290  -3.130 0.0000000000
101099  23.772  -5.767  -2.761 0.0000000000
109536  24.741  1.023  -3.642 0.0000000000
108381  25.198  0.207  -4.070 0.0000000000
108380  26.105  0.439  -4.107 0.0000000000
108377  28.554  0.356  -3.898 0.0000000000
108394  28.179  -0.127  -4.378 0.0000000000
108410  29.655  -0.270  -5.162 0.0000000000
108409  30.241  0.048  -5.586 0.0000000000
108392  29.968  0.252  -4.878 0.0000000000
111809  30.232  2.577  -4.972 0.0000000000
110732  30.420  1.976  -5.286 0.0000000000
110755  30.501  3.228  -6.299 0.0000000000
111831  30.127  3.414  -6.129 0.0000000000
115294  26.121  7.734  2.216 0.0000000000
114440  25.570  7.104  1.658 0.0000000000
115293  26.740  7.990  1.814 0.0000000000
115300  27.366  7.853  1.251 0.0000000000
115299  28.294  8.081  0.730 0.0000000000
115298  29.012  8.179  0.439 0.0000000000
97714  29.513  -9.229  -4.548 0.0000000000
97699  29.762  -9.770  -4.407 0.0000000000
97713  30.326  -9.180  -4.499 0.0000000000
98791  31.799  -8.227  -4.271 0.0000000000
98781  31.388  -8.810  -4.119 0.0000000000
97696  31.855  -9.247  -3.288 0.0000000000
97684  31.545  -9.918  -3.258 0.0000000000
108363  22.047  0.063  -1.185 0.0000000000
109525  22.749  1.222  -2.101 0.0000000000
111797  24.020  3.190  -2.544 0.0000000000
111796  24.925  3.113  -2.351 0.0000000000
110707  25.465  2.406  -2.659 0.0000000000
111795  25.737  2.977  -2.140 0.0000000000
87694  27.291  -18.300  -1.179 0.0000000000
88886  27.660  -17.730  -1.295 0.0000000000
87692  28.966  -18.170  -0.200 0.0000000000
103208  33.414  -4.505  -5.761 0.0000000000
94339  23.479  -12.485  0.077 0.0000000000
94357  23.761  -12.557  -0.735 0.0000000000
94373  24.268  -12.717  -1.335 0.0000000000
95499  24.875  -11.326  -2.374 0.0000000000
96580  25.417  -10.743  -2.911 0.0000000000
95515  26.103  -10.655  -3.257 0.0000000000
96600  25.821  -9.892  -3.329 0.0000000000
98774  23.521  -8.325  -1.984 0.0000000000
97686  23.785  -9.225  -2.159 0.0000000000
98782  26.448  -8.160  -3.796 0.0000000000
97701  26.899  -9.004  -3.879 0.0000000000
97717  27.522  -8.494  -4.222 0.0000000000
97716  27.940  -8.838  -4.307 0.0000000000
98796  27.980  -8.051  -4.491 0.0000000000
99923  28.885  -6.562  -4.931 0.0000000000
99922  29.586  -6.760  -5.056 0.0000000000
99921  30.398  -6.984  -5.308 0.0000000000
101116  30.342  -6.128  -5.537 0.0000000000
104197  24.205  -3.469  -3.439 0.0000000000
103211  24.478  -4.351  -3.602 0.0000000000
103210  25.177  -4.377  -4.035 0.0000000000
107260  26.153  -1.018  -4.570 0.0000000000
106230  25.699  -1.868  -4.480 0.0000000000
106229  26.648  -1.966  -4.708 0.0000000000
105186  28.029  -2.843  -4.919 0.0000000000
104218  27.649  -3.681  -4.792 0.0000000000
103223  26.549  -4.431  -4.634 0.0000000000
103221  27.955  -4.399  -4.946 0.0000000000
102207  28.194  -5.137  -5.069 0.0000000000
103220  28.838  -4.400  -5.162 0.0000000000
103232  30.874  -4.311  -6.224 0.0000000000
103233  30.069  -4.357  -5.902 0.0000000000
102219  31.115  -5.073  -6.167 0.0000000000
103231  31.756  -4.376  -6.337 0.0000000000
103217  32.612  -4.442  -6.277 0.0000000000
103218  32.232  -3.922  -6.354 0.0000000000
106240  32.541  -1.608  -6.185 0.0000000000
106227  32.829  -1.275  -5.559 0.0000000000
109574  30.891  0.636  -6.508 0.0000000000
108422  31.072  -0.039  -6.753 0.0000000000
109573  31.273  0.630  -6.571 0.0000000000
114449  24.979  6.672  1.111 0.0000000000
113553  25.858  5.677  -0.148 0.0000000000
113554  24.800  5.737  -0.242 0.0000000000
112669  24.330  5.151  -0.927 0.0000000000
112683  27.075  4.088  -0.942 0.0000000000
111774  27.718  3.315  -1.452 0.0000000000
118251  30.358  10.718  -0.817 0.0000000000
116227  30.449  8.617  -0.962 0.0000000000
115325  30.458  7.705  -2.292 0.0000000000
114482  30.248  6.724  -2.697 0.0000000000
113590  29.970  5.635  -4.133 0.0000000000
113577  30.127  5.787  -3.086 0.0000000000
113591  30.044  5.014  -3.476 0.0000000000
112715  29.837  4.688  -4.473 0.0000000000
114537  29.631  6.179  -6.147 0.0000000000
112740  29.575  4.672  -6.035 0.0000000000
113632  29.737  5.125  -6.281 0.0000000000
112747  29.949  4.612  -6.589 0.0000000000
113631  30.057  5.441  -6.549 0.0000000000
93333  25.364  -12.878  -2.237 0.0000000000
93332  25.881  -13.252  -2.409 0.0000000000
93329  28.691  -13.678  -3.016 0.0000000000
96595  30.329  -10.585  -3.734 0.0000000000
95511  29.420  -11.439  -3.692 0.0000000000
95510  30.131  -11.319  -3.438 0.0000000000
94386  30.416  -12.576  -2.485 0.0000000000
93327  30.231  -13.284  -2.105 0.0000000000
93311  29.847  -13.850  -1.972 0.0000000000
109521  26.013  1.701  -3.037 0.0000000000
109534  26.511  1.060  -3.550 0.0000000000
109533  27.406  0.947  -3.411 0.0000000000
109532  28.287  0.861  -3.384 0.0000000000
109531  29.222  0.928  -3.594 0.0000000000
109549  29.970  0.847  -4.312 0.0000000000
110721  29.924  1.883  -3.829 0.0000000000
116219  27.137  8.759  2.018 0.0000000000
99895  32.479  -7.580  -4.056 0.0000000000
111778  23.415  3.841  -2.034 0.0000000000
87679  24.314  -18.327  0.457 0.0000000000
86536  24.474  -19.220  -0.020 0.0000000000
85429  27.346  -20.376  -0.326 0.0000000000
88885  28.223  -17.492  -1.146 0.0000000000
95465  23.437  -11.541  -0.753 0.0000000000
95482  23.896  -11.635  -1.311 0.0000000000
99898  24.670  -7.385  -3.139 0.0000000000
98784  24.973  -8.186  -3.198 0.0000000000
99897  25.598  -7.267  -3.710 0.0000000000
99896  26.123  -7.685  -3.791 0.0000000000
99908  27.732  -7.311  -4.553 0.0000000000
101105  28.261  -6.733  -4.782 0.0000000000
101118  28.414  -5.982  -4.959 0.0000000000
105165  23.908  -2.553  -3.242 0.0000000000
105164  24.591  -2.631  -3.779 0.0000000000
107277  27.487  -1.294  -4.852 0.0000000000
106243  27.512  -2.043  -4.873 0.0000000000
105185  28.743  -2.765  -5.381 0.0000000000
104216  29.124  -3.518  -5.467 0.0000000000
104231  29.729  -3.504  -6.008 0.0000000000
104230  30.459  -3.517  -6.371 0.0000000000
104228  31.959  -3.399  -6.490 0.0000000000
105201  31.592  -2.589  -6.812 0.0000000000
106256  31.921  -1.646  -6.796 0.0000000000
107273  32.020  -0.741  -6.505 0.0000000000
114447  26.931  6.815  0.793 0.0000000000
113535  26.939  6.228  0.422 0.0000000000
112667  26.432  4.904  -0.525 0.0000000000
112665  28.203  4.944  -0.572 0.0000000000
114501  29.762  6.326  -4.466 0.0000000000
113607  29.611  5.797  -4.761 0.0000000000
112728  29.569  5.307  -4.921 0.0000000000
114520  29.407  6.378  -5.643 0.0000000000
95497  26.457  -11.800  -3.018 0.0000000000
94390  26.787  -12.449  -2.948 0.0000000000
94385  31.115  -12.230  -2.082 0.0000000000
88872  24.403  -17.331  -0.113 0.0000000000
87715  24.946  -17.692  -0.874 0.0000000000
87714  25.196  -17.990  -1.052 0.0000000000
87713  25.913  -18.090  -1.362 0.0000000000
88902  26.537  -17.337  -1.598 0.0000000000
90050  27.196  -16.583  -1.860 0.0000000000
91184  28.453  -15.208  -2.218 0.0000000000
99887  23.404  -7.458  -1.878 0.0000000000
99886  24.010  -7.444  -2.463 0.0000000000
107248  24.004  -0.713  -3.566 0.0000000000
107247  24.671  -0.447  -3.959 0.0000000000
108379  26.959  0.455  -4.035 0.0000000000
108395  27.369  -0.144  -4.457 0.0000000000
107258  27.744  -0.699  -4.760 0.0000000000
107276  28.067  -1.230  -5.048 0.0000000000
107275  28.986  -0.924  -5.329 0.0000000000
107293  30.220  -0.887  -6.108 0.0000000000
109548  30.326  0.945  -5.114 0.0000000000
110754  30.568  3.438  -6.421 0.0000000000
111839  30.714  3.796  -6.469 0.0000000000
96597  28.552  -10.473  -4.030 0.0000000000
96617  29.181  -9.960  -4.316 0.0000000000
97712  30.856  -9.171  -4.228 0.0000000000
96594  31.044  -10.361  -3.421 0.0000000000
107238  22.766  -0.475  -2.284 0.0000000000
108383  23.639  0.253  -3.242 0.0000000000
109537  24.042  0.925  -3.425 0.0000000000
109523  24.237  1.688  -3.241 0.0000000000
110709  23.715  2.323  -2.753 0.0000000000
109522  25.107  1.778  -3.258 0.0000000000
101113  32.851  -6.162  -5.530 0.0000000000
102195  33.446  -5.410  -5.260 0.0000000000
93298  23.878  -13.337  -0.515 0.0000000000
93297  24.182  -13.442  -0.916 0.0000000000
95481  24.364  -11.899  -1.706 0.0000000000
95514  26.791  -11.021  -3.444 0.0000000000
96582  24.156  -9.779  -2.289 0.0000000000
96601  25.184  -9.429  -3.160 0.0000000000
97703  25.230  -8.787  -3.266 0.0000000000
96619  28.134  -9.466  -4.184 0.0000000000
97715  28.761  -8.994  -4.496 0.0000000000
98794  29.571  -8.376  -4.738 0.0000000000
99905  30.389  -7.741  -5.062 0.0000000000
99920  31.168  -7.187  -5.531 0.0000000000
102189  23.488  -5.207  -2.610 0.0000000000
102188  24.048  -5.205  -3.233 0.0000000000
102198  24.754  -5.185  -3.673 0.0000000000
102196  26.120  -5.217  -4.500 0.0000000000
106231  24.941  -1.822  -4.105 0.0000000000
105175  25.273  -2.710  -4.254 0.0000000000
106244  27.034  -2.493  -4.754 0.0000000000
104207  25.580  -3.591  -4.342 0.0000000000
102209  26.849  -5.094  -4.744 0.0000000000
101120  27.129  -5.446  -4.782 0.0000000000
103219  29.480  -4.697  -5.473 0.0000000000
102205  29.950  -5.281  -5.568 0.0000000000
101131  31.113  -5.797  -6.025 0.0000000000
101130  31.668  -6.035  -6.138 0.0000000000
102204  32.174  -5.772  -6.214 0.0000000000
104214  33.166  -3.530  -5.918 0.0000000000
105183  32.862  -2.612  -6.020 0.0000000000
105182  33.348  -2.656  -5.412 0.0000000000
107292  30.813  -0.842  -6.688 0.0000000000
109572  31.591  0.485  -6.443 0.0000000000
113537  25.330  6.294  0.379 0.0000000000
112686  23.868  4.573  -1.583 0.0000000000
112684  25.901  4.209  -1.105 0.0000000000
111776  25.362  3.641  -1.743 0.0000000000
110689  27.270  2.711  -1.863 0.0000000000
110687  28.685  2.645  -2.077 0.0000000000
118244  28.894  10.743  0.345 0.0000000000
117230  29.379  9.698  0.249 0.0000000000
117235  30.136  9.961  -0.296 0.0000000000
116222  29.418  8.704  0.283 0.0000000000
115306  29.642  7.874  -0.016 0.0000000000
114455  30.057  7.256  -0.724 0.0000000000
116232  30.652  8.689  -1.791 0.0000000000
115313  30.392  7.858  -1.310 0.0000000000
114470  29.762  6.299  -1.032 0.0000000000
113567  29.417  5.179  -1.351 0.0000000000
112681  29.581  3.918  -1.972 0.0000000000
111772  29.405  3.286  -2.121 0.0000000000
111793  29.567  2.852  -2.695 0.0000000000
112729  29.545  4.972  -5.386 0.0000000000
111832  29.807  4.096  -6.307 0.0000000000
111841  29.904  4.271  -6.533 0.0000000000
112746  30.368  4.562  -6.568 0.0000000000
112739  31.024  4.678  -6.333 0.0000000000
114519  30.322  6.478  -6.312 0.0000000000
113619  30.564  5.646  -6.336 0.0000000000
113606  31.165  5.590  -5.919 0.0000000000
112727  31.488  4.929  -5.731 0.0000000000
93312  25.556  -14.040  -1.949 0.0000000000
92268  26.190  -13.985  -2.344 0.0000000000
92267  26.886  -14.351  -2.525 0.0000000000
92266  27.840  -14.413  -2.742 0.0000000000
92247  29.033  -14.888  -2.131 0.0000000000
95512  28.553  -11.277  -3.814 0.0000000000
94406  29.170  -12.230  -3.476 0.0000000000
94387  29.548  -12.686  -3.100 0.0000000000
92264  29.382  -14.307  -2.187 0.0000000000
92246  29.687  -14.641  -1.647 0.0000000000
101096  32.659  -6.963  -4.614 0.0000000000
88900  28.126  -16.975  -1.452 0.0000000000
92232  24.026  -13.740  -0.537 0.0000000000
101132  30.628  -5.471  -5.860 0.0000000000
102197  25.413  -5.175  -4.101 0.0000000000
102217  32.340  -5.224  -6.296 0.0000000000
103222  27.229  -4.408  -4.792 0.0000000000
103230  32.139  -4.874  -6.342 0.0000000000
104188  23.004  -3.420  -2.196 0.0000000000
104219  26.947  -3.704  -4.709 0.0000000000
105173  26.702  -2.948  -4.675 0.0000000000
107259  26.998  -0.966  -4.731 0.0000000000
107261  25.265  -0.891  -4.313 0.0000000000
108370  23.067  0.323  -2.541 0.0000000000
108396  26.558  -0.210  -4.467 0.0000000000
110688  28.138  2.617  -1.901 0.0000000000
110710  22.998  2.135  -2.337 0.0000000000
110720  30.216  2.234  -4.625 0.0000000000
111794  29.011  2.659  -2.190 0.0000000000
111799  22.722  2.701  -1.979 0.0000000000
112688  22.580  4.102  -1.170 0.0000000000
113608  29.434  5.730  -5.294 0.0000000000
113620  30.194  5.984  -6.450 0.0000000000
