#!ascii label  , from subject 4110 vox2ras=TkReg
566
106162  -31.085  -12.259  -6.415 0.0000000000
101089  -26.876  -16.843  -4.669 0.0000000000
101078  -34.910  -16.454  -3.681 0.0000000000
93234  -30.306  -22.347  -2.888 0.0000000000
124229  -29.676  1.891  -6.710 0.0000000000
121586  -32.242  -0.772  -5.644 0.0000000000
112672  -27.210  -7.576  -7.323 0.0000000000
87899  -29.601  -26.562  -2.504 0.0000000000
97084  -28.217  -19.523  -5.167 0.0000000000
94538  -26.740  -21.378  -2.558 0.0000000000
122908  -30.708  0.459  -6.385 0.0000000000
118988  -27.772  -2.468  -6.941 0.0000000000
106198  -27.966  -12.507  -7.675 0.0000000000
108812  -26.159  -10.268  -6.245 0.0000000000
108814  -29.704  -10.138  -7.373 0.0000000000
113887  -31.881  -6.762  -5.185 0.0000000000
111358  -33.390  -8.493  -3.386 0.0000000000
108785  -35.979  -10.677  -3.479 0.0000000000
103529  -25.442  -14.435  -4.726 0.0000000000
103566  -29.704  -14.457  -7.126 0.0000000000
103530  -32.782  -13.870  -5.125 0.0000000000
99837  -30.637  -17.322  -6.002 0.0000000000
98406  -31.965  -18.948  -4.007 0.0000000000
93225  -33.943  -22.716  -2.647 0.0000000000
115134  -25.572  -5.590  -7.140 0.0000000000
117724  -30.204  -4.168  -7.161 0.0000000000
118957  -34.566  -2.915  -4.570 0.0000000000
91844  -26.192  -22.946  -1.972 0.0000000000
90619  -30.744  -24.572  -2.199 0.0000000000
97046  -26.139  -19.766  -2.853 0.0000000000
95784  -25.421  -20.493  -1.872 0.0000000000
119000  -25.879  -1.324  -7.525 0.0000000000
117721  -25.308  -3.052  -6.802 0.0000000000
104897  -30.170  -12.455  -8.754 0.0000000000
107552  -28.637  -11.285  -8.566 0.0000000000
108815  -30.239  -10.720  -7.114 0.0000000000
110078  -31.254  -9.621  -5.350 0.0000000000
108794  -31.898  -10.484  -4.981 0.0000000000
110041  -34.674  -9.549  -3.213 0.0000000000
107509  -33.591  -11.373  -4.169 0.0000000000
102360  -26.116  -15.802  -4.703 0.0000000000
103549  -27.205  -14.508  -5.865 0.0000000000
101117  -27.935  -16.139  -5.936 0.0000000000
101120  -30.186  -16.204  -6.511 0.0000000000
99835  -28.741  -17.347  -6.086 0.0000000000
94568  -29.632  -21.217  -4.396 0.0000000000
97086  -30.085  -19.501  -5.121 0.0000000000
95814  -30.808  -20.949  -3.887 0.0000000000
95799  -32.773  -20.698  -2.814 0.0000000000
94543  -32.349  -21.710  -2.396 0.0000000000
122893  -26.742  0.366  -5.003 0.0000000000
124208  -26.358  1.132  -4.553 0.0000000000
125537  -28.684  2.464  -6.194 0.0000000000
128195  -29.112  4.315  -7.317 0.0000000000
126851  -31.489  3.935  -7.183 0.0000000000
122910  -32.572  0.682  -5.981 0.0000000000
110100  -26.712  -9.368  -7.523 0.0000000000
111384  -24.992  -8.025  -6.015 0.0000000000
113919  -26.622  -6.608  -7.330 0.0000000000
116431  -27.356  -4.765  -7.387 0.0000000000
113921  -28.205  -6.357  -7.066 0.0000000000
115112  -33.984  -5.555  -3.625 0.0000000000
116388  -32.912  -4.517  -4.660 0.0000000000
116391  -35.499  -4.759  -4.373 0.0000000000
102362  -33.987  -14.833  -4.121 0.0000000000
104807  -35.542  -13.412  -3.698 0.0000000000
89347  -27.625  -25.418  -1.539 0.0000000000
90598  -27.977  -24.823  -1.940 0.0000000000
91846  -27.587  -23.263  -2.575 0.0000000000
87900  -30.376  -26.101  -2.968 0.0000000000
99804  -26.127  -17.536  -3.592 0.0000000000
98426  -27.645  -18.250  -5.225 0.0000000000
97062  -26.473  -19.314  -3.484 0.0000000000
95813  -27.356  -20.597  -3.981 0.0000000000
94540  -28.331  -22.013  -3.593 0.0000000000
121583  -27.665  -0.288  -5.497 0.0000000000
124220  -30.115  1.261  -6.395 0.0000000000
121602  -29.058  -0.308  -6.277 0.0000000000
121620  -29.434  -0.721  -7.296 0.0000000000
121622  -31.121  -1.349  -7.272 0.0000000000
106161  -25.763  -12.296  -5.518 0.0000000000
107540  -26.872  -11.158  -7.167 0.0000000000
108835  -27.431  -9.974  -8.217 0.0000000000
111398  -28.352  -8.886  -7.552 0.0000000000
113904  -29.423  -6.770  -6.270 0.0000000000
111389  -29.775  -8.818  -5.991 0.0000000000
112629  -32.000  -7.698  -4.135 0.0000000000
112632  -35.130  -7.398  -3.670 0.0000000000
111360  -36.705  -8.688  -4.626 0.0000000000
85154  -29.353  -29.867  -3.742 0.0000000000
86532  -29.528  -28.439  -5.403 0.0000000000
104838  -26.482  -13.772  -5.686 0.0000000000
104881  -28.713  -13.392  -7.872 0.0000000000
104862  -30.951  -13.138  -6.880 0.0000000000
104841  -32.281  -13.246  -5.679 0.0000000000
103568  -31.626  -14.493  -6.503 0.0000000000
101122  -31.825  -15.781  -6.206 0.0000000000
101090  -32.226  -16.649  -5.029 0.0000000000
97097  -29.486  -18.790  -5.553 0.0000000000
98428  -31.470  -18.230  -4.688 0.0000000000
99805  -32.659  -17.622  -4.346 0.0000000000
97065  -33.536  -19.155  -3.258 0.0000000000
95801  -34.981  -20.765  -2.754 0.0000000000
126834  -32.040  3.359  -5.274 0.0000000000
116417  -26.208  -4.132  -7.298 0.0000000000
117735  -28.775  -3.702  -7.106 0.0000000000
118991  -31.538  -2.508  -6.578 0.0000000000
115137  -30.437  -5.755  -5.825 0.0000000000
117708  -31.477  -3.962  -6.032 0.0000000000
120270  -32.911  -1.588  -5.261 0.0000000000
106136  -34.465  -12.304  -4.049 0.0000000000
106153  -37.106  -12.576  -4.702 0.0000000000
94527  -24.438  -21.447  -1.225 0.0000000000
93217  -26.456  -22.250  -2.179 0.0000000000
93219  -28.077  -22.538  -2.958 0.0000000000
91849  -30.260  -23.592  -2.199 0.0000000000
87943  -30.852  -26.499  -5.675 0.0000000000
89389  -31.862  -25.627  -3.657 0.0000000000
91851  -32.385  -23.608  -2.175 0.0000000000
116401  -24.421  -3.566  -5.920 0.0000000000
106179  -30.747  -12.255  -7.481 0.0000000000
107543  -30.480  -11.372  -7.873 0.0000000000
107520  -31.138  -11.382  -6.321 0.0000000000
108806  -31.445  -10.502  -5.553 0.0000000000
107507  -31.896  -11.136  -5.117 0.0000000000
108795  -32.841  -10.495  -4.398 0.0000000000
107508  -32.391  -11.479  -4.901 0.0000000000
101088  -26.090  -16.604  -4.204 0.0000000000
101087  -25.368  -16.378  -3.742 0.0000000000
101103  -26.631  -16.242  -4.840 0.0000000000
102375  -27.536  -15.519  -5.773 0.0000000000
101104  -27.386  -16.486  -5.343 0.0000000000
101105  -28.098  -16.766  -5.876 0.0000000000
99834  -27.881  -17.437  -5.570 0.0000000000
94552  -29.869  -21.882  -3.917 0.0000000000
94569  -30.312  -21.316  -4.038 0.0000000000
94553  -30.649  -21.637  -3.125 0.0000000000
94554  -31.315  -21.210  -2.898 0.0000000000
94541  -30.837  -21.878  -2.508 0.0000000000
124212  -28.388  1.248  -5.321 0.0000000000
124218  -28.558  1.821  -5.616 0.0000000000
125538  -29.261  2.282  -6.659 0.0000000000
126858  -29.195  3.798  -8.378 0.0000000000
126861  -31.112  4.146  -7.834 0.0000000000
125549  -30.447  2.403  -7.727 0.0000000000
121605  -32.140  -0.005  -5.980 0.0000000000
124223  -33.285  1.306  -5.844 0.0000000000
122911  -33.064  0.663  -5.617 0.0000000000
122898  -33.673  0.473  -5.241 0.0000000000
111396  -26.921  -8.430  -7.508 0.0000000000
111386  -26.397  -8.455  -6.884 0.0000000000
112671  -26.585  -7.561  -7.062 0.0000000000
112659  -25.940  -7.543  -6.641 0.0000000000
113920  -27.464  -6.573  -7.331 0.0000000000
115113  -35.120  -5.619  -3.821 0.0000000000
116390  -34.620  -4.632  -3.810 0.0000000000
102343  -34.338  -15.620  -3.895 0.0000000000
102344  -35.417  -15.476  -3.610 0.0000000000
87898  -29.006  -26.473  -1.833 0.0000000000
87881  -28.736  -26.191  -1.318 0.0000000000
89349  -28.814  -25.773  -1.794 0.0000000000
89370  -28.697  -25.271  -1.992 0.0000000000
89371  -29.235  -25.509  -2.157 0.0000000000
87910  -30.126  -27.007  -3.266 0.0000000000
98404  -25.994  -18.385  -3.186 0.0000000000
98405  -26.629  -18.357  -3.837 0.0000000000
97061  -25.884  -19.083  -2.858 0.0000000000
95795  -26.079  -20.490  -2.468 0.0000000000
95796  -26.858  -20.492  -3.264 0.0000000000
95797  -27.492  -20.927  -3.602 0.0000000000
94539  -27.687  -21.459  -3.097 0.0000000000
121599  -26.099  -0.660  -6.308 0.0000000000
121584  -28.427  -0.205  -5.646 0.0000000000
121600  -26.954  -0.722  -6.251 0.0000000000
118987  -26.393  -2.036  -7.288 0.0000000000
120287  -28.139  -1.480  -6.860 0.0000000000
120300  -28.796  -1.495  -7.422 0.0000000000
121621  -30.508  -0.882  -7.475 0.0000000000
120301  -29.710  -1.603  -7.915 0.0000000000
106176  -26.531  -12.283  -6.483 0.0000000000
106197  -27.126  -11.999  -7.209 0.0000000000
108826  -29.540  -10.338  -8.093 0.0000000000
108836  -27.932  -10.389  -8.333 0.0000000000
110117  -29.043  -10.175  -8.182 0.0000000000
111412  -27.913  -9.195  -8.062 0.0000000000
110103  -28.973  -9.571  -7.525 0.0000000000
111388  -29.237  -8.848  -6.599 0.0000000000
111357  -32.559  -8.623  -3.963 0.0000000000
111356  -31.686  -8.661  -4.684 0.0000000000
112630  -32.802  -7.598  -3.487 0.0000000000
112617  -34.825  -7.891  -3.513 0.0000000000
112633  -36.173  -7.722  -3.959 0.0000000000
111340  -34.630  -8.488  -3.407 0.0000000000
108784  -35.056  -10.631  -2.962 0.0000000000
110043  -36.369  -9.955  -3.696 0.0000000000
108798  -37.338  -11.346  -5.159 0.0000000000
85130  -29.345  -29.463  -2.194 0.0000000000
103528  -24.886  -14.347  -3.949 0.0000000000
104837  -25.674  -13.440  -5.194 0.0000000000
103548  -26.165  -14.491  -5.366 0.0000000000
103564  -28.083  -14.535  -6.592 0.0000000000
103565  -29.076  -14.365  -7.295 0.0000000000
103578  -29.282  -13.803  -7.894 0.0000000000
103580  -30.284  -14.058  -7.268 0.0000000000
103567  -30.825  -14.219  -6.879 0.0000000000
102401  -30.447  -14.503  -6.949 0.0000000000
99852  -30.433  -17.037  -6.250 0.0000000000
101121  -31.122  -16.343  -6.263 0.0000000000
101108  -32.567  -15.999  -5.456 0.0000000000
99839  -31.538  -16.950  -5.197 0.0000000000
97083  -27.520  -19.147  -4.867 0.0000000000
98441  -28.332  -18.163  -5.626 0.0000000000
97096  -28.688  -18.856  -5.490 0.0000000000
97087  -31.175  -19.619  -4.433 0.0000000000
98427  -30.714  -18.614  -5.135 0.0000000000
98429  -32.212  -18.088  -4.348 0.0000000000
98407  -32.871  -18.430  -3.842 0.0000000000
98408  -33.906  -18.222  -3.639 0.0000000000
94544  -33.402  -21.739  -2.587 0.0000000000
95800  -33.897  -20.801  -2.755 0.0000000000
94545  -34.509  -21.781  -2.686 0.0000000000
94546  -35.474  -21.650  -3.277 0.0000000000
124221  -31.093  1.646  -6.530 0.0000000000
124231  -30.726  2.186  -7.121 0.0000000000
125539  -31.832  2.612  -5.764 0.0000000000
107519  -25.160  -11.352  -5.131 0.0000000000
115120  -24.537  -5.931  -5.548 0.0000000000
115133  -24.930  -5.377  -6.367 0.0000000000
116416  -25.612  -4.440  -7.015 0.0000000000
116429  -25.917  -5.142  -7.290 0.0000000000
116432  -28.398  -4.799  -6.974 0.0000000000
117736  -29.847  -3.726  -7.412 0.0000000000
117737  -30.615  -3.183  -7.432 0.0000000000
117726  -31.410  -3.301  -6.516 0.0000000000
113905  -30.348  -6.625  -5.829 0.0000000000
115121  -31.210  -5.792  -5.795 0.0000000000
117692  -33.258  -3.916  -4.636 0.0000000000
117709  -32.340  -3.859  -5.032 0.0000000000
117710  -33.142  -3.225  -4.957 0.0000000000
118970  -32.663  -2.641  -5.375 0.0000000000
118971  -33.647  -2.436  -4.949 0.0000000000
118972  -34.471  -2.034  -4.692 0.0000000000
106150  -33.049  -12.378  -4.739 0.0000000000
104821  -33.267  -13.307  -4.722 0.0000000000
106139  -36.844  -12.795  -3.889 0.0000000000
91838  -25.596  -23.362  -1.745 0.0000000000
93211  -25.023  -22.343  -1.462 0.0000000000
93212  -25.740  -22.276  -1.824 0.0000000000
94528  -25.278  -21.390  -1.534 0.0000000000
90618  -29.723  -24.547  -2.246 0.0000000000
91847  -28.417  -23.474  -2.674 0.0000000000
91848  -29.327  -23.616  -2.526 0.0000000000
93220  -29.046  -22.710  -3.315 0.0000000000
87942  -30.062  -27.350  -5.473 0.0000000000
90620  -31.864  -24.638  -2.352 0.0000000000
97045  -25.387  -19.491  -2.294 0.0000000000
120299  -25.492  -0.989  -7.472 0.0000000000
118998  -24.838  -1.690  -7.275 0.0000000000
118986  -25.642  -2.443  -7.301 0.0000000000
106199  -28.868  -12.364  -8.593 0.0000000000
107542  -28.280  -11.695  -8.122 0.0000000000
106217  -29.075  -11.731  -9.010 0.0000000000
108827  -30.085  -10.681  -8.052 0.0000000000
110090  -30.017  -9.682  -6.405 0.0000000000
108805  -30.941  -10.537  -6.176 0.0000000000
110061  -31.806  -9.586  -4.879 0.0000000000
110063  -33.300  -9.617  -3.777 0.0000000000
110064  -33.959  -9.041  -3.258 0.0000000000
110040  -33.960  -9.683  -3.378 0.0000000000
108783  -34.041  -10.499  -3.561 0.0000000000
107497  -34.022  -11.121  -3.752 0.0000000000
102359  -25.302  -15.524  -4.253 0.0000000000
102373  -25.873  -15.180  -4.947 0.0000000000
102374  -26.701  -15.462  -5.259 0.0000000000
102386  -28.110  -15.505  -6.264 0.0000000000
102387  -28.848  -15.359  -6.633 0.0000000000
102388  -29.733  -15.168  -6.769 0.0000000000
101119  -29.372  -16.188  -6.538 0.0000000000
99850  -29.091  -16.786  -6.391 0.0000000000
99851  -29.663  -17.133  -6.343 0.0000000000
95829  -28.566  -20.222  -4.804 0.0000000000
97085  -29.067  -19.562  -5.180 0.0000000000
95830  -29.417  -20.365  -4.784 0.0000000000
95832  -31.002  -20.456  -4.113 0.0000000000
97063  -31.761  -19.707  -3.765 0.0000000000
97064  -32.475  -19.739  -3.243 0.0000000000
95816  -32.123  -20.466  -3.010 0.0000000000
93224  -32.901  -22.676  -2.343 0.0000000000
121574  -25.325  -0.425  -4.941 0.0000000000
122906  -27.069  1.328  -5.034 0.0000000000
126849  -29.059  3.633  -7.806 0.0000000000
128197  -31.923  4.752  -6.458 0.0000000000
122909  -31.693  0.598  -6.253 0.0000000000
124222  -32.227  1.534  -6.113 0.0000000000
111373  -24.694  -8.583  -5.520 0.0000000000
112658  -25.272  -7.450  -6.231 0.0000000000
113901  -25.454  -6.550  -6.750 0.0000000000
113918  -25.920  -6.298  -7.264 0.0000000000
115146  -26.967  -5.686  -7.514 0.0000000000
115147  -27.780  -5.630  -7.232 0.0000000000
116418  -29.143  -4.933  -6.911 0.0000000000
113888  -32.474  -6.101  -4.881 0.0000000000
115123  -32.534  -5.593  -4.911 0.0000000000
115111  -32.856  -5.555  -4.267 0.0000000000
116389  -33.586  -4.622  -4.067 0.0000000000
117694  -35.132  -3.788  -4.284 0.0000000000
103531  -33.396  -14.400  -4.659 0.0000000000
103532  -34.109  -14.096  -4.208 0.0000000000
103511  -34.874  -14.454  -3.934 0.0000000000
103512  -35.982  -14.446  -3.522 0.0000000000
90597  -26.935  -24.394  -1.910 0.0000000000
90615  -27.294  -23.742  -2.249 0.0000000000
91845  -26.921  -23.195  -2.051 0.0000000000
90616  -27.804  -24.064  -2.312 0.0000000000
90617  -28.696  -24.543  -2.226 0.0000000000
89372  -30.133  -25.452  -2.477 0.0000000000
101075  -25.623  -16.958  -3.517 0.0000000000
99819  -26.754  -17.503  -4.243 0.0000000000
99820  -27.309  -17.473  -4.918 0.0000000000
98425  -27.181  -18.310  -4.528 0.0000000000
95827  -27.297  -19.608  -4.457 0.0000000000
95812  -27.009  -19.936  -4.081 0.0000000000
95828  -27.722  -20.164  -4.586 0.0000000000
94566  -28.249  -20.675  -4.561 0.0000000000
94551  -28.990  -21.889  -4.135 0.0000000000
93232  -29.454  -22.243  -3.725 0.0000000000
121573  -24.792  -0.487  -4.584 0.0000000000
121581  -26.092  -0.383  -5.554 0.0000000000
121582  -26.829  -0.320  -5.488 0.0000000000
124213  -28.758  0.890  -5.353 0.0000000000
124230  -30.276  1.966  -7.032 0.0000000000
122896  -29.012  0.376  -5.500 0.0000000000
122907  -29.797  0.425  -5.925 0.0000000000
120286  -27.196  -1.413  -6.705 0.0000000000
121619  -28.583  -0.795  -7.000 0.0000000000
121603  -30.163  -0.327  -6.569 0.0000000000
121604  -31.417  -0.663  -6.491 0.0000000000
121585  -31.880  -1.048  -6.038 0.0000000000
107529  -26.489  -10.875  -6.585 0.0000000000
107551  -27.987  -11.115  -8.254 0.0000000000
108825  -27.618  -10.825  -8.152 0.0000000000
108813  -26.657  -10.228  -6.987 0.0000000000
111397  -27.653  -8.683  -7.711 0.0000000000
112673  -28.031  -7.627  -7.145 0.0000000000
112660  -28.504  -7.661  -6.736 0.0000000000
112661  -28.970  -7.748  -6.394 0.0000000000
112662  -29.853  -7.867  -6.066 0.0000000000
112645  -30.601  -7.572  -5.682 0.0000000000
111375  -30.472  -8.730  -5.578 0.0000000000
112646  -31.150  -7.805  -5.184 0.0000000000
113872  -31.901  -7.133  -4.549 0.0000000000
113874  -33.372  -6.568  -3.611 0.0000000000
113875  -34.545  -6.566  -3.713 0.0000000000
113876  -35.538  -6.617  -4.084 0.0000000000
112647  -36.706  -7.582  -5.042 0.0000000000
111342  -36.237  -8.989  -3.799 0.0000000000
99808  -35.343  -17.352  -3.483 0.0000000000
86505  -29.469  -27.906  -2.605 0.0000000000
86516  -29.757  -28.299  -3.488 0.0000000000
104858  -26.297  -13.038  -5.821 0.0000000000
106177  -27.378  -12.798  -6.936 0.0000000000
103563  -27.515  -14.015  -6.400 0.0000000000
104860  -27.760  -13.565  -6.854 0.0000000000
104880  -28.090  -13.299  -7.416 0.0000000000
104882  -29.499  -13.247  -8.365 0.0000000000
104883  -30.409  -13.233  -8.001 0.0000000000
104839  -31.107  -12.875  -6.487 0.0000000000
106163  -31.818  -12.434  -5.846 0.0000000000
104840  -31.447  -13.143  -6.249 0.0000000000
103551  -31.986  -13.943  -6.319 0.0000000000
103569  -32.109  -14.520  -6.335 0.0000000000
102389  -30.568  -15.187  -6.708 0.0000000000
102391  -32.080  -15.059  -6.373 0.0000000000
103553  -32.932  -14.541  -5.234 0.0000000000
102377  -32.985  -15.332  -5.291 0.0000000000
102361  -33.541  -15.598  -4.448 0.0000000000
101076  -33.526  -16.383  -4.289 0.0000000000
98442  -29.073  -18.170  -5.864 0.0000000000
98443  -29.861  -18.028  -6.124 0.0000000000
97098  -30.147  -18.594  -5.573 0.0000000000
98444  -30.540  -17.886  -5.740 0.0000000000
99821  -31.331  -17.387  -5.016 0.0000000000
99823  -32.727  -17.125  -4.528 0.0000000000
99806  -33.377  -17.261  -4.145 0.0000000000
98409  -34.796  -18.162  -3.344 0.0000000000
97048  -33.298  -20.017  -2.897 0.0000000000
97049  -34.368  -19.765  -2.908 0.0000000000
125550  -31.179  2.834  -7.090 0.0000000000
126843  -31.683  3.636  -6.113 0.0000000000
125532  -32.398  2.966  -5.416 0.0000000000
116415  -24.821  -4.088  -6.178 0.0000000000
117722  -26.113  -3.297  -7.221 0.0000000000
117723  -26.966  -3.074  -7.315 0.0000000000
116430  -26.406  -4.833  -7.403 0.0000000000
117734  -27.783  -3.690  -7.313 0.0000000000
119001  -28.331  -3.118  -7.144 0.0000000000
119003  -30.134  -2.580  -7.815 0.0000000000
120303  -31.106  -1.913  -7.312 0.0000000000
120269  -31.952  -1.741  -5.971 0.0000000000
113903  -28.646  -6.972  -6.692 0.0000000000
115136  -29.810  -5.698  -6.121 0.0000000000
116420  -30.445  -5.017  -6.133 0.0000000000
116403  -31.760  -4.820  -5.526 0.0000000000
116402  -31.102  -4.609  -6.076 0.0000000000
117707  -31.091  -4.173  -6.292 0.0000000000
118969  -31.943  -3.008  -5.961 0.0000000000
121587  -33.221  -0.573  -5.033 0.0000000000
121588  -34.283  -0.468  -4.952 0.0000000000
107510  -34.115  -11.920  -4.082 0.0000000000
107499  -35.520  -11.528  -3.480 0.0000000000
104806  -34.564  -13.252  -4.102 0.0000000000
106138  -36.115  -12.456  -3.642 0.0000000000
107500  -36.268  -11.504  -3.879 0.0000000000
94537  -25.948  -21.372  -2.062 0.0000000000
93218  -27.258  -22.341  -2.555 0.0000000000
87911  -30.954  -26.220  -3.606 0.0000000000
87925  -31.561  -26.030  -4.609 0.0000000000
89373  -31.154  -25.461  -2.790 0.0000000000
91850  -31.302  -23.585  -1.984 0.0000000000
93222  -30.732  -22.470  -2.315 0.0000000000
93223  -31.837  -22.594  -2.052 0.0000000000
86533  -29.578  -28.375  -4.769 0.0000000000
86551  -29.600  -27.938  -5.685 0.0000000000
87924  -30.373  -27.038  -4.430 0.0000000000
87960  -30.004  -27.565  -5.924 0.0000000000
89346  -26.964  -25.277  -1.556 0.0000000000
89348  -28.378  -25.474  -1.643 0.0000000000
89407  -31.988  -25.841  -4.195 0.0000000000
90596  -26.131  -24.033  -1.890 0.0000000000
90599  -28.428  -25.038  -1.982 0.0000000000
90643  -31.822  -25.189  -2.962 0.0000000000
90644  -32.286  -24.912  -3.271 0.0000000000
91839  -26.330  -23.601  -1.977 0.0000000000
93221  -29.920  -22.858  -2.752 0.0000000000
93233  -29.887  -22.331  -3.342 0.0000000000
94542  -31.316  -21.696  -2.397 0.0000000000
94550  -28.003  -21.185  -4.119 0.0000000000
94567  -28.797  -20.964  -4.519 0.0000000000
95798  -31.861  -20.998  -2.729 0.0000000000
95815  -31.478  -20.547  -3.470 0.0000000000
95831  -30.384  -20.546  -4.482 0.0000000000
97047  -32.830  -20.132  -2.940 0.0000000000
97066  -34.346  -18.863  -3.235 0.0000000000
97082  -26.971  -19.128  -4.248 0.0000000000
97095  -28.017  -18.833  -5.401 0.0000000000
98445  -30.949  -17.809  -5.207 0.0000000000
98455  -30.104  -17.481  -6.268 0.0000000000
98456  -30.343  -17.587  -6.139 0.0000000000
99807  -34.386  -17.319  -3.666 0.0000000000
99822  -32.044  -17.159  -4.743 0.0000000000
99836  -29.335  -17.706  -6.167 0.0000000000
99838  -31.092  -17.061  -5.657 0.0000000000
99853  -30.818  -16.957  -6.072 0.0000000000
101077  -34.024  -16.503  -3.882 0.0000000000
101091  -32.820  -16.483  -4.902 0.0000000000
101106  -31.372  -16.618  -5.839 0.0000000000
101107  -31.923  -16.486  -5.562 0.0000000000
101118  -28.581  -16.331  -6.319 0.0000000000
102342  -33.823  -16.033  -4.085 0.0000000000
102376  -32.358  -15.559  -5.835 0.0000000000
102390  -31.354  -15.202  -6.497 0.0000000000
102400  -30.104  -14.507  -6.990 0.0000000000
103550  -27.738  -15.025  -6.124 0.0000000000
103552  -32.505  -14.517  -5.824 0.0000000000
103579  -29.794  -13.999  -7.650 0.0000000000
104820  -32.749  -13.060  -5.070 0.0000000000
104822  -33.821  -13.531  -4.389 0.0000000000
104859  -27.080  -13.395  -6.221 0.0000000000
104861  -28.335  -13.860  -7.249 0.0000000000
104863  -31.362  -13.823  -6.577 0.0000000000
104896  -29.890  -12.807  -8.776 0.0000000000
106137  -35.130  -12.400  -3.749 0.0000000000
106149  -32.464  -12.466  -5.221 0.0000000000
106151  -33.845  -12.578  -4.344 0.0000000000
106152  -36.604  -12.184  -4.140 0.0000000000
106164  -32.205  -12.547  -5.567 0.0000000000
106178  -27.778  -13.055  -7.237 0.0000000000
106196  -26.744  -11.731  -6.891 0.0000000000
106200  -29.476  -12.685  -8.875 0.0000000000
106201  -30.443  -12.084  -8.405 0.0000000000
106218  -29.669  -12.086  -9.131 0.0000000000
106219  -30.194  -11.967  -8.930 0.0000000000
107498  -34.470  -11.495  -3.626 0.0000000000
107511  -36.805  -11.547  -4.453 0.0000000000
107521  -31.669  -11.351  -5.667 0.0000000000
107522  -32.117  -12.054  -5.441 0.0000000000
107530  -30.752  -11.428  -6.912 0.0000000000
107539  -26.529  -11.465  -6.632 0.0000000000
107541  -27.543  -11.393  -7.827 0.0000000000
107553  -29.311  -11.205  -8.967 0.0000000000
107554  -30.145  -11.221  -8.851 0.0000000000
108796  -33.444  -10.490  -3.987 0.0000000000
108804  -25.519  -10.398  -5.588 0.0000000000
108808  -37.347  -11.199  -5.558 0.0000000000
108824  -27.137  -10.395  -7.904 0.0000000000
108837  -28.820  -10.551  -8.494 0.0000000000
108838  -29.493  -10.624  -8.650 0.0000000000
108839  -29.896  -10.629  -8.545 0.0000000000
110042  -35.668  -9.751  -3.359 0.0000000000
110062  -32.367  -9.573  -4.476 0.0000000000
110065  -36.796  -9.759  -4.319 0.0000000000
110077  -30.625  -9.686  -5.802 0.0000000000
110089  -29.467  -9.584  -6.971 0.0000000000
110101  -27.178  -9.090  -7.917 0.0000000000
110102  -28.562  -9.341  -7.756 0.0000000000
110114  -27.169  -9.652  -8.049 0.0000000000
110115  -27.649  -9.494  -8.137 0.0000000000
110116  -28.372  -9.601  -8.080 0.0000000000
111341  -35.427  -8.864  -3.509 0.0000000000
111359  -34.016  -8.395  -3.260 0.0000000000
111376  -31.136  -8.706  -5.190 0.0000000000
111387  -28.553  -8.313  -6.853 0.0000000000
111399  -28.747  -8.922  -7.128 0.0000000000
111413  -28.081  -9.051  -7.934 0.0000000000
112618  -35.385  -8.090  -3.551 0.0000000000
112619  -35.873  -8.388  -3.631 0.0000000000
112628  -31.639  -7.569  -4.708 0.0000000000
112631  -34.095  -7.658  -3.467 0.0000000000
112657  -24.789  -7.508  -5.698 0.0000000000
113873  -32.343  -6.706  -4.221 0.0000000000
113877  -36.209  -6.741  -4.702 0.0000000000
113886  -31.111  -6.925  -5.659 0.0000000000
113902  -26.134  -6.876  -6.972 0.0000000000
115122  -32.142  -5.694  -5.339 0.0000000000
115135  -28.980  -5.741  -6.744 0.0000000000
115145  -26.191  -5.697  -7.436 0.0000000000
115148  -28.325  -5.629  -6.979 0.0000000000
116404  -32.435  -5.004  -4.977 0.0000000000
116419  -29.891  -4.818  -7.057 0.0000000000
116433  -29.239  -4.382  -7.020 0.0000000000
117691  -32.839  -4.096  -4.788 0.0000000000
117693  -34.149  -3.820  -4.230 0.0000000000
117725  -30.713  -3.973  -6.724 0.0000000000
117732  -25.151  -2.216  -7.232 0.0000000000
117733  -26.789  -3.959  -7.431 0.0000000000
118956  -33.744  -3.247  -4.630 0.0000000000
118989  -28.455  -2.013  -7.066 0.0000000000
118990  -31.195  -2.989  -7.090 0.0000000000
118999  -25.433  -1.645  -7.470 0.0000000000
119002  -28.973  -2.588  -7.401 0.0000000000
119004  -30.863  -2.453  -7.467 0.0000000000
119005  -31.281  -2.312  -7.096 0.0000000000
120253  -24.396  -0.916  -4.425 0.0000000000
120261  -35.267  -2.194  -4.758 0.0000000000
120285  -26.209  -0.923  -7.114 0.0000000000
120288  -31.399  -1.736  -6.793 0.0000000000
120298  -24.920  -1.081  -7.448 0.0000000000
120302  -30.613  -1.778  -7.644 0.0000000000
121575  -25.756  -0.285  -5.129 0.0000000000
121601  -27.955  -0.646  -6.392 0.0000000000
122894  -27.540  0.765  -5.169 0.0000000000
122895  -28.312  0.416  -5.191 0.0000000000
122897  -32.772  0.112  -5.502 0.0000000000
124214  -33.884  1.123  -5.439 0.0000000000
124219  -29.195  1.453  -5.854 0.0000000000
125531  -32.032  2.917  -5.179 0.0000000000
125547  -29.213  2.990  -6.945 0.0000000000
125556  -30.608  3.120  -8.100 0.0000000000
125557  -31.133  3.526  -7.826 0.0000000000
126835  -32.798  3.580  -5.337 0.0000000000
126850  -29.507  3.391  -8.060 0.0000000000
126860  -30.572  3.894  -8.155 0.0000000000
128205  -29.570  4.830  -7.661 0.0000000000
176660  -27.463  1.595  -5.069 0.0000000000
176661  -27.247  1.535  -5.000 0.0000000000
176663  -27.510  1.374  -5.131 0.0000000000
