#!ascii label  , from subject 4110 vox2ras=TkReg
1227
73984  33.307  -33.410  55.408 0.0000000000
100342  49.268  -12.983  44.359 0.0000000000
85534  39.147  -24.369  49.416 0.0000000000
65235  14.332  -40.459  65.317 0.0000000000
76550  26.017  -30.989  59.282 0.0000000000
92469  39.184  -19.016  48.367 0.0000000000
72651  19.579  -34.473  62.108 0.0000000000
66593  18.307  -39.368  64.762 0.0000000000
73887  23.371  -33.588  61.241 0.0000000000
101632  52.980  -12.368  44.121 0.0000000000
81491  31.970  -27.565  56.480 0.0000000000
84023  33.590  -25.553  54.818 0.0000000000
79177  36.856  -29.651  57.125 0.0000000000
107159  54.536  -7.215  44.665 0.0000000000
107197  57.163  -8.527  41.412 0.0000000000
101629  44.697  -12.169  45.855 0.0000000000
93833  48.527  -17.970  46.667 0.0000000000
95136  43.500  -17.699  47.081 0.0000000000
89768  43.263  -22.261  49.108 0.0000000000
71269  31.998  -35.712  61.296 0.0000000000
60000  13.107  -44.671  69.367 0.0000000000
58706  8.512  -45.584  68.718 0.0000000000
59987  4.667  -44.803  70.464 0.0000000000
75301  28.934  -32.961  56.716 0.0000000000
71256  27.411  -35.862  60.925 0.0000000000
88345  33.187  -22.150  51.514 0.0000000000
84020  37.837  -25.537  54.542 0.0000000000
111043  64.938  -4.868  44.590 0.0000000000
101634  51.242  -12.188  43.843 0.0000000000
99054  51.063  -14.555  45.449 0.0000000000
76638  32.945  -31.359  54.576 0.0000000000
79240  33.818  -29.271  53.697 0.0000000000
76618  34.970  -31.628  55.711 0.0000000000
104315  48.636  -10.272  44.815 0.0000000000
107153  52.605  -8.889  46.559 0.0000000000
105710  51.093  -9.493  43.476 0.0000000000
104339  52.918  -10.423  42.432 0.0000000000
54612  4.054  -48.386  70.734 0.0000000000
99058  43.273  -14.264  46.359 0.0000000000
99044  41.292  -14.473  47.419 0.0000000000
89782  39.521  -21.365  48.285 0.0000000000
91153  41.403  -20.903  47.831 0.0000000000
87009  40.831  -23.664  48.963 0.0000000000
84084  41.542  -25.824  51.328 0.0000000000
65255  16.021  -40.261  64.518 0.0000000000
65209  17.683  -40.578  66.719 0.0000000000
62595  16.538  -42.377  67.661 0.0000000000
62547  15.019  -42.983  70.322 0.0000000000
61339  13.404  -43.490  66.502 0.0000000000
62585  9.572  -43.141  68.826 0.0000000000
58689  6.862  -45.400  69.794 0.0000000000
75231  27.578  -32.297  58.464 0.0000000000
72712  28.120  -35.072  58.095 0.0000000000
73933  25.833  -33.167  58.451 0.0000000000
71236  22.318  -35.495  62.900 0.0000000000
73851  24.194  -34.664  63.043 0.0000000000
83961  35.614  -25.974  56.308 0.0000000000
85426  35.955  -24.674  54.688 0.0000000000
96390  40.073  -16.270  49.998 0.0000000000
91125  38.695  -19.599  50.510 0.0000000000
89770  37.514  -21.424  49.232 0.0000000000
69951  20.689  -36.816  62.148 0.0000000000
68799  20.205  -37.544  64.174 0.0000000000
68834  18.245  -37.175  62.090 0.0000000000
68815  16.529  -37.488  63.870 0.0000000000
68787  14.814  -37.549  65.692 0.0000000000
76551  23.620  -31.240  58.639 0.0000000000
77839  21.678  -30.515  60.540 0.0000000000
73889  21.192  -33.526  60.928 0.0000000000
85352  31.170  -24.553  57.878 0.0000000000
85431  30.558  -24.259  54.483 0.0000000000
82689  31.234  -26.595  54.625 0.0000000000
81502  34.877  -27.575  55.287 0.0000000000
108522  60.310  -6.298  44.618 0.0000000000
107176  55.846  -7.743  42.747 0.0000000000
103030  54.977  -11.345  42.013 0.0000000000
100345  46.948  -12.576  44.901 0.0000000000
97710  48.423  -15.188  45.407 0.0000000000
97712  46.473  -14.913  45.504 0.0000000000
95155  45.783  -17.379  46.713 0.0000000000
92481  45.767  -19.339  47.890 0.0000000000
93827  40.701  -18.303  47.385 0.0000000000
92466  43.086  -20.295  47.830 0.0000000000
72709  32.642  -35.217  58.068 0.0000000000
73917  35.040  -34.029  59.054 0.0000000000
102965  47.596  -10.702  46.437 0.0000000000
65194  12.852  -40.757  67.041 0.0000000000
61323  11.585  -43.854  67.257 0.0000000000
58703  10.789  -45.583  68.383 0.0000000000
58657  9.594  -46.190  71.319 0.0000000000
57344  7.688  -47.013  69.920 0.0000000000
55924  5.777  -47.632  69.618 0.0000000000
57360  3.533  -46.729  69.202 0.0000000000
58694  1.214  -45.890  69.462 0.0000000000
72774  30.596  -34.047  55.417 0.0000000000
71312  29.946  -35.505  57.724 0.0000000000
71254  29.262  -35.986  61.381 0.0000000000
73902  25.077  -34.008  60.577 0.0000000000
86985  35.963  -23.420  49.809 0.0000000000
85470  32.016  -23.422  52.576 0.0000000000
85488  35.740  -24.867  51.405 0.0000000000
84087  38.601  -26.136  51.471 0.0000000000
76544  37.617  -31.734  59.808 0.0000000000
111058  64.997  -4.914  42.239 0.0000000000
108545  60.846  -6.332  42.313 0.0000000000
107200  61.328  -7.756  39.597 0.0000000000
101635  50.074  -12.533  44.002 0.0000000000
100330  51.284  -13.523  45.104 0.0000000000
100332  49.603  -13.625  44.861 0.0000000000
75347  32.819  -32.339  54.557 0.0000000000
76637  33.626  -31.506  54.400 0.0000000000
75323  33.812  -32.948  55.491 0.0000000000
102991  48.943  -11.035  43.892 0.0000000000
104313  49.787  -9.755  43.862 0.0000000000
103008  49.696  -11.066  43.594 0.0000000000
103007  50.644  -11.123  43.222 0.0000000000
54626  2.695  -48.496  69.981 0.0000000000
100312  41.888  -13.840  47.724 0.0000000000
99030  41.585  -14.149  48.623 0.0000000000
87031  39.008  -23.083  48.800 0.0000000000
88435  40.145  -22.350  48.286 0.0000000000
85533  40.022  -24.355  49.399 0.0000000000
85507  41.700  -24.645  50.247 0.0000000000
85509  39.651  -25.081  49.821 0.0000000000
63902  15.124  -40.689  64.765 0.0000000000
63882  15.720  -41.621  64.844 0.0000000000
62632  15.142  -42.274  65.224 0.0000000000
61337  14.783  -43.188  66.530 0.0000000000
62634  13.838  -41.886  65.614 0.0000000000
76549  26.671  -31.464  58.930 0.0000000000
75254  26.343  -32.439  58.113 0.0000000000
76567  25.817  -31.389  58.317 0.0000000000
71192  22.492  -35.418  64.741 0.0000000000
89627  30.965  -21.363  55.637 0.0000000000
85370  36.372  -25.288  56.481 0.0000000000
89769  37.797  -20.665  49.746 0.0000000000
89722  37.253  -19.905  51.449 0.0000000000
71260  19.704  -35.471  61.850 0.0000000000
69952  19.918  -37.020  61.795 0.0000000000
71240  18.624  -35.462  62.367 0.0000000000
71196  16.744  -35.526  63.993 0.0000000000
71177  15.969  -35.647  64.880 0.0000000000
69919  15.703  -37.061  64.719 0.0000000000
79145  22.714  -29.463  60.525 0.0000000000
75172  19.678  -32.661  62.300 0.0000000000
75192  20.551  -32.565  61.468 0.0000000000
72650  19.997  -34.236  61.758 0.0000000000
71258  21.445  -35.771  61.836 0.0000000000
83963  30.679  -25.391  56.055 0.0000000000
81503  31.453  -27.342  55.129 0.0000000000
79205  35.633  -29.473  55.237 0.0000000000
80369  34.175  -28.429  54.031 0.0000000000
80340  35.778  -28.540  55.638 0.0000000000
81488  36.435  -27.979  56.754 0.0000000000
80315  37.375  -28.613  57.759 0.0000000000
107161  53.138  -8.123  45.560 0.0000000000
108513  57.285  -6.551  45.205 0.0000000000
107169  54.826  -7.483  43.756 0.0000000000
103005  52.573  -11.611  42.896 0.0000000000
104338  53.904  -10.619  42.240 0.0000000000
103003  54.414  -12.120  43.216 0.0000000000
101628  45.300  -12.254  45.521 0.0000000000
99070  46.055  -14.043  45.263 0.0000000000
99071  45.051  -13.897  45.465 0.0000000000
96434  43.324  -16.181  46.465 0.0000000000
96433  44.307  -16.162  46.405 0.0000000000
95135  44.687  -17.736  47.048 0.0000000000
95134  45.531  -18.154  46.988 0.0000000000
93824  44.083  -18.564  47.437 0.0000000000
95111  39.161  -17.378  49.125 0.0000000000
96415  39.873  -16.616  47.824 0.0000000000
93828  39.694  -18.226  47.863 0.0000000000
89779  42.784  -21.916  48.472 0.0000000000
91161  41.972  -20.395  47.659 0.0000000000
91151  43.558  -21.086  48.367 0.0000000000
91150  44.534  -20.798  48.824 0.0000000000
71296  32.326  -35.536  58.879 0.0000000000
72695  33.925  -34.926  59.571 0.0000000000
101602  44.817  -11.758  47.213 0.0000000000
101614  45.964  -11.306  46.492 0.0000000000
102978  46.518  -11.509  45.538 0.0000000000
67718  19.395  -38.333  64.720 0.0000000000
67702  18.685  -38.863  66.103 0.0000000000
61272  14.356  -43.715  70.273 0.0000000000
62548  14.419  -43.321  70.957 0.0000000000
61273  13.677  -43.949  70.854 0.0000000000
59981  12.782  -44.710  70.621 0.0000000000
65153  11.960  -40.112  68.577 0.0000000000
63844  11.911  -41.874  67.389 0.0000000000
63845  11.312  -42.123  67.817 0.0000000000
60018  8.958  -44.779  68.389 0.0000000000
61307  10.225  -43.937  67.968 0.0000000000
58704  10.067  -45.688  68.221 0.0000000000
58686  10.440  -45.955  69.057 0.0000000000
57354  9.096  -46.541  69.469 0.0000000000
57343  8.432  -46.794  70.268 0.0000000000
57355  8.201  -46.448  69.251 0.0000000000
59986  5.478  -44.496  70.471 0.0000000000
57357  6.334  -46.600  69.511 0.0000000000
58691  5.009  -46.100  69.695 0.0000000000
57359  4.468  -46.630  69.329 0.0000000000
59988  4.135  -45.043  70.444 0.0000000000
75272  30.153  -32.491  57.200 0.0000000000
75299  30.485  -32.717  56.152 0.0000000000
73968  29.896  -33.389  55.973 0.0000000000
72727  30.290  -35.148  56.878 0.0000000000
72758  28.673  -34.140  56.655 0.0000000000
71288  27.276  -35.399  59.257 0.0000000000
71286  28.734  -35.898  59.398 0.0000000000
71255  28.345  -35.956  61.159 0.0000000000
75212  23.615  -32.548  59.625 0.0000000000
73920  24.458  -32.846  59.602 0.0000000000
73886  24.304  -33.832  61.494 0.0000000000
72603  25.603  -35.025  64.040 0.0000000000
96429  48.354  -16.501  46.151 0.0000000000
96427  50.140  -16.369  46.081 0.0000000000
95133  50.140  -17.641  46.572 0.0000000000
89725  34.652  -21.522  50.994 0.0000000000
89750  35.597  -21.661  49.768 0.0000000000
88393  34.747  -22.810  50.316 0.0000000000
85430  30.991  -24.499  53.549 0.0000000000
85453  31.224  -23.614  53.395 0.0000000000
85428  33.224  -24.865  53.936 0.0000000000
85425  37.119  -24.984  54.780 0.0000000000
85449  35.327  -24.723  53.563 0.0000000000
84072  36.927  -25.554  52.684 0.0000000000
85487  36.692  -25.109  51.158 0.0000000000
84071  37.977  -26.256  52.665 0.0000000000
82751  39.614  -26.528  52.442 0.0000000000
75225  36.292  -32.955  59.429 0.0000000000
109791  64.320  -4.871  42.730 0.0000000000
108548  57.675  -7.060  42.193 0.0000000000
108533  60.057  -6.114  43.369 0.0000000000
107184  59.189  -7.493  41.515 0.0000000000
105759  60.040  -9.783  39.505 0.0000000000
104365  60.842  -10.582  39.075 0.0000000000
75153  19.038  -32.827  63.029 0.0000000000
72627  18.507  -34.505  62.804 0.0000000000
101633  52.343  -12.365  44.097 0.0000000000
101613  53.448  -12.958  45.675 0.0000000000
100329  52.289  -13.306  45.307 0.0000000000
79206  32.376  -29.521  55.168 0.0000000000
80354  32.067  -28.624  54.708 0.0000000000
77927  33.453  -30.478  54.124 0.0000000000
77908  35.027  -30.962  54.974 0.0000000000
77890  35.932  -30.995  56.612 0.0000000000
105656  52.280  -9.617  47.385 0.0000000000
105680  50.923  -9.393  45.687 0.0000000000
105679  51.677  -8.827  45.316 0.0000000000
105692  52.570  -8.558  43.658 0.0000000000
107179  53.433  -8.201  43.324 0.0000000000
105709  52.166  -9.635  42.977 0.0000000000
103006  51.532  -11.454  43.131 0.0000000000
55902  4.490  -48.177  71.480 0.0000000000
101603  43.867  -12.053  47.085 0.0000000000
100338  43.823  -13.631  46.070 0.0000000000
100324  42.642  -13.747  46.717 0.0000000000
99059  42.290  -14.426  46.687 0.0000000000
96413  41.993  -16.435  46.843 0.0000000000
91155  38.864  -20.123  48.676 0.0000000000
92468  39.717  -19.564  47.973 0.0000000000
89781  40.706  -21.601  48.074 0.0000000000
88434  41.132  -22.646  48.249 0.0000000000
88416  42.569  -22.796  49.053 0.0000000000
86982  42.353  -24.088  50.108 0.0000000000
84083  42.335  -25.486  51.733 0.0000000000
71251  31.811  -35.694  62.319 0.0000000000
66594  17.572  -39.700  64.514 0.0000000000
66568  17.990  -39.818  65.290 0.0000000000
63880  17.303  -41.123  65.730 0.0000000000
63843  16.884  -41.615  67.355 0.0000000000
63830  16.764  -41.698  68.338 0.0000000000
61304  14.731  -43.911  68.229 0.0000000000
61305  13.572  -44.442  68.445 0.0000000000
63833  10.413  -42.017  68.765 0.0000000000
62569  8.589  -42.824  69.689 0.0000000000
60003  8.374  -44.656  68.945 0.0000000000
58688  7.796  -45.516  69.220 0.0000000000
61276  7.681  -43.468  70.208 0.0000000000
59985  6.328  -44.074  70.486 0.0000000000
61257  5.268  -43.488  71.444 0.0000000000
75274  28.393  -32.843  57.256 0.0000000000
72759  28.144  -33.877  56.832 0.0000000000
73947  27.256  -33.465  57.504 0.0000000000
72713  27.093  -34.762  58.495 0.0000000000
72698  26.196  -34.557  59.271 0.0000000000
73870  22.903  -34.002  61.851 0.0000000000
73869  23.609  -33.993  62.332 0.0000000000
72625  23.856  -34.746  63.517 0.0000000000
93820  48.202  -18.676  47.100 0.0000000000
89674  32.743  -21.142  53.113 0.0000000000
83990  34.633  -25.702  55.466 0.0000000000
85427  34.564  -24.789  54.589 0.0000000000
85398  35.467  -24.997  55.580 0.0000000000
85397  36.709  -24.918  55.633 0.0000000000
111034  64.947  -4.851  46.188 0.0000000000
54639  1.362  -48.153  69.186 0.0000000000
95101  40.087  -17.195  50.624 0.0000000000
93794  39.160  -18.136  49.829 0.0000000000
92453  38.721  -19.018  49.384 0.0000000000
91145  38.278  -20.265  49.445 0.0000000000
89783  38.298  -21.238  48.845 0.0000000000
88418  37.663  -22.675  48.863 0.0000000000
69915  21.382  -36.367  64.058 0.0000000000
69900  20.758  -36.504  65.509 0.0000000000
68798  20.628  -37.083  63.698 0.0000000000
68813  19.777  -37.819  62.910 0.0000000000
67748  18.285  -38.621  63.165 0.0000000000
71216  17.588  -35.452  63.084 0.0000000000
68835  17.530  -37.248  62.771 0.0000000000
66616  17.418  -39.070  63.735 0.0000000000
67737  16.164  -38.333  64.335 0.0000000000
66596  15.519  -39.264  64.820 0.0000000000
66570  14.655  -39.340  65.441 0.0000000000
77867  24.686  -30.737  58.477 0.0000000000
77853  23.795  -29.878  59.386 0.0000000000
76532  22.356  -31.055  59.238 0.0000000000
75214  21.589  -32.176  60.224 0.0000000000
76502  20.999  -30.813  61.766 0.0000000000
75191  21.170  -32.359  60.893 0.0000000000
73888  22.372  -33.780  61.105 0.0000000000
72669  21.779  -34.925  61.654 0.0000000000
71237  21.796  -35.888  62.466 0.0000000000
86850  30.941  -23.708  57.409 0.0000000000
88268  30.540  -23.003  56.080 0.0000000000
85373  30.507  -24.362  56.034 0.0000000000
83992  30.694  -25.818  54.896 0.0000000000
82708  32.658  -26.453  54.418 0.0000000000
80371  32.331  -28.204  53.922 0.0000000000
81516  33.703  -27.537  54.230 0.0000000000
82707  33.600  -26.631  54.826 0.0000000000
82667  35.137  -26.783  55.822 0.0000000000
82646  36.378  -27.043  57.387 0.0000000000
108511  59.455  -6.717  45.482 0.0000000000
108524  58.052  -6.142  44.238 0.0000000000
107188  56.172  -8.284  42.104 0.0000000000
105707  53.843  -8.803  42.523 0.0000000000
105723  55.268  -9.734  42.048 0.0000000000
100343  48.340  -12.853  44.418 0.0000000000
100333  48.699  -13.666  44.765 0.0000000000
100334  47.720  -13.561  44.726 0.0000000000
97711  47.470  -15.082  45.391 0.0000000000
96430  47.405  -16.501  46.205 0.0000000000
97714  44.711  -14.508  45.733 0.0000000000
96431  46.383  -16.432  46.340 0.0000000000
95154  46.939  -17.306  46.495 0.0000000000
93821  47.196  -18.764  47.120 0.0000000000
92480  46.832  -19.313  47.801 0.0000000000
97671  40.312  -15.194  48.626 0.0000000000
96414  40.807  -16.474  47.156 0.0000000000
95137  42.411  -17.580  47.069 0.0000000000
92485  41.103  -19.201  47.456 0.0000000000
92484  42.272  -19.615  47.484 0.0000000000
93825  42.936  -18.570  47.307 0.0000000000
92482  44.675  -19.380  47.863 0.0000000000
72754  32.896  -34.570  56.340 0.0000000000
73945  33.923  -33.911  56.966 0.0000000000
72708  33.794  -34.786  58.361 0.0000000000
72680  34.906  -34.312  60.471 0.0000000000
104287  48.114  -10.453  46.048 0.0000000000
102993  47.538  -11.575  44.737 0.0000000000
67705  13.948  -38.714  66.518 0.0000000000
66512  13.019  -39.232  67.516 0.0000000000
65193  13.351  -40.281  66.448 0.0000000000
63863  12.903  -41.742  66.447 0.0000000000
61322  12.709  -44.029  67.237 0.0000000000
60026  12.586  -44.491  67.786 0.0000000000
62600  10.591  -43.348  67.917 0.0000000000
60028  11.316  -44.570  67.502 0.0000000000
60001  12.237  -45.030  69.416 0.0000000000
59982  11.682  -45.447  70.380 0.0000000000
59964  10.940  -45.406  71.439 0.0000000000
57335  6.938  -47.628  71.365 0.0000000000
57356  7.267  -46.500  69.517 0.0000000000
55923  6.731  -47.238  69.682 0.0000000000
55915  5.765  -48.165  70.509 0.0000000000
54635  4.961  -48.061  69.560 0.0000000000
55926  3.934  -47.502  69.035 0.0000000000
55927  2.976  -47.493  68.951 0.0000000000
58659  3.074  -44.798  70.640 0.0000000000
57361  2.554  -46.502  69.223 0.0000000000
55928  2.022  -47.465  68.896 0.0000000000
75348  32.142  -32.605  54.653 0.0000000000
75326  31.060  -32.862  55.468 0.0000000000
72773  31.423  -34.212  55.348 0.0000000000
72726  31.404  -35.226  56.878 0.0000000000
71310  31.430  -35.467  57.617 0.0000000000
71284  30.791  -35.882  59.612 0.0000000000
72711  28.680  -35.400  58.081 0.0000000000
71285  29.710  -35.914  59.483 0.0000000000
71270  31.020  -35.866  60.816 0.0000000000
75232  25.007  -32.614  58.925 0.0000000000
72699  25.551  -34.063  59.672 0.0000000000
72666  26.143  -35.404  60.666 0.0000000000
73867  24.768  -34.977  62.195 0.0000000000
72645  25.288  -35.435  62.097 0.0000000000
72621  27.142  -35.627  62.761 0.0000000000
99055  50.028  -14.941  45.472 0.0000000000
89749  36.122  -21.238  49.873 0.0000000000
88420  36.566  -22.795  49.225 0.0000000000
85536  37.326  -24.027  49.703 0.0000000000
88306  30.937  -22.216  54.451 0.0000000000
86918  31.594  -23.048  53.084 0.0000000000
86940  32.757  -22.790  51.765 0.0000000000
85450  34.092  -24.646  53.272 0.0000000000
85468  33.721  -24.458  52.151 0.0000000000
85515  34.084  -23.463  50.826 0.0000000000
85513  35.309  -24.215  50.487 0.0000000000
84110  37.284  -25.115  50.740 0.0000000000
85510  38.647  -24.977  49.953 0.0000000000
84086  39.626  -26.160  51.137 0.0000000000
75269  34.968  -33.142  57.413 0.0000000000
76581  36.125  -31.936  57.785 0.0000000000
77864  37.323  -30.692  58.470 0.0000000000
77832  38.361  -31.183  60.211 0.0000000000
77863  37.856  -30.141  58.791 0.0000000000
111061  65.396  -4.698  41.637 0.0000000000
109779  63.364  -6.181  45.468 0.0000000000
109793  63.151  -5.611  43.626 0.0000000000
107203  59.091  -8.681  40.263 0.0000000000
108553  61.623  -6.712  41.253 0.0000000000
109803  63.240  -5.430  42.945 0.0000000000
108557  63.051  -6.073  40.995 0.0000000000
108564  62.339  -6.807  39.497 0.0000000000
100341  49.927  -13.112  44.497 0.0000000000
74001  32.895  -33.076  54.802 0.0000000000
75346  33.720  -32.484  54.988 0.0000000000
101636  49.005  -11.958  43.997 0.0000000000
101652  49.767  -11.867  43.708 0.0000000000
87010  39.614  -23.680  49.081 0.0000000000
63883  14.792  -41.256  64.859 0.0000000000
62633  14.276  -42.126  65.310 0.0000000000
63884  14.038  -41.315  65.407 0.0000000000
71175  21.944  -35.539  65.658 0.0000000000
71174  22.595  -35.250  65.409 0.0000000000
89610  30.977  -21.678  56.777 0.0000000000
71261  19.128  -36.021  61.984 0.0000000000
71239  19.257  -35.000  62.241 0.0000000000
73871  19.748  -33.711  62.037 0.0000000000
72671  19.961  -34.723  61.794 0.0000000000
82668  31.597  -27.097  56.249 0.0000000000
81492  31.621  -27.506  55.823 0.0000000000
77906  36.246  -30.009  56.021 0.0000000000
79188  36.462  -29.419  56.323 0.0000000000
80339  36.301  -28.546  56.272 0.0000000000
107160  53.787  -7.573  45.071 0.0000000000
108506  54.600  -7.132  46.399 0.0000000000
108516  54.311  -7.199  45.537 0.0000000000
108515  55.040  -6.784  45.362 0.0000000000
107158  55.349  -6.904  44.351 0.0000000000
102989  52.842  -12.156  43.542 0.0000000000
103004  53.523  -11.987  42.978 0.0000000000
102988  53.617  -12.166  43.941 0.0000000000
57320  6.758  -47.513  72.222 0.0000000000
100336  45.614  -13.121  45.273 0.0000000000
100337  44.394  -12.959  45.745 0.0000000000
96412  42.954  -16.881  46.698 0.0000000000
96411  43.926  -16.954  46.659 0.0000000000
93807  39.031  -18.191  48.758 0.0000000000
95122  39.384  -17.505  48.335 0.0000000000
89778  43.545  -21.739  48.873 0.0000000000
71283  31.995  -35.669  59.840 0.0000000000
72682  33.178  -35.380  60.629 0.0000000000
101601  46.196  -11.506  47.497 0.0000000000
101615  45.274  -11.608  46.245 0.0000000000
102979  45.853  -11.772  45.639 0.0000000000
67736  18.702  -38.820  64.207 0.0000000000
67719  18.794  -38.864  65.161 0.0000000000
66567  18.459  -39.340  65.603 0.0000000000
61290  13.818  -44.227  69.752 0.0000000000
59980  13.412  -44.493  70.173 0.0000000000
61274  13.035  -44.150  71.367 0.0000000000
63831  11.663  -41.238  68.024 0.0000000000
58705  9.255  -45.708  68.436 0.0000000000
58687  9.701  -46.218  68.913 0.0000000000
57371  8.825  -46.214  68.806 0.0000000000
58673  5.250  -45.312  70.046 0.0000000000
58674  4.444  -45.677  70.026 0.0000000000
75273  29.240  -32.568  57.249 0.0000000000
75250  29.696  -32.378  58.133 0.0000000000
75300  29.609  -32.858  56.523 0.0000000000
73969  29.192  -33.501  56.368 0.0000000000
72757  29.804  -34.260  56.211 0.0000000000
71274  27.382  -35.748  59.970 0.0000000000
71273  28.133  -35.929  60.200 0.0000000000
71233  28.528  -35.824  62.104 0.0000000000
71234  27.693  -35.819  61.861 0.0000000000
73904  22.992  -32.990  60.366 0.0000000000
73903  24.161  -33.124  60.283 0.0000000000
95152  48.869  -17.212  46.353 0.0000000000
93832  49.430  -17.846  46.602 0.0000000000
89699  33.870  -21.339  51.751 0.0000000000
89726  34.147  -21.799  51.040 0.0000000000
88368  34.453  -22.329  50.631 0.0000000000
88369  33.748  -22.209  51.075 0.0000000000
84024  32.389  -25.624  54.108 0.0000000000
85429  32.063  -24.967  53.383 0.0000000000
84021  37.192  -25.322  54.195 0.0000000000
85448  36.566  -25.044  53.736 0.0000000000
84054  37.389  -25.712  53.621 0.0000000000
84053  38.196  -26.142  53.755 0.0000000000
84052  39.187  -26.493  53.298 0.0000000000
113593  65.905  -3.857  45.772 0.0000000000
112306  65.631  -4.387  44.220 0.0000000000
107186  57.475  -7.846  41.688 0.0000000000
108547  58.613  -6.810  42.226 0.0000000000
107196  57.885  -8.552  41.065 0.0000000000
76485  19.014  -31.788  63.416 0.0000000000
75154  18.316  -32.713  63.502 0.0000000000
76463  18.272  -31.788  64.018 0.0000000000
75152  19.369  -32.105  62.942 0.0000000000
101623  51.838  -12.743  44.695 0.0000000000
100321  51.871  -13.975  45.538 0.0000000000
77928  32.821  -30.317  54.659 0.0000000000
75345  34.369  -32.091  55.298 0.0000000000
76636  34.371  -31.560  54.869 0.0000000000
76617  35.553  -31.261  56.161 0.0000000000
104300  49.135  -9.848  45.530 0.0000000000
104298  50.476  -9.563  45.961 0.0000000000
105681  50.109  -9.433  45.506 0.0000000000
105711  50.361  -9.426  43.859 0.0000000000
105694  50.942  -9.103  44.488 0.0000000000
105693  51.776  -8.919  44.083 0.0000000000
104325  51.261  -10.443  42.966 0.0000000000
101650  50.935  -11.662  43.396 0.0000000000
102990  52.090  -11.994  43.467 0.0000000000
100310  43.388  -12.636  47.532 0.0000000000
101604  43.392  -12.352  46.868 0.0000000000
100311  42.626  -13.400  47.399 0.0000000000
99043  42.021  -13.978  47.106 0.0000000000
97704  41.775  -14.835  46.782 0.0000000000
97703  42.456  -15.454  46.531 0.0000000000
97683  41.468  -15.556  46.944 0.0000000000
87029  40.500  -22.972  48.451 0.0000000000
88433  42.050  -22.500  48.412 0.0000000000
87008  42.038  -23.645  49.245 0.0000000000
87007  42.757  -23.442  49.622 0.0000000000
85486  41.459  -25.170  50.607 0.0000000000
84069  42.104  -26.002  52.062 0.0000000000
100309  44.357  -12.267  47.921 0.0000000000
65254  17.031  -40.563  64.707 0.0000000000
62614  16.438  -42.160  66.453 0.0000000000
62581  16.468  -42.371  68.690 0.0000000000
62582  16.071  -42.916  68.119 0.0000000000
61338  14.269  -43.362  66.461 0.0000000000
61320  15.066  -43.532  67.182 0.0000000000
61321  13.999  -44.016  67.228 0.0000000000
61292  8.530  -43.591  69.336 0.0000000000
61275  8.230  -43.221  69.853 0.0000000000
60004  7.759  -44.382  69.619 0.0000000000
59967  5.717  -43.879  71.003 0.0000000000
75210  27.771  -32.198  59.167 0.0000000000
75230  28.292  -32.379  58.671 0.0000000000
75252  27.974  -32.522  57.946 0.0000000000
75275  27.609  -32.916  57.530 0.0000000000
72731  26.419  -33.581  58.176 0.0000000000
73948  26.616  -33.241  57.939 0.0000000000
72714  26.304  -34.009  58.477 0.0000000000
72648  22.804  -34.710  62.723 0.0000000000
89649  31.901  -20.845  54.198 0.0000000000
83989  35.343  -25.468  55.871 0.0000000000
85371  35.699  -25.388  56.068 0.0000000000
85369  37.509  -24.815  56.600 0.0000000000
55929  1.179  -47.401  68.866 0.0000000000
93793  39.619  -17.808  50.471 0.0000000000
91144  38.526  -19.714  49.466 0.0000000000
91126  38.062  -20.126  50.132 0.0000000000
89784  37.711  -21.997  48.864 0.0000000000
88438  37.653  -22.404  48.844 0.0000000000
69932  21.491  -36.380  63.480 0.0000000000
69933  20.922  -36.808  63.211 0.0000000000
68833  19.213  -37.562  61.936 0.0000000000
67760  18.977  -38.009  62.218 0.0000000000
67747  19.089  -38.217  62.602 0.0000000000
67761  18.574  -38.032  62.289 0.0000000000
73855  17.873  -33.880  63.561 0.0000000000
71215  18.165  -34.972  62.840 0.0000000000
72607  17.512  -34.465  63.616 0.0000000000
69935  16.754  -36.540  63.679 0.0000000000
71217  17.058  -35.995  63.448 0.0000000000
68814  17.069  -37.188  63.349 0.0000000000
67749  17.202  -38.120  63.276 0.0000000000
67750  16.677  -38.175  63.819 0.0000000000
66617  16.814  -38.663  63.858 0.0000000000
68786  15.192  -37.554  65.233 0.0000000000
67738  15.569  -38.427  64.769 0.0000000000
67720  15.118  -38.410  65.175 0.0000000000
66569  15.092  -39.010  65.144 0.0000000000
67721  14.701  -38.451  65.581 0.0000000000
77837  24.024  -29.631  59.993 0.0000000000
79144  23.531  -29.505  60.190 0.0000000000
77824  21.981  -29.731  60.828 0.0000000000
77838  22.234  -30.224  59.973 0.0000000000
76533  21.823  -31.234  59.977 0.0000000000
75213  22.513  -32.121  59.579 0.0000000000
76515  20.892  -31.725  61.411 0.0000000000
73906  21.471  -32.796  60.550 0.0000000000
72668  22.463  -34.332  61.804 0.0000000000
71259  20.798  -35.813  61.597 0.0000000000
71238  21.284  -36.263  62.001 0.0000000000
86851  30.622  -23.659  56.529 0.0000000000
85372  30.801  -24.562  56.902 0.0000000000
82709  31.820  -26.345  54.248 0.0000000000
79225  32.556  -29.239  54.172 0.0000000000
79242  32.751  -28.699  53.652 0.0000000000
80353  34.599  -28.027  54.707 0.0000000000
80370  33.653  -28.003  53.783 0.0000000000
81515  34.291  -27.564  54.704 0.0000000000
82706  33.964  -27.136  54.797 0.0000000000
82687  34.399  -26.745  55.297 0.0000000000
81490  35.428  -27.345  55.840 0.0000000000
81474  36.699  -27.703  57.350 0.0000000000
81475  36.258  -27.463  56.959 0.0000000000
107146  53.431  -8.533  47.561 0.0000000000
108500  60.559  -7.142  46.692 0.0000000000
108501  59.623  -7.043  46.510 0.0000000000
107167  56.324  -7.133  43.267 0.0000000000
108525  56.968  -6.692  43.975 0.0000000000
108536  57.011  -6.947  42.845 0.0000000000
105708  52.999  -9.014  42.772 0.0000000000
105725  53.472  -9.704  42.383 0.0000000000
104337  54.883  -10.681  42.024 0.0000000000
105724  54.350  -9.723  42.241 0.0000000000
105737  55.756  -9.824  41.708 0.0000000000
100344  47.481  -12.768  44.637 0.0000000000
100335  46.727  -13.251  44.946 0.0000000000
99069  47.079  -14.235  45.094 0.0000000000
97699  46.927  -15.687  45.930 0.0000000000
99073  43.865  -14.090  46.075 0.0000000000
99072  44.282  -13.943  45.790 0.0000000000
99057  44.101  -14.566  46.067 0.0000000000
95156  44.806  -16.889  46.681 0.0000000000
96432  45.328  -16.268  46.412 0.0000000000
93835  46.590  -18.119  46.725 0.0000000000
93822  46.129  -18.739  47.137 0.0000000000
99014  40.826  -15.075  49.591 0.0000000000
97665  40.360  -15.409  49.398 0.0000000000
95139  40.302  -17.406  47.441 0.0000000000
95138  41.304  -17.453  47.102 0.0000000000
91154  40.243  -20.490  47.942 0.0000000000
91163  40.484  -19.679  47.682 0.0000000000
91162  41.241  -20.066  47.609 0.0000000000
92467  42.455  -20.330  47.699 0.0000000000
92483  43.546  -19.456  47.629 0.0000000000
92465  44.147  -20.213  48.134 0.0000000000
72725  32.407  -35.021  56.950 0.0000000000
72724  33.413  -34.645  57.152 0.0000000000
72681  34.254  -34.770  60.573 0.0000000000
104286  48.821  -10.262  46.314 0.0000000000
101626  47.005  -11.805  45.081 0.0000000000
102977  47.467  -10.957  45.360 0.0000000000
101638  47.294  -12.187  44.767 0.0000000000
101637  47.948  -12.064  44.401 0.0000000000
69901  20.430  -37.023  65.070 0.0000000000
69892  20.314  -36.684  66.231 0.0000000000
68784  19.787  -37.634  65.582 0.0000000000
62526  15.290  -42.341  71.118 0.0000000000
68777  14.031  -38.183  66.745 0.0000000000
66513  12.520  -39.454  68.156 0.0000000000
66529  12.690  -39.925  67.467 0.0000000000
66528  13.183  -39.709  66.925 0.0000000000
65212  13.288  -40.984  66.344 0.0000000000
62598  11.812  -43.093  66.944 0.0000000000
62618  12.569  -42.846  66.462 0.0000000000
62584  10.231  -42.710  68.557 0.0000000000
62583  10.758  -42.400  68.212 0.0000000000
60016  10.588  -44.920  67.697 0.0000000000
60015  11.576  -45.148  68.370 0.0000000000
60002  11.640  -45.466  69.366 0.0000000000
58685  11.127  -45.656  69.106 0.0000000000
58670  9.968  -46.335  70.003 0.0000000000
58656  10.452  -45.897  70.809 0.0000000000
59965  10.257  -45.765  71.481 0.0000000000
57333  8.690  -46.575  71.452 0.0000000000
57334  7.626  -47.276  71.062 0.0000000000
55913  7.148  -47.410  70.190 0.0000000000
55914  6.486  -47.748  70.298 0.0000000000
54623  5.246  -48.254  69.996 0.0000000000
57346  3.938  -46.166  69.727 0.0000000000
54637  3.335  -48.178  69.300 0.0000000000
59970  2.767  -44.279  71.156 0.0000000000
58676  2.514  -45.298  70.098 0.0000000000
58693  1.875  -45.954  69.600 0.0000000000
57362  1.631  -46.623  69.066 0.0000000000
75324  32.388  -32.084  54.887 0.0000000000
73987  30.519  -33.338  55.492 0.0000000000
73986  31.395  -33.367  55.036 0.0000000000
72755  32.049  -34.675  55.928 0.0000000000
72756  30.882  -34.762  55.957 0.0000000000
71311  30.834  -35.517  57.650 0.0000000000
71297  31.557  -35.657  58.449 0.0000000000
71298  30.356  -35.741  58.544 0.0000000000
72729  27.756  -34.347  57.303 0.0000000000
72728  29.055  -34.972  57.381 0.0000000000
71272  29.038  -36.046  60.368 0.0000000000
71271  30.016  -36.008  60.555 0.0000000000
71253  30.182  -35.862  61.622 0.0000000000
76569  24.106  -31.112  58.409 0.0000000000
76568  24.863  -31.357  58.369 0.0000000000
75256  24.319  -31.717  58.627 0.0000000000
73919  25.082  -33.167  59.384 0.0000000000
72685  25.806  -34.689  60.207 0.0000000000
72667  25.454  -35.037  61.085 0.0000000000
73852  23.939  -34.372  62.894 0.0000000000
73868  24.394  -34.539  62.461 0.0000000000
72624  24.707  -34.985  63.325 0.0000000000
72623  25.518  -35.387  63.110 0.0000000000
72602  26.413  -35.345  63.661 0.0000000000
72622  26.452  -35.651  62.605 0.0000000000
99067  49.197  -14.534  45.251 0.0000000000
99056  49.491  -15.108  45.494 0.0000000000
89723  36.500  -20.663  51.009 0.0000000000
89724  35.496  -21.256  50.656 0.0000000000
88392  35.169  -22.346  49.964 0.0000000000
88391  36.076  -22.303  49.333 0.0000000000
87014  36.339  -23.023  49.392 0.0000000000
87013  36.811  -23.367  49.469 0.0000000000
85537  36.842  -23.922  49.855 0.0000000000
86897  30.535  -23.329  54.847 0.0000000000
88289  30.535  -22.840  55.293 0.0000000000
85452  31.843  -24.023  52.888 0.0000000000
86941  32.170  -22.794  52.434 0.0000000000
85469  32.655  -23.736  52.071 0.0000000000
85467  34.876  -24.721  52.388 0.0000000000
85490  33.626  -23.759  51.242 0.0000000000
85489  34.549  -24.464  51.324 0.0000000000
85514  34.451  -23.815  50.711 0.0000000000
84088  37.395  -25.663  51.573 0.0000000000
84109  38.090  -25.477  50.656 0.0000000000
85511  37.694  -24.727  50.130 0.0000000000
84108  39.096  -25.772  50.429 0.0000000000
82750  40.350  -26.634  52.465 0.0000000000
73931  34.607  -34.004  58.204 0.0000000000
73944  34.564  -33.573  57.303 0.0000000000
73943  34.986  -33.422  57.793 0.0000000000
75224  36.856  -32.386  59.598 0.0000000000
76562  36.439  -32.290  58.477 0.0000000000
76580  36.707  -31.282  58.131 0.0000000000
76561  36.895  -31.762  58.789 0.0000000000
77848  38.184  -30.696  59.540 0.0000000000
79154  38.204  -29.567  58.966 0.0000000000
111047  65.800  -4.648  42.895 0.0000000000
112309  66.090  -4.297  42.923 0.0000000000
111062  64.535  -4.801  41.469 0.0000000000
109806  63.849  -5.220  41.076 0.0000000000
108509  61.414  -7.042  45.860 0.0000000000
108532  61.086  -5.886  43.624 0.0000000000
108520  62.368  -6.473  45.006 0.0000000000
108531  62.025  -6.062  43.831 0.0000000000
109786  63.154  -6.154  44.601 0.0000000000
108530  62.701  -6.068  44.071 0.0000000000
107201  60.607  -8.187  39.674 0.0000000000
107193  60.291  -7.681  40.506 0.0000000000
107192  61.085  -7.415  40.417 0.0000000000
108552  62.519  -6.192  41.618 0.0000000000
108551  63.114  -5.749  41.856 0.0000000000
108559  61.745  -7.234  40.275 0.0000000000
101624  50.843  -12.872  44.519 0.0000000000
101625  50.306  -12.981  44.450 0.0000000000
100331  50.404  -13.445  44.840 0.0000000000
99066  50.167  -14.147  45.223 0.0000000000
75322  34.370  -32.611  55.833 0.0000000000
104314  49.138  -10.106  44.238 0.0000000000
104327  49.632  -10.259  43.648 0.0000000000
104326  50.252  -10.148  43.274 0.0000000000
101651  50.376  -11.774  43.556 0.0000000000
54625  3.678  -48.477  69.976 0.0000000000
100293  43.132  -13.408  48.212 0.0000000000
99029  42.776  -14.020  48.827 0.0000000000
88436  39.151  -22.302  48.492 0.0000000000
87030  39.881  -23.035  48.635 0.0000000000
86983  41.573  -24.221  49.652 0.0000000000
85508  40.794  -24.816  49.952 0.0000000000
84106  40.917  -25.577  50.636 0.0000000000
63901  15.509  -40.884  64.582 0.0000000000
63900  16.219  -41.057  64.568 0.0000000000
62631  15.952  -42.151  65.495 0.0000000000
62615  15.557  -42.647  66.072 0.0000000000
62596  15.830  -42.914  67.073 0.0000000000
62597  15.167  -43.010  66.566 0.0000000000
62616  14.677  -42.777  65.979 0.0000000000
62617  13.650  -42.506  66.014 0.0000000000
62551  7.677  -42.755  70.615 0.0000000000
76565  27.174  -32.131  58.340 0.0000000000
75253  27.206  -32.387  57.990 0.0000000000
76566  26.753  -31.893  58.292 0.0000000000
71213  22.448  -35.469  63.694 0.0000000000
72626  23.040  -34.940  64.122 0.0000000000
89650  31.187  -21.155  54.859 0.0000000000
83939  36.454  -26.117  57.439 0.0000000000
85351  36.550  -25.547  57.121 0.0000000000
83938  36.823  -25.624  57.826 0.0000000000
89747  37.791  -19.844  50.721 0.0000000000
89748  37.016  -20.920  50.007 0.0000000000
69966  20.105  -36.379  61.662 0.0000000000
69967  19.403  -36.571  61.787 0.0000000000
69968  18.768  -36.511  61.954 0.0000000000
71195  17.218  -34.985  63.707 0.0000000000
69918  16.069  -36.561  64.445 0.0000000000
68800  15.975  -37.426  64.413 0.0000000000
77825  21.438  -30.198  61.267 0.0000000000
76503  20.397  -31.556  62.098 0.0000000000
73890  20.239  -33.568  61.578 0.0000000000
72670  20.508  -34.639  61.471 0.0000000000
82649  31.213  -26.075  56.524 0.0000000000
82669  31.208  -26.590  55.774 0.0000000000
79222  34.994  -29.553  54.454 0.0000000000
79223  34.393  -29.462  53.967 0.0000000000
80368  34.670  -29.001  54.282 0.0000000000
80352  35.031  -28.563  54.879 0.0000000000
81501  35.454  -27.917  55.542 0.0000000000
80316  37.002  -28.167  57.499 0.0000000000
108495  55.103  -7.262  47.097 0.0000000000
108514  56.114  -6.566  45.046 0.0000000000
108526  56.059  -6.791  43.996 0.0000000000
107168  55.594  -7.304  43.511 0.0000000000
103019  52.717  -11.092  42.519 0.0000000000
103018  53.339  -11.302  42.476 0.0000000000
103017  54.534  -11.693  42.384 0.0000000000
101664  54.863  -12.075  42.598 0.0000000000
101627  46.349  -12.324  45.213 0.0000000000
97713  45.476  -14.732  45.602 0.0000000000
97702  43.702  -15.320  46.311 0.0000000000
93823  45.152  -18.635  47.428 0.0000000000
96391  39.493  -16.680  49.295 0.0000000000
96400  39.824  -15.976  48.763 0.0000000000
96401  39.457  -16.838  48.549 0.0000000000
95140  39.735  -17.367  47.869 0.0000000000
89780  41.777  -21.790  48.064 0.0000000000
91152  42.453  -20.982  47.926 0.0000000000
72696  33.003  -35.310  59.215 0.0000000000
100307  46.169  -12.100  48.325 0.0000000000
102966  46.606  -10.998  46.310 0.0000000000
68785  19.192  -38.367  65.608 0.0000000000
61289  14.623  -43.812  69.376 0.0000000000
62528  13.986  -43.065  71.640 0.0000000000
59963  11.970  -44.666  71.687 0.0000000000
65174  12.177  -40.593  67.878 0.0000000000
61308  9.522  -43.845  68.450 0.0000000000
60017  9.702  -44.832  68.017 0.0000000000
57342  9.190  -46.580  70.604 0.0000000000
58672  6.064  -44.988  70.123 0.0000000000
58690  5.836  -45.895  69.772 0.0000000000
57358  5.413  -46.734  69.345 0.0000000000
55925  4.836  -47.502  69.238 0.0000000000
57345  4.353  -46.192  69.684 0.0000000000
58678  0.957  -45.208  69.753 0.0000000000
72775  30.152  -33.780  55.693 0.0000000000
71301  27.726  -35.388  58.722 0.0000000000
71300  28.376  -35.638  58.624 0.0000000000
71287  27.903  -35.790  59.332 0.0000000000
75234  23.532  -31.738  59.013 0.0000000000
75233  24.419  -32.432  59.134 0.0000000000
72604  24.735  -34.956  64.371 0.0000000000
72586  25.654  -34.828  65.094 0.0000000000
97697  48.774  -15.802  45.822 0.0000000000
97709  49.103  -15.266  45.538 0.0000000000
96428  49.249  -16.441  46.109 0.0000000000
95151  49.731  -17.121  46.311 0.0000000000
89672  34.827  -20.693  52.681 0.0000000000
89698  35.190  -21.046  51.777 0.0000000000
88367  34.882  -21.780  50.444 0.0000000000
86986  34.989  -23.342  50.239 0.0000000000
86896  30.798  -23.478  54.014 0.0000000000
85451  32.919  -24.481  52.928 0.0000000000
85466  35.979  -25.019  52.610 0.0000000000
84089  36.505  -25.323  51.869 0.0000000000
84070  38.920  -26.438  52.329 0.0000000000
73901  35.290  -33.951  59.896 0.0000000000
73916  35.712  -33.519  59.210 0.0000000000
73900  35.934  -33.437  60.108 0.0000000000
75205  36.536  -32.876  60.248 0.0000000000
75204  37.190  -32.400  60.410 0.0000000000
112310  65.859  -4.405  43.579 0.0000000000
111048  65.354  -4.720  43.264 0.0000000000
108534  58.933  -6.174  43.198 0.0000000000
108546  59.772  -6.748  42.150 0.0000000000
105758  60.494  -9.773  39.232 0.0000000000
105744  60.655  -8.985  39.150 0.0000000000
107210  60.955  -8.424  39.015 0.0000000000
105757  61.193  -9.561  38.671 0.0000000000
73872  19.234  -33.575  62.494 0.0000000000
72652  19.016  -34.505  62.488 0.0000000000
73853  18.876  -33.495  62.865 0.0000000000
73854  18.427  -33.640  63.178 0.0000000000
76484  19.867  -31.215  63.185 0.0000000000
75173  19.297  -33.017  62.586 0.0000000000
101622  53.152  -12.578  44.948 0.0000000000
100328  52.982  -13.214  45.628 0.0000000000
80342  32.178  -28.457  55.890 0.0000000000
79224  33.087  -29.789  54.058 0.0000000000
77945  33.496  -29.729  53.855 0.0000000000
77926  34.446  -30.529  54.254 0.0000000000
77925  35.246  -30.246  54.830 0.0000000000
77907  35.720  -30.534  55.714 0.0000000000
77889  36.353  -30.254  56.505 0.0000000000
105669  51.281  -9.568  46.406 0.0000000000
105668  51.988  -9.276  46.637 0.0000000000
105695  50.039  -9.367  44.659 0.0000000000
107162  52.447  -8.590  45.989 0.0000000000
107172  52.375  -8.339  44.844 0.0000000000
107171  53.171  -7.962  44.409 0.0000000000
107170  54.024  -7.723  44.052 0.0000000000
105726  52.862  -9.675  42.551 0.0000000000
104324  52.149  -10.814  42.679 0.0000000000
55901  5.440  -48.216  71.402 0.0000000000
101616  44.212  -12.266  46.370 0.0000000000
100322  43.966  -12.700  46.152 0.0000000000
101617  43.684  -12.367  46.644 0.0000000000
100323  43.392  -12.952  46.459 0.0000000000
96435  42.661  -16.248  46.574 0.0000000000
86981  43.208  -23.632  50.256 0.0000000000
86961  42.871  -24.132  50.805 0.0000000000
85485  42.267  -24.866  50.987 0.0000000000
85465  42.753  -24.958  51.813 0.0000000000
72664  32.829  -35.496  62.243 0.0000000000
65253  17.555  -40.167  65.017 0.0000000000
65232  17.660  -40.541  65.612 0.0000000000
63860  17.510  -40.945  66.112 0.0000000000
63881  16.695  -41.482  65.354 0.0000000000
63861  17.152  -41.325  66.417 0.0000000000
65210  17.264  -41.017  67.256 0.0000000000
62566  15.248  -43.292  69.534 0.0000000000
61319  15.670  -43.262  67.645 0.0000000000
61303  15.551  -43.431  68.256 0.0000000000
61288  15.283  -43.520  68.972 0.0000000000
62567  9.853  -42.287  69.072 0.0000000000
61291  9.187  -43.451  68.960 0.0000000000
61309  8.941  -44.092  68.830 0.0000000000
59984  7.072  -44.320  70.201 0.0000000000
61254  7.283  -43.127  70.711 0.0000000000
61277  7.013  -43.653  70.522 0.0000000000
58671  6.590  -44.711  70.170 0.0000000000
59968  4.950  -44.205  71.088 0.0000000000
75251  28.784  -32.462  58.005 0.0000000000
73970  28.524  -33.464  56.778 0.0000000000
73946  27.900  -33.470  57.102 0.0000000000
75276  26.990  -32.873  57.736 0.0000000000
72730  26.819  -33.958  57.854 0.0000000000
72697  26.822  -35.006  59.378 0.0000000000
72665  26.793  -35.628  60.378 0.0000000000
72647  23.556  -34.430  62.871 0.0000000000
72605  23.874  -34.992  64.737 0.0000000000
93819  49.178  -18.623  46.929 0.0000000000
89700  33.241  -21.256  52.469 0.0000000000
88346  32.729  -21.855  52.257 0.0000000000
84022  34.327  -25.150  55.117 0.0000000000
85399  34.708  -25.024  55.280 0.0000000000
85424  37.690  -25.139  55.012 0.0000000000
111039  65.012  -4.926  45.713 0.0000000000
105735  57.208  -9.468  41.136 0.0000000000
96389  40.868  -16.263  50.407 0.0000000000
95110  39.451  -17.185  49.955 0.0000000000
91156  38.402  -20.548  48.944 0.0000000000
88437  38.206  -22.550  48.766 0.0000000000
87032  38.432  -23.175  48.890 0.0000000000
87011  38.709  -23.655  49.109 0.0000000000
71194  21.299  -36.298  64.613 0.0000000000
69916  20.934  -36.637  64.343 0.0000000000
69917  20.526  -37.074  64.534 0.0000000000
68832  20.053  -37.394  62.302 0.0000000000
67735  19.318  -38.348  63.593 0.0000000000
66615  18.116  -39.275  63.958 0.0000000000
71241  18.010  -35.892  62.496 0.0000000000
69954  17.762  -36.425  62.571 0.0000000000
69934  17.277  -36.481  63.134 0.0000000000
67762  17.839  -37.969  62.513 0.0000000000
66595  16.630  -39.446  64.287 0.0000000000
65256  15.385  -40.231  64.821 0.0000000000
65234  14.906  -40.318  65.045 0.0000000000
77851  25.327  -30.700  58.793 0.0000000000
77852  24.655  -30.269  59.151 0.0000000000
77868  24.023  -30.444  58.645 0.0000000000
77869  23.430  -30.444  58.841 0.0000000000
79157  22.843  -29.711  59.847 0.0000000000
77854  22.884  -30.201  59.238 0.0000000000
76552  23.042  -31.020  58.724 0.0000000000
75235  22.839  -31.501  59.104 0.0000000000
76514  21.316  -31.290  60.840 0.0000000000
73905  21.957  -33.034  60.254 0.0000000000
72649  22.220  -35.285  62.380 0.0000000000
71214  21.963  -35.868  63.368 0.0000000000
71193  21.677  -36.010  64.343 0.0000000000
88267  30.800  -22.761  56.940 0.0000000000
86874  30.501  -23.567  55.687 0.0000000000
85400  30.473  -24.200  55.298 0.0000000000
83993  30.476  -24.940  55.098 0.0000000000
84026  30.577  -25.104  54.271 0.0000000000
84025  31.193  -25.760  53.821 0.0000000000
80355  31.684  -28.010  54.942 0.0000000000
80372  31.969  -28.042  54.449 0.0000000000
81518  31.873  -27.312  54.315 0.0000000000
80386  33.294  -28.394  53.576 0.0000000000
81533  33.291  -27.809  53.748 0.0000000000
81517  32.887  -27.365  54.052 0.0000000000
83991  33.916  -25.999  55.195 0.0000000000
82688  34.110  -26.255  55.248 0.0000000000
83962  34.944  -26.279  55.723 0.0000000000
83940  35.932  -26.447  56.754 0.0000000000
82647  35.986  -26.929  56.933 0.0000000000
108510  60.467  -6.880  45.650 0.0000000000
108512  58.385  -6.561  45.356 0.0000000000
108523  59.229  -6.120  44.440 0.0000000000
108535  57.764  -6.283  43.010 0.0000000000
108549  57.063  -7.418  42.172 0.0000000000
107187  56.805  -8.041  41.866 0.0000000000
107178  54.320  -8.060  43.108 0.0000000000
107177  55.137  -7.960  42.965 0.0000000000
105706  54.711  -8.741  42.406 0.0000000000
107189  55.463  -8.539  42.249 0.0000000000
105722  55.909  -9.162  41.834 0.0000000000
105736  56.275  -9.744  41.436 0.0000000000
99068  48.094  -14.418  45.015 0.0000000000
97698  47.889  -15.811  45.796 0.0000000000
95153  47.942  -17.258  46.453 0.0000000000
97701  44.776  -15.316  46.035 0.0000000000
97700  45.897  -15.539  46.011 0.0000000000
93834  47.564  -18.051  46.708 0.0000000000
92479  47.876  -19.222  47.742 0.0000000000
99031  40.785  -14.790  49.036 0.0000000000
99045  40.758  -14.698  48.262 0.0000000000
97684  40.393  -15.452  47.706 0.0000000000
92487  39.650  -18.969  47.903 0.0000000000
92486  40.196  -19.005  47.647 0.0000000000
93826  41.782  -18.463  47.253 0.0000000000
92464  45.333  -20.089  48.644 0.0000000000
73967  32.834  -34.106  55.773 0.0000000000
73966  33.526  -33.933  56.247 0.0000000000
73932  34.084  -34.208  57.578 0.0000000000
72707  34.483  -34.547  58.955 0.0000000000
104301  48.258  -10.457  45.332 0.0000000000
104288  47.687  -10.587  45.814 0.0000000000
102976  47.931  -10.722  44.969 0.0000000000
102992  48.204  -10.956  44.440 0.0000000000
68774  19.593  -37.290  66.743 0.0000000000
66544  18.492  -39.293  66.012 0.0000000000
67704  14.322  -38.525  66.082 0.0000000000
66546  14.274  -39.097  65.903 0.0000000000
66547  13.881  -39.427  66.193 0.0000000000
67692  13.556  -38.720  67.026 0.0000000000
65211  13.731  -40.557  65.841 0.0000000000
63862  13.525  -41.515  65.886 0.0000000000
61306  12.898  -44.493  67.931 0.0000000000
60014  12.650  -44.723  68.443 0.0000000000
63832  11.000  -41.727  68.430 0.0000000000
62599  11.073  -42.773  67.717 0.0000000000
61324  10.795  -43.903  67.460 0.0000000000
60027  12.074  -44.543  67.676 0.0000000000
58669  10.884  -45.860  69.951 0.0000000000
59983  11.014  -45.703  70.656 0.0000000000
55885  6.370  -47.832  71.886 0.0000000000
55922  7.237  -47.093  69.744 0.0000000000
55899  6.932  -47.641  70.827 0.0000000000
55900  6.357  -47.907  71.323 0.0000000000
54611  4.942  -48.393  70.679 0.0000000000
54624  4.546  -48.403  70.001 0.0000000000
54636  4.250  -48.139  69.395 0.0000000000
54638  2.336  -48.184  69.265 0.0000000000
59969  3.847  -44.368  71.100 0.0000000000
58675  3.594  -45.346  70.237 0.0000000000
57347  3.202  -46.119  69.794 0.0000000000
59989  2.327  -44.594  70.695 0.0000000000
74002  32.196  -33.075  54.599 0.0000000000
75325  31.714  -32.599  55.093 0.0000000000
74003  31.761  -32.900  54.642 0.0000000000
73985  32.291  -33.730  55.208 0.0000000000
72710  31.906  -35.387  57.562 0.0000000000
71299  29.258  -35.682  58.420 0.0000000000
71252  31.075  -35.804  61.939 0.0000000000
77866  25.170  -30.994  58.361 0.0000000000
75255  25.195  -32.236  58.453 0.0000000000
73934  25.304  -32.770  58.792 0.0000000000
73918  25.727  -33.836  58.992 0.0000000000
72684  26.450  -35.109  59.951 0.0000000000
71257  26.649  -35.763  61.056 0.0000000000
73885  24.830  -34.638  61.635 0.0000000000
72646  24.863  -35.144  62.651 0.0000000000
72644  26.062  -35.740  61.531 0.0000000000
71235  26.909  -35.798  61.749 0.0000000000
71212  27.191  -35.722  62.363 0.0000000000
97696  49.628  -15.652  45.752 0.0000000000
97695  50.592  -15.584  45.751 0.0000000000
93818  50.138  -18.320  46.979 0.0000000000
89696  37.187  -20.430  52.199 0.0000000000
88390  36.527  -21.611  49.388 0.0000000000
88419  37.073  -22.292  49.064 0.0000000000
87012  37.782  -23.314  49.056 0.0000000000
85535  38.213  -24.223  49.507 0.0000000000
88288  30.607  -22.253  55.870 0.0000000000
88305  31.498  -21.657  53.964 0.0000000000
86919  31.112  -22.968  53.664 0.0000000000
88326  31.317  -22.540  53.598 0.0000000000
88325  31.799  -21.981  53.336 0.0000000000
86963  33.321  -22.889  51.262 0.0000000000
85491  33.075  -23.322  51.574 0.0000000000
86962  33.899  -22.991  50.860 0.0000000000
86987  34.418  -23.151  50.558 0.0000000000
85512  36.578  -24.442  50.283 0.0000000000
84107  40.129  -25.701  50.415 0.0000000000
84085  40.537  -26.094  51.140 0.0000000000
82766  39.351  -26.383  51.819 0.0000000000
82764  40.887  -26.514  51.802 0.0000000000
82763  41.573  -26.376  52.061 0.0000000000
73983  33.858  -33.266  55.866 0.0000000000
76598  34.928  -32.192  56.273 0.0000000000
75268  35.431  -32.866  57.697 0.0000000000
75295  35.515  -32.356  57.243 0.0000000000
76597  35.507  -31.822  56.705 0.0000000000
77879  35.999  -31.368  57.146 0.0000000000
77878  36.552  -30.773  57.441 0.0000000000
76525  37.662  -32.035  60.432 0.0000000000
76543  38.101  -31.340  60.058 0.0000000000
77849  37.542  -31.249  59.124 0.0000000000
79167  37.120  -30.011  57.784 0.0000000000
79166  37.666  -29.594  58.216 0.0000000000
80305  38.011  -28.647  58.512 0.0000000000
108521  61.308  -6.436  44.819 0.0000000000
109773  64.003  -5.916  45.908 0.0000000000
111035  64.522  -5.100  46.559 0.0000000000
111040  64.522  -5.442  45.376 0.0000000000
111044  64.306  -5.351  44.556 0.0000000000
107204  58.461  -8.843  40.539 0.0000000000
107195  58.742  -8.166  40.917 0.0000000000
108555  59.893  -7.318  41.183 0.0000000000
107202  59.830  -8.457  39.970 0.0000000000
108554  60.603  -6.950  41.236 0.0000000000
108544  61.823  -6.049  42.525 0.0000000000
109792  63.599  -5.086  43.228 0.0000000000
109802  63.462  -5.329  42.326 0.0000000000
109807  63.498  -5.506  41.425 0.0000000000
107199  61.910  -7.367  39.551 0.0000000000
109811  63.389  -5.752  40.613 0.0000000000
57332  9.178  -46.496  71.132 0.0000000000
57370  9.221  -46.253  68.823 0.0000000000
58660  2.669  -44.714  70.621 0.0000000000
58668  11.355  -45.655  69.693 0.0000000000
58692  4.597  -46.176  69.675 0.0000000000
59966  6.184  -43.610  70.959 0.0000000000
60013  13.105  -44.620  68.744 0.0000000000
61293  8.087  -43.689  69.792 0.0000000000
65233  17.228  -40.991  65.294 0.0000000000
66571  14.137  -39.952  65.689 0.0000000000
66597  15.152  -39.812  65.087 0.0000000000
68801  15.532  -37.681  64.802 0.0000000000
68812  20.440  -37.319  63.056 0.0000000000
68855  19.027  -36.941  61.703 0.0000000000
68856  18.778  -37.071  61.789 0.0000000000
69904  15.008  -36.911  65.710 0.0000000000
69950  21.303  -36.520  62.615 0.0000000000
69953  18.259  -36.296  62.250 0.0000000000
71211  27.761  -35.710  62.742 0.0000000000
72628  18.028  -34.496  63.204 0.0000000000
72683  26.912  -35.420  59.769 0.0000000000
72694  34.695  -34.490  59.743 0.0000000000
73873  18.808  -33.943  62.763 0.0000000000
73930  35.349  -33.502  58.381 0.0000000000
73965  34.232  -33.373  56.478 0.0000000000
75211  24.165  -32.719  59.651 0.0000000000
75246  36.554  -32.493  58.936 0.0000000000
75247  36.004  -32.819  58.542 0.0000000000
75257  23.887  -31.443  58.650 0.0000000000
75296  34.918  -32.728  56.872 0.0000000000
76486  18.624  -32.251  63.438 0.0000000000
76548  27.208  -31.947  58.735 0.0000000000
76570  23.617  -30.850  58.587 0.0000000000
77836  24.578  -29.927  60.237 0.0000000000
77944  33.940  -29.952  53.778 0.0000000000
79143  24.095  -29.574  60.307 0.0000000000
79156  23.231  -29.752  59.616 0.0000000000
79176  37.251  -29.381  57.633 0.0000000000
79189  36.071  -29.137  55.835 0.0000000000
79204  36.078  -29.721  55.782 0.0000000000
79241  33.175  -29.186  53.645 0.0000000000
80327  37.132  -29.060  57.346 0.0000000000
80328  36.826  -28.625  57.023 0.0000000000
80343  31.698  -27.841  55.433 0.0000000000
80385  33.626  -28.817  53.642 0.0000000000
80387  32.775  -28.317  53.594 0.0000000000
81460  37.109  -27.773  57.863 0.0000000000
81489  35.933  -27.679  56.271 0.0000000000
81534  32.861  -27.953  53.568 0.0000000000
82666  35.679  -26.842  56.319 0.0000000000
82733  39.910  -26.660  52.979 0.0000000000
82765  40.055  -26.414  51.788 0.0000000000
83960  36.235  -25.706  56.849 0.0000000000
83964  30.495  -24.733  55.628 0.0000000000
85484  43.001  -24.453  51.397 0.0000000000
86984  36.568  -23.808  49.871 0.0000000000
88307  30.587  -22.776  54.841 0.0000000000
88417  41.772  -23.122  48.677 0.0000000000
93836  45.982  -18.152  46.790 0.0000000000
96416  39.565  -17.079  48.104 0.0000000000
97650  41.252  -16.116  50.491 0.0000000000
97682  41.940  -15.822  46.705 0.0000000000
99060  41.793  -14.384  46.946 0.0000000000
99065  50.724  -13.895  45.197 0.0000000000
100294  42.344  -13.671  48.170 0.0000000000
101639  46.905  -12.244  44.999 0.0000000000
101649  54.671  -12.084  42.757 0.0000000000
102967  45.993  -11.360  45.980 0.0000000000
103016  55.033  -11.904  42.213 0.0000000000
104299  49.968  -9.626  46.053 0.0000000000
104302  47.863  -10.582  45.582 0.0000000000
104336  55.267  -10.369  41.912 0.0000000000
105682  49.661  -9.564  45.560 0.0000000000
105696  49.536  -9.559  45.058 0.0000000000
105721  56.594  -8.874  41.631 0.0000000000
105745  60.160  -9.111  39.483 0.0000000000
107152  53.155  -8.503  46.772 0.0000000000
107175  56.513  -7.545  42.489 0.0000000000
107185  58.285  -7.665  41.624 0.0000000000
107194  59.546  -7.974  40.734 0.0000000000
108499  61.393  -7.189  46.951 0.0000000000
108519  62.742  -6.278  44.557 0.0000000000
108542  63.144  -5.616  42.261 0.0000000000
108543  62.790  -5.750  42.755 0.0000000000
108558  62.370  -6.684  40.462 0.0000000000
108563  62.877  -6.248  40.121 0.0000000000
109778  64.060  -6.116  44.905 0.0000000000
109784  64.294  -4.815  43.780 0.0000000000
109785  63.651  -5.364  44.193 0.0000000000
109801  64.060  -4.912  41.856 0.0000000000
111057  65.715  -4.687  42.473 0.0000000000
112296  65.185  -4.414  46.245 0.0000000000
112301  65.923  -3.826  44.789 0.0000000000
112302  65.420  -4.367  45.224 0.0000000000
112319  66.114  -4.340  41.824 0.0000000000
