#!ascii label  , from subject 4110 vox2ras=TkReg
1015
83495  18.986  -26.207  -0.514 0.1428571492
82243  18.121  -26.814  -0.087 0.1428571492
84916  18.574  -25.248  -1.139 0.1428571492
82240  20.139  -26.610  0.099 0.1428571492
84894  19.665  -25.576  -0.717 0.2857142985
83516  18.148  -25.856  -1.078 0.1428571492
84893  20.411  -25.519  -0.663 0.1428571492
87795  19.563  -23.607  -1.853 0.5714285970
84913  20.777  -24.947  -0.868 0.1428571492
87779  22.407  -23.749  -1.270 0.2857142985
86367  21.420  -23.811  -1.673 0.2857142985
87791  22.860  -22.703  -1.823 0.1428571492
87792  22.113  -23.188  -2.103 0.2857142985
90571  23.717  -21.373  -3.790 0.2857142985
89185  23.055  -21.779  -3.897 0.1428571492
89186  22.178  -22.296  -3.974 0.2857142985
91936  25.018  -20.234  -5.977 0.2857142985
91904  24.454  -20.596  -4.557 0.2857142985
93241  24.746  -19.419  -7.043 0.2857142985
93225  24.109  -19.511  -6.361 0.2857142985
95885  24.508  -17.755  -7.435 0.2857142985
99787  24.925  -14.915  -8.067 0.8571428657
97163  24.884  -16.172  -8.864 0.4285714328
95884  25.517  -17.882  -7.835 0.2857142985
99825  23.783  -13.842  -9.996 0.7142857313
99824  24.577  -14.151  -9.742 0.7142857313
99804  25.223  -14.407  -8.738 0.7142857313
102491  25.534  -12.736  -12.257 0.8571428657
101159  24.134  -13.394  -11.163 0.5714285970
102451  24.139  -12.199  -9.585 0.8571428657
99803  25.846  -14.018  -8.218 0.7142857313
103817  25.188  -11.329  -13.430 0.4285714328
102492  24.482  -12.081  -12.151 0.7142857313
102465  23.630  -12.543  -10.784 0.8571428657
105185  24.443  -11.028  -16.252 0.2857142985
105162  23.901  -11.191  -15.119 0.5714285970
102507  24.115  -11.331  -12.461 0.8571428657
103836  24.575  -11.192  -14.277 0.7142857313
102493  23.952  -11.662  -12.124 0.8571428657
106564  23.516  -9.976  -16.703 0.1428571492
106562  25.690  -10.114  -16.830 0.1428571492
105163  23.499  -10.569  -15.778 0.4285714328
105128  24.350  -10.657  -13.471 0.5714285970
103819  24.085  -11.109  -12.628 0.8571428657
109344  22.778  -7.805  -14.294 0.1428571492
108020  24.482  -9.059  -17.255 0.1428571492
107984  23.737  -8.891  -15.003 0.1428571492
107983  23.770  -9.560  -14.853 0.4285714328
106491  25.082  -9.746  -11.460 0.8571428657
110552  22.115  -6.916  -14.128 0.1428571492
109343  23.576  -7.697  -15.158 0.1428571492
109345  22.117  -7.449  -13.862 0.1428571492
107974  23.042  -8.355  -13.589 0.1428571492
107946  22.814  -7.869  -12.338 0.4285714328
107960  23.740  -8.620  -13.039 0.5714285970
107944  25.039  -8.535  -12.215 0.7142857313
106476  25.406  -9.166  -11.255 0.8571428657
110508  21.939  -6.027  -12.555 0.1428571492
111683  21.648  -5.222  -11.904 0.1428571492
110507  22.475  -6.042  -12.265 0.1428571492
110506  23.456  -6.116  -12.545 0.5714285970
107959  25.329  -7.953  -12.177 0.8571428657
107931  25.293  -8.965  -11.423 0.8571428657
109289  26.582  -7.524  -11.206 0.8571428657
111684  21.092  -4.755  -12.360 0.1428571492
113005  22.171  -4.223  -11.745 0.2857142985
111682  22.686  -5.251  -11.746 0.1428571492
113003  24.110  -4.303  -11.377 0.8571428657
110522  24.616  -6.262  -12.532 0.8571428657
109317  25.046  -7.383  -12.583 0.7142857313
111679  25.496  -5.257  -11.139 0.8571428657
117066  23.024  -1.795  -12.544 0.1428571492
180040  21.376  -1.828  -12.199 0.1428571492
114312  23.026  -3.306  -11.970 0.4285714328
115663  24.474  -2.526  -10.402 0.8571428657
114295  24.773  -3.540  -10.660 0.8571428657
112993  25.492  -4.442  -10.528 0.8571428657
111672  26.247  -5.408  -10.491 0.8571428657
115695  23.152  -2.274  -12.071 0.4285714328
115662  25.068  -2.937  -10.131 0.8571428657
114279  25.594  -3.626  -10.158 0.8571428657
114278  26.455  -3.603  -9.709 0.8571428657
117083  23.183  -1.224  -12.600 0.1428571492
118413  23.109  -0.695  -12.960 0.2857142985
117065  23.374  -1.468  -11.854 0.5714285970
118371  24.489  -0.723  -10.993 0.8571428657
117047  23.811  -1.563  -11.162 0.8571428657
117030  24.885  -1.563  -10.243 0.8571428657
115646  25.060  -2.307  -10.003 0.8571428657
117029  25.453  -1.320  -9.908 0.8571428657
115645  25.739  -2.626  -9.793 0.8571428657
121070  24.341  0.456  -12.599 0.2857142985
119716  24.333  0.349  -12.271 0.7142857313
119703  24.006  -0.190  -11.702 0.5714285970
119702  24.512  0.133  -11.737 0.8571428657
118369  26.002  -0.131  -10.313 0.8571428657
119680  26.490  0.573  -9.245 0.8571428657
117021  25.932  -1.588  -9.517 0.8571428657
121061  25.193  0.721  -11.946 0.8571428657
122432  26.148  1.544  -11.283 0.8571428657
119693  26.207  0.470  -10.147 0.8571428657
122406  26.613  2.418  -9.529 0.7142857313
121054  26.346  1.422  -9.905 0.7142857313
121068  25.552  1.262  -12.209 0.8571428657
122442  26.269  2.633  -11.969 0.8571428657
121055  26.182  1.152  -10.797 0.8571428657
123783  26.686  3.467  -11.282 0.8571428657
125097  27.337  4.286  -10.709 0.8571428657
123765  26.951  3.333  -10.144 0.7142857313
125137  26.280  4.371  -13.765 0.7142857313
125121  26.772  4.456  -12.915 0.8571428657
126480  26.688  5.503  -12.460 0.8571428657
127867  25.629  6.989  -12.163 0.7142857313
122431  26.391  2.233  -10.843 0.8571428657
125106  27.393  5.114  -11.342 0.8571428657
126509  22.676  4.867  -15.751 0.1428571492
126481  26.243  5.855  -13.104 0.8571428657
127872  25.693  6.616  -12.916 0.7142857313
129153  24.877  7.257  -13.130 0.7142857313
127866  26.213  6.453  -11.817 0.8571428657
126498  21.192  5.736  -15.292 0.1428571492
127878  23.801  6.543  -13.927 0.5714285970
129155  23.038  7.380  -13.602 0.5714285970
129145  22.237  7.892  -12.933 0.5714285970
127880  22.051  7.283  -14.573 0.1428571492
126512  19.214  5.789  -14.178 0.1428571492
129146  21.187  8.231  -12.753 0.5714285970
127887  19.166  6.797  -14.153 0.1428571492
127896  18.032  6.857  -14.920 0.1428571492
129157  20.921  8.249  -13.798 0.1428571492
129178  17.964  8.020  -14.731 0.1428571492
127889  18.223  7.429  -14.466 0.1428571492
129160  18.601  7.934  -13.464 0.1428571492
130437  17.492  9.080  -15.097 0.1428571492
130427  18.206  8.750  -13.543 0.1428571492
82220  19.727  -27.329  0.348 0.1428571492
82221  18.893  -27.444  0.295 0.1428571492
84914  20.193  -24.895  -0.889 0.2857142985
84892  21.201  -25.320  -0.679 0.1428571492
86352  21.699  -24.261  -1.089 0.2857142985
86368  20.833  -24.252  -1.352 0.2857142985
90553  23.938  -21.413  -3.418 0.2857142985
89165  23.526  -21.840  -3.012 0.2857142985
89166  22.518  -22.411  -3.140 0.1428571492
95867  23.891  -18.128  -6.891 0.2857142985
98470  24.813  -15.420  -8.431 0.4285714328
97136  24.723  -16.386  -7.878 0.5714285970
103802  25.922  -11.933  -12.864 0.2857142985
99786  25.464  -14.521  -7.587 0.7142857313
103862  25.406  -11.542  -15.216 0.1428571492
103790  24.879  -10.640  -10.163 0.8571428657
106505  24.218  -9.443  -12.534 0.7142857313
110524  21.837  -6.185  -13.133 0.1428571492
111681  23.756  -5.151  -11.781 0.8571428657
111680  24.647  -4.934  -11.494 0.8571428657
110493  26.314  -6.281  -11.318 0.8571428657
112982  26.171  -4.516  -10.000 0.8571428657
121069  24.934  0.842  -12.519 0.8571428657
123799  26.084  3.050  -12.953 0.8571428657
125138  25.507  4.278  -14.281 0.8571428657
127877  24.765  6.493  -13.562 0.7142857313
127879  22.823  6.658  -14.541 0.2857142985
129166  21.485  7.663  -14.501 0.1428571492
127894  19.432  6.337  -14.479 0.1428571492
131740  15.968  9.565  -16.009 0.1428571492
82222  17.988  -27.246  0.252 0.1428571492
86369  19.918  -24.254  -1.351 0.4285714328
87794  20.347  -23.679  -2.104 0.4285714328
89167  21.899  -22.640  -3.498 0.1428571492
91881  24.664  -20.587  -3.908 0.2857142985
91920  25.051  -20.301  -5.222 0.2857142985
90613  23.718  -20.771  -5.025 0.2857142985
90594  23.052  -21.160  -4.832 0.2857142985
91921  24.428  -20.448  -5.334 0.2857142985
98429  24.873  -15.375  -6.383 0.7142857313
110571  24.270  -7.742  -15.514 0.1428571492
110536  22.447  -6.083  -13.888 0.1428571492
113006  21.202  -3.903  -12.057 0.1428571492
180039  21.999  -3.178  -12.701 0.2857142985
180035  20.996  -2.358  -12.002 0.1428571492
114311  23.957  -3.521  -11.140 0.8571428657
109301  26.036  -7.333  -11.628 0.8571428657
117085  21.353  -1.086  -12.987 0.1428571492
118414  21.991  -0.462  -13.209 0.1428571492
121090  24.039  0.430  -13.094 0.2857142985
119665  26.538  0.750  -8.107 0.8571428657
122450  25.141  1.330  -13.087 0.5714285970
123814  25.202  2.772  -14.002 0.5714285970
123826  25.161  3.472  -14.255 0.5714285970
126486  25.668  5.528  -13.872 0.7142857313
126488  23.756  5.863  -14.520 0.4285714328
125154  24.076  4.140  -14.829 0.2857142985
126496  23.393  5.320  -15.209 0.2857142985
127884  22.580  6.026  -15.134 0.1428571492
127885  21.736  6.743  -15.134 0.1428571492
129147  20.191  8.260  -12.834 0.2857142985
126510  20.433  6.056  -14.967 0.1428571492
129169  18.875  7.291  -13.713 0.1428571492
129159  19.219  7.754  -13.302 0.1428571492
130423  18.594  8.356  -13.049 0.1428571492
127895  18.710  6.387  -14.205 0.1428571492
130436  18.000  9.041  -14.278 0.1428571492
131700  17.659  10.084  -13.462 0.1428571492
131721  17.342  10.244  -14.272 0.1428571492
121107  24.477  1.086  -13.696 0.4285714328
122476  24.483  1.886  -14.460 0.4285714328
123827  24.683  3.041  -14.434 0.4285714328
123828  24.103  3.099  -15.016 0.4285714328
126494  25.006  4.999  -14.506 0.5714285970
126495  24.311  5.084  -14.801 0.5714285970
83494  19.881  -26.161  -0.398 0.1428571492
84895  19.028  -25.596  -0.853 0.1428571492
82241  19.359  -26.737  0.023 0.1428571492
84915  19.408  -24.975  -1.005 0.4285714328
84917  17.685  -25.456  -1.132 0.2857142985
86353  21.133  -24.701  -0.957 0.1428571492
87793  21.125  -23.599  -2.298 0.1428571492
87811  21.936  -22.780  -3.001 0.1428571492
90592  23.962  -20.914  -4.169 0.2857142985
101099  25.895  -13.293  -8.067 0.7142857313
103803  24.992  -11.692  -12.558 0.8571428657
103779  24.189  -11.097  -9.974 0.8571428657
103863  24.656  -11.546  -15.183 0.5714285970
106515  24.223  -9.418  -13.142 0.5714285970
109319  22.325  -7.398  -12.708 0.2857142985
109359  24.119  -8.542  -15.643 0.1428571492
107973  23.988  -8.820  -13.872 0.1428571492
113004  23.185  -4.349  -11.498 0.5714285970
110505  25.859  -6.229  -11.811 0.8571428657
113002  24.907  -4.250  -11.146 0.8571428657
115682  24.009  -2.778  -10.777 0.8571428657
119695  25.107  -0.147  -11.141 0.8571428657
118370  25.458  -0.640  -10.361 0.8571428657
118359  26.200  -0.506  -9.644 0.8571428657
121060  25.819  0.977  -11.568 0.8571428657
122448  26.125  2.817  -12.542 0.8571428657
123798  26.509  3.513  -12.389 0.8571428657
126497  22.377  5.363  -15.590 0.1428571492
129156  21.994  7.725  -13.845 0.5714285970
129144  23.266  7.900  -12.778 0.5714285970
126513  18.237  5.725  -14.455 0.1428571492
129168  19.608  7.387  -14.174 0.1428571492
129179  17.381  7.883  -15.389 0.1428571492
127897  17.091  6.876  -15.528 0.1428571492
129167  20.567  7.618  -14.677 0.1428571492
129158  19.952  8.081  -13.699 0.1428571492
129170  18.330  7.893  -14.039 0.1428571492
90552  24.290  -21.342  -3.006 0.1428571492
122462  25.379  2.472  -13.584 0.5714285970
91923  23.324  -20.425  -5.205 0.5714285970
130414  19.384  8.289  -12.373 0.1428571492
91905  22.549  -20.758  -4.954 0.5714285970
91907  20.957  -20.417  -4.347 0.5714285970
93164  20.238  -20.103  -3.912 0.2857142985
94532  22.006  -18.790  -4.652 0.5714285970
94533  21.004  -18.613  -4.513 0.5714285970
91884  19.899  -20.760  -3.558 0.4285714328
93190  19.098  -19.285  -3.901 0.2857142985
94534  19.974  -18.483  -4.540 0.4285714328
95850  23.599  -17.903  -6.073 0.4285714328
95826  22.461  -17.952  -4.497 0.5714285970
95827  21.496  -17.862  -4.478 0.5714285970
95852  19.905  -17.150  -5.242 0.4285714328
97072  24.121  -16.804  -4.930 0.5714285970
98380  23.237  -16.235  -4.496 0.5714285970
97075  21.932  -17.133  -4.309 0.4285714328
98403  23.475  -15.373  -5.007 0.7142857313
98404  22.346  -15.785  -5.057 0.4285714328
98402  24.527  -15.524  -5.482 0.4285714328
94535  18.807  -18.523  -4.112 0.2857142985
97102  20.703  -16.597  -5.335 0.4285714328
97099  24.309  -16.609  -5.455 0.7142857313
99763  24.665  -14.119  -6.055 0.7142857313
101063  22.724  -13.314  -6.003 0.4285714328
102398  24.472  -12.512  -6.104 0.7142857313
102399  23.337  -12.462  -6.244 0.5714285970
103725  24.985  -11.505  -6.096 0.7142857313
103726  23.856  -11.524  -6.422 0.2857142985
98447  25.096  -14.875  -6.828 0.5714285970
99762  25.323  -14.207  -6.505 0.5714285970
101061  24.934  -13.419  -6.228 0.7142857313
102396  26.508  -11.877  -6.858 0.7142857313
105034  25.444  -10.423  -6.094 0.7142857313
105056  27.292  -10.413  -6.928 0.7142857313
105033  26.657  -10.369  -6.477 0.7142857313
106415  25.817  -9.309  -6.244 0.4285714328
101114  25.437  -12.872  -8.761 0.5714285970
102420  26.112  -12.586  -7.441 0.5714285970
102450  25.011  -12.100  -9.066 0.5714285970
103757  27.032  -11.330  -8.395 0.5714285970
103756  27.695  -10.799  -7.863 0.7142857313
106436  28.287  -9.616  -8.001 0.7142857313
107901  27.944  -8.370  -8.552 0.7142857313
106438  27.379  -9.027  -7.225 0.7142857313
107857  26.654  -7.995  -6.945 0.5714285970
110447  27.218  -6.701  -7.178 0.5714285970
105098  24.179  -10.531  -11.188 0.7142857313
105082  26.589  -10.596  -10.042 0.5714285970
105068  27.735  -10.720  -8.552 0.5714285970
106467  27.226  -9.815  -9.939 0.7142857313
105078  28.063  -10.263  -8.907 0.7142857313
109273  27.940  -7.530  -9.218 0.8571428657
107858  25.965  -8.280  -6.563 0.4285714328
110446  27.524  -6.604  -7.713 0.7142857313
110463  27.713  -6.551  -8.725 0.7142857313
110432  27.294  -6.178  -7.065 0.5714285970
111634  27.421  -5.632  -7.328 0.7142857313
105083  25.897  -10.629  -10.579 0.5714285970
106454  28.211  -9.486  -8.622 0.7142857313
109287  27.752  -7.624  -10.090 0.8571428657
110479  27.668  -6.511  -9.833 0.8571428657
111649  27.653  -5.618  -8.174 0.7142857313
112945  27.246  -4.582  -7.026 0.5714285970
115602  26.867  -2.791  -6.539 0.2857142985
107930  25.757  -8.492  -11.334 0.7142857313
111661  27.526  -5.629  -9.064 0.7142857313
116980  26.494  -1.810  -6.746 0.7142857313
110492  27.115  -6.430  -10.741 0.7142857313
112980  27.315  -4.851  -9.249 0.8571428657
112944  27.455  -4.624  -7.623 0.8571428657
117020  26.478  -1.337  -8.823 0.8571428657
114262  27.573  -3.760  -8.247 0.8571428657
115614  27.064  -2.302  -7.298 0.5714285970
115629  27.034  -2.041  -8.214 0.8571428657
117009  26.903  -1.033  -8.187 0.8571428657
118304  26.334  -0.569  -6.720 0.7142857313
112981  26.869  -4.586  -9.636 0.8571428657
115644  26.700  -2.535  -9.180 0.8571428657
118326  26.665  -0.325  -7.679 0.8571428657
118346  26.614  -0.304  -8.632 0.8571428657
125092  27.242  4.374  -9.546 0.7142857313
126470  27.371  5.351  -10.435 0.5714285970
126456  26.440  5.429  -8.566 0.7142857313
126466  26.902  5.408  -9.162 0.7142857313
127861  26.882  6.410  -10.745 0.8571428657
129117  25.872  7.936  -10.366 0.7142857313
129099  26.707  7.015  -9.202 0.7142857313
130364  25.152  8.988  -10.145 0.7142857313
130365  24.170  9.458  -10.791 0.7142857313
131619  24.925  9.374  -9.232 0.5714285970
129134  25.582  7.509  -11.520 0.7142857313
130388  24.648  8.845  -11.174 0.7142857313
131604  24.065  10.403  -9.466 0.5714285970
130366  23.035  9.363  -10.969 0.4285714328
131621  23.598  10.118  -10.351 0.5714285970
132920  23.164  10.835  -9.865 0.5714285970
129135  24.625  8.121  -11.813 0.5714285970
132912  23.765  10.463  -8.497 0.5714285970
131622  22.421  10.068  -10.504 0.5714285970
132921  21.934  10.666  -10.080 0.5714285970
132913  22.622  11.182  -9.116 0.4285714328
132900  23.230  10.548  -7.701 0.5714285970
132899  23.689  9.612  -7.320 0.4285714328
132902  20.236  10.757  -9.452 0.5714285970
130367  21.843  9.220  -11.047 0.5714285970
131583  22.699  10.642  -6.807 0.4285714328
131589  23.725  8.586  -6.629 0.4285714328
132901  22.003  11.317  -8.327 0.5714285970
180546  19.739  11.552  -7.775 0.4285714328
98496  25.274  -15.235  -9.288 0.2857142985
103767  26.259  -11.158  -9.319 0.5714285970
132889  21.713  11.649  -7.515 0.4285714328
90572  20.631  -21.425  -4.269 0.5714285970
94554  23.440  -18.741  -5.564 0.2857142985
94555  23.225  -19.400  -5.312 0.4285714328
94571  23.989  -18.923  -6.598 0.2857142985
95825  23.360  -17.940  -4.970 0.5714285970
93165  19.430  -19.861  -3.668 0.2857142985
95829  19.393  -17.428  -4.941 0.4285714328
97101  21.656  -16.539  -4.989 0.4285714328
95830  18.551  -17.361  -4.398 0.2857142985
97077  19.256  -16.886  -5.176 0.2857142985
101042  23.344  -13.934  -5.721 0.5714285970
99850  26.077  -14.165  -10.501 0.2857142985
102422  21.383  -12.309  -7.537 0.2857142985
105035  24.278  -10.490  -6.361 0.7142857313
111671  26.898  -5.676  -10.252 0.8571428657
114240  27.432  -3.651  -7.470 0.7142857313
122387  26.561  2.499  -8.454 0.7142857313
123745  26.885  3.392  -8.934 0.7142857313
123737  26.434  3.294  -7.885 0.7142857313
130363  25.639  8.308  -9.461 0.7142857313
131603  24.501  9.563  -8.541 0.5714285970
131591  23.040  10.619  -7.138 0.2857142985
129142  25.152  7.429  -12.407 0.5714285970
130389  23.712  8.766  -11.581 0.5714285970
129136  23.820  8.241  -12.258 0.5714285970
130390  22.560  8.739  -11.665 0.5714285970
132914  21.142  10.721  -9.781 0.5714285970
131592  19.939  10.538  -9.787 0.2857142985
98405  21.272  -15.777  -5.516 0.4285714328
93206  23.710  -19.655  -5.806 0.2857142985
102463  24.940  -11.372  -9.114 0.7142857313
101082  25.874  -13.599  -7.209 0.5714285970
106475  25.729  -9.665  -10.990 0.7142857313
107929  26.686  -8.641  -10.544 0.7142857313
107919  26.954  -9.216  -10.073 0.7142857313
114277  27.317  -3.807  -9.183 0.7142857313
129133  26.335  7.182  -10.946 0.8571428657
98401  24.978  -15.006  -5.867 0.5714285970
121020  26.475  1.765  -8.026 0.7142857313
102439  25.912  -12.193  -8.384 0.5714285970
93186  22.599  -19.820  -4.952 0.5714285970
93187  21.498  -19.635  -4.571 0.5714285970
91906  21.738  -20.653  -4.777 0.4285714328
93188  20.576  -19.410  -4.279 0.5714285970
91883  20.568  -21.007  -4.074 0.5714285970
93189  19.678  -19.283  -4.092 0.4285714328
94531  22.926  -18.757  -4.988 0.5714285970
95828  20.480  -17.530  -4.914 0.4285714328
90573  20.381  -21.636  -3.923 0.5714285970
97074  22.850  -17.041  -4.343 0.5714285970
97100  22.258  -16.531  -4.504 0.5714285970
97103  19.635  -16.506  -5.411 0.4285714328
99740  22.584  -14.398  -5.632 0.5714285970
99739  23.819  -14.442  -5.565 0.5714285970
101062  23.923  -13.596  -5.899 0.7142857313
102400  22.290  -12.428  -6.893 0.4285714328
101083  21.418  -13.236  -7.086 0.4285714328
99765  22.135  -13.701  -6.139 0.4285714328
101060  25.454  -13.458  -6.581 0.7142857313
102397  25.602  -12.565  -6.521 0.7142857313
103743  22.234  -11.518  -7.151 0.2857142985
103724  26.042  -11.365  -6.300 0.7142857313
102419  26.564  -11.831  -7.743 0.7142857313
103723  26.673  -11.207  -6.621 0.7142857313
105032  27.268  -9.902  -6.874 0.7142857313
103758  26.216  -11.565  -8.635 0.5714285970
107880  27.274  -8.437  -7.279 0.7142857313
107879  27.587  -8.013  -7.823 0.7142857313
107918  27.663  -8.750  -9.695 0.5714285970
109253  27.695  -7.406  -8.311 0.7142857313
110434  25.650  -6.527  -6.656 0.2857142985
112924  27.254  -4.098  -7.015 0.5714285970
114226  25.965  -3.472  -6.395 0.2857142985
115643  27.408  -2.946  -8.623 0.8571428657
127852  26.983  6.336  -9.669 0.7142857313
129116  26.614  7.176  -10.037 0.7142857313
129118  25.254  8.365  -11.071 0.8571428657
131623  21.092  10.097  -10.476 0.7142857313
97104  18.927  -15.901  -5.290 0.1428571492
98406  20.382  -15.456  -5.752 0.4285714328
86371  18.199  -24.479  -1.422 0.4285714328
94553  25.657  -19.311  -5.596 0.1428571492
93205  25.457  -19.845  -5.859 0.1428571492
93222  25.757  -19.249  -6.818 0.1428571492
97135  25.194  -16.963  -8.264 0.1428571492
97162  25.555  -16.509  -8.988 0.1428571492
94568  26.130  -18.618  -6.749 0.1428571492
94552  25.931  -18.641  -5.684 0.1428571492
97160  26.918  -16.221  -9.053 0.1428571492
95883  26.320  -17.917  -7.534 0.1428571492
97181  26.519  -15.923  -9.512 0.1428571492
101156  27.128  -13.527  -11.451 0.2857142985
102490  26.769  -12.682  -12.332 0.1428571492
121042  26.480  1.581  -8.881 0.5714285970
134305  19.654  11.224  -12.613 0.1428571492
119649  25.899  0.967  -6.858 0.4285714328
134284  19.851  11.902  -12.277 0.1428571492
131680  18.096  9.429  -12.915 0.1428571492
123738  25.709  3.819  -7.613 0.4285714328
125085  26.533  4.521  -8.315 0.5714285970
126457  26.010  5.454  -8.032 0.4285714328
132934  14.529  10.731  -10.553 0.2857142985
131608  18.024  9.419  -10.047 0.2857142985
131624  19.816  9.606  -10.781 0.2857142985
131625  18.686  9.494  -10.790 0.2857142985
125089  23.261  4.695  -7.504 0.1428571492
127833  25.615  6.218  -7.830 0.5714285970
129100  26.180  7.646  -9.217 0.5714285970
132903  16.670  9.401  -9.453 0.2857142985
127835  24.084  5.969  -6.926 0.4285714328
130340  25.363  7.991  -8.171 0.5714285970
131595  17.600  9.091  -9.439 0.2857142985
129084  23.228  6.144  -6.559 0.4285714328
130342  23.781  7.423  -6.276 0.2857142985
180543  18.134  10.778  -8.482 0.1428571492
131594  18.607  10.294  -9.246 0.1428571492
130334  22.779  6.575  -6.145 0.1428571492
180532  16.936  10.528  -9.316 0.1428571492
130343  22.972  7.233  -5.947 0.2857142985
180548  19.721  11.944  -7.171 0.2857142985
134210  21.075  12.954  -6.440 0.1428571492
180545  18.589  11.427  -7.912 0.1428571492
180544  17.884  11.475  -8.248 0.1428571492
180547  18.779  11.627  -6.876 0.1428571492
180551  17.789  10.964  -6.046 0.1428571492
134243  17.558  11.005  -7.008 0.1428571492
180560  17.189  12.210  -5.494 0.1428571492
87796  18.733  -23.370  -1.713 0.4285714328
90539  17.579  -22.055  -1.511 0.2857142985
97118  26.873  -17.227  -7.513 0.1428571492
98494  26.913  -15.636  -9.949 0.1428571492
122372  25.760  2.654  -6.908 0.2857142985
129154  24.017  7.249  -13.310 0.4285714328
130392  20.344  8.465  -11.725 0.2857142985
131626  17.651  9.164  -10.813 0.2857142985
89151  23.522  -22.213  -1.854 0.1428571492
89152  22.877  -22.427  -2.374 0.1428571492
93163  25.431  -20.037  -3.813 0.1428571492
93185  25.503  -19.621  -4.833 0.1428571492
101157  26.063  -13.415  -11.615 0.1428571492
98515  26.337  -14.757  -10.270 0.1428571492
180158  22.829  6.363  -6.275 0.1428571492
122356  26.026  2.115  -6.915 0.4285714328
126460  23.314  5.148  -7.264 0.2857142985
130352  24.804  9.004  -8.472 0.5714285970
130411  22.369  8.296  -12.340 0.4285714328
134272  16.003  10.996  -10.259 0.2857142985
180534  15.393  9.452  -10.419 0.2857142985
130393  19.439  8.666  -11.722 0.2857142985
131640  18.493  9.224  -11.536 0.2857142985
131643  15.173  10.121  -11.429 0.2857142985
132932  16.490  10.574  -11.548 0.1428571492
134270  17.320  11.441  -11.393 0.1428571492
135506  17.555  12.293  -7.491 0.2857142985
180539  17.207  11.218  -9.750 0.2857142985
131681  17.276  9.962  -12.998 0.1428571492
132966  17.906  10.312  -12.990 0.1428571492
130415  18.665  8.614  -12.544 0.1428571492
131663  17.175  9.653  -12.343 0.1428571492
102505  26.813  -12.041  -13.280 0.2857142985
129138  20.452  8.338  -12.278 0.4285714328
180540  16.705  11.394  -10.316 0.2857142985
130394  18.816  8.733  -12.054 0.2857142985
131662  18.114  9.161  -12.189 0.1428571492
87815  19.334  -23.070  -2.084 0.4285714328
86370  19.063  -24.316  -1.376 0.4285714328
101137  25.796  -13.703  -10.943 0.4285714328
130410  23.136  8.414  -12.163 0.4285714328
130391  21.408  8.491  -11.871 0.2857142985
125086  25.432  4.689  -7.803 0.4285714328
127832  26.440  6.313  -8.609 0.5714285970
129081  25.761  7.294  -8.145 0.5714285970
130351  25.226  8.752  -8.808 0.5714285970
130368  20.702  9.047  -11.147 0.2857142985
132890  20.436  11.184  -8.516 0.4285714328
134228  21.160  12.436  -7.406 0.2857142985
122371  26.280  2.500  -7.504 0.5714285970
130339  25.575  7.777  -8.345 0.5714285970
131588  24.047  8.787  -7.396 0.5714285970
131606  20.177  10.420  -10.089 0.2857142985
131607  19.086  9.956  -10.144 0.2857142985
97134  26.216  -16.934  -8.281 0.1428571492
95848  26.445  -17.944  -5.951 0.1428571492
98493  27.396  -15.547  -9.631 0.1428571492
123739  24.737  4.026  -7.449 0.2857142985
180533  15.644  10.103  -10.165 0.2857142985
131609  17.067  8.551  -10.018 0.2857142985
130369  19.882  8.887  -11.248 0.2857142985
126459  24.172  5.430  -7.634 0.2857142985
127834  24.811  6.047  -7.447 0.4285714328
180541  17.468  10.059  -8.859 0.1428571492
129083  24.478  7.079  -6.610 0.4285714328
127836  23.316  5.614  -6.871 0.2857142985
129069  25.314  7.148  -7.468 0.5714285970
130341  24.736  8.364  -7.640 0.5714285970
89155  17.205  -22.946  -1.089 0.2857142985
99822  27.552  -15.096  -10.067 0.1428571492
122358  24.765  2.381  -6.500 0.2857142985
131627  16.548  8.975  -10.915 0.2857142985
131642  16.343  9.722  -11.513 0.2857142985
132949  17.301  10.642  -12.292 0.1428571492
109213  26.663  -7.347  -6.907 0.4285714328
112925  26.737  -4.584  -6.604 0.2857142985
180579  18.522  14.612  -9.132 0.1428571492
180594  19.053  14.280  -9.937 0.1428571492
180585  17.895  14.067  -7.029 0.1428571492
135514  18.444  12.708  -9.551 0.1428571492
134263  18.332  11.963  -10.017 0.1428571492
138112  17.441  13.736  -7.879 0.1428571492
180586  18.280  14.596  -7.399 0.1428571492
136803  17.833  14.021  -8.857 0.1428571492
180589  18.708  15.385  -8.400 0.1428571492
180593  19.078  16.435  -9.264 0.1428571492
135505  17.846  12.561  -8.587 0.1428571492
180587  19.801  16.154  -7.869 0.1428571492
111623  27.036  -5.629  -6.817 0.2857142985
180577  19.257  15.729  -7.587 0.1428571492
180596  18.755  15.383  -10.245 0.1428571492
97119  24.502  -16.484  -6.584 0.2857142985
180542  18.075  11.762  -9.429 0.1428571492
135518  18.476  12.372  -10.522 0.1428571492
136814  18.706  13.495  -9.562 0.1428571492
135513  19.053  13.092  -9.966 0.1428571492
180578  19.182  15.891  -7.953 0.1428571492
95849  24.056  -17.156  -6.020 0.4285714328
90617  19.915  -23.128  -5.310 0.4285714328
87850  21.252  -23.962  -5.222 0.2857142985
89187  21.520  -22.668  -3.983 0.1428571492
90615  21.165  -22.369  -5.260 0.2857142985
89206  21.542  -22.646  -4.758 0.1428571492
90595  21.910  -21.561  -4.757 0.2857142985
87833  20.630  -22.928  -3.932 0.2857142985
132911  24.064  9.613  -7.752 0.4285714328
90614  23.400  -20.823  -5.027 0.2857142985
89207  19.994  -23.175  -4.578 0.4285714328
89204  23.079  -21.472  -4.379 0.1428571492
89205  22.464  -21.751  -4.394 0.1428571492
87831  21.149  -23.257  -4.364 0.1428571492
90596  20.871  -21.592  -4.695 0.4285714328
90616  20.467  -22.700  -5.480 0.2857142985
126458  25.089  5.440  -7.736 0.2857142985
86416  20.458  -24.506  -4.763 0.2857142985
89168  19.743  -22.467  -2.798 0.2857142985
89153  18.670  -22.796  -1.875 0.2857142985
89188  20.213  -22.366  -3.514 0.2857142985
90554  18.743  -21.728  -2.618 0.2857142985
90574  19.437  -21.571  -3.067 0.2857142985
99741  21.533  -14.932  -5.763 0.2857142985
99766  21.498  -13.950  -6.464 0.2857142985
99788  21.142  -13.608  -7.056 0.2857142985
105036  23.053  -10.534  -6.830 0.1428571492
106417  23.628  -9.477  -6.624 0.1428571492
106416  24.686  -9.419  -6.242 0.2857142985
109215  25.217  -7.474  -6.755 0.1428571492
114227  24.964  -3.769  -6.248 0.1428571492
115583  25.328  -2.609  -6.061 0.1428571492
116981  25.753  -1.487  -6.308 0.1428571492
116964  24.633  -2.058  -6.130 0.1428571492
118305  25.333  -0.644  -6.326 0.1428571492
119626  24.695  0.246  -6.376 0.1428571492
123731  23.954  3.437  -6.975 0.1428571492
125087  24.475  4.767  -7.736 0.1428571492
123732  23.063  3.649  -7.476 0.1428571492
123740  23.861  4.201  -7.473 0.1428571492
131590  23.276  9.139  -6.153 0.1428571492
180154  22.120  6.688  -5.440 0.1428571492
131582  22.752  9.688  -5.841 0.1428571492
180166  22.124  8.043  -4.939 0.1428571492
131577  22.386  10.661  -6.378 0.1428571492
87797  17.781  -23.704  -1.438 0.2857142985
87814  19.925  -22.999  -2.717 0.1428571492
119624  26.221  0.073  -6.733 0.2857142985
119627  23.239  0.145  -6.222 0.1428571492
125088  23.702  4.784  -7.638 0.1428571492
87798  17.163  -24.072  -0.914 0.2857142985
99767  20.664  -14.553  -6.197 0.2857142985
99790  20.409  -13.937  -6.687 0.2857142985
110435  24.807  -6.544  -7.026 0.1428571492
111636  24.338  -5.912  -7.121 0.1428571492
111624  26.124  -5.598  -6.511 0.1428571492
114229  23.367  -3.840  -6.800 0.1428571492
114215  24.622  -3.199  -5.916 0.1428571492
116965  24.207  -2.247  -6.389 0.1428571492
116982  24.327  -1.745  -6.404 0.1428571492
120974  25.351  1.314  -6.524 0.1428571492
122375  22.443  2.618  -7.110 0.1428571492
180159  21.543  6.623  -5.032 0.1428571492
99743  19.499  -14.412  -5.833 0.2857142985
107860  24.137  -8.552  -6.780 0.1428571492
115603  25.901  -2.444  -6.309 0.1428571492
98407  19.390  -15.219  -5.605 0.1428571492
123717  24.411  2.868  -6.732 0.1428571492
90555  18.143  -21.786  -2.199 0.2857142985
101085  20.154  -13.320  -7.112 0.1428571492
118306  24.232  -1.010  -6.267 0.1428571492
115615  23.375  -2.686  -7.110 0.1428571492
87780  16.680  -23.689  -0.380 0.1428571492
89116  15.980  -22.524  0.208 0.1428571492
91866  18.526  -21.035  -2.741 0.1428571492
102524  26.762  -11.609  -14.041 0.1428571492
102523  27.572  -12.059  -13.948 0.1428571492
121109  22.654  0.487  -14.405 0.1428571492
86373  17.030  -24.795  -0.958 0.1428571492
91854  17.302  -21.280  -1.803 0.1428571492
93166  18.560  -19.397  -3.560 0.1428571492
119751  22.903  0.125  -13.817 0.1428571492
121126  23.277  1.208  -14.947 0.1428571492
94510  17.729  -18.659  -3.472 0.1428571492
119738  22.145  0.005  -13.090 0.1428571492
86372  17.478  -24.615  -1.212 0.1428571492
103833  26.880  -11.763  -14.815 0.1428571492
91885  19.030  -20.427  -3.198 0.1428571492
89154  18.205  -22.661  -1.750 0.1428571492
89136  16.477  -22.669  -0.327 0.1428571492
82242  18.536  -26.804  -0.062 0.1428571492
83475  17.477  -26.805  0.185 0.1428571492
83515  18.528  -25.929  -0.902 0.1428571492
84918  17.233  -25.118  -1.076 0.1428571492
86354  16.723  -24.628  -0.495 0.1428571492
86414  20.962  -24.578  -5.585 0.2857142985
86415  20.763  -24.621  -5.047 0.2857142985
86434  20.818  -24.641  -5.963 0.2857142985
86435  20.443  -24.754  -5.485 0.2857142985
86436  20.270  -24.765  -4.891 0.2857142985
86450  20.721  -24.461  -6.063 0.2857142985
86451  20.523  -24.536  -5.895 0.2857142985
87812  21.345  -23.020  -3.295 0.1428571492
87851  20.766  -24.058  -4.636 0.2857142985
87852  20.135  -24.060  -4.519 0.2857142985
87868  20.533  -24.069  -5.914 0.2857142985
87869  19.960  -24.455  -5.512 0.4285714328
87870  19.734  -24.698  -5.142 0.2857142985
87884  20.762  -24.221  -6.133 0.2857142985
87885  20.529  -24.195  -6.091 0.4285714328
89169  19.001  -22.442  -2.328 0.2857142985
89170  18.470  -22.267  -2.044 0.2857142985
89189  19.629  -22.187  -2.885 0.2857142985
89219  20.976  -23.352  -5.936 0.2857142985
89220  20.283  -23.637  -5.822 0.4285714328
89221  19.686  -23.896  -5.230 0.4285714328
89236  20.581  -23.951  -6.091 0.2857142985
89237  20.675  -23.751  -6.129 0.2857142985
90538  24.618  -21.393  -2.297 0.1428571492
90593  23.543  -21.188  -4.388 0.2857142985
90597  20.166  -22.420  -4.694 0.4285714328
90612  24.026  -20.795  -4.674 0.2857142985
91882  24.225  -20.763  -4.077 0.2857142985
91903  25.049  -20.311  -4.499 0.2857142985
91922  24.017  -20.261  -5.663 0.2857142985
91937  24.578  -20.063  -6.177 0.2857142985
91938  24.194  -19.846  -6.193 0.2857142985
93204  25.718  -19.277  -6.305 0.1428571492
93207  23.250  -19.863  -5.326 0.4285714328
93223  25.206  -19.631  -6.793 0.2857142985
93224  24.451  -19.497  -6.708 0.2857142985
93240  24.891  -19.278  -7.216 0.2857142985
94509  18.345  -18.870  -3.740 0.1428571492
94530  23.251  -18.497  -5.156 0.5714285970
94569  25.698  -19.097  -7.176 0.1428571492
94570  24.303  -19.153  -6.847 0.2857142985
94587  25.816  -18.550  -7.447 0.1428571492
94589  24.467  -18.949  -7.102 0.2857142985
94590  24.201  -18.814  -6.952 0.2857142985
95824  23.949  -17.284  -5.293 0.4285714328
95851  20.175  -16.965  -5.294 0.4285714328
95866  23.925  -17.429  -6.705 0.4285714328
95886  24.174  -18.532  -7.047 0.2857142985
97073  23.655  -16.947  -4.694 0.5714285970
97076  21.243  -17.129  -4.794 0.4285714328
97161  26.211  -16.380  -9.120 0.1428571492
97180  26.967  -15.884  -9.584 0.1428571492
97182  25.821  -15.927  -9.376 0.1428571492
97183  25.319  -15.998  -9.218 0.4285714328
98379  24.038  -16.219  -4.811 0.5714285970
98381  22.671  -16.356  -4.442 0.5714285970
98428  25.062  -14.810  -6.301 0.5714285970
98430  20.388  -14.917  -5.939 0.2857142985
98431  20.043  -14.762  -5.949 0.4285714328
98448  24.827  -15.427  -7.411 0.7142857313
98495  26.200  -15.327  -9.828 0.1428571492
98513  27.289  -15.253  -10.104 0.1428571492
98514  26.879  -15.094  -10.283 0.1428571492
99737  24.963  -14.558  -6.056 0.5714285970
99738  24.580  -14.638  -5.751 0.5714285970
99742  20.957  -15.184  -5.816 0.4285714328
99764  24.250  -14.212  -5.832 0.7142857313
99768  19.895  -13.946  -6.302 0.2857142985
99785  26.007  -13.982  -7.660 0.5714285970
99789  20.803  -13.842  -6.935 0.2857142985
99802  26.020  -13.766  -7.927 0.5714285970
99821  27.875  -14.720  -9.956 0.1428571492
99823  25.600  -14.556  -10.025 0.1428571492
99849  26.855  -14.427  -10.530 0.2857142985
99851  25.050  -13.932  -10.630 0.4285714328
99852  24.100  -14.036  -10.572 0.7142857313
99870  24.662  -13.791  -11.099 0.7142857313
99871  24.445  -13.919  -10.952 0.7142857313
101041  23.687  -14.011  -5.773 0.5714285970
101064  21.976  -13.276  -6.668 0.4285714328
101081  25.984  -13.795  -7.439 0.5714285970
101098  26.000  -13.686  -7.662 0.5714285970
101100  25.485  -13.571  -8.703 0.7142857313
101115  24.835  -13.195  -9.287 0.5714285970
101116  23.902  -13.227  -9.710 0.7142857313
101136  26.612  -13.806  -10.912 0.2857142985
101138  23.688  -13.302  -10.415 0.8571428657
101158  25.078  -13.601  -11.369 0.5714285970
101177  26.705  -13.151  -11.826 0.1428571492
101178  26.280  -13.110  -12.102 0.1428571492
102401  21.776  -12.850  -7.113 0.4285714328
102421  21.911  -11.940  -7.326 0.2857142985
102438  26.432  -11.737  -8.269 0.7142857313
102452  23.698  -12.535  -10.176 0.8571428657
102464  24.610  -11.490  -9.435 0.7142857313
102475  25.309  -13.280  -11.854 0.5714285970
102476  24.684  -12.938  -11.762 0.8571428657
102477  23.803  -12.294  -11.593 0.7142857313
102506  24.217  -11.551  -12.411 0.8571428657
103727  22.889  -11.590  -6.765 0.2857142985
103741  27.580  -10.696  -7.507 0.7142857313
103742  27.215  -11.066  -7.236 0.7142857313
103768  25.518  -11.458  -8.930 0.7142857313
103769  23.778  -11.863  -10.161 0.8571428657
103770  23.653  -12.102  -10.473 0.8571428657
103777  25.986  -11.175  -10.093 0.8571428657
103778  25.156  -10.873  -9.698 0.5714285970
103780  23.754  -11.533  -10.756 0.8571428657
103791  24.647  -10.702  -10.015 0.8571428657
103792  23.821  -11.271  -11.654 0.7142857313
103804  24.446  -11.590  -12.490 0.8571428657
103805  23.918  -11.102  -12.299 0.8571428657
103816  26.073  -11.386  -13.691 0.1428571492
103818  24.382  -11.193  -13.062 0.8571428657
103834  26.126  -11.398  -14.603 0.1428571492
103835  25.307  -11.412  -14.405 0.4285714328
103861  26.186  -11.505  -15.432 0.1428571492
103885  24.930  -11.479  -15.683 0.5714285970
105054  28.108  -9.730  -7.733 0.7142857313
105055  27.778  -10.171  -7.449 0.7142857313
105066  28.280  -9.974  -7.859 0.7142857313
105067  28.204  -10.278  -8.204 0.7142857313
105079  27.331  -10.622  -9.306 0.5714285970
105084  24.266  -10.742  -10.258 0.8571428657
105085  24.064  -10.782  -10.457 0.8571428657
105096  25.230  -10.659  -10.638 0.8571428657
105097  24.632  -10.621  -10.573 0.8571428657
105113  24.034  -10.409  -12.026 0.8571428657
105129  24.227  -10.472  -12.811 0.5714285970
105144  24.205  -10.704  -14.238 0.5714285970
105145  23.687  -10.529  -14.994 0.4285714328
105184  25.554  -10.913  -16.402 0.2857142985
105186  23.614  -10.310  -16.499 0.1428571492
106413  27.468  -9.457  -7.169 0.7142857313
106414  26.827  -9.096  -6.812 0.7142857313
106437  27.881  -9.123  -7.710 0.7142857313
106453  28.346  -9.855  -8.183 0.7142857313
106466  27.876  -9.817  -9.424 0.7142857313
106474  26.524  -9.764  -10.425 0.7142857313
106490  25.203  -10.298  -11.120 0.7142857313
106492  24.435  -9.559  -11.999 0.7142857313
106514  24.357  -9.927  -13.803 0.5714285970
106526  23.926  -10.023  -14.622 0.5714285970
106527  23.546  -9.897  -15.245 0.4285714328
106544  23.647  -9.298  -16.645 0.1428571492
106545  23.498  -9.721  -16.192 0.1428571492
106563  24.027  -9.793  -17.022 0.1428571492
107859  25.049  -8.474  -6.550 0.4285714328
107928  27.379  -8.176  -10.269 0.7142857313
107943  25.560  -7.908  -11.837 0.8571428657
107945  23.740  -8.333  -12.502 0.5714285970
107958  25.448  -7.664  -12.150 0.8571428657
107961  22.807  -8.222  -12.804 0.4285714328
107972  24.021  -9.430  -14.459 0.4285714328
107985  23.384  -8.392  -14.172 0.1428571492
107999  25.319  -8.762  -16.856 0.1428571492
108000  24.174  -8.882  -16.635 0.1428571492
108001  23.839  -9.120  -16.093 0.1428571492
109214  26.157  -7.381  -6.633 0.4285714328
109233  27.484  -7.350  -7.796 0.7142857313
109234  27.161  -7.382  -7.291 0.5714285970
109288  27.281  -7.617  -10.680 0.8571428657
109302  24.720  -7.907  -12.607 0.7142857313
109303  24.099  -7.511  -12.644 0.7142857313
109304  22.940  -7.165  -12.053 0.2857142985
109305  22.325  -6.664  -12.491 0.1428571492
109316  25.669  -7.184  -12.085 0.8571428657
109318  24.261  -6.687  -12.682 0.8571428657
109320  21.974  -6.694  -12.811 0.1428571492
109332  22.276  -7.842  -13.438 0.2857142985
109333  21.850  -7.043  -13.403 0.1428571492
109358  24.761  -8.410  -15.857 0.1428571492
110433  26.695  -6.604  -6.800 0.2857142985
110480  27.249  -6.023  -10.172 0.7142857313
110491  27.670  -7.035  -10.489 0.8571428657
110521  25.280  -6.313  -12.235 0.8571428657
110523  24.116  -6.129  -12.724 0.5714285970
110537  22.041  -6.380  -13.615 0.1428571492
111622  27.315  -5.804  -7.020 0.7142857313
111635  27.206  -5.007  -7.066 0.5714285970
111662  27.185  -5.502  -9.744 0.8571428657
111663  26.640  -5.171  -9.971 0.8571428657
111692  25.221  -5.569  -11.735 0.8571428657
111693  24.624  -5.558  -12.062 0.8571428657
111694  24.111  -5.694  -12.458 0.5714285970
111695  21.408  -5.405  -12.795 0.1428571492
112968  27.583  -4.703  -8.617 0.8571428657
114213  25.571  -2.899  -6.215 0.1428571492
114214  25.164  -3.181  -5.949 0.1428571492
114224  27.305  -3.525  -6.961 0.7142857313
114225  27.004  -3.628  -6.560 0.5714285970
114228  23.995  -3.614  -6.329 0.1428571492
114241  23.459  -3.271  -6.735 0.1428571492
114296  24.275  -3.112  -10.673 0.8571428657
114310  24.517  -3.863  -11.172 0.8571428657
114326  22.688  -2.443  -12.525 0.1428571492
115584  24.869  -2.619  -5.854 0.1428571492
115585  24.245  -2.714  -5.966 0.1428571492
115601  27.220  -3.233  -6.738 0.2857142985
115604  23.768  -2.712  -6.453 0.1428571492
115613  27.359  -3.037  -7.098 0.7142857313
115628  27.472  -2.910  -7.830 0.8571428657
115664  23.971  -2.177  -10.800 0.8571428657
115683  23.568  -2.442  -11.328 0.4285714328
116963  25.245  -2.099  -6.076 0.1428571492
116983  23.868  -1.893  -6.868 0.1428571492
116993  26.836  -1.326  -7.445 0.8571428657
117022  25.374  -1.875  -9.825 0.8571428657
117031  24.235  -1.604  -10.713 0.8571428657
117084  22.058  -1.661  -12.751 0.1428571492
118280  24.973  -1.461  -6.159 0.1428571492
118281  24.578  -1.562  -6.293 0.1428571492
118360  25.714  -0.980  -9.783 0.8571428657
118372  24.096  -1.147  -11.102 0.8571428657
118382  24.154  -0.345  -11.486 0.5714285970
118383  23.849  -0.707  -11.527 0.8571428657
118399  23.455  -0.728  -12.161 0.5714285970
118430  21.717  0.024  -12.971 0.1428571492
118431  21.481  0.346  -12.957 0.1428571492
119625  25.814  0.289  -6.544 0.2857142985
119648  26.330  0.408  -7.074 0.2857142985
119694  25.751  0.289  -10.861 0.8571428657
119701  25.271  0.383  -11.491 0.8571428657
119717  23.748  0.017  -12.226 0.7142857313
119737  22.964  0.004  -13.217 0.1428571492
119752  21.971  0.010  -13.566 0.1428571492
120973  25.845  1.684  -6.761 0.4285714328
120996  26.178  1.452  -7.247 0.7142857313
120997  25.864  1.357  -6.803 0.4285714328
121089  24.683  0.912  -13.110 0.5714285970
121108  23.749  0.716  -14.129 0.1428571492
122357  25.553  2.153  -6.613 0.4285714328
122373  25.300  2.614  -6.676 0.2857142985
122374  23.252  3.035  -7.127 0.1428571492
122443  26.006  1.792  -11.813 0.8571428657
122449  25.607  2.129  -12.816 0.8571428657
122463  25.096  1.840  -13.770 0.5714285970
123716  24.744  2.822  -6.693 0.1428571492
123728  26.269  2.988  -7.548 0.2857142985
123729  25.982  3.114  -7.325 0.2857142985
123730  25.057  3.144  -6.907 0.1428571492
123741  23.319  4.362  -7.549 0.1428571492
123812  26.412  3.653  -13.236 0.8571428657
123813  25.714  3.245  -13.664 0.5714285970
125081  22.749  4.450  -7.406 0.1428571492
125096  27.518  4.938  -11.024 0.5714285970
125107  27.120  4.592  -11.740 0.8571428657
125153  24.744  4.165  -14.516 0.5714285970
125156  22.299  4.987  -15.818 0.1428571492
126441  22.733  4.881  -7.059 0.2857142985
126469  27.478  5.184  -10.800 0.5714285970
126475  27.454  5.268  -11.029 0.8571428657
126476  27.146  5.596  -11.420 0.8571428657
126485  26.510  5.200  -13.359 0.8571428657
126487  24.535  5.746  -14.193 0.5714285970
126508  23.009  4.731  -15.632 0.1428571492
126511  19.889  5.905  -14.704 0.1428571492
127800  24.728  6.813  -6.780 0.4285714328
127801  24.455  6.967  -6.517 0.4285714328
127810  25.239  6.704  -7.442 0.4285714328
127811  24.739  6.517  -7.015 0.4285714328
127812  24.528  6.692  -6.696 0.4285714328
127871  26.217  6.116  -12.585 0.8571428657
127886  20.603  6.651  -15.097 0.1428571492
127888  18.526  7.056  -14.212 0.1428571492
127893  19.991  6.440  -14.790 0.1428571492
129064  24.795  7.006  -6.770 0.4285714328
129065  24.605  6.958  -6.619 0.4285714328
129070  24.963  6.989  -6.956 0.5714285970
129071  24.730  7.280  -6.744 0.4285714328
129080  26.404  7.150  -8.718 0.7142857313
129082  25.169  7.537  -7.430 0.5714285970
129137  20.795  8.369  -12.133 0.4285714328
129143  24.306  7.738  -12.654 0.5714285970
129148  19.574  8.130  -12.990 0.2857142985
129176  20.050  7.001  -14.717 0.1428571492
129177  19.631  6.778  -14.502 0.1428571492
130350  25.621  7.984  -8.702 0.5714285970
130370  14.335  9.175  -11.145 0.2857142985
130371  13.905  9.614  -11.122 0.2857142985
130372  13.820  10.331  -11.011 0.2857142985
130395  14.491  9.597  -11.285 0.2857142985
130396  14.255  10.165  -11.305 0.2857142985
130397  14.159  10.608  -11.125 0.2857142985
130412  21.764  8.242  -12.478 0.5714285970
130413  19.949  8.295  -12.126 0.2857142985
130422  19.063  8.048  -12.742 0.1428571492
131593  19.551  10.412  -9.768 0.2857142985
131602  24.875  9.230  -8.775 0.5714285970
131605  20.765  10.453  -10.178 0.5714285970
131620  24.534  9.836  -9.822 0.5714285970
131628  15.226  9.158  -11.054 0.2857142985
131639  19.268  9.223  -11.261 0.2857142985
131641  17.357  9.320  -11.561 0.1428571492
131644  14.587  10.667  -11.238 0.2857142985
131664  16.604  10.194  -12.143 0.1428571492
132898  23.787  9.136  -7.337 0.4285714328
132915  20.474  10.630  -9.785 0.5714285970
132922  21.342  10.535  -10.170 0.5714285970
132931  16.996  10.881  -11.751 0.1428571492
132933  15.404  11.020  -11.157 0.2857142985
132950  16.716  10.481  -12.060 0.1428571492
132967  17.377  10.352  -12.902 0.1428571492
134211  17.094  11.661  -5.409 0.1428571492
134227  20.423  12.374  -7.313 0.2857142985
134229  17.047  11.213  -5.635 0.1428571492
134230  16.842  11.583  -5.560 0.1428571492
134242  20.036  12.002  -7.310 0.2857142985
134244  16.833  11.179  -6.406 0.1428571492
134245  16.666  11.446  -5.831 0.1428571492
134254  17.190  11.517  -7.176 0.1428571492
134264  17.466  11.782  -10.396 0.2857142985
134269  18.126  11.746  -11.530 0.1428571492
134271  16.499  11.247  -10.843 0.2857142985
134287  17.797  11.297  -11.782 0.1428571492
135473  16.909  11.832  -5.447 0.1428571492
135484  16.700  12.427  -5.938 0.1428571492
135485  16.706  11.878  -5.662 0.1428571492
135517  19.226  13.055  -10.607 0.1428571492
138100  17.554  13.651  -7.193 0.1428571492
138101  17.426  13.402  -7.536 0.1428571492
138111  17.657  14.133  -7.687 0.1428571492
180036  21.243  -1.545  -12.362 0.1428571492
180535  14.646  9.862  -10.424 0.2857142985
180536  16.014  8.818  -10.280 0.2857142985
180537  14.412  9.363  -10.700 0.2857142985
180538  14.017  9.937  -10.633 0.2857142985
180549  18.563  11.846  -5.891 0.1428571492
180554  18.307  12.750  -5.607 0.1428571492
180563  17.330  13.001  -5.934 0.1428571492
180567  16.862  12.808  -6.007 0.1428571492
180573  18.943  15.370  -7.147 0.1428571492
180583  17.709  13.534  -6.633 0.1428571492
180592  17.866  13.805  -6.755 0.1428571492
