#!ascii label  , from subject 3001 vox2ras=TkReg
1156
52866  -12.320  -34.991  64.683 0.0000000000
64587  -34.895  -25.929  51.657 0.0000000000
74676  -35.054  -18.240  49.012 0.0000000000
66970  -27.304  -23.735  57.897 0.0000000000
85236  -44.360  -10.530  39.769 0.0000000000
79895  -40.261  -14.600  42.761 0.0000000000
63258  -36.965  -25.534  57.540 0.0000000000
65753  -31.737  -24.661  55.237 0.0000000000
90023  -48.854  -6.473  44.310 0.0000000000
96488  -50.536  -1.264  43.174 0.0000000000
102632  -51.422  3.137  42.344 0.0000000000
77238  -40.148  -15.214  50.673 0.0000000000
77282  -36.603  -15.094  45.351 0.0000000000
82595  -42.258  -12.327  47.740 0.0000000000
79846  -45.553  -13.746  45.069 0.0000000000
59581  -22.731  -29.819  57.157 0.0000000000
51654  -7.824  -35.315  67.245 0.0000000000
69578  -35.404  -22.247  50.614 0.0000000000
73204  -39.457  -18.683  53.470 0.0000000000
63281  -23.513  -27.256  54.250 0.0000000000
68360  -27.094  -23.940  51.381 0.0000000000
99060  -52.865  0.197  34.765 0.0000000000
102652  -55.374  3.721  40.230 0.0000000000
79938  -42.799  -13.969  40.986 0.0000000000
83983  -48.840  -11.478  42.659 0.0000000000
53983  -14.646  -34.227  61.307 0.0000000000
50557  -5.313  -38.666  63.972 0.0000000000
92819  -50.149  -3.809  43.770 0.0000000000
79799  -41.164  -13.618  49.957 0.0000000000
55199  -22.342  -33.096  54.571 0.0000000000
51686  -9.971  -35.321  66.216 0.0000000000
67138  -35.110  -23.947  48.551 0.0000000000
67093  -35.643  -24.456  50.753 0.0000000000
68281  -24.575  -23.536  56.288 0.0000000000
67024  -24.639  -24.490  53.029 0.0000000000
68303  -26.346  -23.521  54.589 0.0000000000
63329  -33.622  -25.642  53.312 0.0000000000
65820  -31.316  -24.563  52.065 0.0000000000
64612  -32.931  -25.560  50.337 0.0000000000
66932  -26.690  -23.655  60.490 0.0000000000
65711  -22.566  -24.855  58.517 0.0000000000
95330  -47.436  -2.547  38.018 0.0000000000
97805  -51.340  -0.316  35.190 0.0000000000
102625  -53.701  4.111  42.017 0.0000000000
78554  -38.105  -14.286  44.366 0.0000000000
78586  -42.061  -14.957  42.129 0.0000000000
79868  -47.775  -13.827  44.090 0.0000000000
55115  -19.843  -32.557  58.580 0.0000000000
56176  -18.753  -31.542  60.868 0.0000000000
56119  -16.289  -32.380  62.519 0.0000000000
55092  -15.593  -33.542  59.325 0.0000000000
50576  -6.630  -39.125  63.032 0.0000000000
63303  -36.104  -25.710  54.435 0.0000000000
65780  -36.896  -25.131  53.808 0.0000000000
65739  -37.754  -24.442  56.491 0.0000000000
64485  -30.650  -24.478  59.141 0.0000000000
65737  -29.562  -23.994  56.813 0.0000000000
64499  -32.441  -25.304  57.721 0.0000000000
62027  -34.576  -25.700  56.166 0.0000000000
87604  -45.849  -8.503  42.432 0.0000000000
91434  -46.905  -5.020  41.969 0.0000000000
94113  -48.114  -2.739  41.325 0.0000000000
97774  -48.519  -0.609  40.302 0.0000000000
100247  -50.376  1.488  39.892 0.0000000000
100239  -50.835  1.037  42.792 0.0000000000
75962  -37.609  -16.914  49.769 0.0000000000
75982  -36.224  -16.037  48.133 0.0000000000
77254  -38.166  -14.769  48.590 0.0000000000
81188  -39.363  -13.221  47.302 0.0000000000
81231  -40.685  -13.104  45.253 0.0000000000
79862  -42.989  -14.162  44.236 0.0000000000
82624  -44.347  -12.516  46.370 0.0000000000
57241  -22.955  -30.994  59.217 0.0000000000
55163  -21.322  -33.233  56.261 0.0000000000
100292  -57.768  1.858  35.481 0.0000000000
53896  -5.865  -35.742  68.257 0.0000000000
69603  -34.556  -22.677  48.553 0.0000000000
71861  -35.171  -20.058  50.418 0.0000000000
68342  -36.665  -23.221  52.779 0.0000000000
71839  -36.623  -20.393  52.409 0.0000000000
74641  -36.985  -18.402  50.798 0.0000000000
75942  -39.631  -16.886  51.784 0.0000000000
67025  -29.015  -23.733  53.468 0.0000000000
64458  -22.548  -26.751  59.637 0.0000000000
61997  -22.442  -27.888  56.196 0.0000000000
100259  -51.853  1.630  37.705 0.0000000000
100274  -54.034  1.749  36.759 0.0000000000
100290  -55.955  1.582  35.778 0.0000000000
101495  -57.866  3.583  39.125 0.0000000000
51763  -11.996  -37.161  61.145 0.0000000000
50580  -10.220  -36.557  62.796 0.0000000000
82717  -43.425  -12.663  40.000 0.0000000000
78569  -44.353  -14.581  43.319 0.0000000000
81278  -45.937  -13.301  42.119 0.0000000000
85210  -46.559  -10.679  41.666 0.0000000000
86391  -48.830  -9.081  43.398 0.0000000000
52874  -13.280  -34.612  63.008 0.0000000000
51703  -8.009  -36.387  64.795 0.0000000000
51701  -6.590  -37.076  64.985 0.0000000000
52856  -4.749  -36.749  65.287 0.0000000000
51707  -11.602  -34.855  65.880 0.0000000000
65842  -34.720  -25.468  50.014 0.0000000000
65858  -35.101  -25.070  49.722 0.0000000000
65844  -35.592  -25.084  51.231 0.0000000000
68270  -25.995  -23.514  57.451 0.0000000000
68292  -25.445  -23.576  55.441 0.0000000000
66997  -27.398  -23.758  56.270 0.0000000000
63347  -34.333  -26.013  52.179 0.0000000000
64585  -33.118  -25.663  51.666 0.0000000000
64613  -33.706  -25.886  50.591 0.0000000000
64644  -33.995  -25.950  49.020 0.0000000000
66934  -28.440  -23.814  59.752 0.0000000000
65691  -28.175  -23.872  61.123 0.0000000000
66944  -27.035  -23.629  59.563 0.0000000000
68255  -25.660  -23.488  58.358 0.0000000000
96562  -49.911  -1.265  35.435 0.0000000000
73255  -34.373  -19.337  48.954 0.0000000000
74696  -33.601  -18.482  47.299 0.0000000000
78565  -39.647  -14.646  42.778 0.0000000000
78584  -39.692  -15.370  41.928 0.0000000000
78585  -41.033  -15.082  41.866 0.0000000000
56229  -18.815  -32.726  57.033 0.0000000000
55114  -19.385  -32.147  59.281 0.0000000000
56210  -17.743  -32.387  58.340 0.0000000000
56174  -16.769  -32.306  60.026 0.0000000000
56226  -16.351  -33.228  58.067 0.0000000000
63285  -36.455  -25.569  55.496 0.0000000000
63286  -36.863  -25.396  55.152 0.0000000000
63259  -37.337  -25.180  57.009 0.0000000000
64461  -32.150  -24.803  60.490 0.0000000000
64486  -31.485  -24.761  58.863 0.0000000000
64476  -32.992  -25.321  59.157 0.0000000000
61987  -36.040  -25.649  58.355 0.0000000000
63256  -34.921  -25.963  57.744 0.0000000000
62015  -35.242  -25.863  56.601 0.0000000000
62047  -35.355  -25.639  54.955 0.0000000000
88822  -47.421  -7.477  43.540 0.0000000000
90051  -46.556  -6.257  42.713 0.0000000000
91402  -47.641  -5.714  43.174 0.0000000000
95263  -50.501  -2.222  43.314 0.0000000000
94103  -48.616  -2.871  42.207 0.0000000000
95278  -49.240  -1.935  42.352 0.0000000000
95299  -48.258  -1.884  40.767 0.0000000000
96496  -49.687  -0.643  42.167 0.0000000000
99017  -50.344  0.592  42.273 0.0000000000
99018  -50.727  0.201  42.827 0.0000000000
75964  -39.137  -16.031  50.400 0.0000000000
75973  -38.151  -15.609  49.438 0.0000000000
77243  -39.105  -14.915  49.712 0.0000000000
81143  -41.519  -12.893  49.062 0.0000000000
81160  -39.859  -13.143  48.200 0.0000000000
81190  -41.129  -12.545  47.012 0.0000000000
81213  -40.417  -12.787  46.279 0.0000000000
82640  -41.938  -12.487  46.554 0.0000000000
82642  -43.057  -12.732  45.775 0.0000000000
82596  -43.212  -11.974  47.270 0.0000000000
61974  -22.798  -28.347  59.487 0.0000000000
60824  -22.914  -29.122  59.999 0.0000000000
58357  -22.972  -30.432  57.704 0.0000000000
54092  -21.961  -33.081  55.835 0.0000000000
101530  -58.687  2.697  36.652 0.0000000000
100280  -59.317  2.627  36.461 0.0000000000
52831  -6.954  -35.087  67.563 0.0000000000
68393  -35.646  -23.558  49.640 0.0000000000
68425  -34.869  -23.652  48.360 0.0000000000
69593  -35.354  -22.769  49.572 0.0000000000
70704  -34.597  -21.270  49.732 0.0000000000
70695  -35.337  -21.494  50.886 0.0000000000
67027  -37.175  -24.076  54.414 0.0000000000
67047  -36.470  -24.081  53.204 0.0000000000
68324  -37.290  -23.128  54.524 0.0000000000
71825  -38.685  -19.362  53.580 0.0000000000
71824  -37.748  -20.139  53.503 0.0000000000
71841  -38.139  -19.486  53.118 0.0000000000
71851  -37.080  -19.553  52.114 0.0000000000
73219  -38.399  -18.757  52.675 0.0000000000
74626  -38.930  -17.730  52.115 0.0000000000
73220  -39.324  -18.277  52.860 0.0000000000
68338  -25.324  -24.245  52.606 0.0000000000
65752  -30.730  -24.469  55.573 0.0000000000
67011  -29.992  -23.885  54.997 0.0000000000
65763  -30.728  -24.243  54.300 0.0000000000
67091  -30.557  -23.951  50.863 0.0000000000
65690  -22.743  -24.731  60.748 0.0000000000
64507  -22.788  -26.350  55.572 0.0000000000
64496  -22.495  -26.384  56.800 0.0000000000
63267  -22.927  -27.368  55.273 0.0000000000
60911  -23.066  -29.067  53.882 0.0000000000
101476  -51.173  2.394  40.789 0.0000000000
100248  -51.163  1.919  39.508 0.0000000000
101477  -52.114  2.745  40.465 0.0000000000
102651  -54.459  3.700  40.517 0.0000000000
101491  -54.133  3.114  39.377 0.0000000000
101517  -54.684  2.509  38.143 0.0000000000
100275  -54.923  1.907  36.694 0.0000000000
101518  -55.518  2.576  38.030 0.0000000000
101519  -56.355  2.719  37.862 0.0000000000
101482  -56.824  3.756  39.785 0.0000000000
75998  -36.109  -15.654  46.790 0.0000000000
76010  -34.580  -16.286  45.908 0.0000000000
81311  -42.909  -13.136  39.642 0.0000000000
82699  -43.559  -13.013  40.609 0.0000000000
81235  -44.240  -13.901  44.723 0.0000000000
79880  -44.108  -14.543  43.870 0.0000000000
79881  -44.836  -14.551  43.998 0.0000000000
81258  -47.550  -13.227  42.808 0.0000000000
81257  -46.530  -13.588  42.656 0.0000000000
81280  -47.268  -12.779  42.343 0.0000000000
83995  -46.410  -12.009  41.517 0.0000000000
85211  -47.676  -11.012  42.123 0.0000000000
85195  -47.368  -10.395  42.287 0.0000000000
85196  -48.443  -10.694  42.437 0.0000000000
55041  -15.577  -32.964  61.948 0.0000000000
55030  -14.847  -33.367  62.971 0.0000000000
53948  -14.176  -33.539  63.998 0.0000000000
53969  -13.826  -34.322  62.597 0.0000000000
52885  -12.916  -35.774  61.363 0.0000000000
53994  -14.069  -35.052  60.616 0.0000000000
50595  -9.545  -38.505  61.827 0.0000000000
50562  -9.010  -36.634  63.512 0.0000000000
50578  -8.594  -38.007  62.698 0.0000000000
50558  -5.919  -38.652  63.429 0.0000000000
50541  -6.833  -37.314  64.369 0.0000000000
50539  -5.621  -37.754  64.169 0.0000000000
51680  -5.527  -37.055  65.536 0.0000000000
50538  -5.151  -37.902  64.297 0.0000000000
63211  -34.751  -25.617  60.149 0.0000000000
90025  -50.515  -6.188  44.616 0.0000000000
91404  -49.069  -5.099  43.677 0.0000000000
92803  -50.510  -4.431  44.261 0.0000000000
78507  -40.840  -14.127  50.271 0.0000000000
58378  -22.416  -30.816  55.610 0.0000000000
57270  -22.547  -31.146  56.350 0.0000000000
51657  -10.171  -34.853  68.402 0.0000000000
51670  -9.257  -35.207  66.910 0.0000000000
65872  -34.965  -24.823  48.853 0.0000000000
67110  -35.693  -24.181  50.024 0.0000000000
68394  -35.700  -23.625  50.471 0.0000000000
73205  -40.187  -18.409  53.991 0.0000000000
65750  -23.363  -25.355  54.859 0.0000000000
65762  -23.708  -25.467  53.947 0.0000000000
68301  -24.301  -23.983  54.683 0.0000000000
68320  -25.316  -23.952  53.171 0.0000000000
68322  -27.234  -23.484  53.771 0.0000000000
64550  -32.826  -25.254  53.628 0.0000000000
65777  -31.501  -24.541  53.528 0.0000000000
64560  -32.402  -25.310  52.329 0.0000000000
65841  -32.400  -25.284  51.010 0.0000000000
64642  -32.389  -25.736  47.911 0.0000000000
66931  -25.761  -23.707  61.006 0.0000000000
66943  -23.352  -24.011  60.064 0.0000000000
68242  -24.832  -23.437  59.766 0.0000000000
66984  -23.262  -24.296  56.979 0.0000000000
94138  -46.509  -3.557  38.157 0.0000000000
97806  -52.109  0.068  35.030 0.0000000000
103753  -51.961  4.149  44.546 0.0000000000
102624  -52.894  3.973  42.220 0.0000000000
78543  -37.212  -14.625  44.826 0.0000000000
78624  -40.980  -15.849  40.234 0.0000000000
78605  -42.476  -14.637  41.438 0.0000000000
81220  -47.150  -13.584  45.793 0.0000000000
79866  -46.282  -14.152  44.401 0.0000000000
79849  -47.782  -13.935  44.781 0.0000000000
54030  -20.884  -32.611  59.185 0.0000000000
55076  -20.528  -32.357  60.563 0.0000000000
56157  -18.967  -31.529  62.107 0.0000000000
56156  -17.895  -31.467  61.553 0.0000000000
56154  -16.076  -32.558  60.606 0.0000000000
55072  -15.062  -33.829  60.697 0.0000000000
53995  -14.616  -34.617  60.198 0.0000000000
55112  -15.235  -34.314  58.796 0.0000000000
63332  -35.604  -26.376  52.551 0.0000000000
64589  -36.009  -25.889  52.083 0.0000000000
63317  -36.407  -25.694  53.561 0.0000000000
64541  -37.177  -25.018  54.702 0.0000000000
65712  -29.265  -24.007  58.753 0.0000000000
66972  -28.803  -23.644  57.260 0.0000000000
65713  -30.039  -24.180  58.489 0.0000000000
64508  -30.931  -24.600  57.352 0.0000000000
64510  -32.343  -25.188  56.750 0.0000000000
63239  -34.308  -25.734  58.563 0.0000000000
63269  -33.584  -25.575  56.975 0.0000000000
63283  -33.459  -25.384  55.917 0.0000000000
63300  -34.317  -25.561  54.806 0.0000000000
63314  -34.875  -26.062  53.626 0.0000000000
65693  -29.646  -24.263  60.298 0.0000000000
86418  -44.857  -9.594  41.241 0.0000000000
87643  -43.950  -8.601  40.055 0.0000000000
88848  -44.577  -8.114  41.573 0.0000000000
91432  -45.602  -5.870  41.441 0.0000000000
91442  -45.839  -4.955  40.607 0.0000000000
91420  -48.647  -4.472  42.993 0.0000000000
92845  -47.321  -4.352  41.771 0.0000000000
92868  -46.795  -3.623  39.696 0.0000000000
94131  -47.327  -2.941  39.348 0.0000000000
96528  -47.807  -1.294  39.028 0.0000000000
97783  -48.474  -0.360  38.879 0.0000000000
97791  -49.494  0.269  37.967 0.0000000000
99026  -49.710  0.890  40.463 0.0000000000
100242  -50.370  1.350  41.749 0.0000000000
101466  -50.925  2.191  42.747 0.0000000000
98986  -51.596  0.750  44.243 0.0000000000
102600  -51.759  3.488  44.838 0.0000000000
74678  -36.908  -17.025  49.521 0.0000000000
74698  -35.594  -16.821  48.709 0.0000000000
75972  -37.329  -16.161  49.179 0.0000000000
75983  -37.233  -15.551  48.337 0.0000000000
77269  -37.313  -14.830  47.290 0.0000000000
79797  -39.623  -13.913  49.119 0.0000000000
79811  -38.905  -13.933  48.049 0.0000000000
79827  -38.394  -14.025  46.851 0.0000000000
79858  -38.713  -13.880  45.178 0.0000000000
79859  -39.692  -13.447  44.787 0.0000000000
79860  -40.871  -13.659  44.266 0.0000000000
79877  -41.123  -14.448  43.389 0.0000000000
79861  -41.970  -14.026  44.224 0.0000000000
81234  -43.702  -13.727  44.764 0.0000000000
81193  -45.241  -13.073  46.015 0.0000000000
81163  -46.286  -12.637  46.801 0.0000000000
81195  -46.987  -13.191  46.500 0.0000000000
56194  -22.657  -31.495  59.461 0.0000000000
56247  -22.592  -31.932  57.044 0.0000000000
54033  -22.018  -32.176  57.818 0.0000000000
54032  -21.680  -32.398  58.027 0.0000000000
55117  -20.895  -32.855  57.608 0.0000000000
71871  -33.776  -20.843  48.847 0.0000000000
73240  -35.285  -19.261  50.069 0.0000000000
65845  -35.828  -24.911  51.847 0.0000000000
68362  -36.195  -23.545  51.800 0.0000000000
69563  -36.388  -22.487  52.138 0.0000000000
70673  -36.967  -21.402  52.963 0.0000000000
70696  -35.748  -21.465  51.740 0.0000000000
71850  -36.262  -19.876  51.637 0.0000000000
73229  -36.452  -19.072  51.035 0.0000000000
74658  -36.315  -18.292  50.318 0.0000000000
74660  -38.003  -17.141  50.314 0.0000000000
75952  -38.667  -16.843  50.687 0.0000000000
75954  -40.052  -16.092  51.447 0.0000000000
75931  -40.565  -16.928  52.742 0.0000000000
75944  -40.840  -16.317  52.635 0.0000000000
66998  -28.216  -23.737  55.698 0.0000000000
68323  -28.171  -23.543  54.106 0.0000000000
68341  -28.073  -23.591  53.025 0.0000000000
65794  -30.749  -24.107  52.765 0.0000000000
67044  -28.956  -23.675  52.321 0.0000000000
64441  -22.620  -26.789  60.774 0.0000000000
61984  -22.596  -28.292  58.291 0.0000000000
64471  -22.438  -25.834  59.145 0.0000000000
63237  -22.427  -27.437  57.570 0.0000000000
60879  -22.540  -29.086  56.497 0.0000000000
59626  -22.654  -30.256  54.500 0.0000000000
99037  -50.945  0.772  37.068 0.0000000000
99042  -51.794  0.511  36.023 0.0000000000
99038  -52.218  1.319  36.871 0.0000000000
101478  -52.974  3.053  40.232 0.0000000000
100260  -52.876  1.862  37.452 0.0000000000
99048  -54.020  1.042  35.507 0.0000000000
99062  -54.574  0.353  34.580 0.0000000000
99063  -55.704  0.390  34.542 0.0000000000
99064  -56.716  0.470  34.429 0.0000000000
100291  -56.859  1.696  35.601 0.0000000000
100265  -57.259  2.486  36.911 0.0000000000
51738  -12.231  -35.502  63.013 0.0000000000
51725  -11.561  -35.430  64.490 0.0000000000
50597  -11.142  -36.845  62.013 0.0000000000
74722  -34.625  -16.844  47.345 0.0000000000
84024  -44.340  -11.260  39.661 0.0000000000
78567  -42.660  -14.859  42.969 0.0000000000
78587  -42.940  -14.625  42.384 0.0000000000
79897  -43.932  -14.059  42.188 0.0000000000
78591  -45.731  -14.430  43.415 0.0000000000
79899  -45.173  -14.119  42.621 0.0000000000
81276  -43.892  -13.432  41.399 0.0000000000
82700  -44.042  -12.886  40.980 0.0000000000
82702  -45.266  -12.009  40.654 0.0000000000
85226  -44.747  -10.475  40.785 0.0000000000
87622  -46.130  -9.398  42.177 0.0000000000
87606  -47.300  -8.725  43.098 0.0000000000
87594  -49.028  -8.326  43.884 0.0000000000
52849  -13.100  -34.398  66.034 0.0000000000
53936  -13.725  -33.937  65.010 0.0000000000
52867  -12.647  -34.845  64.235 0.0000000000
52880  -12.795  -35.282  62.418 0.0000000000
51764  -12.596  -36.707  60.793 0.0000000000
51724  -10.419  -35.766  64.190 0.0000000000
51704  -8.826  -35.946  64.860 0.0000000000
51684  -8.135  -35.757  65.632 0.0000000000
51720  -7.497  -37.350  63.925 0.0000000000
51702  -7.270  -37.021  64.672 0.0000000000
51667  -7.012  -36.387  66.687 0.0000000000
52846  -6.094  -36.902  66.747 0.0000000000
52845  -5.681  -36.494  66.481 0.0000000000
49378  -4.979  -39.556  63.846 0.0000000000
51718  -4.459  -37.803  64.048 0.0000000000
52857  -12.286  -34.711  65.476 0.0000000000
64614  -34.603  -25.730  50.745 0.0000000000
65843  -35.167  -25.294  50.534 0.0000000000
64615  -35.322  -25.667  51.307 0.0000000000
68271  -26.760  -23.731  57.453 0.0000000000
68283  -26.625  -23.694  56.744 0.0000000000
66986  -27.374  -23.734  57.106 0.0000000000
64586  -34.123  -25.887  51.365 0.0000000000
66945  -27.839  -23.666  59.288 0.0000000000
66955  -27.171  -23.708  58.706 0.0000000000
68256  -26.538  -23.683  58.127 0.0000000000
96552  -49.449  -0.873  35.997 0.0000000000
73277  -34.634  -18.662  48.796 0.0000000000
73276  -33.809  -19.063  48.306 0.0000000000
79896  -40.799  -14.776  42.474 0.0000000000
56228  -18.001  -32.752  57.335 0.0000000000
56211  -18.855  -32.295  58.182 0.0000000000
56209  -16.913  -32.814  58.513 0.0000000000
63271  -36.343  -25.658  56.180 0.0000000000
63272  -36.856  -25.466  56.333 0.0000000000
64462  -33.244  -25.255  60.179 0.0000000000
64475  -32.243  -25.000  59.504 0.0000000000
62002  -36.156  -25.631  57.757 0.0000000000
62001  -35.491  -25.817  57.358 0.0000000000
62017  -36.484  -25.606  57.023 0.0000000000
62016  -35.857  -25.721  56.606 0.0000000000
88823  -48.423  -7.182  44.209 0.0000000000
90042  -47.648  -6.271  43.452 0.0000000000
90043  -48.492  -6.061  43.873 0.0000000000
95280  -50.524  -1.905  43.244 0.0000000000
95279  -50.066  -2.141  42.966 0.0000000000
96487  -49.755  -1.277  42.533 0.0000000000
96495  -49.271  -1.206  41.994 0.0000000000
97761  -50.218  -0.380  42.625 0.0000000000
97762  -50.782  -0.398  43.120 0.0000000000
77231  -39.821  -15.709  50.820 0.0000000000
77236  -38.825  -15.497  49.827 0.0000000000
77237  -39.657  -15.130  50.184 0.0000000000
82572  -42.118  -12.477  48.561 0.0000000000
81162  -41.628  -12.566  48.287 0.0000000000
82594  -41.526  -12.505  47.697 0.0000000000
82621  -41.892  -12.461  47.153 0.0000000000
82622  -42.542  -12.308  46.814 0.0000000000
60842  -22.788  -29.074  58.878 0.0000000000
59559  -22.919  -29.764  58.273 0.0000000000
101522  -58.819  3.033  37.080 0.0000000000
100267  -59.530  3.205  37.392 0.0000000000
51641  -8.256  -35.131  67.863 0.0000000000
52832  -7.784  -35.052  67.751 0.0000000000
69594  -35.548  -23.066  50.258 0.0000000000
68306  -37.750  -22.802  55.196 0.0000000000
73203  -39.009  -18.778  53.152 0.0000000000
62040  -23.635  -27.994  53.513 0.0000000000
65764  -31.415  -24.555  54.517 0.0000000000
62023  -23.231  -28.193  54.718 0.0000000000
97811  -53.911  -0.567  33.846 0.0000000000
101470  -51.128  2.667  41.704 0.0000000000
101471  -51.844  2.879  41.109 0.0000000000
102636  -55.133  4.226  40.957 0.0000000000
101480  -54.601  3.382  39.927 0.0000000000
101492  -55.149  3.226  39.496 0.0000000000
101506  -55.387  2.878  38.783 0.0000000000
102668  -55.822  3.598  39.782 0.0000000000
101507  -56.234  3.106  38.603 0.0000000000
102653  -56.346  3.857  40.088 0.0000000000
77268  -36.856  -15.019  46.544 0.0000000000
76012  -36.180  -15.524  45.822 0.0000000000
79937  -42.281  -14.218  40.444 0.0000000000
81293  -42.521  -13.748  40.278 0.0000000000
81294  -43.065  -13.483  40.636 0.0000000000
79845  -45.091  -13.704  45.135 0.0000000000
79864  -44.730  -14.090  44.619 0.0000000000
79865  -45.515  -14.205  44.461 0.0000000000
82672  -48.578  -12.316  43.029 0.0000000000
82689  -47.735  -12.399  42.257 0.0000000000
83996  -47.325  -11.688  41.839 0.0000000000
83997  -48.177  -11.537  42.257 0.0000000000
85212  -48.122  -11.078  42.246 0.0000000000
55040  -15.027  -33.538  62.141 0.0000000000
53970  -14.432  -33.994  62.298 0.0000000000
53982  -13.958  -34.642  61.603 0.0000000000
79791  -41.662  -13.964  50.803 0.0000000000
51687  -10.792  -34.853  66.574 0.0000000000
51672  -10.789  -34.640  67.729 0.0000000000
51671  -10.063  -34.937  67.313 0.0000000000
51656  -9.473  -35.117  67.952 0.0000000000
65859  -35.466  -24.764  50.282 0.0000000000
65873  -35.448  -24.605  49.538 0.0000000000
67111  -35.778  -24.079  50.747 0.0000000000
66996  -23.775  -24.432  55.156 0.0000000000
68291  -24.426  -23.770  55.304 0.0000000000
68293  -26.629  -23.677  55.725 0.0000000000
68302  -25.079  -23.728  54.272 0.0000000000
68321  -26.175  -23.643  53.417 0.0000000000
65797  -32.408  -25.091  53.023 0.0000000000
64561  -33.001  -25.462  52.753 0.0000000000
65822  -32.416  -25.390  51.591 0.0000000000
65856  -32.435  -24.970  50.043 0.0000000000
64629  -32.470  -25.617  49.148 0.0000000000
64643  -33.288  -25.896  48.378 0.0000000000
66925  -27.470  -23.754  61.101 0.0000000000
66924  -26.738  -23.819  61.635 0.0000000000
68227  -24.933  -23.546  60.582 0.0000000000
68228  -25.675  -23.572  60.136 0.0000000000
68269  -24.693  -23.413  57.573 0.0000000000
66969  -23.838  -23.739  56.936 0.0000000000
66985  -23.564  -24.082  56.118 0.0000000000
94139  -47.095  -3.055  38.468 0.0000000000
78553  -37.321  -14.822  43.598 0.0000000000
78604  -41.446  -15.238  41.232 0.0000000000
78625  -41.705  -15.003  40.626 0.0000000000
81221  -48.235  -13.653  45.681 0.0000000000
82662  -49.270  -12.165  44.008 0.0000000000
55116  -20.583  -32.802  58.223 0.0000000000
55095  -20.484  -32.467  59.444 0.0000000000
56193  -18.495  -31.834  59.463 0.0000000000
55093  -19.467  -31.917  60.323 0.0000000000
56173  -16.077  -32.901  59.731 0.0000000000
55056  -15.578  -33.116  61.106 0.0000000000
55073  -15.523  -33.309  60.210 0.0000000000
55091  -15.074  -34.079  59.735 0.0000000000
63315  -35.521  -26.102  53.443 0.0000000000
63316  -35.893  -25.939  53.171 0.0000000000
64527  -37.310  -24.979  55.432 0.0000000000
64526  -37.112  -25.217  55.122 0.0000000000
65755  -37.593  -24.482  56.085 0.0000000000
65704  -29.864  -24.184  59.401 0.0000000000
64487  -32.285  -25.117  58.581 0.0000000000
64498  -31.614  -24.824  57.968 0.0000000000
64509  -31.669  -24.890  57.096 0.0000000000
63227  -34.957  -25.711  59.346 0.0000000000
63226  -34.229  -25.583  59.435 0.0000000000
61999  -34.621  -25.840  56.908 0.0000000000
63255  -34.405  -25.831  57.542 0.0000000000
63270  -34.219  -25.669  56.550 0.0000000000
63282  -32.961  -25.358  56.531 0.0000000000
63299  -33.673  -25.308  54.974 0.0000000000
63284  -34.152  -25.558  55.661 0.0000000000
62048  -35.700  -25.650  54.737 0.0000000000
63301  -34.857  -25.753  54.420 0.0000000000
63302  -35.408  -25.844  54.242 0.0000000000
63331  -34.950  -26.319  52.823 0.0000000000
64473  -30.482  -24.414  60.074 0.0000000000
65703  -29.070  -24.106  59.622 0.0000000000
87621  -45.444  -8.738  42.036 0.0000000000
87620  -44.751  -8.813  41.478 0.0000000000
88832  -45.832  -8.025  42.571 0.0000000000
91417  -46.653  -5.678  42.433 0.0000000000
90067  -45.991  -6.242  42.224 0.0000000000
91433  -46.227  -5.510  41.784 0.0000000000
92844  -46.759  -4.858  41.656 0.0000000000
91405  -49.852  -4.553  43.897 0.0000000000
92835  -49.022  -3.819  43.018 0.0000000000
92846  -47.989  -3.488  41.754 0.0000000000
94112  -47.574  -3.386  41.058 0.0000000000
92853  -46.938  -3.883  40.673 0.0000000000
94120  -47.411  -3.277  40.192 0.0000000000
94121  -47.798  -2.709  40.501 0.0000000000
96505  -48.400  -1.221  40.561 0.0000000000
96515  -48.188  -1.237  39.882 0.0000000000
96516  -48.128  -0.812  39.168 0.0000000000
96529  -48.274  -0.804  38.445 0.0000000000
99028  -48.509  -0.178  39.257 0.0000000000
99029  -48.924  0.274  38.961 0.0000000000
99025  -48.912  0.306  40.148 0.0000000000
99022  -49.849  0.640  41.447 0.0000000000
100238  -50.576  1.279  42.285 0.0000000000
101469  -50.698  1.844  42.065 0.0000000000
101465  -50.733  1.564  42.465 0.0000000000
101438  -51.626  2.655  44.754 0.0000000000
77241  -37.827  -15.256  48.830 0.0000000000
77252  -36.891  -15.296  47.551 0.0000000000
77253  -37.762  -14.844  47.957 0.0000000000
78506  -40.406  -14.176  49.915 0.0000000000
79798  -40.119  -13.742  49.306 0.0000000000
79829  -39.414  -13.328  47.778 0.0000000000
79812  -39.367  -13.774  48.527 0.0000000000
79828  -38.805  -13.751  47.311 0.0000000000
79843  -38.514  -14.016  46.308 0.0000000000
79844  -39.135  -13.488  45.983 0.0000000000
81230  -39.837  -13.059  45.744 0.0000000000
81232  -41.750  -13.292  44.904 0.0000000000
81191  -44.008  -12.745  45.978 0.0000000000
81216  -43.610  -13.058  45.480 0.0000000000
81192  -44.508  -12.950  45.915 0.0000000000
81217  -44.591  -13.508  45.269 0.0000000000
82599  -46.012  -12.209  47.153 0.0000000000
81164  -46.710  -12.747  46.989 0.0000000000
81194  -46.084  -12.933  46.373 0.0000000000
58334  -23.021  -30.432  59.831 0.0000000000
57231  -22.720  -31.027  60.376 0.0000000000
57280  -22.697  -31.866  56.143 0.0000000000
56258  -22.701  -31.899  56.508 0.0000000000
56259  -22.590  -32.184  56.119 0.0000000000
54069  -21.676  -33.155  56.056 0.0000000000
54071  -22.069  -32.658  56.546 0.0000000000
54051  -21.830  -32.469  57.122 0.0000000000
54050  -21.469  -32.696  56.961 0.0000000000
54031  -21.203  -32.672  58.243 0.0000000000
55141  -21.048  -32.880  56.960 0.0000000000
53895  -5.777  -35.603  67.843 0.0000000000
68424  -34.550  -23.771  47.429 0.0000000000
70713  -34.324  -21.523  49.143 0.0000000000
71860  -34.588  -20.714  49.867 0.0000000000
71872  -34.330  -20.124  49.377 0.0000000000
71873  -34.877  -19.800  49.832 0.0000000000
64564  -36.087  -25.488  52.957 0.0000000000
65824  -35.951  -25.311  52.392 0.0000000000
65798  -36.391  -24.920  53.281 0.0000000000
71823  -37.106  -20.716  52.961 0.0000000000
70674  -37.179  -21.267  53.437 0.0000000000
70689  -36.601  -21.447  52.569 0.0000000000
73230  -37.223  -18.874  51.559 0.0000000000
74640  -36.425  -18.681  50.676 0.0000000000
74659  -37.167  -17.647  50.152 0.0000000000
74642  -38.067  -17.846  51.180 0.0000000000
74643  -38.959  -17.149  51.356 0.0000000000
75953  -39.370  -16.432  51.095 0.0000000000
74611  -40.939  -17.613  53.823 0.0000000000
74610  -40.462  -17.576  53.224 0.0000000000
77228  -40.933  -15.638  52.101 0.0000000000
67023  -24.041  -24.895  53.483 0.0000000000
64547  -23.989  -26.532  52.902 0.0000000000
65774  -24.070  -25.453  52.912 0.0000000000
66988  -28.808  -23.771  56.455 0.0000000000
67010  -28.878  -23.769  54.718 0.0000000000
65795  -31.227  -24.432  52.578 0.0000000000
63208  -22.788  -27.616  60.126 0.0000000000
66954  -23.189  -24.003  58.988 0.0000000000
65702  -22.610  -24.809  59.609 0.0000000000
63252  -22.457  -27.378  56.270 0.0000000000
64484  -22.452  -26.671  57.968 0.0000000000
61998  -22.367  -28.226  56.944 0.0000000000
60895  -22.672  -29.113  55.211 0.0000000000
99034  -49.927  0.738  38.243 0.0000000000
97797  -49.742  0.238  37.358 0.0000000000
100252  -51.634  1.953  38.682 0.0000000000
100258  -50.959  1.367  38.096 0.0000000000
102649  -52.657  3.195  40.950 0.0000000000
102650  -53.562  3.511  40.738 0.0000000000
101516  -53.986  2.593  38.205 0.0000000000
101504  -53.491  2.649  38.736 0.0000000000
100261  -53.867  2.199  37.533 0.0000000000
100273  -53.349  1.728  36.978 0.0000000000
99044  -53.865  1.438  36.171 0.0000000000
100288  -54.366  1.547  36.219 0.0000000000
100276  -55.755  1.996  36.525 0.0000000000
100289  -55.035  1.534  35.982 0.0000000000
99050  -56.266  1.128  35.006 0.0000000000
100277  -56.601  2.090  36.344 0.0000000000
101508  -57.104  3.224  38.438 0.0000000000
101520  -57.210  2.815  37.677 0.0000000000
101509  -58.012  3.329  38.258 0.0000000000
51750  -11.675  -36.502  62.162 0.0000000000
51737  -11.557  -35.766  63.143 0.0000000000
75981  -35.157  -16.553  48.001 0.0000000000
82732  -43.207  -12.837  39.256 0.0000000000
82718  -44.239  -11.933  39.952 0.0000000000
79878  -42.291  -14.598  43.582 0.0000000000
78568  -43.543  -14.654  43.127 0.0000000000
78588  -43.804  -14.363  42.513 0.0000000000
78606  -43.140  -14.408  41.987 0.0000000000
79867  -47.049  -14.070  44.313 0.0000000000
78556  -46.060  -14.360  44.019 0.0000000000
79883  -46.398  -14.259  43.875 0.0000000000
81256  -45.670  -13.800  42.529 0.0000000000
81255  -45.259  -13.848  42.459 0.0000000000
79921  -44.681  -13.912  42.355 0.0000000000
81277  -44.956  -13.566  42.109 0.0000000000
82685  -44.567  -13.136  41.511 0.0000000000
82686  -45.320  -12.802  41.520 0.0000000000
84010  -45.756  -11.669  41.145 0.0000000000
84009  -45.698  -12.232  41.299 0.0000000000
84011  -45.715  -11.444  41.056 0.0000000000
85238  -44.934  -11.008  40.505 0.0000000000
85227  -45.664  -10.923  41.071 0.0000000000
85209  -45.457  -10.294  41.216 0.0000000000
86420  -46.349  -9.896  41.969 0.0000000000
86405  -47.820  -9.753  42.687 0.0000000000
87607  -48.138  -9.193  43.200 0.0000000000
87593  -48.074  -8.348  43.597 0.0000000000
53957  -13.737  -34.059  63.542 0.0000000000
53947  -13.789  -33.855  64.311 0.0000000000
52868  -13.276  -34.334  64.099 0.0000000000
52873  -12.836  -34.902  63.376 0.0000000000
52892  -13.101  -36.268  60.407 0.0000000000
51736  -10.795  -36.094  63.150 0.0000000000
51735  -10.091  -36.283  63.346 0.0000000000
51722  -8.633  -36.515  64.070 0.0000000000
51723  -9.467  -36.228  63.959 0.0000000000
50577  -7.660  -38.887  62.791 0.0000000000
50559  -7.011  -37.908  63.707 0.0000000000
51682  -6.922  -37.004  65.857 0.0000000000
51683  -7.415  -36.354  65.668 0.0000000000
51666  -6.554  -36.962  66.669 0.0000000000
51681  -6.184  -37.145  65.944 0.0000000000
53922  -4.901  -35.800  66.430 0.0000000000
49377  -4.470  -39.378  63.614 0.0000000000
50556  -4.765  -38.444  64.032 0.0000000000
65857  -34.566  -25.473  49.265 0.0000000000
68282  -25.654  -23.515  56.522 0.0000000000
63346  -33.683  -25.767  52.581 0.0000000000
64630  -33.397  -25.940  49.559 0.0000000000
64631  -34.199  -25.881  49.851 0.0000000000
65692  -28.771  -24.082  60.555 0.0000000000
66933  -27.812  -23.637  60.278 0.0000000000
68229  -26.275  -23.614  59.681 0.0000000000
68243  -25.592  -23.518  59.281 0.0000000000
68244  -26.380  -23.607  58.947 0.0000000000
95331  -47.885  -1.840  37.544 0.0000000000
97804  -50.493  -0.668  35.417 0.0000000000
71885  -33.186  -20.438  47.978 0.0000000000
78564  -38.669  -14.680  43.057 0.0000000000
78583  -38.359  -15.653  42.156 0.0000000000
56212  -19.421  -32.651  57.567 0.0000000000
56175  -17.661  -31.689  60.333 0.0000000000
56192  -17.393  -32.310  59.321 0.0000000000
56191  -16.654  -32.845  59.245 0.0000000000
56208  -16.353  -33.116  58.662 0.0000000000
55113  -15.860  -33.672  58.474 0.0000000000
55137  -16.203  -34.075  57.549 0.0000000000
63273  -37.228  -25.169  55.959 0.0000000000
64511  -37.613  -24.740  56.546 0.0000000000
64474  -31.352  -24.671  59.806 0.0000000000
63240  -35.134  -25.839  58.405 0.0000000000
61985  -35.211  -25.903  57.771 0.0000000000
62000  -34.958  -25.993  57.220 0.0000000000
62014  -34.833  -25.852  56.585 0.0000000000
62028  -34.929  -25.754  55.997 0.0000000000
62029  -35.368  -25.744  55.802 0.0000000000
62030  -35.897  -25.643  55.448 0.0000000000
88833  -46.659  -7.601  43.135 0.0000000000
90041  -47.031  -6.829  43.288 0.0000000000
90052  -47.095  -6.159  43.085 0.0000000000
91418  -47.260  -5.417  42.675 0.0000000000
94087  -49.764  -3.382  43.267 0.0000000000
94104  -49.448  -2.831  42.806 0.0000000000
95277  -48.749  -2.138  42.011 0.0000000000
95289  -48.796  -1.684  41.774 0.0000000000
96506  -48.720  -1.115  41.177 0.0000000000
97767  -49.392  -0.367  41.524 0.0000000000
99021  -49.343  0.220  40.911 0.0000000000
97768  -49.866  -0.014  42.050 0.0000000000
75963  -38.300  -16.369  49.904 0.0000000000
77242  -38.551  -14.790  49.214 0.0000000000
81142  -40.740  -13.252  49.112 0.0000000000
81161  -40.746  -12.713  48.272 0.0000000000
81189  -39.963  -12.821  47.388 0.0000000000
81212  -39.515  -13.102  46.659 0.0000000000
81214  -41.566  -12.701  45.850 0.0000000000
81215  -42.566  -12.925  45.408 0.0000000000
82641  -42.530  -12.551  46.070 0.0000000000
82623  -43.438  -12.467  46.288 0.0000000000
82597  -44.016  -12.066  46.850 0.0000000000
61961  -23.070  -28.427  60.660 0.0000000000
59540  -23.024  -29.771  59.352 0.0000000000
58345  -23.079  -30.407  58.763 0.0000000000
55184  -22.272  -32.789  55.770 0.0000000000
55162  -20.837  -33.531  55.918 0.0000000000
100279  -58.289  2.416  36.234 0.0000000000
100293  -58.747  1.955  35.500 0.0000000000
100294  -59.759  1.989  35.495 0.0000000000
52830  -6.421  -35.563  68.548 0.0000000000
68409  -35.466  -23.497  48.894 0.0000000000
69604  -35.141  -23.003  48.723 0.0000000000
70714  -34.966  -22.313  49.183 0.0000000000
70705  -34.933  -21.508  50.105 0.0000000000
67048  -36.834  -24.462  53.755 0.0000000000
68343  -36.868  -23.554  53.762 0.0000000000
69544  -37.039  -22.339  53.808 0.0000000000
71806  -38.174  -20.005  54.067 0.0000000000
71840  -37.553  -19.704  52.728 0.0000000000
73218  -37.650  -19.054  52.216 0.0000000000
73231  -37.926  -18.502  51.945 0.0000000000
74625  -38.314  -18.159  52.013 0.0000000000
74627  -39.938  -17.454  52.563 0.0000000000
75907  -41.529  -16.941  53.857 0.0000000000
65738  -30.373  -24.407  56.669 0.0000000000
66999  -29.348  -23.903  55.781 0.0000000000
67000  -30.038  -24.034  55.638 0.0000000000
67026  -29.935  -23.854  53.918 0.0000000000
67092  -31.331  -24.368  51.255 0.0000000000
67069  -30.816  -24.216  51.941 0.0000000000
64457  -22.379  -25.818  60.205 0.0000000000
65722  -22.731  -25.508  56.848 0.0000000000
64495  -22.465  -25.930  57.445 0.0000000000
63266  -22.596  -27.675  55.818 0.0000000000
100251  -50.589  1.453  38.953 0.0000000000
100245  -50.913  1.973  40.194 0.0000000000
101488  -51.610  2.319  40.012 0.0000000000
101502  -51.864  2.282  39.391 0.0000000000
101479  -53.833  3.294  40.031 0.0000000000
101505  -54.487  2.810  38.796 0.0000000000
100262  -54.775  2.226  37.402 0.0000000000
100263  -55.614  2.357  37.253 0.0000000000
100264  -56.448  2.451  37.082 0.0000000000
101494  -56.979  3.552  39.205 0.0000000000
50613  -11.213  -37.355  61.391 0.0000000000
75997  -35.072  -16.004  46.993 0.0000000000
76011  -35.304  -15.900  45.601 0.0000000000
81310  -42.474  -13.689  39.685 0.0000000000
79863  -43.850  -14.229  44.336 0.0000000000
79879  -43.256  -14.544  43.686 0.0000000000
78570  -45.018  -14.591  43.506 0.0000000000
79885  -47.560  -13.644  43.411 0.0000000000
79901  -47.040  -13.747  43.123 0.0000000000
81279  -46.762  -13.019  42.293 0.0000000000
83994  -45.950  -12.461  41.497 0.0000000000
82688  -46.978  -12.443  41.995 0.0000000000
85194  -46.907  -10.310  42.162 0.0000000000
86406  -48.711  -9.759  42.898 0.0000000000
55031  -15.527  -32.865  62.797 0.0000000000
55021  -15.401  -32.726  63.762 0.0000000000
53958  -14.242  -33.750  63.173 0.0000000000
52881  -13.366  -34.982  61.974 0.0000000000
52886  -13.546  -35.484  61.006 0.0000000000
52893  -13.613  -35.884  59.989 0.0000000000
50579  -9.419  -36.904  62.786 0.0000000000
50561  -8.530  -37.043  63.338 0.0000000000
50575  -6.165  -39.462  63.296 0.0000000000
50540  -6.326  -37.445  64.122 0.0000000000
51700  -5.928  -37.111  64.884 0.0000000000
51699  -5.288  -37.335  64.804 0.0000000000
51719  -4.783  -37.431  64.503 0.0000000000
63210  -33.988  -25.461  60.246 0.0000000000
63241  -35.901  -25.705  58.755 0.0000000000
90024  -49.462  -6.036  44.398 0.0000000000
90044  -48.946  -5.884  44.128 0.0000000000
91385  -49.943  -5.253  44.325 0.0000000000
95264  -51.007  -2.021  43.580 0.0000000000
96474  -51.075  -1.366  43.525 0.0000000000
97746  -51.167  -0.787  43.537 0.0000000000
78494  -40.810  -14.911  50.988 0.0000000000
78500  -40.562  -14.694  50.558 0.0000000000
78501  -41.138  -14.210  50.567 0.0000000000
79800  -41.938  -13.117  49.748 0.0000000000
81144  -42.327  -12.561  49.250 0.0000000000
83914  -43.714  -11.688  47.807 0.0000000000
58365  -22.647  -30.534  56.676 0.0000000000
57281  -22.690  -31.688  55.601 0.0000000000
51655  -8.675  -35.208  67.500 0.0000000000
67123  -34.948  -24.316  48.436 0.0000000000
67124  -35.568  -24.163  49.024 0.0000000000
73221  -39.949  -18.151  53.168 0.0000000000
64521  -23.277  -26.376  54.575 0.0000000000
67007  -24.144  -24.471  54.117 0.0000000000
67008  -24.737  -24.039  53.620 0.0000000000
68340  -27.091  -23.666  52.598 0.0000000000
64538  -32.480  -24.896  54.456 0.0000000000
64537  -31.879  -24.766  54.019 0.0000000000
64549  -32.201  -24.950  53.692 0.0000000000
65796  -31.913  -24.841  52.761 0.0000000000
65821  -31.821  -24.974  51.798 0.0000000000
64584  -32.408  -25.403  51.857 0.0000000000
65840  -31.902  -24.650  50.626 0.0000000000
66929  -23.778  -23.909  61.253 0.0000000000
68226  -24.411  -23.649  60.877 0.0000000000
68253  -23.978  -23.526  59.416 0.0000000000
68254  -24.772  -23.445  58.813 0.0000000000
68268  -23.958  -23.584  58.515 0.0000000000
66968  -23.335  -23.982  57.824 0.0000000000
65735  -23.059  -24.835  56.659 0.0000000000
65736  -23.067  -25.266  55.979 0.0000000000
92878  -46.157  -3.979  38.918 0.0000000000
97810  -52.531  -0.264  34.478 0.0000000000
102620  -52.041  3.892  43.292 0.0000000000
102623  -52.094  3.683  42.590 0.0000000000
103754  -52.445  4.466  43.901 0.0000000000
103768  -52.721  4.255  42.998 0.0000000000
102637  -56.034  4.314  40.829 0.0000000000
78528  -37.333  -14.736  45.857 0.0000000000
79918  -42.710  -14.225  41.128 0.0000000000
79847  -46.295  -13.785  45.046 0.0000000000
79848  -47.118  -13.872  45.006 0.0000000000
81244  -48.463  -13.174  43.725 0.0000000000
82661  -48.844  -12.592  43.670 0.0000000000
82673  -49.324  -11.651  43.232 0.0000000000
83984  -49.433  -11.043  42.761 0.0000000000
55094  -20.026  -32.234  59.867 0.0000000000
55075  -20.105  -32.195  60.987 0.0000000000
56136  -17.066  -31.880  62.121 0.0000000000
56155  -16.818  -31.812  61.028 0.0000000000
56135  -16.168  -32.384  61.580 0.0000000000
55055  -15.161  -33.567  61.462 0.0000000000
54011  -14.701  -34.910  59.179 0.0000000000
49379  -5.453  -39.781  63.721 0.0000000000
63349  -35.473  -26.528  52.172 0.0000000000
64588  -35.572  -26.189  51.952 0.0000000000
64562  -35.879  -26.212  52.324 0.0000000000
64551  -36.203  -25.656  53.240 0.0000000000
64552  -36.716  -25.398  53.728 0.0000000000
63304  -36.617  -25.656  54.074 0.0000000000
64553  -37.053  -25.217  54.269 0.0000000000
65781  -37.100  -24.913  54.141 0.0000000000
65766  -37.367  -24.472  55.191 0.0000000000
64501  -37.807  -24.923  57.584 0.0000000000
66956  -27.936  -23.659  58.446 0.0000000000
66971  -28.037  -23.607  57.597 0.0000000000
66957  -28.694  -23.675  58.168 0.0000000000
65723  -29.441  -23.902  57.844 0.0000000000
65724  -30.170  -24.285  57.565 0.0000000000
64497  -30.792  -24.546  58.226 0.0000000000
64522  -31.050  -24.656  56.579 0.0000000000
64523  -31.651  -24.838  56.154 0.0000000000
63225  -33.626  -25.445  59.623 0.0000000000
63238  -33.603  -25.550  58.818 0.0000000000
64488  -32.942  -25.467  58.352 0.0000000000
63254  -33.451  -25.670  57.908 0.0000000000
63253  -32.940  -25.532  57.731 0.0000000000
63268  -32.944  -25.489  57.283 0.0000000000
64524  -32.504  -24.959  55.644 0.0000000000
64525  -33.105  -25.019  55.064 0.0000000000
64539  -33.153  -25.178  54.412 0.0000000000
63312  -33.651  -25.458  54.129 0.0000000000
63313  -34.264  -25.794  53.864 0.0000000000
63330  -34.287  -25.992  53.043 0.0000000000
63348  -35.155  -26.370  52.184 0.0000000000
65681  -29.473  -24.305  61.118 0.0000000000
85225  -44.630  -10.259  40.625 0.0000000000
86432  -44.243  -9.569  40.377 0.0000000000
87633  -44.244  -8.773  40.993 0.0000000000
90050  -45.867  -6.969  42.522 0.0000000000
90065  -44.544  -7.030  41.424 0.0000000000
90074  -44.319  -6.506  40.469 0.0000000000
91403  -48.060  -5.561  43.292 0.0000000000
91419  -48.213  -4.899  42.878 0.0000000000
92833  -47.764  -4.669  42.446 0.0000000000
92834  -48.251  -4.088  42.417 0.0000000000
92852  -46.514  -4.594  41.119 0.0000000000
92867  -46.122  -4.277  40.053 0.0000000000
92879  -46.801  -3.448  38.921 0.0000000000
95317  -47.377  -2.575  38.732 0.0000000000
95310  -47.716  -2.133  39.688 0.0000000000
95318  -47.646  -1.992  38.632 0.0000000000
96541  -47.954  -1.331  38.208 0.0000000000
96542  -48.518  -1.028  37.499 0.0000000000
97796  -49.215  -0.410  36.946 0.0000000000
97790  -49.010  -0.211  38.040 0.0000000000
99033  -49.316  0.288  38.281 0.0000000000
99030  -49.648  0.959  39.432 0.0000000000
100244  -50.341  1.614  40.853 0.0000000000
101475  -50.655  2.030  41.432 0.0000000000
102622  -51.481  3.213  43.119 0.0000000000
99002  -51.245  0.212  43.511 0.0000000000
101457  -51.337  2.446  43.774 0.0000000000
102619  -51.688  3.543  44.023 0.0000000000
74677  -35.802  -17.672  49.509 0.0000000000
75971  -36.343  -16.627  49.144 0.0000000000
78499  -40.069  -14.597  49.987 0.0000000000
78505  -39.468  -14.311  49.413 0.0000000000
78504  -38.888  -14.318  48.945 0.0000000000
79813  -40.149  -13.326  48.729 0.0000000000
78516  -38.613  -14.301  48.263 0.0000000000
78515  -38.170  -14.422  47.689 0.0000000000
78529  -37.910  -14.361  46.920 0.0000000000
78544  -38.000  -14.378  45.582 0.0000000000
79875  -38.979  -13.956  44.121 0.0000000000
79876  -39.901  -14.093  43.512 0.0000000000
81233  -42.785  -13.516  44.778 0.0000000000
81218  -45.469  -13.423  45.597 0.0000000000
83930  -43.826  -11.861  47.301 0.0000000000
83931  -44.330  -11.793  47.345 0.0000000000
82598  -44.843  -12.134  46.879 0.0000000000
83933  -45.627  -11.705  47.661 0.0000000000
82625  -45.115  -12.629  46.445 0.0000000000
82626  -45.629  -12.720  46.460 0.0000000000
81219  -46.251  -13.447  45.722 0.0000000000
81196  -48.039  -13.364  46.760 0.0000000000
57261  -22.967  -31.062  57.188 0.0000000000
56231  -22.857  -31.690  57.109 0.0000000000
56232  -22.787  -31.677  57.549 0.0000000000
55164  -22.331  -32.383  56.682 0.0000000000
55142  -22.347  -32.098  57.444 0.0000000000
56213  -22.801  -31.449  58.587 0.0000000000
55118  -22.419  -31.880  58.478 0.0000000000
54015  -21.990  -32.152  58.864 0.0000000000
55140  -20.583  -32.887  56.984 0.0000000000
55139  -20.003  -32.807  57.349 0.0000000000
100268  -60.245  3.134  37.132 0.0000000000
100281  -60.426  2.517  36.242 0.0000000000
70712  -33.898  -21.350  48.795 0.0000000000
71886  -33.850  -19.925  48.780 0.0000000000
73256  -35.024  -18.950  49.439 0.0000000000
64616  -35.792  -25.777  51.593 0.0000000000
65823  -35.778  -25.475  51.827 0.0000000000
67071  -36.164  -24.337  52.350 0.0000000000
67094  -35.879  -24.321  51.406 0.0000000000
68377  -35.872  -23.746  51.127 0.0000000000
69579  -35.787  -22.936  51.191 0.0000000000
69543  -36.890  -22.063  52.897 0.0000000000
71849  -35.429  -20.655  51.041 0.0000000000
71862  -35.848  -19.720  50.943 0.0000000000
73241  -35.847  -19.043  50.550 0.0000000000
73257  -35.613  -18.584  50.029 0.0000000000
77232  -40.496  -15.289  51.143 0.0000000000
75932  -41.043  -16.790  53.207 0.0000000000
75943  -40.371  -16.442  52.150 0.0000000000
77227  -40.528  -15.757  51.696 0.0000000000
66987  -28.108  -23.672  56.725 0.0000000000
68294  -27.447  -23.699  55.654 0.0000000000
67009  -28.216  -23.654  55.024 0.0000000000
68304  -27.557  -23.576  54.918 0.0000000000
68361  -27.974  -23.709  51.918 0.0000000000
65776  -30.749  -24.131  53.298 0.0000000000
67045  -30.138  -23.822  52.724 0.0000000000
63192  -22.963  -27.646  61.338 0.0000000000
60861  -22.625  -29.070  57.717 0.0000000000
64483  -22.395  -25.868  58.212 0.0000000000
64472  -22.538  -26.580  58.766 0.0000000000
63224  -22.640  -27.433  58.856 0.0000000000
59606  -22.420  -29.933  55.951 0.0000000000
97799  -49.375  -0.583  36.357 0.0000000000
97800  -50.159  -0.134  36.092 0.0000000000
99041  -50.973  0.353  36.251 0.0000000000
97801  -51.045  0.154  35.854 0.0000000000
99047  -52.701  0.469  35.228 0.0000000000
102633  -52.151  3.372  41.729 0.0000000000
101489  -52.405  2.613  39.777 0.0000000000
101503  -52.550  2.433  39.057 0.0000000000
101490  -53.244  2.864  39.530 0.0000000000
100253  -52.622  2.175  38.258 0.0000000000
99039  -52.875  1.571  36.879 0.0000000000
99043  -53.079  1.312  36.253 0.0000000000
99061  -53.414  0.279  34.667 0.0000000000
97812  -55.190  -0.405  34.071 0.0000000000
99049  -55.246  1.056  35.189 0.0000000000
99051  -57.228  1.219  34.871 0.0000000000
100278  -57.415  2.228  36.191 0.0000000000
100266  -57.868  2.517  36.724 0.0000000000
101521  -58.084  2.874  37.383 0.0000000000
101510  -59.057  3.446  38.013 0.0000000000
51726  -12.150  -35.437  63.956 0.0000000000
51749  -11.148  -36.439  62.481 0.0000000000
50596  -10.471  -37.067  62.055 0.0000000000
74697  -34.739  -17.766  48.190 0.0000000000
74721  -33.905  -17.533  46.733 0.0000000000
77281  -35.881  -15.694  44.758 0.0000000000
78566  -41.680  -14.923  42.773 0.0000000000
79919  -43.348  -14.024  41.561 0.0000000000
79882  -45.299  -14.514  43.961 0.0000000000
79900  -46.141  -14.210  43.138 0.0000000000
78590  -45.396  -14.475  43.185 0.0000000000
78589  -44.716  -14.477  42.904 0.0000000000
79898  -44.422  -14.134  42.463 0.0000000000
79920  -44.186  -13.821  42.065 0.0000000000
81275  -43.418  -13.646  41.218 0.0000000000
81295  -43.658  -13.173  40.891 0.0000000000
82701  -45.005  -12.191  40.855 0.0000000000
82719  -44.832  -11.863  40.259 0.0000000000
85237  -44.777  -10.858  40.339 0.0000000000
85208  -44.930  -10.211  41.003 0.0000000000
86419  -45.818  -9.751  41.680 0.0000000000
87605  -46.281  -8.702  42.597 0.0000000000
86404  -46.831  -9.761  42.377 0.0000000000
87592  -47.487  -8.169  43.445 0.0000000000
52858  -12.689  -34.561  65.314 0.0000000000
52859  -13.154  -34.334  65.118 0.0000000000
51751  -12.328  -36.142  61.797 0.0000000000
51706  -10.747  -35.392  65.416 0.0000000000
51705  -9.766  -35.707  65.081 0.0000000000
51685  -9.054  -35.544  65.877 0.0000000000
51669  -8.393  -35.408  66.586 0.0000000000
51668  -7.574  -35.739  66.436 0.0000000000
50560  -7.857  -37.672  63.386 0.0000000000
51721  -7.928  -36.938  63.992 0.0000000000
51653  -7.261  -35.747  67.074 0.0000000000
52838  -6.905  -35.966  67.264 0.0000000000
52837  -6.268  -36.243  67.399 0.0000000000
53907  -5.756  -35.819  67.338 0.0000000000
52836  -5.862  -36.243  67.118 0.0000000000
53908  -5.883  -36.057  67.734 0.0000000000
54052  -22.088  -32.349  57.112 0.0000000000
54070  -21.834  -32.824  56.413 0.0000000000
54091  -21.804  -33.298  55.572 0.0000000000
54093  -22.026  -33.017  56.020 0.0000000000
54973  -5.751  -35.115  67.856 0.0000000000
56190  -16.081  -33.179  59.075 0.0000000000
56246  -22.752  -31.770  56.898 0.0000000000
57250  -23.045  -31.033  58.178 0.0000000000
57260  -22.853  -31.513  56.883 0.0000000000
57269  -22.690  -31.641  56.389 0.0000000000
61986  -35.637  -25.747  58.088 0.0000000000
62003  -36.594  -25.569  57.629 0.0000000000
62011  -22.542  -27.890  55.926 0.0000000000
62012  -22.629  -28.197  55.811 0.0000000000
62013  -34.591  -25.764  56.569 0.0000000000
62045  -34.593  -25.622  55.572 0.0000000000
62046  -34.909  -25.656  55.242 0.0000000000
63209  -33.628  -25.405  60.007 0.0000000000
63251  -22.476  -27.679  56.038 0.0000000000
63287  -37.150  -25.198  55.395 0.0000000000
63333  -35.855  -26.142  52.625 0.0000000000
64500  -32.934  -25.547  57.973 0.0000000000
64512  -37.850  -24.470  56.720 0.0000000000
64540  -37.025  -25.299  54.608 0.0000000000
64548  -31.891  -24.771  53.595 0.0000000000
64563  -35.955  -25.851  52.627 0.0000000000
64590  -36.276  -25.748  52.411 0.0000000000
65721  -22.676  -25.005  57.449 0.0000000000
65751  -29.999  -24.163  56.106 0.0000000000
65754  -32.189  -24.696  54.962 0.0000000000
65765  -31.939  -24.674  54.597 0.0000000000
65778  -32.035  -24.841  53.317 0.0000000000
65779  -32.329  -25.036  53.394 0.0000000000
65799  -36.824  -24.922  53.720 0.0000000000
66930  -24.862  -23.772  61.284 0.0000000000
66946  -28.534  -23.879  59.001 0.0000000000
67046  -30.755  -24.137  52.503 0.0000000000
67070  -31.353  -24.526  51.813 0.0000000000
68241  -24.157  -23.542  60.342 0.0000000000
68305  -28.208  -23.606  54.706 0.0000000000
77233  -40.772  -15.315  51.595 0.0000000000
78517  -39.062  -14.132  48.804 0.0000000000
78530  -38.384  -14.218  47.556 0.0000000000
78555  -45.736  -14.410  44.051 0.0000000000
78571  -45.498  -14.503  43.645 0.0000000000
78572  -45.915  -14.412  43.693 0.0000000000
79884  -46.994  -14.001  43.660 0.0000000000
79902  -47.400  -13.578  43.106 0.0000000000
81245  -48.974  -12.705  43.959 0.0000000000
82574  -46.301  -11.908  47.744 0.0000000000
82687  -46.259  -12.709  41.787 0.0000000000
82703  -45.319  -11.963  40.273 0.0000000000
82704  -45.793  -11.544  40.214 0.0000000000
82720  -45.039  -11.973  40.162 0.0000000000
82721  -45.594  -11.709  40.180 0.0000000000
82722  -45.709  -11.456  39.953 0.0000000000
84012  -45.659  -11.371  40.534 0.0000000000
84025  -44.602  -11.314  40.000 0.0000000000
84026  -44.953  -11.419  40.275 0.0000000000
84027  -45.307  -11.519  40.200 0.0000000000
84028  -45.801  -11.335  40.338 0.0000000000
85228  -45.868  -11.096  41.045 0.0000000000
85229  -46.251  -10.977  40.742 0.0000000000
85239  -45.757  -10.976  40.876 0.0000000000
85240  -45.970  -10.807  40.894 0.0000000000
88807  -48.780  -6.851  44.407 0.0000000000
88821  -47.041  -7.307  43.334 0.0000000000
88834  -47.195  -8.020  43.365 0.0000000000
88849  -45.212  -7.531  42.064 0.0000000000
90066  -45.376  -6.360  41.736 0.0000000000
90075  -44.815  -6.384  41.129 0.0000000000
91384  -49.470  -5.442  44.172 0.0000000000
92818  -49.578  -4.141  43.504 0.0000000000
94105  -49.948  -2.815  43.095 0.0000000000
94132  -47.598  -2.786  39.937 0.0000000000
95288  -48.502  -2.159  41.581 0.0000000000
95300  -48.557  -1.705  41.333 0.0000000000
95309  -47.461  -2.380  39.126 0.0000000000
96486  -49.412  -1.463  42.303 0.0000000000
97775  -48.948  -0.322  40.847 0.0000000000
97782  -48.343  -0.557  39.544 0.0000000000
99024  -48.540  -0.119  39.666 0.0000000000
99046  -51.966  0.213  35.351 0.0000000000
100254  -53.372  2.315  38.026 0.0000000000
101420  -51.736  3.012  45.217 0.0000000000
101481  -56.450  3.699  39.767 0.0000000000
101493  -56.139  3.517  39.443 0.0000000000
101529  -58.345  2.689  36.829 0.0000000000
102634  -53.195  3.726  41.472 0.0000000000
102669  -56.105  3.656  39.755 0.0000000000
103734  -51.876  4.066  45.211 0.0000000000
