#!ascii label  , from subject 3001 vox2ras=TkReg
1887
111974  -48.633  11.507  29.410 0.0000000000
106433  -59.667  7.338  20.982 0.0000000000
118160  -56.315  18.193  33.992 0.0000000000
109831  -57.962  10.014  25.806 0.0000000000
108639  -55.431  8.180  35.804 0.0000000000
116232  -58.281  15.557  21.055 0.0000000000
121531  -57.782  20.387  23.475 0.0000000000
123784  -43.818  22.746  22.376 0.0000000000
104952  -45.242  5.608  42.651 0.0000000000
109812  -52.747  9.282  26.074 0.0000000000
109905  -56.432  10.204  20.852 0.0000000000
115221  -52.373  14.607  24.368 0.0000000000
125785  -59.868  23.654  35.422 0.0000000000
121431  -61.818  20.530  29.464 0.0000000000
122587  -55.716  21.302  27.940 0.0000000000
120436  -50.804  19.716  22.907 0.0000000000
121438  -46.927  20.611  28.056 0.0000000000
109931  -58.268  9.578  17.326 0.0000000000
113001  -45.502  12.343  35.255 0.0000000000
116153  -52.149  15.756  31.375 0.0000000000
113056  -63.291  12.221  29.622 0.0000000000
109773  -56.548  9.439  30.227 0.0000000000
106293  -51.115  6.388  30.933 0.0000000000
103828  -49.402  4.782  37.768 0.0000000000
112116  -62.347  10.966  18.305 0.0000000000
116285  -61.494  14.845  17.748 0.0000000000
118232  -57.069  18.327  27.436 0.0000000000
119370  -62.565  18.397  22.647 0.0000000000
119425  -57.956  18.391  18.582 0.0000000000
121639  -52.603  20.891  17.729 0.0000000000
122729  -46.398  20.730  17.822 0.0000000000
109809  -49.812  10.418  27.030 0.0000000000
112033  -51.891  11.774  24.115 0.0000000000
114159  -49.801  13.591  27.045 0.0000000000
123677  -56.371  22.115  33.578 0.0000000000
125841  -58.416  22.822  31.261 0.0000000000
121413  -54.731  20.102  30.161 0.0000000000
121460  -51.914  20.353  27.470 0.0000000000
107673  -58.623  7.964  18.532 0.0000000000
111903  -45.386  11.120  38.079 0.0000000000
115126  -47.817  13.782  36.397 0.0000000000
109743  -56.091  8.907  32.814 0.0000000000
107530  -54.106  7.682  30.574 0.0000000000
107491  -53.413  7.071  33.738 0.0000000000
103803  -47.050  4.563  40.085 0.0000000000
103860  -43.397  4.963  35.437 0.0000000000
107471  -42.522  7.405  35.416 0.0000000000
107462  -40.865  6.759  36.791 0.0000000000
110951  -60.116  9.633  24.091 0.0000000000
113141  -56.713  12.438  20.132 0.0000000000
111037  -59.272  10.718  18.869 0.0000000000
113156  -59.899  12.863  18.872 0.0000000000
114248  -62.051  12.884  17.944 0.0000000000
115257  -60.552  15.010  19.574 0.0000000000
118170  -54.454  16.925  32.355 0.0000000000
118201  -54.749  17.602  29.031 0.0000000000
118189  -57.330  18.267  30.429 0.0000000000
124826  -60.683  22.289  26.247 0.0000000000
120405  -62.842  19.186  26.012 0.0000000000
122658  -61.303  21.650  22.461 0.0000000000
121602  -60.796  18.890  20.589 0.0000000000
121583  -58.398  19.733  20.595 0.0000000000
120502  -55.810  19.758  17.820 0.0000000000
121580  -55.243  19.882  20.217 0.0000000000
122645  -46.636  21.085  22.972 0.0000000000
122690  -48.729  21.449  20.112 0.0000000000
122667  -45.304  21.579  20.480 0.0000000000
121608  -43.200  20.433  17.721 0.0000000000
123808  -42.525  22.345  20.113 0.0000000000
109829  -55.678  9.555  25.531 0.0000000000
109864  -57.362  9.467  23.771 0.0000000000
109861  -54.155  10.042  23.334 0.0000000000
113130  -54.077  12.465  21.864 0.0000000000
116218  -55.410  15.521  22.460 0.0000000000
119291  -58.509  20.497  34.639 0.0000000000
118183  -59.666  19.414  31.360 0.0000000000
122531  -59.911  21.452  32.139 0.0000000000
125867  -59.365  21.925  28.834 0.0000000000
122619  -57.128  21.448  26.049 0.0000000000
120427  -54.918  19.762  23.043 0.0000000000
121512  -53.129  20.400  24.888 0.0000000000
121489  -48.555  20.412  25.484 0.0000000000
122599  -44.802  21.488  25.896 0.0000000000
112126  -57.072  11.355  17.518 0.0000000000
113027  -46.839  12.852  32.110 0.0000000000
114130  -49.930  13.760  30.007 0.0000000000
115152  -49.271  14.398  32.768 0.0000000000
116138  -51.124  16.140  34.314 0.0000000000
118152  -53.727  17.951  35.606 0.0000000000
117127  -52.351  16.428  38.715 0.0000000000
119268  -55.853  19.362  37.044 0.0000000000
111989  -60.474  11.139  28.529 0.0000000000
111965  -59.858  11.344  30.369 0.0000000000
110909  -57.307  10.188  27.888 0.0000000000
108703  -54.649  8.749  28.491 0.0000000000
107557  -52.085  7.514  28.762 0.0000000000
107443  -54.677  7.280  38.617 0.0000000000
106145  -49.467  5.884  42.312 0.0000000000
104990  -50.996  5.650  39.849 0.0000000000
105023  -52.092  6.045  37.248 0.0000000000
105055  -50.340  5.691  34.409 0.0000000000
109749  -46.669  9.555  31.325 0.0000000000
106418  -62.487  7.565  21.322 0.0000000000
110986  -59.098  9.600  21.665 0.0000000000
111024  -62.316  9.623  19.727 0.0000000000
106463  -62.479  7.801  19.131 0.0000000000
109935  -61.555  9.829  17.315 0.0000000000
112139  -59.884  11.565  16.502 0.0000000000
115286  -59.206  14.311  17.468 0.0000000000
116175  -52.091  15.999  28.168 0.0000000000
118257  -54.969  17.263  25.339 0.0000000000
118284  -58.085  17.684  23.916 0.0000000000
118221  -60.108  18.763  28.894 0.0000000000
118275  -59.867  17.783  24.796 0.0000000000
117262  -60.293  17.155  22.198 0.0000000000
118323  -62.264  17.456  19.974 0.0000000000
159007  -59.869  17.128  18.057 0.0000000000
116266  -57.169  15.639  18.812 0.0000000000
121591  -52.263  20.656  20.181 0.0000000000
122747  -49.473  21.341  17.280 0.0000000000
120494  -47.158  19.147  18.056 0.0000000000
119415  -43.937  18.647  17.676 0.0000000000
120476  -42.240  19.212  19.107 0.0000000000
110882  -49.156  10.786  28.220 0.0000000000
111998  -49.844  11.885  26.763 0.0000000000
113078  -49.462  12.186  27.838 0.0000000000
122538  -56.388  21.584  31.773 0.0000000000
120366  -52.053  19.302  29.828 0.0000000000
107641  -59.391  7.505  20.108 0.0000000000
108646  -55.690  8.492  34.624 0.0000000000
108653  -54.812  8.081  33.529 0.0000000000
107482  -54.333  7.657  34.542 0.0000000000
103848  -42.697  4.552  36.108 0.0000000000
105028  -41.752  5.412  36.327 0.0000000000
110924  -59.897  10.165  26.116 0.0000000000
109848  -58.715  9.648  24.844 0.0000000000
115253  -57.854  14.039  20.433 0.0000000000
114221  -58.012  12.962  19.675 0.0000000000
114204  -59.050  13.932  20.005 0.0000000000
114224  -60.297  13.888  19.261 0.0000000000
116246  -59.500  15.592  20.477 0.0000000000
118164  -55.469  17.613  33.233 0.0000000000
118171  -55.227  17.305  32.036 0.0000000000
118172  -56.428  17.807  32.326 0.0000000000
159016  -60.197  20.757  24.876 0.0000000000
123769  -60.910  22.231  24.389 0.0000000000
121534  -60.378  20.659  23.183 0.0000000000
122675  -60.250  20.427  22.043 0.0000000000
121547  -58.499  20.264  22.602 0.0000000000
121582  -57.378  19.815  20.442 0.0000000000
121545  -56.586  19.684  21.982 0.0000000000
122644  -45.479  21.635  22.826 0.0000000000
122654  -45.814  21.563  21.678 0.0000000000
123785  -44.455  22.206  21.830 0.0000000000
123809  -43.744  21.909  20.399 0.0000000000
123797  -43.454  22.562  21.350 0.0000000000
109813  -53.825  9.214  26.192 0.0000000000
109844  -54.390  9.659  24.352 0.0000000000
109843  -53.243  10.019  24.232 0.0000000000
114173  -51.881  13.712  24.406 0.0000000000
112042  -52.731  11.959  23.155 0.0000000000
114184  -53.437  13.702  22.721 0.0000000000
115235  -54.668  14.483  22.130 0.0000000000
116207  -53.716  15.413  23.483 0.0000000000
122479  -59.298  21.920  35.401 0.0000000000
120328  -59.476  20.633  33.416 0.0000000000
123678  -60.179  22.242  33.431 0.0000000000
123709  -57.217  21.647  29.390 0.0000000000
125853  -58.973  22.319  30.206 0.0000000000
123723  -57.605  21.660  28.363 0.0000000000
123735  -58.210  21.642  27.548 0.0000000000
122604  -56.681  21.617  26.836 0.0000000000
121495  -55.156  21.102  25.342 0.0000000000
122616  -54.330  21.106  26.765 0.0000000000
121440  -49.153  19.971  28.219 0.0000000000
121475  -50.634  20.551  26.580 0.0000000000
121456  -47.755  20.272  27.242 0.0000000000
121471  -46.803  20.592  25.994 0.0000000000
122584  -45.917  20.872  27.030 0.0000000000
111049  -57.613  10.428  17.298 0.0000000000
114083  -45.961  12.944  33.416 0.0000000000
114094  -47.391  13.296  32.230 0.0000000000
114085  -47.615  13.922  33.673 0.0000000000
115123  -49.484  14.344  37.357 0.0000000000
116131  -49.184  15.291  35.221 0.0000000000
117142  -50.070  16.126  35.909 0.0000000000
117145  -52.071  16.808  34.664 0.0000000000
117140  -51.164  16.622  36.211 0.0000000000
116115  -52.291  15.638  40.291 0.0000000000
119266  -54.095  18.328  37.865 0.0000000000
119236  -55.623  18.926  39.394 0.0000000000
120277  -56.544  20.049  38.097 0.0000000000
119222  -56.441  19.909  39.431 0.0000000000
113081  -61.230  11.065  28.066 0.0000000000
114143  -61.627  11.726  29.432 0.0000000000
111957  -58.957  11.167  31.577 0.0000000000
110871  -57.718  10.292  30.345 0.0000000000
110884  -57.856  10.331  29.331 0.0000000000
109787  -56.464  9.592  29.231 0.0000000000
109800  -55.791  9.550  27.656 0.0000000000
108687  -55.163  8.710  29.595 0.0000000000
107529  -53.045  6.949  31.026 0.0000000000
107558  -53.100  7.708  28.952 0.0000000000
106307  -51.172  6.668  30.155 0.0000000000
104954  -47.132  5.445  42.345 0.0000000000
104988  -48.925  5.068  40.263 0.0000000000
104998  -50.051  5.128  38.379 0.0000000000
105013  -52.291  5.994  38.069 0.0000000000
105021  -50.772  5.497  36.848 0.0000000000
105033  -51.396  5.890  36.199 0.0000000000
103855  -49.602  5.220  36.251 0.0000000000
109741  -45.374  9.647  32.639 0.0000000000
108652  -44.828  8.651  33.165 0.0000000000
105201  -61.582  6.905  23.089 0.0000000000
109896  -56.909  9.736  21.824 0.0000000000
109898  -58.552  9.562  22.318 0.0000000000
110985  -58.439  9.638  21.127 0.0000000000
112114  -60.612  11.122  18.453 0.0000000000
111022  -60.462  9.820  19.567 0.0000000000
112097  -62.182  10.066  18.748 0.0000000000
109914  -62.924  9.164  19.625 0.0000000000
109921  -62.984  9.344  18.715 0.0000000000
107687  -61.939  8.610  17.948 0.0000000000
111063  -63.385  10.612  17.586 0.0000000000
115287  -61.732  13.899  17.983 0.0000000000
113206  -61.723  11.937  17.103 0.0000000000
115301  -60.875  13.383  16.996 0.0000000000
114253  -59.343  12.850  16.963 0.0000000000
115292  -60.340  13.995  17.224 0.0000000000
115162  -51.109  14.883  31.029 0.0000000000
115178  -50.947  14.968  29.170 0.0000000000
116161  -51.992  16.270  29.732 0.0000000000
118217  -56.317  18.127  28.284 0.0000000000
118215  -54.463  17.432  28.050 0.0000000000
118245  -56.014  17.947  26.478 0.0000000000
118272  -56.569  17.787  24.862 0.0000000000
118260  -57.514  18.292  25.921 0.0000000000
119317  -61.253  18.999  30.865 0.0000000000
118207  -60.144  19.208  29.972 0.0000000000
119331  -61.465  18.854  28.598 0.0000000000
119361  -62.858  18.868  24.735 0.0000000000
118264  -61.588  18.071  25.679 0.0000000000
118277  -61.878  17.840  24.373 0.0000000000
117226  -60.069  17.597  23.970 0.0000000000
117245  -60.927  17.603  22.788 0.0000000000
117277  -60.710  17.177  20.999 0.0000000000
118296  -62.146  17.548  21.860 0.0000000000
121620  -59.457  19.097  19.436 0.0000000000
120508  -60.366  18.605  19.203 0.0000000000
119426  -58.791  18.158  18.701 0.0000000000
117303  -58.656  16.498  18.349 0.0000000000
118347  -58.264  17.486  18.578 0.0000000000
117301  -56.590  16.733  18.932 0.0000000000
118345  -56.387  17.915  18.735 0.0000000000
121641  -54.926  20.325  18.016 0.0000000000
119422  -54.560  18.929  18.123 0.0000000000
120438  -52.499  19.489  22.597 0.0000000000
120454  -53.652  19.406  21.410 0.0000000000
121559  -51.296  20.003  21.704 0.0000000000
122709  -47.692  21.368  18.958 0.0000000000
122710  -48.691  21.589  19.072 0.0000000000
122746  -48.345  21.110  17.143 0.0000000000
120519  -48.173  19.751  16.929 0.0000000000
121652  -47.201  20.009  16.438 0.0000000000
119437  -45.577  18.700  17.276 0.0000000000
120534  -45.122  19.561  16.637 0.0000000000
121607  -42.427  20.365  17.776 0.0000000000
120492  -42.355  19.604  18.096 0.0000000000
120491  -41.666  19.891  18.665 0.0000000000
121574  -41.113  20.445  19.850 0.0000000000
109811  -51.409  9.380  26.386 0.0000000000
110920  -51.577  10.782  24.874 0.0000000000
110919  -50.713  11.007  25.655 0.0000000000
113097  -50.528  12.708  25.588 0.0000000000
115212  -51.214  14.570  25.581 0.0000000000
125826  -59.383  23.959  32.659 0.0000000000
124751  -57.262  22.731  32.046 0.0000000000
122545  -56.616  21.428  30.764 0.0000000000
122571  -55.652  20.865  28.945 0.0000000000
121462  -53.706  20.565  27.867 0.0000000000
120383  -53.349  19.810  29.029 0.0000000000
120380  -50.537  19.472  29.013 0.0000000000
108796  -58.732  8.339  17.953 0.0000000000
110807  -45.943  11.306  36.714 0.0000000000
113003  -46.675  12.678  35.954 0.0000000000
111919  -47.043  11.813  37.103 0.0000000000
109751  -56.063  8.878  31.832 0.0000000000
108678  -55.335  8.542  30.477 0.0000000000
108670  -55.391  8.427  31.516 0.0000000000
107506  -53.733  7.347  32.782 0.0000000000
106274  -52.031  6.380  32.848 0.0000000000
104975  -46.505  5.030  41.766 0.0000000000
103813  -46.371  4.135  39.312 0.0000000000
105049  -44.395  6.014  34.302 0.0000000000
106235  -43.208  7.089  34.388 0.0000000000
106220  -42.417  6.498  35.568 0.0000000000
107463  -41.324  7.256  36.640 0.0000000000
112081  -56.255  11.642  20.288 0.0000000000
111019  -57.474  10.654  19.754 0.0000000000
112095  -57.926  11.448  19.293 0.0000000000
112112  -59.171  11.530  18.739 0.0000000000
113173  -60.962  12.016  18.383 0.0000000000
113175  -62.314  11.922  18.012 0.0000000000
113158  -60.837  12.890  18.623 0.0000000000
115271  -61.055  14.651  18.854 0.0000000000
116268  -61.490  14.970  18.553 0.0000000000
117158  -53.434  16.458  32.095 0.0000000000
117169  -53.497  16.715  30.314 0.0000000000
117164  -54.323  16.816  30.843 0.0000000000
118187  -55.595  17.698  30.009 0.0000000000
118218  -57.218  18.387  28.398 0.0000000000
122590  -61.823  21.460  27.529 0.0000000000
120392  -62.439  19.520  27.276 0.0000000000
122608  -62.265  20.877  26.233 0.0000000000
121517  -62.721  20.399  25.042 0.0000000000
121551  -62.558  20.299  22.868 0.0000000000
120461  -62.222  19.210  21.160 0.0000000000
122697  -61.150  20.402  21.641 0.0000000000
122694  -59.853  19.524  20.617 0.0000000000
121598  -58.631  19.427  19.844 0.0000000000
120504  -57.709  19.318  18.578 0.0000000000
121597  -57.775  19.710  19.489 0.0000000000
121595  -55.611  20.178  19.479 0.0000000000
121615  -53.846  20.826  19.049 0.0000000000
121541  -48.587  20.501  22.514 0.0000000000
121557  -49.456  20.609  21.819 0.0000000000
121555  -48.087  21.027  21.610 0.0000000000
122669  -46.772  21.437  20.908 0.0000000000
122707  -45.678  21.036  18.998 0.0000000000
121610  -44.827  20.408  17.654 0.0000000000
122706  -44.721  21.119  19.077 0.0000000000
122704  -42.907  21.508  19.044 0.0000000000
122703  -42.212  21.559  18.706 0.0000000000
109830  -56.757  9.769  25.710 0.0000000000
109847  -57.632  9.578  24.790 0.0000000000
109846  -56.552  9.515  24.665 0.0000000000
109862  -55.251  9.708  23.467 0.0000000000
109880  -54.994  10.041  22.374 0.0000000000
110934  -52.451  10.730  23.985 0.0000000000
110964  -53.368  11.268  22.624 0.0000000000
112066  -54.699  11.715  21.213 0.0000000000
113132  -55.243  12.471  20.929 0.0000000000
114193  -56.070  13.934  21.118 0.0000000000
116231  -57.291  15.623  21.544 0.0000000000
119296  -57.519  19.033  34.116 0.0000000000
119309  -58.076  18.829  32.899 0.0000000000
119304  -58.954  19.364  33.051 0.0000000000
120336  -60.936  19.821  32.485 0.0000000000
122539  -61.105  21.333  31.089 0.0000000000
125827  -60.061  23.644  31.953 0.0000000000
123701  -59.881  21.607  30.711 0.0000000000
124791  -60.302  21.640  29.331 0.0000000000
124804  -60.325  21.965  27.971 0.0000000000
124823  -58.990  21.337  25.896 0.0000000000
121516  -58.089  20.614  24.410 0.0000000000
121530  -56.483  20.099  23.203 0.0000000000
121514  -55.893  20.868  24.510 0.0000000000
120415  -53.471  19.955  24.088 0.0000000000
120413  -51.633  19.830  24.291 0.0000000000
121477  -52.715  20.637  26.699 0.0000000000
121492  -51.362  20.580  25.750 0.0000000000
121527  -49.931  20.012  24.287 0.0000000000
121506  -47.550  20.473  24.298 0.0000000000
121504  -45.915  20.872  24.455 0.0000000000
123767  -44.232  22.384  23.643 0.0000000000
113038  -47.466  12.027  30.777 0.0000000000
113052  -48.953  12.545  29.593 0.0000000000
114104  -48.347  13.276  31.296 0.0000000000
114105  -49.481  13.859  31.687 0.0000000000
115154  -50.550  14.686  32.233 0.0000000000
115137  -48.057  14.439  34.710 0.0000000000
116140  -49.739  15.118  33.707 0.0000000000
116147  -51.979  15.926  32.894 0.0000000000
117153  -52.482  16.369  33.254 0.0000000000
118157  -53.263  17.214  34.187 0.0000000000
118153  -54.955  18.214  34.997 0.0000000000
116126  -51.252  15.538  38.282 0.0000000000
118142  -52.621  17.341  37.841 0.0000000000
119277  -54.339  18.454  36.734 0.0000000000
119279  -56.153  19.068  35.836 0.0000000000
119280  -56.985  19.550  35.843 0.0000000000
120309  -58.063  20.812  36.541 0.0000000000
123621  -58.836  22.345  35.919 0.0000000000
112011  -60.749  10.581  27.262 0.0000000000
110911  -59.039  10.396  26.946 0.0000000000
114097  -60.719  12.152  31.733 0.0000000000
114118  -61.044  12.176  30.448 0.0000000000
111977  -59.964  11.171  29.591 0.0000000000
110898  -58.737  10.527  27.968 0.0000000000
109817  -57.807  10.234  26.609 0.0000000000
109815  -55.786  9.636  26.596 0.0000000000
109799  -54.771  9.197  27.430 0.0000000000
108731  -53.692  9.015  26.816 0.0000000000
108686  -54.522  8.339  29.401 0.0000000000
108701  -52.825  8.174  28.159 0.0000000000
108717  -52.528  8.559  27.372 0.0000000000
108715  -50.511  8.835  27.440 0.0000000000
106147  -51.907  6.645  42.261 0.0000000000
104977  -48.395  5.084  41.096 0.0000000000
104979  -50.461  5.653  40.826 0.0000000000
106163  -51.797  6.255  40.953 0.0000000000
106189  -52.661  6.190  39.216 0.0000000000
106214  -53.847  6.874  38.000 0.0000000000
107465  -53.929  7.302  36.428 0.0000000000
106231  -53.130  6.804  35.491 0.0000000000
106240  -51.502  6.220  34.518 0.0000000000
106273  -51.281  6.132  32.746 0.0000000000
110856  -47.569  10.375  30.055 0.0000000000
110848  -46.227  10.756  31.614 0.0000000000
111948  -45.545  11.511  32.386 0.0000000000
111937  -44.521  11.769  34.480 0.0000000000
110815  -44.680  10.893  36.089 0.0000000000
104024  -60.918  6.458  23.545 0.0000000000
105214  -60.682  6.638  22.778 0.0000000000
105240  -61.270  7.379  21.375 0.0000000000
109865  -58.372  9.503  23.852 0.0000000000
110967  -59.710  9.499  22.450 0.0000000000
111004  -58.863  9.744  20.449 0.0000000000
111006  -60.874  9.619  20.652 0.0000000000
111009  -62.584  8.942  21.004 0.0000000000
107630  -63.256  7.841  21.044 0.0000000000
106437  -62.436  7.549  20.371 0.0000000000
107643  -60.910  7.598  19.676 0.0000000000
107659  -61.066  7.793  19.135 0.0000000000
108798  -60.479  8.452  17.927 0.0000000000
109933  -60.045  9.453  17.059 0.0000000000
112141  -62.941  11.217  17.049 0.0000000000
111059  -61.325  11.057  16.597 0.0000000000
111051  -59.323  10.147  17.021 0.0000000000
112127  -58.241  11.446  17.246 0.0000000000
113183  -57.564  12.294  17.534 0.0000000000
114237  -56.881  13.461  18.212 0.0000000000
114152  -49.899  13.585  27.991 0.0000000000
115195  -50.804  14.857  27.224 0.0000000000
116189  -51.900  15.551  25.965 0.0000000000
117188  -53.560  17.061  28.081 0.0000000000
117196  -53.524  17.037  27.005 0.0000000000
117210  -53.538  16.564  25.250 0.0000000000
117223  -55.214  16.887  24.160 0.0000000000
117240  -56.514  16.956  23.428 0.0000000000
117259  -57.843  16.564  22.238 0.0000000000
118181  -58.287  18.496  31.543 0.0000000000
118205  -58.255  18.468  29.572 0.0000000000
118234  -58.995  18.510  27.601 0.0000000000
118251  -61.756  18.481  27.016 0.0000000000
118249  -59.721  18.310  26.667 0.0000000000
118248  -58.741  18.429  26.590 0.0000000000
118274  -58.936  18.080  24.483 0.0000000000
117260  -58.810  17.012  22.350 0.0000000000
117276  -59.098  16.718  21.717 0.0000000000
116234  -59.699  16.400  20.884 0.0000000000
117305  -61.163  16.073  18.901 0.0000000000
120472  -61.763  18.990  20.311 0.0000000000
119428  -61.546  17.658  19.337 0.0000000000
118363  -60.816  16.136  18.232 0.0000000000
116275  -59.508  15.520  17.627 0.0000000000
115279  -58.265  15.010  18.276 0.0000000000
119423  -55.888  18.884  18.175 0.0000000000
120456  -55.400  19.479  21.547 0.0000000000
121578  -53.492  20.079  20.537 0.0000000000
122735  -52.631  20.930  19.228 0.0000000000
122692  -50.532  20.958  20.698 0.0000000000
122733  -50.697  21.587  18.514 0.0000000000
122749  -51.692  21.387  17.927 0.0000000000
120521  -49.668  20.516  17.025 0.0000000000
120496  -48.956  19.720  17.693 0.0000000000
119402  -47.479  18.708  19.244 0.0000000000
119435  -43.763  19.164  17.055 0.0000000000
119397  -43.105  18.549  18.693 0.0000000000
125897  -42.850  24.272  23.484 0.0000000000
125912  -42.567  24.546  22.103 0.0000000000
124864  -42.182  23.477  20.780 0.0000000000
124870  -41.511  23.324  19.364 0.0000000000
123824  -40.956  22.361  17.904 0.0000000000
110869  -48.890  11.009  28.868 0.0000000000
111986  -49.335  11.668  27.998 0.0000000000
111975  -49.064  11.688  28.753 0.0000000000
108640  -56.326  8.610  36.072 0.0000000000
108647  -56.111  8.688  35.198 0.0000000000
108638  -55.168  8.174  35.120 0.0000000000
108645  -55.007  8.147  34.495 0.0000000000
107473  -54.623  7.752  35.579 0.0000000000
102698  -41.672  3.687  37.363 0.0000000000
110923  -58.905  9.962  25.896 0.0000000000
110936  -58.939  9.747  25.317 0.0000000000
109832  -58.630  9.806  25.473 0.0000000000
115245  -57.723  14.764  20.812 0.0000000000
115254  -58.501  14.551  20.475 0.0000000000
115255  -59.284  14.763  20.231 0.0000000000
116245  -58.855  15.296  20.633 0.0000000000
118165  -56.498  18.163  33.374 0.0000000000
121532  -59.044  20.568  23.941 0.0000000000
159014  -60.492  20.919  24.425 0.0000000000
121548  -59.405  20.264  22.679 0.0000000000
121546  -57.414  20.020  22.341 0.0000000000
123776  -44.547  22.292  22.763 0.0000000000
123777  -45.064  21.853  22.123 0.0000000000
109827  -53.530  9.562  25.232 0.0000000000
109826  -52.279  9.919  25.181 0.0000000000
114178  -52.432  13.694  23.871 0.0000000000
115227  -52.782  14.272  23.678 0.0000000000
115228  -53.305  14.492  23.161 0.0000000000
115222  -53.019  14.859  23.785 0.0000000000
123644  -60.056  22.297  35.382 0.0000000000
123662  -60.128  22.306  34.417 0.0000000000
125791  -60.075  23.723  34.380 0.0000000000
122572  -56.508  21.409  28.697 0.0000000000
124773  -57.694  21.825  29.155 0.0000000000
123722  -57.223  21.614  28.580 0.0000000000
122589  -57.131  21.582  27.468 0.0000000000
122588  -56.598  21.575  27.778 0.0000000000
122603  -55.796  21.565  26.986 0.0000000000
122602  -54.998  21.178  27.237 0.0000000000
121439  -47.982  20.073  28.472 0.0000000000
121457  -48.836  20.215  27.369 0.0000000000
121455  -46.690  20.614  26.986 0.0000000000
122569  -45.890  21.246  27.779 0.0000000000
108810  -57.024  8.693  17.630 0.0000000000
109930  -57.203  9.486  17.374 0.0000000000
113011  -45.754  12.867  34.656 0.0000000000
114074  -45.938  13.142  33.826 0.0000000000
114075  -46.512  13.485  34.437 0.0000000000
116128  -49.803  15.384  36.765 0.0000000000
117139  -50.431  16.049  36.652 0.0000000000
117133  -50.669  15.762  37.379 0.0000000000
119235  -54.959  18.360  39.944 0.0000000000
114144  -62.119  11.954  29.580 0.0000000000
114145  -62.633  12.468  29.476 0.0000000000
110883  -57.168  9.882  29.736 0.0000000000
109772  -55.814  9.129  29.843 0.0000000000
106294  -52.056  6.556  31.038 0.0000000000
107528  -52.497  6.805  30.663 0.0000000000
106308  -51.680  6.623  30.512 0.0000000000
106292  -50.254  6.509  30.611 0.0000000000
104953  -46.193  5.521  42.500 0.0000000000
103816  -49.211  4.758  38.769 0.0000000000
105011  -50.830  5.394  37.767 0.0000000000
105010  -50.104  5.204  37.383 0.0000000000
105020  -50.103  5.339  36.553 0.0000000000
103840  -49.494  5.013  36.880 0.0000000000
107489  -45.531  7.904  33.116 0.0000000000
108659  -45.460  8.763  32.852 0.0000000000
107488  -44.409  7.776  33.499 0.0000000000
110972  -62.405  8.740  22.062 0.0000000000
109907  -57.392  9.724  21.312 0.0000000000
109906  -56.882  9.884  21.043 0.0000000000
112115  -61.495  10.835  18.375 0.0000000000
112098  -62.646  10.190  18.816 0.0000000000
112099  -62.913  10.151  18.937 0.0000000000
112117  -63.055  10.804  18.440 0.0000000000
111052  -63.202  10.335  18.211 0.0000000000
116277  -61.725  14.731  17.949 0.0000000000
115295  -61.550  13.959  17.764 0.0000000000
115294  -61.219  14.000  17.521 0.0000000000
116284  -61.082  15.080  17.652 0.0000000000
116152  -51.711  15.541  30.734 0.0000000000
116160  -51.532  15.818  29.804 0.0000000000
117167  -51.912  15.985  30.389 0.0000000000
118231  -56.179  18.025  27.362 0.0000000000
118246  -56.886  18.254  26.588 0.0000000000
118259  -56.740  18.132  25.733 0.0000000000
120353  -61.644  19.643  30.257 0.0000000000
119324  -61.574  18.963  29.674 0.0000000000
119325  -61.953  19.294  29.336 0.0000000000
119360  -62.526  18.529  23.927 0.0000000000
118287  -62.058  17.524  23.147 0.0000000000
118286  -61.255  17.817  23.677 0.0000000000
117246  -61.513  17.423  22.243 0.0000000000
120506  -59.204  18.788  19.103 0.0000000000
118346  -57.342  17.669  18.685 0.0000000000
121640  -53.750  20.736  18.164 0.0000000000
120524  -53.331  20.285  17.700 0.0000000000
120523  -52.425  20.380  17.622 0.0000000000
120437  -51.548  19.606  22.630 0.0000000000
120452  -52.039  19.623  21.937 0.0000000000
121544  -51.037  19.777  22.371 0.0000000000
122730  -47.511  21.174  17.930 0.0000000000
122745  -47.338  20.763  17.129 0.0000000000
121634  -46.980  20.380  16.700 0.0000000000
120535  -45.808  19.566  16.557 0.0000000000
121633  -46.136  20.404  16.945 0.0000000000
121606  -41.224  20.641  18.051 0.0000000000
109824  -50.565  10.601  26.075 0.0000000000
110908  -50.195  11.063  26.399 0.0000000000
113089  -49.976  12.705  26.481 0.0000000000
112009  -50.266  11.831  25.953 0.0000000000
114165  -50.243  13.531  26.198 0.0000000000
114166  -50.739  13.649  25.529 0.0000000000
115211  -50.578  14.204  26.032 0.0000000000
124744  -57.639  23.391  33.060 0.0000000000
123683  -56.718  22.234  32.453 0.0000000000
121414  -55.322  20.433  30.631 0.0000000000
122544  -55.943  20.918  31.182 0.0000000000
122555  -55.938  20.875  30.126 0.0000000000
122556  -56.604  21.319  29.698 0.0000000000
121429  -55.228  20.455  29.697 0.0000000000
121446  -54.492  20.445  28.706 0.0000000000
121428  -54.534  20.193  29.433 0.0000000000
120365  -51.015  19.221  29.912 0.0000000000
120381  -51.575  19.547  29.023 0.0000000000
120379  -49.493  19.581  29.006 0.0000000000
107656  -58.531  7.680  19.244 0.0000000000
107672  -57.746  7.825  18.526 0.0000000000
111917  -45.789  11.056  37.537 0.0000000000
111918  -46.337  11.361  37.210 0.0000000000
111904  -46.406  11.423  37.941 0.0000000000
109744  -56.686  9.323  33.037 0.0000000000
108662  -55.422  8.464  32.601 0.0000000000
107492  -54.083  7.560  33.587 0.0000000000
107517  -53.227  6.966  32.261 0.0000000000
107505  -53.220  6.886  33.098 0.0000000000
103850  -45.042  4.185  35.946 0.0000000000
103861  -44.391  4.804  35.268 0.0000000000
105039  -44.787  5.327  34.658 0.0000000000
105038  -43.758  5.659  34.757 0.0000000000
106228  -43.597  6.239  34.536 0.0000000000
105037  -42.907  5.700  35.259 0.0000000000
106219  -41.846  6.401  36.160 0.0000000000
112094  -57.245  11.495  19.611 0.0000000000
113142  -57.295  12.604  19.837 0.0000000000
114222  -58.746  13.119  19.639 0.0000000000
113155  -59.099  12.457  19.039 0.0000000000
113172  -60.279  12.079  18.511 0.0000000000
113157  -60.592  12.936  18.722 0.0000000000
114206  -60.133  14.562  19.591 0.0000000000
115270  -60.735  14.312  19.139 0.0000000000
115258  -60.875  15.534  19.329 0.0000000000
117163  -53.496  16.442  31.250 0.0000000000
117159  -54.291  16.754  31.769 0.0000000000
118179  -56.428  17.768  31.236 0.0000000000
118178  -55.604  17.504  30.909 0.0000000000
118188  -56.454  17.958  30.235 0.0000000000
118203  -56.410  18.125  29.264 0.0000000000
118204  -57.307  18.360  29.420 0.0000000000
123747  -61.277  22.238  26.447 0.0000000000
122607  -61.750  21.537  26.748 0.0000000000
122647  -61.420  21.695  23.478 0.0000000000
122635  -61.521  21.630  24.555 0.0000000000
122648  -62.108  21.052  23.709 0.0000000000
121535  -62.731  20.245  24.073 0.0000000000
122659  -61.910  21.075  22.650 0.0000000000
121568  -62.054  20.205  21.745 0.0000000000
122677  -61.592  21.023  21.908 0.0000000000
121565  -59.276  19.964  21.789 0.0000000000
122674  -59.894  19.790  21.307 0.0000000000
121584  -59.246  19.562  20.658 0.0000000000
121599  -59.351  19.266  19.854 0.0000000000
121581  -56.283  19.692  20.460 0.0000000000
121596  -56.696  19.944  19.492 0.0000000000
121616  -54.804  20.529  18.755 0.0000000000
121594  -54.618  20.396  19.585 0.0000000000
121524  -47.451  20.649  23.215 0.0000000000
121540  -47.898  20.776  22.264 0.0000000000
122646  -47.331  20.895  22.628 0.0000000000
122668  -45.849  21.511  20.755 0.0000000000
122688  -46.793  21.369  19.907 0.0000000000
122687  -45.896  21.386  19.837 0.0000000000
122686  -44.977  21.519  19.904 0.0000000000
122684  -43.409  21.638  19.739 0.0000000000
123817  -42.306  21.892  19.222 0.0000000000
109879  -54.368  10.266  22.679 0.0000000000
110921  -52.216  10.400  24.643 0.0000000000
113123  -53.599  12.782  22.391 0.0000000000
112052  -53.212  11.975  22.630 0.0000000000
112053  -53.788  11.790  22.061 0.0000000000
112054  -54.277  11.451  21.685 0.0000000000
112065  -54.265  12.017  21.622 0.0000000000
113131  -54.641  12.688  21.466 0.0000000000
115242  -55.152  14.163  21.622 0.0000000000
116229  -55.660  14.988  21.842 0.0000000000
116230  -56.213  15.173  21.738 0.0000000000
119290  -58.022  20.085  35.046 0.0000000000
119297  -58.081  19.578  34.028 0.0000000000
119298  -58.615  20.019  33.922 0.0000000000
121394  -59.734  20.783  32.684 0.0000000000
120329  -59.790  20.166  32.302 0.0000000000
121401  -60.454  20.518  32.248 0.0000000000
121408  -61.193  20.542  31.688 0.0000000000
122532  -60.497  21.150  31.809 0.0000000000
125833  -58.924  23.354  31.861 0.0000000000
125834  -59.545  23.663  31.369 0.0000000000
125854  -59.226  22.014  29.914 0.0000000000
125844  -59.486  22.308  30.449 0.0000000000
125855  -59.501  21.720  29.502 0.0000000000
124776  -60.179  21.472  29.811 0.0000000000
124790  -60.223  21.612  28.917 0.0000000000
123724  -60.523  22.074  28.422 0.0000000000
124789  -59.874  21.451  28.597 0.0000000000
122606  -57.928  21.445  26.760 0.0000000000
124813  -58.903  21.562  26.522 0.0000000000
123768  -58.471  21.319  25.942 0.0000000000
122634  -57.903  20.991  25.341 0.0000000000
121515  -57.147  20.703  24.350 0.0000000000
122633  -56.706  21.195  25.183 0.0000000000
121494  -53.800  21.080  25.849 0.0000000000
121513  -54.445  20.480  24.380 0.0000000000
120414  -52.575  19.844  24.239 0.0000000000
121511  -52.032  20.317  24.964 0.0000000000
121461  -52.875  20.337  27.574 0.0000000000
121478  -53.608  20.796  27.021 0.0000000000
121474  -49.646  20.442  26.527 0.0000000000
121491  -50.403  20.417  25.722 0.0000000000
121509  -50.204  20.145  24.860 0.0000000000
121508  -49.354  20.224  24.772 0.0000000000
121507  -48.500  20.306  24.532 0.0000000000
122600  -45.332  21.031  25.519 0.0000000000
121486  -45.982  20.763  24.970 0.0000000000
122614  -44.830  21.479  24.944 0.0000000000
122629  -44.766  21.785  23.877 0.0000000000
111048  -56.322  10.370  17.591 0.0000000000
112125  -56.203  11.358  17.878 0.0000000000
113033  -47.138  12.459  31.436 0.0000000000
113039  -48.137  12.440  30.502 0.0000000000
114103  -47.643  13.032  31.471 0.0000000000
114095  -48.609  13.944  32.600 0.0000000000
114096  -49.319  14.140  32.360 0.0000000000
115160  -50.122  14.257  31.845 0.0000000000
115153  -49.832  14.403  32.412 0.0000000000
114066  -47.295  13.466  36.047 0.0000000000
114076  -47.254  13.949  35.037 0.0000000000
115130  -47.814  14.242  35.796 0.0000000000
116137  -50.447  15.951  34.609 0.0000000000
116136  -49.547  15.348  34.437 0.0000000000
116141  -50.380  15.259  33.468 0.0000000000
116142  -51.361  15.890  33.651 0.0000000000
117152  -51.974  16.284  33.699 0.0000000000
118151  -52.303  17.287  35.339 0.0000000000
118156  -52.498  17.024  34.520 0.0000000000
118158  -54.568  17.680  34.220 0.0000000000
117123  -52.743  16.199  39.871 0.0000000000
116118  -51.610  15.357  38.889 0.0000000000
117135  -52.083  16.753  37.871 0.0000000000
119267  -54.999  18.773  37.541 0.0000000000
119278  -55.270  18.756  36.411 0.0000000000
119286  -55.488  18.508  35.460 0.0000000000
119269  -56.493  19.533  36.478 0.0000000000
120278  -56.928  20.504  38.048 0.0000000000
120293  -56.875  20.153  37.210 0.0000000000
121349  -57.842  20.798  37.299 0.0000000000
122468  -58.359  21.762  36.325 0.0000000000
122458  -57.970  21.389  37.112 0.0000000000
113083  -61.928  10.691  28.366 0.0000000000
112001  -61.020  11.317  28.317 0.0000000000
113080  -60.943  10.868  27.661 0.0000000000
111999  -60.158  10.749  28.003 0.0000000000
110912  -59.886  10.529  27.200 0.0000000000
110899  -59.507  10.617  27.895 0.0000000000
111958  -59.709  11.447  31.223 0.0000000000
113028  -60.295  11.774  31.765 0.0000000000
113035  -60.361  11.710  30.872 0.0000000000
114107  -60.723  12.054  31.118 0.0000000000
114117  -60.706  11.941  30.631 0.0000000000
113041  -60.563  11.722  30.107 0.0000000000
111976  -59.233  11.030  29.756 0.0000000000
110897  -57.960  10.348  28.343 0.0000000000
110885  -58.674  10.723  28.966 0.0000000000
110910  -58.014  10.321  27.291 0.0000000000
109816  -56.941  10.118  26.942 0.0000000000
109785  -55.202  9.173  28.070 0.0000000000
109798  -54.151  9.135  26.845 0.0000000000
108719  -54.228  8.734  27.930 0.0000000000
108669  -54.739  7.978  31.104 0.0000000000
108677  -54.722  8.192  30.156 0.0000000000
107542  -54.301  7.948  29.929 0.0000000000
108700  -51.797  8.061  27.949 0.0000000000
108716  -51.454  8.680  27.234 0.0000000000
108699  -50.765  8.248  27.940 0.0000000000
106128  -48.567  6.097  43.052 0.0000000000
106129  -49.795  6.310  43.045 0.0000000000
106130  -50.941  6.662  43.202 0.0000000000
106146  -50.683  6.090  41.936 0.0000000000
103786  -46.776  4.695  40.956 0.0000000000
104976  -47.436  5.046  41.549 0.0000000000
103787  -47.561  4.782  40.764 0.0000000000
104989  -49.840  5.280  39.677 0.0000000000
104978  -49.425  5.363  40.886 0.0000000000
106162  -51.048  5.967  41.087 0.0000000000
104980  -51.205  5.891  40.567 0.0000000000
106177  -52.827  6.406  40.269 0.0000000000
106188  -52.101  5.993  39.605 0.0000000000
106201  -52.866  6.312  38.176 0.0000000000
106212  -52.754  6.437  37.288 0.0000000000
106213  -53.578  6.823  37.410 0.0000000000
106223  -53.289  6.836  36.418 0.0000000000
106222  -52.507  6.448  36.366 0.0000000000
105045  -51.111  5.939  35.370 0.0000000000
106229  -51.782  6.253  35.366 0.0000000000
106239  -50.973  5.994  34.168 0.0000000000
106255  -51.440  6.192  33.590 0.0000000000
106254  -50.732  5.879  33.534 0.0000000000
107514  -46.841  8.358  31.861 0.0000000000
107525  -47.587  7.974  30.744 0.0000000000
109750  -47.046  9.121  31.012 0.0000000000
108682  -47.586  9.112  30.249 0.0000000000
109759  -47.207  9.595  30.566 0.0000000000
110855  -47.078  10.491  30.615 0.0000000000
110843  -46.266  10.167  31.639 0.0000000000
109740  -44.863  10.138  32.893 0.0000000000
110841  -45.122  10.626  32.630 0.0000000000
107478  -42.828  7.557  34.705 0.0000000000
107479  -43.400  7.660  33.976 0.0000000000
108644  -42.834  8.469  34.585 0.0000000000
110823  -43.624  10.410  35.393 0.0000000000
110824  -44.172  11.116  35.025 0.0000000000
110814  -43.727  10.293  36.302 0.0000000000
110805  -44.610  10.427  36.929 0.0000000000
103998  -60.592  6.186  24.504 0.0000000000
105200  -61.326  6.612  23.730 0.0000000000
105216  -61.779  7.413  22.128 0.0000000000
105215  -61.208  6.735  22.923 0.0000000000
105229  -61.494  7.344  21.800 0.0000000000
105228  -60.916  7.004  22.051 0.0000000000
109884  -59.001  9.522  22.887 0.0000000000
111020  -58.489  10.526  19.449 0.0000000000
111021  -59.484  9.996  19.532 0.0000000000
111023  -61.488  9.809  19.446 0.0000000000
111007  -61.751  9.397  20.706 0.0000000000
111008  -62.331  9.200  20.779 0.0000000000
109908  -62.948  8.918  20.621 0.0000000000
106451  -62.811  8.015  19.487 0.0000000000
107644  -62.978  8.138  19.952 0.0000000000
106450  -62.591  7.809  19.488 0.0000000000
106436  -61.928  7.474  20.342 0.0000000000
106448  -61.548  7.549  19.754 0.0000000000
106461  -61.712  7.715  19.222 0.0000000000
108815  -61.471  9.038  17.622 0.0000000000
108799  -61.122  8.607  17.940 0.0000000000
108814  -60.602  8.985  17.492 0.0000000000
108813  -59.801  8.871  17.425 0.0000000000
109934  -60.792  9.631  17.177 0.0000000000
113186  -63.097  11.637  17.518 0.0000000000
113185  -62.357  11.983  17.779 0.0000000000
112150  -61.154  11.741  16.523 0.0000000000
111067  -61.423  11.437  16.646 0.0000000000
111058  -60.449  10.850  16.509 0.0000000000
111057  -59.557  10.666  16.796 0.0000000000
112137  -58.790  11.096  17.107 0.0000000000
112138  -59.109  11.556  16.943 0.0000000000
114246  -58.964  13.353  17.304 0.0000000000
113184  -58.408  12.470  17.344 0.0000000000
114244  -57.225  12.855  17.779 0.0000000000
114245  -57.872  13.347  17.726 0.0000000000
114129  -49.443  13.262  29.616 0.0000000000
114142  -49.766  13.522  28.941 0.0000000000
116167  -51.451  15.575  28.702 0.0000000000
115186  -50.857  14.901  28.170 0.0000000000
116174  -51.428  15.417  27.692 0.0000000000
116180  -51.366  15.280  26.754 0.0000000000
116181  -52.061  15.835  27.131 0.0000000000
117170  -54.385  17.350  29.938 0.0000000000
117180  -53.602  17.097  29.208 0.0000000000
118200  -54.168  17.408  28.842 0.0000000000
118229  -54.494  17.367  26.998 0.0000000000
117197  -53.989  17.371  27.037 0.0000000000
118243  -54.290  17.266  26.127 0.0000000000
117203  -53.510  16.835  26.091 0.0000000000
118256  -54.392  17.107  25.521 0.0000000000
117222  -54.518  16.605  24.243 0.0000000000
117212  -54.831  16.968  24.696 0.0000000000
118283  -57.115  17.594  24.057 0.0000000000
118282  -56.342  17.427  24.165 0.0000000000
117241  -57.505  17.128  23.215 0.0000000000
117258  -56.957  16.539  22.627 0.0000000000
118175  -59.100  18.933  32.382 0.0000000000
118174  -58.350  18.669  32.375 0.0000000000
118182  -59.148  18.725  31.568 0.0000000000
118206  -59.212  18.592  29.753 0.0000000000
118220  -59.149  18.519  28.687 0.0000000000
118235  -59.984  18.439  27.772 0.0000000000
119339  -61.990  18.907  27.834 0.0000000000
119343  -62.355  18.925  26.944 0.0000000000
118263  -60.365  18.139  25.673 0.0000000000
118250  -60.750  18.506  26.759 0.0000000000
118262  -59.377  18.245  25.629 0.0000000000
117244  -60.144  17.385  23.073 0.0000000000
117243  -59.312  17.476  23.410 0.0000000000
117261  -59.605  17.011  22.285 0.0000000000
116221  -59.481  16.666  21.483 0.0000000000
116222  -59.974  16.778  21.602 0.0000000000
117278  -61.311  17.243  20.947 0.0000000000
116236  -60.748  16.950  20.681 0.0000000000
117285  -62.012  16.619  20.267 0.0000000000
117295  -62.032  16.609  19.474 0.0000000000
121585  -61.331  19.452  21.263 0.0000000000
159003  -60.166  17.821  18.491 0.0000000000
120509  -60.742  17.953  19.598 0.0000000000
120539  -60.391  17.189  18.412 0.0000000000
118356  -61.031  16.267  18.792 0.0000000000
119451  -60.509  16.631  18.190 0.0000000000
116283  -60.413  15.776  17.696 0.0000000000
159001  -59.806  16.551  17.804 0.0000000000
116267  -58.054  15.644  18.469 0.0000000000
116273  -58.619  15.474  18.136 0.0000000000
115278  -57.637  14.561  18.384 0.0000000000
116265  -56.363  15.665  19.116 0.0000000000
120503  -56.660  19.516  18.180 0.0000000000
119421  -53.420  19.190  18.239 0.0000000000
120428  -55.603  19.780  22.910 0.0000000000
120442  -55.912  19.617  22.250 0.0000000000
120441  -55.167  19.526  22.298 0.0000000000
121561  -52.944  19.882  21.085 0.0000000000
121577  -52.603  20.319  20.609 0.0000000000
121592  -52.922  20.625  19.920 0.0000000000
122714  -52.364  20.786  19.787 0.0000000000
122671  -48.754  21.226  21.001 0.0000000000
122672  -49.524  20.996  21.136 0.0000000000
122691  -49.665  21.317  20.293 0.0000000000
122732  -49.641  21.635  18.208 0.0000000000
122711  -49.699  21.561  19.273 0.0000000000
122748  -50.614  21.423  17.527 0.0000000000
121637  -50.366  20.811  16.903 0.0000000000
120518  -47.376  19.425  17.176 0.0000000000
120495  -48.058  19.347  17.775 0.0000000000
120478  -47.845  19.068  18.612 0.0000000000
120477  -47.382  18.938  18.638 0.0000000000
119418  -46.456  18.745  18.359 0.0000000000
119416  -44.871  18.493  17.812 0.0000000000
119399  -45.102  18.308  18.728 0.0000000000
119398  -44.240  18.302  18.617 0.0000000000
121609  -43.993  20.424  17.713 0.0000000000
121631  -44.496  20.166  17.144 0.0000000000
121630  -43.734  20.112  17.206 0.0000000000
119414  -43.132  19.079  17.558 0.0000000000
120467  -42.160  19.110  20.088 0.0000000000
125917  -42.253  24.490  21.183 0.0000000000
124856  -42.656  23.514  21.666 0.0000000000
125923  -41.864  24.438  20.091 0.0000000000
110894  -49.623  10.936  27.426 0.0000000000
110895  -49.844  11.281  26.978 0.0000000000
111997  -49.610  11.776  27.415 0.0000000000
113079  -49.637  12.690  27.513 0.0000000000
122530  -56.164  21.602  32.748 0.0000000000
121407  -55.256  20.431  31.655 0.0000000000
120352  -54.149  19.857  30.391 0.0000000000
120351  -53.458  19.533  30.476 0.0000000000
120349  -51.623  19.248  30.773 0.0000000000
120348  -50.552  19.329  30.918 0.0000000000
107657  -59.441  7.752  19.208 0.0000000000
112973  -44.983  11.941  38.472 0.0000000000
109726  -56.344  8.875  34.497 0.0000000000
109734  -56.196  8.898  33.743 0.0000000000
108654  -55.563  8.471  33.619 0.0000000000
107481  -53.595  7.232  34.583 0.0000000000
103859  -42.817  5.171  35.612 0.0000000000
110925  -60.540  9.770  25.706 0.0000000000
110937  -59.474  9.758  25.027 0.0000000000
110950  -59.574  9.658  24.380 0.0000000000
115252  -57.217  13.991  20.623 0.0000000000
114220  -57.603  12.806  19.770 0.0000000000
114203  -58.293  13.641  20.082 0.0000000000
114223  -59.496  13.421  19.462 0.0000000000
114205  -59.703  14.275  19.726 0.0000000000
115256  -59.886  15.036  19.912 0.0000000000
118163  -54.252  17.056  33.121 0.0000000000
118180  -57.344  18.215  31.440 0.0000000000
124825  -60.452  21.464  25.500 0.0000000000
123759  -61.126  22.297  25.402 0.0000000000
159013  -60.509  21.151  24.708 0.0000000000
159017  -60.495  21.697  24.206 0.0000000000
123778  -60.814  22.141  23.252 0.0000000000
123788  -60.761  21.920  22.183 0.0000000000
122657  -60.489  20.821  22.662 0.0000000000
120443  -59.199  20.018  22.032 0.0000000000
121564  -58.012  20.047  21.476 0.0000000000
121563  -57.032  19.797  21.309 0.0000000000
121562  -56.429  19.612  21.235 0.0000000000
122655  -46.643  21.390  21.936 0.0000000000
123786  -45.148  21.742  21.391 0.0000000000
123810  -44.373  21.705  20.265 0.0000000000
123798  -44.583  21.854  20.851 0.0000000000
109828  -54.630  9.475  25.360 0.0000000000
113106  -51.528  12.798  24.465 0.0000000000
112041  -52.346  12.113  23.665 0.0000000000
113115  -52.616  12.822  23.502 0.0000000000
113116  -53.167  13.086  23.008 0.0000000000
113124  -54.196  13.046  21.905 0.0000000000
115234  -53.880  14.427  22.580 0.0000000000
116217  -54.320  15.118  22.748 0.0000000000
116208  -54.618  15.769  23.180 0.0000000000
120320  -58.696  20.896  34.915 0.0000000000
120323  -59.068  20.962  34.305 0.0000000000
121385  -59.688  21.091  34.246 0.0000000000
122512  -60.077  21.568  33.926 0.0000000000
123684  -60.163  22.224  32.328 0.0000000000
124766  -57.944  22.393  30.551 0.0000000000
125852  -58.512  22.388  30.442 0.0000000000
124774  -58.109  22.103  29.728 0.0000000000
125865  -58.534  22.167  29.657 0.0000000000
124788  -58.671  22.094  28.505 0.0000000000
125878  -59.193  22.075  28.185 0.0000000000
124801  -58.217  21.757  27.950 0.0000000000
122605  -57.492  21.508  26.931 0.0000000000
122618  -56.026  21.470  25.858 0.0000000000
122617  -55.023  21.244  26.329 0.0000000000
121459  -50.899  20.358  27.429 0.0000000000
121458  -49.883  20.300  27.393 0.0000000000
121473  -48.658  20.386  26.420 0.0000000000
121488  -47.639  20.487  25.281 0.0000000000
121472  -47.681  20.456  26.237 0.0000000000
121454  -46.085  20.708  26.519 0.0000000000
122582  -44.760  21.819  26.318 0.0000000000
114093  -46.715  12.997  32.469 0.0000000000
114084  -46.499  13.218  33.174 0.0000000000
114086  -48.378  14.220  33.389 0.0000000000
115127  -48.425  14.132  36.687 0.0000000000
115131  -48.643  14.885  35.478 0.0000000000
115128  -49.129  15.010  36.323 0.0000000000
116132  -49.626  15.685  35.630 0.0000000000
116133  -50.152  16.084  35.402 0.0000000000
117148  -51.639  16.402  34.310 0.0000000000
117143  -50.632  16.354  35.521 0.0000000000
118150  -51.661  16.924  35.796 0.0000000000
118146  -51.777  17.024  36.483 0.0000000000
117124  -53.204  16.844  39.511 0.0000000000
118135  -53.040  17.200  38.580 0.0000000000
118136  -53.702  17.551  39.054 0.0000000000
119251  -54.697  18.374  38.810 0.0000000000
119252  -55.707  19.337  38.253 0.0000000000
120291  -56.065  19.582  37.600 0.0000000000
119253  -56.206  19.718  38.361 0.0000000000
120265  -56.638  20.227  38.699 0.0000000000
111991  -62.102  10.646  28.545 0.0000000000
113071  -62.322  11.412  29.065 0.0000000000
113070  -61.707  11.375  28.916 0.0000000000
113068  -60.710  11.500  28.951 0.0000000000
110859  -58.315  10.722  30.985 0.0000000000
111964  -59.038  11.190  30.621 0.0000000000
110872  -58.469  10.706  29.981 0.0000000000
110896  -57.198  10.045  28.765 0.0000000000
109801  -56.522  9.827  28.193 0.0000000000
109786  -55.553  9.231  28.759 0.0000000000
108704  -54.972  8.778  29.050 0.0000000000
107541  -53.696  7.664  29.690 0.0000000000
107540  -52.319  6.991  29.978 0.0000000000
107539  -51.236  7.108  29.357 0.0000000000
107556  -51.070  7.609  28.554 0.0000000000
103804  -48.080  4.742  40.011 0.0000000000
103805  -48.891  4.833  39.572 0.0000000000
104999  -50.865  5.473  38.804 0.0000000000
105000  -51.851  5.797  39.050 0.0000000000
105012  -51.606  5.642  38.014 0.0000000000
105022  -51.461  5.707  37.114 0.0000000000
105034  -51.892  6.080  36.599 0.0000000000
105032  -50.659  5.597  36.021 0.0000000000
105043  -49.797  5.455  35.145 0.0000000000
106268  -46.973  7.379  32.375 0.0000000000
107503  -46.510  7.950  32.424 0.0000000000
108667  -46.585  8.862  31.991 0.0000000000
109742  -46.158  9.605  32.072 0.0000000000
108660  -46.034  8.876  32.501 0.0000000000
109733  -45.039  9.156  32.939 0.0000000000
109732  -44.528  9.612  33.213 0.0000000000
106401  -62.074  7.550  22.347 0.0000000000
107629  -62.705  7.672  21.846 0.0000000000
109882  -57.137  9.593  22.758 0.0000000000
109883  -58.078  9.490  22.899 0.0000000000
109897  -57.944  9.618  21.814 0.0000000000
111038  -60.063  10.361  18.739 0.0000000000
111039  -60.867  10.282  18.795 0.0000000000
111025  -62.749  9.413  19.785 0.0000000000
108785  -62.938  8.797  19.363 0.0000000000
107679  -62.705  8.674  18.600 0.0000000000
107677  -61.975  8.054  18.668 0.0000000000
108800  -62.698  8.881  18.318 0.0000000000
108817  -62.728  9.503  17.842 0.0000000000
108823  -62.505  9.847  17.546 0.0000000000
115281  -61.672  13.990  18.174 0.0000000000
114257  -61.769  12.856  17.761 0.0000000000
114256  -61.464  13.256  17.477 0.0000000000
114263  -61.133  12.730  16.753 0.0000000000
113203  -60.763  12.323  16.506 0.0000000000
113193  -59.536  12.351  16.713 0.0000000000
114255  -60.456  13.017  16.721 0.0000000000
114254  -59.754  13.253  16.911 0.0000000000
115291  -59.706  14.196  17.293 0.0000000000
115167  -50.532  14.357  30.514 0.0000000000
115177  -50.405  14.328  29.563 0.0000000000
115168  -51.074  14.955  30.141 0.0000000000
116168  -52.013  16.203  29.147 0.0000000000
118202  -55.598  17.854  29.094 0.0000000000
118216  -55.455  17.756  28.180 0.0000000000
118230  -55.344  17.574  27.242 0.0000000000
118244  -55.196  17.473  26.312 0.0000000000
118258  -55.850  17.742  25.577 0.0000000000
118273  -57.641  18.099  24.943 0.0000000000
118193  -60.579  18.998  31.137 0.0000000000
118192  -59.995  19.374  30.749 0.0000000000
118208  -60.827  18.593  30.388 0.0000000000
118222  -60.940  18.461  29.303 0.0000000000
119355  -62.870  18.915  25.395 0.0000000000
119348  -62.506  18.708  26.060 0.0000000000
119354  -62.445  18.407  25.042 0.0000000000
118276  -60.774  18.107  24.504 0.0000000000
117227  -60.620  17.711  23.614 0.0000000000
116223  -60.312  17.029  21.605 0.0000000000
117263  -60.769  17.396  21.639 0.0000000000
117264  -61.438  17.391  21.667 0.0000000000
118308  -62.220  17.593  20.845 0.0000000000
121601  -60.315  19.075  20.024 0.0000000000
121622  -60.579  18.616  19.881 0.0000000000
120487  -60.113  19.129  19.411 0.0000000000
119427  -59.779  17.899  18.481 0.0000000000
118355  -59.436  17.156  18.288 0.0000000000
118348  -59.017  17.377  18.487 0.0000000000
117302  -57.708  16.633  18.657 0.0000000000
117300  -55.992  17.328  18.907 0.0000000000
120526  -55.163  20.009  17.507 0.0000000000
120525  -54.335  20.004  17.667 0.0000000000
120501  -53.744  19.669  17.876 0.0000000000
120426  -54.126  19.612  23.421 0.0000000000
119368  -54.073  18.961  22.087 0.0000000000
120439  -53.529  19.210  22.395 0.0000000000
121560  -52.225  19.969  21.267 0.0000000000
121576  -51.768  20.501  20.757 0.0000000000
122689  -47.752  21.439  20.004 0.0000000000
122731  -48.563  21.499  18.019 0.0000000000
121636  -49.168  20.761  16.889 0.0000000000
121635  -47.992  20.330  16.725 0.0000000000
121653  -47.637  20.004  16.443 0.0000000000
119438  -46.198  18.817  17.618 0.0000000000
119450  -46.192  18.962  17.043 0.0000000000
119449  -45.728  19.088  16.732 0.0000000000
119436  -44.777  18.910  16.861 0.0000000000
121629  -43.102  20.088  17.294 0.0000000000
120475  -41.642  19.776  19.477 0.0000000000
121590  -41.051  20.391  18.910 0.0000000000
109825  -51.105  10.259  25.747 0.0000000000
112020  -50.902  11.726  25.118 0.0000000000
113105  -50.982  12.462  24.925 0.0000000000
113098  -50.943  13.077  25.045 0.0000000000
114172  -51.263  13.717  24.925 0.0000000000
115213  -51.857  14.962  25.110 0.0000000000
125810  -59.576  24.106  33.857 0.0000000000
126880  -58.722  23.794  33.264 0.0000000000
125825  -58.620  23.656  32.625 0.0000000000
124758  -57.769  22.780  31.450 0.0000000000
123690  -57.003  22.203  31.396 0.0000000000
123700  -57.657  22.417  30.864 0.0000000000
123699  -57.331  21.957  30.443 0.0000000000
122586  -54.850  20.787  28.077 0.0000000000
121444  -53.080  20.047  28.358 0.0000000000
121443  -52.186  19.975  28.264 0.0000000000
120367  -53.005  19.419  29.724 0.0000000000
120382  -52.537  19.644  29.015 0.0000000000
121442  -51.203  19.894  28.198 0.0000000000
121441  -50.176  19.849  28.158 0.0000000000
108811  -57.976  8.811  17.552 0.0000000000
111932  -45.817  12.029  35.810 0.0000000000
113012  -46.305  13.040  35.228 0.0000000000
111926  -46.386  11.833  36.465 0.0000000000
112994  -46.957  12.311  36.546 0.0000000000
114056  -47.841  13.180  36.855 0.0000000000
111905  -47.044  11.678  37.660 0.0000000000
112986  -47.757  12.158  37.553 0.0000000000
114057  -48.376  13.437  37.139 0.0000000000
109762  -57.048  9.622  31.664 0.0000000000
109761  -56.661  9.377  31.209 0.0000000000
109760  -56.013  8.916  30.819 0.0000000000
108661  -54.616  7.882  32.384 0.0000000000
107518  -53.923  7.478  31.674 0.0000000000
106285  -52.574  6.656  32.097 0.0000000000
106284  -51.934  6.427  32.009 0.0000000000
104974  -45.563  5.075  41.931 0.0000000000
103784  -44.910  4.605  41.350 0.0000000000
103785  -45.865  4.592  41.155 0.0000000000
103802  -46.158  4.351  40.286 0.0000000000
103812  -45.657  3.971  39.727 0.0000000000
103814  -47.389  4.366  39.187 0.0000000000
106237  -44.779  6.722  33.792 0.0000000000
107480  -44.071  7.187  33.841 0.0000000000
106236  -43.779  6.681  34.239 0.0000000000
106227  -43.025  6.557  34.775 0.0000000000
105029  -42.372  5.604  35.801 0.0000000000
107464  -42.033  7.355  36.068 0.0000000000
111001  -56.054  10.771  20.602 0.0000000000
111002  -56.891  10.316  20.429 0.0000000000
111018  -56.753  10.954  19.974 0.0000000000
111036  -58.821  11.047  18.909 0.0000000000
113154  -58.339  12.328  19.317 0.0000000000
112096  -58.589  11.559  19.006 0.0000000000
112113  -59.827  11.298  18.534 0.0000000000
113174  -61.625  12.190  18.165 0.0000000000
114239  -61.337  13.459  18.476 0.0000000000
114225  -60.877  13.699  18.842 0.0000000000
115280  -61.499  14.068  18.400 0.0000000000
117306  -61.716  15.114  18.560 0.0000000000
117162  -52.735  16.128  31.677 0.0000000000
117168  -52.522  16.157  30.720 0.0000000000
117160  -54.865  17.165  31.252 0.0000000000
117165  -54.947  17.371  30.557 0.0000000000
118186  -55.064  17.629  29.674 0.0000000000
122558  -61.889  21.021  28.703 0.0000000000
121448  -62.214  20.382  28.529 0.0000000000
122574  -62.228  21.044  27.983 0.0000000000
121479  -62.659  20.127  26.601 0.0000000000
121480  -62.812  19.725  26.268 0.0000000000
122622  -61.709  21.460  25.658 0.0000000000
122623  -62.345  20.820  25.498 0.0000000000
121518  -62.985  19.908  25.382 0.0000000000
121536  -62.985  19.889  24.751 0.0000000000
120429  -62.794  19.350  23.295 0.0000000000
120446  -62.514  19.303  22.189 0.0000000000
122718  -60.661  19.711  21.354 0.0000000000
123801  -60.738  21.331  21.468 0.0000000000
122696  -60.732  20.659  21.204 0.0000000000
122717  -60.451  19.484  20.965 0.0000000000
122715  -59.793  19.373  20.158 0.0000000000
120485  -58.764  19.097  19.391 0.0000000000
120505  -58.464  18.872  18.894 0.0000000000
120483  -57.900  19.586  18.974 0.0000000000
121618  -57.109  19.810  18.799 0.0000000000
121617  -55.929  20.153  18.486 0.0000000000
122751  -53.229  20.934  18.740 0.0000000000
121542  -49.613  20.157  22.718 0.0000000000
121543  -50.553  19.976  22.368 0.0000000000
121556  -48.713  20.849  21.708 0.0000000000
122670  -47.735  21.295  21.088 0.0000000000
122708  -46.694  21.118  18.917 0.0000000000
121611  -45.589  20.469  17.508 0.0000000000
122728  -45.277  20.633  18.272 0.0000000000
122727  -44.343  20.708  18.381 0.0000000000
122685  -44.182  21.556  19.757 0.0000000000
122705  -43.834  21.237  19.066 0.0000000000
122726  -43.460  20.832  18.362 0.0000000000
122725  -42.622  20.956  18.257 0.0000000000
122724  -41.650  21.320  18.161 0.0000000000
109863  -56.325  9.537  23.628 0.0000000000
109845  -55.485  9.551  24.507 0.0000000000
109881  -56.089  9.669  22.569 0.0000000000
109895  -55.923  10.111  21.441 0.0000000000
109842  -52.556  10.254  24.521 0.0000000000
109860  -53.501  10.208  23.618 0.0000000000
110947  -52.857  11.236  23.195 0.0000000000
110948  -53.440  10.556  23.156 0.0000000000
110949  -54.047  10.356  22.827 0.0000000000
110965  -54.220  10.715  22.135 0.0000000000
109894  -55.225  10.261  21.691 0.0000000000
110984  -55.697  10.494  21.063 0.0000000000
112080  -55.801  11.487  20.542 0.0000000000
113140  -55.902  12.292  20.553 0.0000000000
114200  -55.728  12.918  20.809 0.0000000000
114191  -54.673  13.600  21.712 0.0000000000
114192  -55.450  13.456  21.207 0.0000000000
114201  -56.385  13.367  20.681 0.0000000000
115244  -56.676  14.465  21.143 0.0000000000
119295  -56.765  18.481  34.052 0.0000000000
119302  -57.469  18.667  33.291 0.0000000000
119303  -58.183  19.086  33.282 0.0000000000
118168  -58.699  19.030  32.898 0.0000000000
119310  -59.343  19.275  32.435 0.0000000000
119305  -59.455  19.938  33.027 0.0000000000
119314  -60.211  19.688  31.445 0.0000000000
119315  -60.733  19.141  31.906 0.0000000000
120344  -61.294  19.728  31.301 0.0000000000
121415  -61.503  20.543  30.497 0.0000000000
125811  -60.122  23.625  33.149 0.0000000000
124753  -60.169  23.120  32.402 0.0000000000
124759  -60.094  22.872  31.628 0.0000000000
125843  -59.495  22.789  30.710 0.0000000000
124767  -59.824  22.396  30.810 0.0000000000
123692  -60.024  22.083  31.386 0.0000000000
123702  -60.623  21.786  30.544 0.0000000000
122546  -61.238  21.474  30.188 0.0000000000
122557  -61.407  21.470  29.284 0.0000000000
122573  -61.593  21.588  28.281 0.0000000000
124805  -60.744  22.332  27.688 0.0000000000
124815  -60.295  21.758  26.950 0.0000000000
124803  -59.619  21.717  27.891 0.0000000000
124814  -59.560  21.379  26.746 0.0000000000
124824  -59.182  20.957  25.489 0.0000000000
159018  -58.561  20.721  24.822 0.0000000000
121529  -55.353  20.215  23.592 0.0000000000
121496  -55.780  21.237  25.195 0.0000000000
121528  -54.716  20.055  23.598 0.0000000000
120425  -53.049  19.541  23.401 0.0000000000
120424  -52.079  19.558  23.476 0.0000000000
120423  -51.200  19.691  23.550 0.0000000000
121493  -52.432  20.735  25.767 0.0000000000
121476  -51.654  20.619  26.620 0.0000000000
121510  -51.080  20.174  24.995 0.0000000000
120412  -50.803  19.906  24.286 0.0000000000
120422  -50.330  19.853  23.670 0.0000000000
121526  -49.431  20.036  23.822 0.0000000000
121525  -48.503  20.291  23.507 0.0000000000
121523  -46.736  20.826  23.482 0.0000000000
121487  -46.748  20.622  25.094 0.0000000000
121505  -46.538  20.726  24.135 0.0000000000
122631  -46.376  20.899  23.621 0.0000000000
122630  -45.706  21.111  23.933 0.0000000000
111963  -48.239  11.658  29.993 0.0000000000
113051  -48.554  12.023  29.896 0.0000000000
113040  -48.721  12.878  30.257 0.0000000000
114115  -49.180  13.358  30.469 0.0000000000
114116  -50.012  13.906  30.933 0.0000000000
115161  -50.512  14.421  31.398 0.0000000000
115155  -51.039  14.879  31.771 0.0000000000
116149  -51.601  15.302  31.601 0.0000000000
114065  -46.765  13.372  35.381 0.0000000000
115144  -48.368  14.402  33.910 0.0000000000
116135  -49.024  15.153  34.869 0.0000000000
115138  -48.822  14.873  34.361 0.0000000000
115146  -49.689  14.783  33.194 0.0000000000
116145  -50.640  14.970  32.784 0.0000000000
116146  -51.247  15.283  32.574 0.0000000000
116150  -52.088  15.745  32.102 0.0000000000
117157  -52.668  16.235  32.476 0.0000000000
117154  -53.350  16.597  32.915 0.0000000000
117149  -52.427  16.677  34.014 0.0000000000
117150  -53.003  16.752  33.541 0.0000000000
118159  -55.740  18.038  34.240 0.0000000000
117134  -51.356  16.261  37.562 0.0000000000
118141  -52.018  17.043  37.310 0.0000000000
118147  -52.561  17.567  36.630 0.0000000000
118143  -53.456  17.761  38.200 0.0000000000
118148  -53.382  18.050  37.167 0.0000000000
119285  -54.750  18.395  35.830 0.0000000000
118154  -55.586  18.290  34.873 0.0000000000
119287  -56.157  18.437  34.840 0.0000000000
119288  -56.912  18.950  34.974 0.0000000000
119289  -57.551  19.513  34.971 0.0000000000
119282  -57.853  20.085  35.719 0.0000000000
120307  -57.172  19.948  36.466 0.0000000000
120308  -57.747  20.318  36.294 0.0000000000
120319  -58.328  20.583  35.593 0.0000000000
121359  -58.531  21.240  35.894 0.0000000000
122469  -58.801  22.121  35.726 0.0000000000
124710  -60.026  22.950  35.985 0.0000000000
124690  -58.089  22.461  36.952 0.0000000000
113082  -61.713  10.679  28.107 0.0000000000
113090  -61.008  10.709  27.464 0.0000000000
112023  -60.616  10.191  26.467 0.0000000000
112022  -60.327  10.442  26.883 0.0000000000
110922  -58.344  10.229  26.487 0.0000000000
113054  -60.990  11.837  29.579 0.0000000000
111988  -59.994  10.896  28.775 0.0000000000
111987  -59.416  10.937  29.105 0.0000000000
110886  -59.257  10.752  28.518 0.0000000000
109814  -54.803  9.427  26.332 0.0000000000
108730  -53.130  8.901  26.754 0.0000000000
108685  -54.075  8.222  28.986 0.0000000000
107559  -53.680  7.977  28.992 0.0000000000
108702  -53.757  8.333  28.414 0.0000000000
108718  -53.649  8.742  27.455 0.0000000000
108729  -52.256  8.892  26.728 0.0000000000
109797  -50.942  9.051  27.007 0.0000000000
108714  -50.014  9.183  27.497 0.0000000000
109795  -49.625  9.883  27.463 0.0000000000
109784  -49.075  9.828  28.491 0.0000000000
110868  -48.581  10.569  29.201 0.0000000000
107467  -55.034  7.686  36.789 0.0000000000
107404  -51.970  6.901  42.834 0.0000000000
104955  -48.168  5.456  42.202 0.0000000000
104956  -49.020  5.549  41.747 0.0000000000
104957  -49.840  5.657  41.576 0.0000000000
106164  -52.912  6.665  41.404 0.0000000000
106178  -53.832  6.774  40.497 0.0000000000
106190  -53.554  6.516  39.416 0.0000000000
105001  -52.419  6.054  38.637 0.0000000000
106202  -53.448  6.533  38.451 0.0000000000
106203  -54.078  6.802  38.568 0.0000000000
107456  -54.341  7.271  37.591 0.0000000000
107455  -54.072  7.223  37.000 0.0000000000
107474  -54.888  7.769  36.183 0.0000000000
107472  -53.770  7.334  35.515 0.0000000000
106242  -53.003  6.709  34.605 0.0000000000
106230  -52.460  6.486  35.415 0.0000000000
106241  -52.293  6.460  34.577 0.0000000000
106257  -52.834  6.632  33.783 0.0000000000
106256  -52.137  6.431  33.715 0.0000000000
106283  -51.167  6.249  31.832 0.0000000000
103854  -48.973  4.978  36.162 0.0000000000
105030  -49.467  5.280  35.736 0.0000000000
105054  -49.490  5.505  34.361 0.0000000000
105053  -48.625  5.383  34.311 0.0000000000
105067  -49.982  5.660  33.600 0.0000000000
105079  -49.768  5.727  33.166 0.0000000000
106272  -50.290  5.868  32.693 0.0000000000
106282  -50.265  6.200  31.594 0.0000000000
110867  -48.073  10.228  29.544 0.0000000000
111973  -48.104  10.968  29.731 0.0000000000
111962  -47.566  11.365  30.402 0.0000000000
111956  -47.121  11.703  30.954 0.0000000000
111955  -46.544  11.460  31.404 0.0000000000
110842  -45.781  10.487  32.082 0.0000000000
111954  -46.012  11.195  31.850 0.0000000000
111949  -46.139  11.750  31.950 0.0000000000
113018  -45.416  12.555  33.515 0.0000000000
113010  -45.061  12.357  34.612 0.0000000000
108651  -44.028  8.750  33.466 0.0000000000
111931  -45.044  11.702  35.476 0.0000000000
110816  -45.493  11.210  36.422 0.0000000000
110806  -45.503  10.871  36.908 0.0000000000
110790  -45.199  10.739  37.447 0.0000000000
110788  -43.624  10.622  37.869 0.0000000000
110789  -44.500  10.622  37.652 0.0000000000
111902  -44.327  11.178  38.220 0.0000000000
104011  -60.272  6.392  23.628 0.0000000000
104023  -60.723  6.496  23.312 0.0000000000
105227  -60.398  6.817  22.392 0.0000000000
106416  -60.210  7.172  21.683 0.0000000000
106434  -60.299  7.408  20.770 0.0000000000
109849  -59.293  9.645  24.534 0.0000000000
109866  -59.352  9.594  23.897 0.0000000000
109867  -59.918  9.543  23.497 0.0000000000
111003  -57.791  9.887  20.619 0.0000000000
111005  -59.857  9.659  20.579 0.0000000000
110988  -61.140  9.333  21.859 0.0000000000
110989  -61.818  9.089  21.746 0.0000000000
109899  -62.760  8.739  21.627 0.0000000000
108771  -63.148  8.451  21.305 0.0000000000
108777  -63.069  8.556  20.321 0.0000000000
106419  -62.883  7.710  20.504 0.0000000000
105230  -62.014  7.506  21.184 0.0000000000
105241  -61.731  7.470  20.998 0.0000000000
106435  -61.162  7.469  20.529 0.0000000000
107642  -60.279  7.557  19.889 0.0000000000
107658  -60.279  7.781  19.130 0.0000000000
107674  -59.508  8.033  18.512 0.0000000000
107676  -61.376  8.173  18.589 0.0000000000
107675  -60.386  8.101  18.525 0.0000000000
108797  -59.622  8.349  17.898 0.0000000000
108812  -58.923  8.882  17.526 0.0000000000
109932  -59.255  9.602  17.220 0.0000000000
113176  -63.110  11.685  17.996 0.0000000000
112142  -63.406  11.184  17.270 0.0000000000
111061  -62.710  10.752  17.057 0.0000000000
112153  -62.333  11.281  17.070 0.0000000000
111060  -62.114  10.884  16.985 0.0000000000
109945  -61.023  10.291  16.798 0.0000000000
109944  -60.239  10.055  16.690 0.0000000000
109943  -59.670  9.938  16.892 0.0000000000
111050  -58.760  10.469  17.150 0.0000000000
113192  -59.024  12.430  17.047 0.0000000000
113182  -56.660  12.296  17.835 0.0000000000
113065  -49.394  12.567  28.487 0.0000000000
113066  -49.642  13.113  28.222 0.0000000000
115185  -50.325  14.285  28.580 0.0000000000
115194  -50.290  14.271  27.628 0.0000000000
115203  -50.289  14.284  26.721 0.0000000000
115204  -50.864  14.764  26.388 0.0000000000
116188  -51.280  15.093  26.145 0.0000000000
116198  -52.436  15.529  25.000 0.0000000000
117179  -52.611  16.503  29.734 0.0000000000
117187  -52.790  16.527  28.675 0.0000000000
118214  -53.918  17.304  28.552 0.0000000000
117195  -52.811  16.444  27.611 0.0000000000
117202  -52.749  16.342  26.573 0.0000000000
117209  -52.803  16.217  25.610 0.0000000000
117220  -53.042  16.069  24.869 0.0000000000
117221  -53.711  16.242  24.360 0.0000000000
117237  -54.256  16.135  23.726 0.0000000000
116209  -55.113  16.055  23.111 0.0000000000
118271  -55.694  17.396  24.668 0.0000000000
117239  -55.592  16.472  23.332 0.0000000000
117257  -56.192  16.308  22.774 0.0000000000
116219  -56.531  15.910  22.179 0.0000000000
116220  -57.146  16.207  22.090 0.0000000000
117274  -57.993  16.062  21.573 0.0000000000
118173  -57.389  18.411  32.528 0.0000000000
118190  -58.274  18.447  30.582 0.0000000000
118191  -59.203  18.655  30.731 0.0000000000
118219  -58.176  18.500  28.524 0.0000000000
118233  -58.015  18.484  27.500 0.0000000000
119332  -61.979  19.161  28.815 0.0000000000
119338  -61.439  18.882  27.983 0.0000000000
118236  -60.986  18.718  27.985 0.0000000000
118247  -57.789  18.386  26.605 0.0000000000
118261  -58.370  18.330  25.689 0.0000000000
117225  -59.580  17.724  24.183 0.0000000000
118285  -58.724  17.650  23.738 0.0000000000
117242  -58.406  17.295  23.123 0.0000000000
117275  -58.523  16.380  21.628 0.0000000000
116233  -59.036  16.157  21.041 0.0000000000
116247  -60.175  15.847  20.316 0.0000000000
116235  -60.340  16.801  20.925 0.0000000000
117313  -61.150  15.781  18.554 0.0000000000
119379  -62.433  18.397  21.526 0.0000000000
119392  -62.294  18.337  20.549 0.0000000000
119410  -62.124  18.199  19.665 0.0000000000
120488  -61.246  18.159  20.112 0.0000000000
118338  -62.085  17.198  19.180 0.0000000000
118349  -61.505  16.749  18.935 0.0000000000
117319  -61.132  15.765  17.984 0.0000000000
116282  -59.879  15.059  17.459 0.0000000000
117311  -58.916  15.942  17.995 0.0000000000
116274  -59.084  15.285  17.766 0.0000000000
115285  -58.474  14.417  17.883 0.0000000000
115284  -57.925  14.024  18.042 0.0000000000
119424  -57.006  18.652  18.476 0.0000000000
118343  -54.661  18.018  18.721 0.0000000000
120470  -55.675  19.548  20.892 0.0000000000
120455  -54.556  19.307  21.592 0.0000000000
120468  -54.186  19.588  20.837 0.0000000000
121579  -54.372  20.034  20.281 0.0000000000
121593  -53.765  20.518  19.788 0.0000000000
122736  -53.250  20.865  19.064 0.0000000000
122750  -52.630  21.134  18.385 0.0000000000
121558  -50.355  20.448  21.656 0.0000000000
121575  -51.052  20.584  21.082 0.0000000000
122693  -51.256  20.779  20.603 0.0000000000
122712  -50.680  21.387  19.593 0.0000000000
122713  -51.658  20.958  19.949 0.0000000000
122734  -51.700  21.356  18.898 0.0000000000
121638  -51.618  20.961  17.173 0.0000000000
121612  -50.714  20.438  17.297 0.0000000000
120497  -50.056  20.127  17.555 0.0000000000
120520  -49.015  20.227  17.070 0.0000000000
120480  -49.665  19.513  18.594 0.0000000000
120479  -48.668  19.357  18.623 0.0000000000
119417  -45.674  18.533  18.111 0.0000000000
118332  -45.291  18.218  19.385 0.0000000000
121632  -45.262  20.273  17.041 0.0000000000
120516  -44.297  19.671  16.823 0.0000000000
120514  -42.899  19.684  17.373 0.0000000000
120466  -41.853  19.785  20.400 0.0000000000
122553  -46.555  21.316  28.768 0.0000000000
123744  -44.443  22.261  25.890 0.0000000000
124822  -44.226  23.326  25.755 0.0000000000
123755  -43.520  23.115  24.572 0.0000000000
123766  -43.549  22.881  24.001 0.0000000000
124850  -43.282  23.264  22.859 0.0000000000
125905  -42.778  24.620  23.047 0.0000000000
124849  -42.789  23.765  22.557 0.0000000000
124857  -43.194  23.147  22.191 0.0000000000
123796  -42.671  22.932  21.042 0.0000000000
125922  -41.564  23.868  19.711 0.0000000000
124863  -41.800  23.350  20.042 0.0000000000
123807  -41.848  22.818  19.652 0.0000000000
123816  -41.704  22.327  18.964 0.0000000000
104012  -60.571  6.367  23.931 0.0000000000
104013  -61.038  6.380  24.252 0.0000000000
104022  -60.336  6.608  22.809 0.0000000000
104991  -51.700  5.922  40.036 0.0000000000
105031  -50.022  5.405  35.838 0.0000000000
105042  -48.982  5.261  35.204 0.0000000000
105044  -50.471  5.657  35.266 0.0000000000
105048  -43.879  6.133  34.445 0.0000000000
105056  -50.873  5.918  34.757 0.0000000000
105242  -62.092  7.480  20.718 0.0000000000
106131  -51.634  6.814  42.955 0.0000000000
106144  -48.810  5.755  42.343 0.0000000000
106148  -52.608  6.805  42.082 0.0000000000
106176  -52.215  6.128  40.037 0.0000000000
106191  -54.311  6.858  39.469 0.0000000000
106221  -51.993  6.275  36.009 0.0000000000
106275  -52.701  6.613  32.960 0.0000000000
106295  -52.419  6.635  31.533 0.0000000000
106417  -60.823  7.321  21.325 0.0000000000
106438  -62.788  7.823  19.938 0.0000000000
106449  -62.141  7.576  19.681 0.0000000000
106462  -62.168  7.828  19.048 0.0000000000
107466  -54.472  7.502  36.591 0.0000000000
107487  -43.735  8.207  33.649 0.0000000000
107618  -62.419  7.685  22.547 0.0000000000
107660  -62.725  8.104  19.126 0.0000000000
107661  -62.792  8.409  19.073 0.0000000000
107678  -62.600  8.455  18.617 0.0000000000
107686  -61.701  8.509  18.141 0.0000000000
107688  -62.587  8.915  18.073 0.0000000000
108632  -55.794  8.021  36.907 0.0000000000
108668  -46.945  8.727  31.407 0.0000000000
108675  -47.401  8.652  30.715 0.0000000000
108765  -62.887  8.346  22.187 0.0000000000
108801  -63.065  8.927  18.378 0.0000000000
108816  -62.218  9.364  17.657 0.0000000000
108818  -62.893  9.598  17.969 0.0000000000
108824  -62.712  9.986  17.527 0.0000000000
109758  -46.794  10.011  30.843 0.0000000000
109769  -47.762  9.576  29.848 0.0000000000
109796  -50.411  9.357  26.989 0.0000000000
109885  -59.700  9.498  23.124 0.0000000000
109936  -62.134  10.010  17.425 0.0000000000
109937  -62.883  9.818  17.758 0.0000000000
109938  -63.044  9.957  17.911 0.0000000000
109946  -61.763  10.472  17.104 0.0000000000
109947  -62.472  10.352  17.299 0.0000000000
109948  -62.911  10.201  17.456 0.0000000000
109949  -63.177  10.394  17.466 0.0000000000
110817  -45.882  11.458  36.458 0.0000000000
110849  -46.590  10.502  31.145 0.0000000000
110907  -49.932  10.761  26.860 0.0000000000
110933  -51.821  11.157  24.368 0.0000000000
110935  -53.157  10.349  23.748 0.0000000000
110963  -53.026  11.593  22.890 0.0000000000
110966  -54.876  10.380  21.830 0.0000000000
110982  -54.534  11.114  21.502 0.0000000000
110983  -55.128  10.734  21.185 0.0000000000
111000  -55.540  11.125  20.709 0.0000000000
111017  -56.446  11.236  20.183 0.0000000000
111040  -63.000  9.782  18.912 0.0000000000
111056  -59.069  10.937  17.040 0.0000000000
111062  -63.159  10.743  17.129 0.0000000000
111068  -61.733  11.234  16.815 0.0000000000
111069  -62.323  11.062  16.960 0.0000000000
111070  -62.784  11.016  16.932 0.0000000000
111924  -45.234  11.312  36.045 0.0000000000
111925  -45.655  11.569  36.131 0.0000000000
111927  -46.982  12.033  36.774 0.0000000000
111933  -46.241  12.253  35.943 0.0000000000
111947  -44.925  11.313  32.900 0.0000000000
111961  -46.949  11.114  30.869 0.0000000000
111990  -60.829  11.364  28.510 0.0000000000
112000  -60.735  10.991  27.962 0.0000000000
112010  -60.385  10.634  27.465 0.0000000000
112021  -51.481  11.469  24.602 0.0000000000
112032  -51.316  12.030  24.608 0.0000000000
112034  -52.423  11.541  23.600 0.0000000000
112067  -55.325  11.629  20.765 0.0000000000
112093  -56.726  11.642  19.933 0.0000000000
112128  -58.701  11.975  17.140 0.0000000000
112129  -63.515  11.114  17.866 0.0000000000
112140  -60.642  11.648  16.429 0.0000000000
112151  -61.433  11.698  16.697 0.0000000000
112152  -61.777  11.463  16.941 0.0000000000
112995  -47.452  12.332  36.918 0.0000000000
113002  -46.034  12.550  35.505 0.0000000000
113004  -47.260  12.769  36.479 0.0000000000
113017  -44.740  12.247  34.020 0.0000000000
113019  -46.015  12.811  33.139 0.0000000000
113026  -46.210  12.465  32.453 0.0000000000
113032  -46.469  12.067  31.764 0.0000000000
113034  -47.789  12.867  31.111 0.0000000000
113042  -60.926  11.985  30.031 0.0000000000
113053  -60.443  11.429  29.324 0.0000000000
113055  -61.372  11.796  29.501 0.0000000000
113067  -60.403  11.260  28.911 0.0000000000
113069  -61.202  11.563  28.899 0.0000000000
113091  -61.335  10.537  27.484 0.0000000000
113107  -52.136  13.094  24.066 0.0000000000
113114  -52.114  12.511  23.973 0.0000000000
113122  -53.071  12.515  22.947 0.0000000000
113152  -57.100  12.112  19.741 0.0000000000
113153  -57.642  12.275  19.540 0.0000000000
113171  -59.628  12.083  18.632 0.0000000000
113194  -60.175  12.379  16.496 0.0000000000
113195  -62.306  11.712  17.432 0.0000000000
113196  -63.028  11.486  17.228 0.0000000000
113204  -61.147  12.260  16.600 0.0000000000
113205  -61.422  12.167  16.798 0.0000000000
114045  -47.880  12.601  37.228 0.0000000000
114106  -50.062  14.084  31.467 0.0000000000
114108  -61.135  12.409  31.302 0.0000000000
114114  -48.578  13.043  30.582 0.0000000000
114141  -49.412  12.981  29.149 0.0000000000
114179  -52.939  13.676  23.311 0.0000000000
114185  -54.056  13.681  22.205 0.0000000000
114202  -57.429  13.256  20.137 0.0000000000
114238  -57.595  13.839  18.094 0.0000000000
114240  -61.766  13.126  18.123 0.0000000000
114247  -59.444  13.760  17.247 0.0000000000
114262  -60.863  12.841  16.677 0.0000000000
114264  -61.295  12.964  17.039 0.0000000000
114265  -61.631  12.497  17.372 0.0000000000
115132  -49.134  15.242  35.677 0.0000000000
115139  -49.336  14.975  33.802 0.0000000000
115145  -48.905  14.572  33.402 0.0000000000
115147  -50.244  14.797  32.821 0.0000000000
115220  -51.672  14.336  24.842 0.0000000000
115236  -55.312  14.739  21.863 0.0000000000
115243  -55.795  14.410  21.510 0.0000000000
115246  -58.253  15.003  20.722 0.0000000000
115293  -60.816  14.296  17.418 0.0000000000
115300  -60.654  13.287  16.878 0.0000000000
115302  -61.001  13.642  17.244 0.0000000000
116143  -51.948  16.119  33.355 0.0000000000
116199  -53.034  15.462  24.305 0.0000000000
116216  -53.759  14.905  22.932 0.0000000000
116244  -58.482  15.106  20.692 0.0000000000
116269  -61.693  14.717  18.212 0.0000000000
116276  -59.781  15.901  17.625 0.0000000000
116281  -59.486  14.870  17.518 0.0000000000
117126  -51.617  15.884  38.398 0.0000000000
117128  -53.090  16.967  38.973 0.0000000000
117138  -49.912  15.876  36.275 0.0000000000
117144  -51.482  16.698  35.207 0.0000000000
117147  -51.040  16.349  34.757 0.0000000000
117155  -53.982  16.706  32.461 0.0000000000
117171  -54.995  17.530  30.093 0.0000000000
117178  -52.046  16.242  30.127 0.0000000000
117181  -54.207  17.400  29.287 0.0000000000
117189  -53.985  17.339  27.438 0.0000000000
117204  -53.987  16.978  25.592 0.0000000000
117211  -54.279  16.837  25.002 0.0000000000
117224  -55.847  17.104  23.909 0.0000000000
117238  -54.872  16.358  23.595 0.0000000000
117304  -59.118  16.877  18.310 0.0000000000
117312  -59.340  16.371  17.943 0.0000000000
117314  -61.480  15.288  18.292 0.0000000000
117318  -60.934  15.679  17.895 0.0000000000
117320  -61.553  15.317  18.033 0.0000000000
118162  -53.491  16.859  33.448 0.0000000000
118166  -57.053  18.419  33.163 0.0000000000
118167  -58.510  18.883  32.796 0.0000000000
118176  -59.466  19.295  32.065 0.0000000000
118184  -60.461  19.283  31.404 0.0000000000
118228  -54.012  17.334  26.722 0.0000000000
118237  -61.506  18.788  27.640 0.0000000000
118242  -53.811  17.180  26.480 0.0000000000
118270  -55.168  17.157  24.717 0.0000000000
119237  -56.247  19.737  38.946 0.0000000000
119238  -56.589  20.050  38.952 0.0000000000
119250  -53.962  18.038  38.524 0.0000000000
119281  -57.622  19.883  35.749 0.0000000000
119292  -58.760  20.760  34.437 0.0000000000
119294  -56.242  18.262  34.280 0.0000000000
119299  -58.911  20.520  33.911 0.0000000000
119301  -56.929  18.429  33.470 0.0000000000
119306  -60.158  20.002  32.377 0.0000000000
119308  -57.817  18.675  32.769 0.0000000000
119311  -59.656  19.747  32.056 0.0000000000
119312  -60.371  19.999  32.240 0.0000000000
119349  -62.877  19.019  25.789 0.0000000000
119369  -54.333  19.111  21.946 0.0000000000
119377  -53.814  19.082  21.872 0.0000000000
119378  -54.103  19.103  21.733 0.0000000000
119419  -47.035  18.827  18.694 0.0000000000
119434  -43.290  19.395  17.194 0.0000000000
119439  -54.835  19.593  17.602 0.0000000000
119440  -55.275  19.430  17.712 0.0000000000
119441  -60.977  17.104  19.200 0.0000000000
119448  -45.353  19.258  16.589 0.0000000000
119452  -60.695  16.847  18.615 0.0000000000
120276  -56.202  19.705  37.885 0.0000000000
120279  -57.335  20.823  38.185 0.0000000000
120292  -56.556  19.797  37.179 0.0000000000
120294  -57.587  20.750  37.333 0.0000000000
120295  -57.900  20.938  37.054 0.0000000000
120306  -56.829  19.742  36.491 0.0000000000
120318  -58.012  20.238  35.686 0.0000000000
120350  -52.604  19.279  30.614 0.0000000000
120354  -61.960  19.895  29.730 0.0000000000
120368  -53.847  19.821  29.612 0.0000000000
120369  -54.337  19.943  29.879 0.0000000000
120370  -61.910  19.466  29.644 0.0000000000
120371  -62.103  19.745  29.123 0.0000000000
120384  -53.769  19.994  29.059 0.0000000000
120385  -62.261  19.641  28.205 0.0000000000
120398  -62.685  19.371  26.464 0.0000000000
120399  -62.883  19.514  26.067 0.0000000000
120406  -62.973  19.398  25.663 0.0000000000
120411  -50.326  19.956  24.282 0.0000000000
120416  -63.051  19.380  25.035 0.0000000000
120421  -49.890  19.917  23.281 0.0000000000
120430  -62.938  19.368  24.277 0.0000000000
120435  -50.223  19.840  22.964 0.0000000000
120440  -54.436  19.263  22.432 0.0000000000
120444  -59.687  20.069  22.409 0.0000000000
120445  -60.070  20.074  22.528 0.0000000000
120453  -52.800  19.577  21.756 0.0000000000
120457  -56.039  19.528  21.480 0.0000000000
120458  -59.557  20.100  22.208 0.0000000000
120459  -59.736  20.252  22.488 0.0000000000
120460  -60.239  20.019  22.425 0.0000000000
120469  -54.914  19.577  20.840 0.0000000000
120471  -56.120  19.541  21.000 0.0000000000
120484  -58.240  19.368  19.156 0.0000000000
120486  -59.909  19.228  19.340 0.0000000000
120493  -46.596  19.011  17.836 0.0000000000
120507  -59.815  19.009  19.020 0.0000000000
120515  -43.472  19.695  17.034 0.0000000000
120517  -46.673  19.179  17.380 0.0000000000
120527  -60.457  17.692  18.757 0.0000000000
120536  -46.612  19.515  16.766 0.0000000000
120537  -47.494  19.774  16.634 0.0000000000
120538  -47.863  19.947  16.542 0.0000000000
121341  -58.186  20.891  37.351 0.0000000000
121350  -58.043  21.191  36.858 0.0000000000
121360  -58.815  21.653  35.430 0.0000000000
121371  -58.635  21.032  35.382 0.0000000000
121372  -59.005  21.453  34.985 0.0000000000
121393  -59.846  21.024  33.459 0.0000000000
121416  -61.797  20.148  30.009 0.0000000000
121424  -47.196  20.672  28.960 0.0000000000
121427  -54.078  20.149  29.069 0.0000000000
121430  -61.530  21.034  29.864 0.0000000000
121445  -53.789  20.261  28.612 0.0000000000
121447  -55.013  20.464  29.045 0.0000000000
121463  -54.201  20.601  28.218 0.0000000000
121464  -62.461  20.275  27.627 0.0000000000
121470  -45.973  20.668  25.812 0.0000000000
121490  -49.475  20.378  25.634 0.0000000000
121497  -62.702  20.353  25.791 0.0000000000
121498  -62.904  19.857  25.962 0.0000000000
121533  -59.868  20.422  23.319 0.0000000000
121549  -60.002  20.503  22.660 0.0000000000
121550  -60.048  20.276  22.635 0.0000000000
121566  -59.843  20.398  22.169 0.0000000000
121567  -59.966  20.461  22.441 0.0000000000
121600  -59.848  19.258  19.741 0.0000000000
121613  -51.150  20.563  17.243 0.0000000000
121614  -53.281  20.747  19.375 0.0000000000
121619  -57.658  19.664  18.909 0.0000000000
121621  -59.677  19.184  19.376 0.0000000000
121623  -60.766  18.376  20.083 0.0000000000
121642  -55.484  20.145  17.882 0.0000000000
121649  -44.951  19.947  16.806 0.0000000000
121650  -45.606  19.996  16.643 0.0000000000
121651  -46.394  20.000  16.532 0.0000000000
122478  -58.695  21.746  35.682 0.0000000000
122493  -59.977  21.607  34.885 0.0000000000
122523  -60.051  21.412  32.891 0.0000000000
122524  -59.821  20.988  32.018 0.0000000000
122570  -55.026  20.601  28.644 0.0000000000
122583  -45.210  21.264  26.703 0.0000000000
122585  -54.251  20.742  27.885 0.0000000000
122591  -62.272  20.920  27.115 0.0000000000
122601  -54.286  20.885  27.453 0.0000000000
122615  -45.532  21.030  24.770 0.0000000000
122620  -57.938  21.395  26.272 0.0000000000
122621  -58.241  21.453  26.552 0.0000000000
122632  -56.097  21.275  25.155 0.0000000000
122636  -62.225  20.978  24.752 0.0000000000
122643  -44.751  22.028  23.278 0.0000000000
122656  -47.392  21.112  22.090 0.0000000000
122673  -49.971  20.772  21.314 0.0000000000
122676  -61.175  21.355  21.601 0.0000000000
122695  -60.677  19.844  21.346 0.0000000000
122716  -60.141  19.396  20.486 0.0000000000
122744  -46.729  20.586  17.071 0.0000000000
123620  -58.170  22.176  36.752 0.0000000000
123631  -59.411  22.389  35.830 0.0000000000
123685  -59.967  21.616  31.727 0.0000000000
123691  -57.457  22.419  31.103 0.0000000000
123693  -60.296  21.498  31.182 0.0000000000
123710  -60.190  21.504  30.181 0.0000000000
123711  -60.720  22.072  29.766 0.0000000000
123721  -45.996  22.122  28.607 0.0000000000
123725  -60.879  22.228  28.742 0.0000000000
123733  -57.123  21.641  28.218 0.0000000000
123734  -57.743  21.595  27.790 0.0000000000
123736  -60.726  22.254  28.077 0.0000000000
123737  -61.276  22.151  27.559 0.0000000000
123745  -57.953  21.505  27.232 0.0000000000
123746  -58.368  21.583  26.972 0.0000000000
123756  -43.970  22.465  24.761 0.0000000000
123757  -58.315  21.433  26.281 0.0000000000
123758  -58.544  21.486  26.379 0.0000000000
123775  -43.794  22.838  23.200 0.0000000000
123787  -60.544  21.413  23.190 0.0000000000
123799  -45.217  21.662  20.901 0.0000000000
123800  -60.652  21.206  22.145 0.0000000000
123811  -60.610  20.838  21.530 0.0000000000
123812  -60.615  20.870  21.161 0.0000000000
123831  -40.486  21.968  17.666 0.0000000000
124702  -58.691  22.841  36.512 0.0000000000
124703  -59.228  22.770  36.123 0.0000000000
124709  -59.298  23.135  36.267 0.0000000000
124716  -60.137  23.023  34.921 0.0000000000
124726  -60.211  23.018  33.899 0.0000000000
124745  -60.237  22.881  33.040 0.0000000000
124752  -57.679  23.195  32.439 0.0000000000
124757  -57.376  22.593  31.465 0.0000000000
124765  -57.703  21.954  29.854 0.0000000000
124775  -59.696  21.639  29.927 0.0000000000
124786  -57.677  21.725  28.706 0.0000000000
124787  -58.174  21.923  28.680 0.0000000000
124802  -58.772  21.913  27.715 0.0000000000
124816  -60.725  22.369  27.131 0.0000000000
124833  -42.906  23.941  23.728 0.0000000000
124841  -42.898  23.836  23.214 0.0000000000
124842  -43.213  23.361  23.553 0.0000000000
125778  -59.550  23.501  36.086 0.0000000000
125790  -59.379  24.156  34.993 0.0000000000
125824  -58.038  23.648  32.890 0.0000000000
125832  -58.228  23.326  32.053 0.0000000000
125835  -60.011  23.231  30.967 0.0000000000
125842  -58.988  22.862  31.017 0.0000000000
125866  -58.851  22.191  29.170 0.0000000000
125868  -59.682  21.515  28.994 0.0000000000
125877  -58.958  22.209  28.460 0.0000000000
126861  -58.248  23.791  33.541 0.0000000000
126862  -58.586  23.936  34.016 0.0000000000
126879  -58.396  23.726  33.073 0.0000000000
126881  -59.068  23.936  33.656 0.0000000000
126952  -42.950  25.357  23.073 0.0000000000
126958  -42.798  25.372  22.446 0.0000000000
159002  -60.081  16.699  17.824 0.0000000000
159004  -60.187  17.047  18.101 0.0000000000
159005  -59.585  16.651  17.924 0.0000000000
159006  -59.695  17.309  18.243 0.0000000000
159008  -59.626  16.902  18.052 0.0000000000
159009  -60.189  17.577  18.427 0.0000000000
159010  -60.500  21.259  24.352 0.0000000000
159011  -60.463  21.453  24.204 0.0000000000
159012  -60.514  21.243  24.069 0.0000000000
159015  -60.231  20.643  23.989 0.0000000000
159019  -59.679  20.642  24.611 0.0000000000
