#!ascii label  , from subject 3001 vox2ras=TkReg
955
47040  -21.715  -41.271  65.274 0.0000000000
66950  -45.484  -24.572  58.230 0.0000000000
75910  -51.431  -18.218  53.264 0.0000000000
71894  -58.630  -20.989  46.221 0.0000000000
63245  -43.129  -28.613  59.330 0.0000000000
73252  -55.064  -20.514  49.984 0.0000000000
85172  -59.740  -10.339  45.026 0.0000000000
90056  -62.999  -6.911  42.471 0.0000000000
64492  -47.327  -25.676  57.164 0.0000000000
69496  -51.512  -22.505  56.153 0.0000000000
71770  -48.648  -21.396  56.789 0.0000000000
47007  -24.315  -41.101  67.416 0.0000000000
44746  -27.800  -43.090  65.492 0.0000000000
49366  -31.925  -39.240  63.907 0.0000000000
56104  -31.418  -33.558  63.769 0.0000000000
57166  -35.932  -31.898  63.805 0.0000000000
59469  -40.947  -30.912  62.532 0.0000000000
60794  -45.513  -28.586  60.286 0.0000000000
69532  -54.137  -21.308  52.335 0.0000000000
88860  -60.142  -7.662  40.053 0.0000000000
66940  -46.850  -25.004  58.299 0.0000000000
68250  -48.722  -23.415  57.517 0.0000000000
69483  -46.794  -23.069  57.249 0.0000000000
49357  -25.053  -40.581  66.480 0.0000000000
44725  -25.978  -42.191  66.791 0.0000000000
60769  -37.456  -30.359  62.201 0.0000000000
58268  -38.753  -31.245  62.761 0.0000000000
61932  -40.115  -30.086  61.517 0.0000000000
64479  -44.128  -26.923  59.218 0.0000000000
64451  -44.189  -28.035  60.458 0.0000000000
65687  -45.933  -26.232  59.862 0.0000000000
63219  -47.145  -27.045  59.041 0.0000000000
74558  -51.625  -19.538  55.458 0.0000000000
70636  -52.431  -20.876  54.452 0.0000000000
74586  -53.877  -19.369  53.407 0.0000000000
70734  -56.914  -22.317  47.183 0.0000000000
68390  -57.079  -22.790  49.589 0.0000000000
68435  -58.367  -23.093  47.110 0.0000000000
68478  -59.250  -21.977  45.401 0.0000000000
85165  -62.130  -10.904  45.351 0.0000000000
81174  -60.401  -13.767  46.650 0.0000000000
61975  -40.470  -29.628  59.353 0.0000000000
71945  -55.798  -20.710  45.104 0.0000000000
88802  -61.320  -8.142  44.154 0.0000000000
86397  -63.115  -9.475  43.389 0.0000000000
85255  -60.182  -10.572  38.440 0.0000000000
63291  -49.010  -27.068  55.010 0.0000000000
66979  -49.868  -24.130  56.711 0.0000000000
71757  -50.098  -21.278  57.302 0.0000000000
45859  -22.968  -41.603  67.015 0.0000000000
43630  -28.478  -44.020  63.597 0.0000000000
45877  -30.513  -42.289  64.512 0.0000000000
44772  -30.971  -42.705  63.376 0.0000000000
49388  -32.648  -39.319  63.307 0.0000000000
52870  -33.046  -36.308  63.745 0.0000000000
55047  -31.871  -34.449  62.243 0.0000000000
57176  -33.295  -32.094  63.415 0.0000000000
56127  -37.107  -32.618  62.256 0.0000000000
63216  -41.975  -28.877  61.187 0.0000000000
60773  -43.423  -29.524  61.022 0.0000000000
58328  -44.725  -30.697  59.672 0.0000000000
59552  -46.459  -29.796  58.740 0.0000000000
62007  -46.945  -28.089  56.752 0.0000000000
70681  -55.661  -21.126  51.808 0.0000000000
78518  -58.511  -15.360  46.445 0.0000000000
73295  -59.692  -18.768  45.658 0.0000000000
47015  -21.680  -41.099  66.890 0.0000000000
66939  -46.310  -25.016  58.687 0.0000000000
68234  -46.867  -24.479  57.822 0.0000000000
68248  -46.307  -23.976  57.703 0.0000000000
60811  -38.074  -30.242  60.714 0.0000000000
60770  -38.338  -30.078  61.925 0.0000000000
60812  -39.230  -29.937  60.585 0.0000000000
65708  -44.544  -25.881  58.815 0.0000000000
65685  -44.907  -26.459  60.024 0.0000000000
65697  -45.765  -25.579  59.504 0.0000000000
65698  -46.437  -25.560  59.252 0.0000000000
74571  -52.817  -19.374  54.650 0.0000000000
75892  -53.176  -18.494  53.877 0.0000000000
70735  -57.828  -21.937  46.657 0.0000000000
69607  -57.945  -22.719  47.316 0.0000000000
69617  -58.696  -22.370  46.589 0.0000000000
68451  -59.285  -22.407  45.951 0.0000000000
70737  -59.271  -21.246  46.130 0.0000000000
83962  -63.121  -11.575  44.914 0.0000000000
82634  -62.295  -12.449  45.755 0.0000000000
81241  -62.873  -13.325  44.154 0.0000000000
90031  -60.147  -6.573  43.945 0.0000000000
90035  -62.315  -7.055  43.779 0.0000000000
87586  -62.489  -8.922  44.019 0.0000000000
88829  -62.954  -8.480  43.122 0.0000000000
86411  -63.656  -9.993  42.066 0.0000000000
87625  -62.717  -8.372  41.043 0.0000000000
86445  -59.580  -8.923  39.132 0.0000000000
64514  -47.973  -26.165  56.001 0.0000000000
65744  -49.414  -25.241  55.878 0.0000000000
66978  -49.029  -24.250  56.781 0.0000000000
70583  -48.761  -22.002  57.664 0.0000000000
69470  -49.454  -22.433  57.666 0.0000000000
71756  -49.982  -21.476  58.002 0.0000000000
73143  -50.364  -20.356  56.601 0.0000000000
73141  -49.444  -20.272  56.284 0.0000000000
45870  -23.695  -42.161  66.240 0.0000000000
44733  -24.481  -42.073  66.814 0.0000000000
44745  -26.753  -43.031  65.894 0.0000000000
49365  -31.373  -39.490  63.926 0.0000000000
48259  -31.516  -40.411  64.010 0.0000000000
45898  -30.924  -42.602  63.956 0.0000000000
47049  -31.966  -41.029  63.576 0.0000000000
47050  -32.273  -40.441  63.383 0.0000000000
48261  -32.260  -39.873  63.659 0.0000000000
55017  -32.132  -35.122  64.059 0.0000000000
55038  -32.121  -35.003  62.864 0.0000000000
55037  -31.578  -34.313  63.016 0.0000000000
59461  -35.171  -30.739  63.481 0.0000000000
59445  -34.242  -31.050  63.366 0.0000000000
58279  -34.974  -32.031  63.800 0.0000000000
57191  -33.586  -32.206  62.917 0.0000000000
57192  -34.705  -32.334  63.000 0.0000000000
57208  -35.575  -32.772  62.281 0.0000000000
57179  -36.708  -32.122  63.070 0.0000000000
59467  -40.160  -31.024  63.215 0.0000000000
57182  -39.629  -31.642  62.558 0.0000000000
57184  -40.664  -31.530  62.380 0.0000000000
58295  -41.713  -31.169  61.866 0.0000000000
61964  -41.630  -28.925  60.666 0.0000000000
61965  -42.434  -28.813  60.353 0.0000000000
63186  -44.588  -28.600  60.693 0.0000000000
63185  -44.121  -28.649  60.782 0.0000000000
60775  -44.852  -28.915  61.246 0.0000000000
59490  -43.873  -29.817  60.710 0.0000000000
59498  -45.070  -29.832  60.189 0.0000000000
60833  -46.063  -29.611  59.283 0.0000000000
63220  -47.410  -26.534  58.312 0.0000000000
61991  -46.918  -28.184  57.863 0.0000000000
63262  -47.204  -26.833  56.374 0.0000000000
62020  -47.349  -27.966  55.568 0.0000000000
50524  -23.829  -39.830  67.408 0.0000000000
48221  -23.687  -39.986  68.183 0.0000000000
46995  -23.059  -40.494  67.934 0.0000000000
66992  -51.768  -24.278  55.828 0.0000000000
67004  -52.237  -24.148  55.215 0.0000000000
70645  -52.652  -20.915  53.638 0.0000000000
74653  -54.485  -19.450  50.900 0.0000000000
74635  -54.615  -19.179  51.828 0.0000000000
73236  -55.385  -20.351  50.765 0.0000000000
67134  -56.850  -23.780  48.763 0.0000000000
67101  -56.142  -23.331  50.058 0.0000000000
78511  -60.818  -15.291  46.524 0.0000000000
79816  -59.473  -14.423  47.305 0.0000000000
77245  -60.064  -16.338  46.516 0.0000000000
75986  -59.517  -17.041  46.530 0.0000000000
74712  -60.860  -18.006  46.170 0.0000000000
71948  -60.162  -19.479  45.131 0.0000000000
91423  -62.070  -5.445  42.495 0.0000000000
88851  -61.508  -7.223  40.892 0.0000000000
90069  -60.454  -6.349  40.737 0.0000000000
91462  -59.536  -6.252  39.810 0.0000000000
65709  -47.278  -25.084  57.579 0.0000000000
66962  -48.008  -24.317  57.102 0.0000000000
68249  -47.964  -24.117  57.399 0.0000000000
69468  -48.175  -22.785  57.645 0.0000000000
70598  -47.550  -22.342  56.968 0.0000000000
48230  -24.680  -40.553  67.129 0.0000000000
45854  -25.461  -42.029  67.050 0.0000000000
45874  -27.388  -42.503  65.783 0.0000000000
59463  -36.817  -30.896  63.331 0.0000000000
58266  -37.063  -31.546  63.205 0.0000000000
60728  -37.583  -30.609  62.940 0.0000000000
60730  -39.183  -30.776  62.674 0.0000000000
60751  -40.810  -30.423  62.128 0.0000000000
63246  -43.650  -27.916  58.760 0.0000000000
63218  -43.666  -28.093  59.862 0.0000000000
64466  -44.209  -27.532  60.032 0.0000000000
64452  -44.795  -27.266  60.281 0.0000000000
63202  -45.723  -27.775  60.262 0.0000000000
61966  -46.476  -28.134  59.522 0.0000000000
64455  -46.777  -26.551  59.454 0.0000000000
64468  -47.272  -26.094  58.919 0.0000000000
50550  -24.383  -39.895  66.169 0.0000000000
71772  -51.295  -21.380  56.302 0.0000000000
69503  -51.743  -22.420  55.701 0.0000000000
73166  -52.555  -20.266  55.096 0.0000000000
73177  -53.482  -19.754  53.999 0.0000000000
70647  -54.247  -20.290  52.997 0.0000000000
71881  -55.587  -21.156  49.476 0.0000000000
71868  -56.177  -21.379  49.882 0.0000000000
70710  -57.027  -22.197  48.920 0.0000000000
68420  -57.690  -23.071  47.982 0.0000000000
86358  -60.726  -11.009  45.681 0.0000000000
83949  -59.751  -11.593  46.105 0.0000000000
83939  -61.252  -11.801  46.274 0.0000000000
79818  -61.562  -14.282  46.322 0.0000000000
65727  -44.729  -24.984  57.292 0.0000000000
65716  -44.263  -26.194  57.935 0.0000000000
75936  -52.980  -17.989  52.514 0.0000000000
71879  -54.248  -20.786  48.924 0.0000000000
70732  -54.916  -21.914  47.699 0.0000000000
70750  -56.365  -21.726  46.325 0.0000000000
71915  -57.005  -20.881  45.691 0.0000000000
86377  -60.486  -9.837  44.738 0.0000000000
87565  -61.465  -10.022  44.643 0.0000000000
85181  -62.980  -10.398  44.419 0.0000000000
83970  -64.018  -11.627  43.759 0.0000000000
87638  -61.915  -8.313  40.564 0.0000000000
86448  -61.839  -9.749  39.590 0.0000000000
63293  -50.480  -26.895  54.803 0.0000000000
65732  -50.857  -24.632  56.105 0.0000000000
68276  -50.556  -23.423  56.681 0.0000000000
68262  -49.173  -23.490  57.391 0.0000000000
69486  -50.078  -22.511  57.218 0.0000000000
70602  -50.857  -22.123  56.466 0.0000000000
73144  -50.721  -20.532  56.543 0.0000000000
74538  -50.565  -19.669  56.065 0.0000000000
68275  -45.796  -23.503  56.704 0.0000000000
69501  -47.145  -22.773  55.984 0.0000000000
71792  -48.094  -20.884  55.128 0.0000000000
47025  -21.774  -41.220  66.097 0.0000000000
47042  -23.365  -41.936  65.240 0.0000000000
43657  -28.736  -44.002  62.358 0.0000000000
47045  -28.429  -41.883  64.728 0.0000000000
47029  -28.474  -42.135  65.157 0.0000000000
45888  -29.469  -43.053  65.034 0.0000000000
43632  -30.174  -43.454  63.445 0.0000000000
48299  -33.070  -39.536  62.749 0.0000000000
51746  -33.226  -37.636  62.567 0.0000000000
58261  -31.873  -32.223  63.675 0.0000000000
58262  -33.123  -31.837  63.562 0.0000000000
57175  -32.002  -32.445  63.395 0.0000000000
57190  -32.348  -32.372  62.917 0.0000000000
57220  -32.675  -32.752  61.438 0.0000000000
57180  -37.811  -31.983  62.760 0.0000000000
61963  -40.416  -29.613  60.494 0.0000000000
61949  -40.726  -29.613  61.178 0.0000000000
61935  -41.748  -29.438  61.696 0.0000000000
63201  -43.575  -28.768  60.943 0.0000000000
63169  -42.538  -29.053  61.364 0.0000000000
60753  -42.077  -29.940  61.765 0.0000000000
58307  -42.817  -31.028  61.017 0.0000000000
57225  -43.598  -31.355  60.080 0.0000000000
59593  -46.527  -31.010  56.884 0.0000000000
60851  -46.852  -29.135  58.369 0.0000000000
60871  -46.892  -29.169  57.238 0.0000000000
59594  -46.919  -30.311  56.366 0.0000000000
60890  -47.750  -29.026  55.273 0.0000000000
47004  -22.310  -40.859  67.728 0.0000000000
75913  -53.874  -18.350  53.210 0.0000000000
73192  -54.836  -20.044  52.498 0.0000000000
69534  -55.096  -21.367  52.155 0.0000000000
70692  -56.105  -21.595  50.885 0.0000000000
68350  -55.509  -22.397  51.185 0.0000000000
68349  -54.990  -22.519  51.436 0.0000000000
73338  -57.163  -19.338  45.057 0.0000000000
73315  -58.343  -19.459  45.754 0.0000000000
82631  -58.587  -13.183  45.851 0.0000000000
81201  -57.806  -14.127  46.060 0.0000000000
75984  -58.275  -17.119  46.154 0.0000000000
74728  -58.612  -18.598  45.945 0.0000000000
73317  -58.974  -19.940  45.934 0.0000000000
70754  -59.789  -20.468  45.167 0.0000000000
47039  -20.745  -40.976  65.028 0.0000000000
68232  -45.799  -24.529  58.347 0.0000000000
68233  -46.271  -24.440  58.115 0.0000000000
68247  -45.900  -24.229  57.986 0.0000000000
60829  -37.271  -30.637  60.214 0.0000000000
60831  -38.632  -30.081  59.857 0.0000000000
66949  -44.946  -24.988  58.500 0.0000000000
66937  -44.932  -25.326  59.032 0.0000000000
66938  -45.557  -24.982  58.832 0.0000000000
75890  -51.677  -18.315  54.123 0.0000000000
75877  -52.425  -18.698  54.477 0.0000000000
75891  -52.476  -18.371  53.998 0.0000000000
70736  -58.756  -21.598  46.407 0.0000000000
82659  -63.636  -12.435  44.056 0.0000000000
82658  -63.231  -12.795  44.660 0.0000000000
91410  -62.604  -6.075  43.308 0.0000000000
90047  -62.961  -6.948  43.218 0.0000000000
88828  -62.573  -8.011  43.466 0.0000000000
88837  -63.084  -7.753  42.833 0.0000000000
88854  -63.301  -8.363  42.090 0.0000000000
88853  -63.022  -7.729  41.863 0.0000000000
65728  -47.694  -25.601  56.563 0.0000000000
65743  -48.523  -25.418  56.146 0.0000000000
65729  -47.980  -25.038  56.542 0.0000000000
70600  -48.708  -21.890  57.439 0.0000000000
71744  -49.190  -21.740  57.583 0.0000000000
71755  -49.056  -21.433  57.122 0.0000000000
73122  -49.638  -20.755  56.695 0.0000000000
71771  -49.135  -20.930  56.454 0.0000000000
45851  -23.849  -41.521  67.294 0.0000000000
44722  -24.504  -41.804  67.057 0.0000000000
44757  -27.273  -43.501  65.336 0.0000000000
50536  -31.724  -38.326  64.165 0.0000000000
47033  -31.665  -41.131  63.993 0.0000000000
48260  -32.093  -40.133  63.744 0.0000000000
48279  -32.276  -40.213  63.486 0.0000000000
49367  -32.148  -39.030  63.965 0.0000000000
55016  -31.762  -34.745  64.337 0.0000000000
53945  -32.370  -35.576  64.470 0.0000000000
55028  -32.151  -35.070  63.546 0.0000000000
55027  -31.668  -34.388  63.730 0.0000000000
59447  -36.115  -31.269  63.691 0.0000000000
59446  -35.224  -31.218  63.601 0.0000000000
58264  -35.366  -31.759  63.798 0.0000000000
57178  -35.558  -32.131  63.564 0.0000000000
57193  -35.782  -32.490  62.849 0.0000000000
57167  -36.447  -31.859  63.478 0.0000000000
59468  -40.598  -30.979  63.301 0.0000000000
58282  -39.867  -31.002  62.971 0.0000000000
58283  -40.626  -31.108  62.628 0.0000000000
58294  -41.097  -31.349  62.316 0.0000000000
58284  -41.225  -31.082  62.400 0.0000000000
61977  -42.341  -28.850  59.863 0.0000000000
61951  -45.296  -28.394  60.453 0.0000000000
61939  -45.023  -28.561  61.144 0.0000000000
60793  -44.942  -29.015  60.532 0.0000000000
60814  -45.669  -29.537  59.734 0.0000000000
60815  -45.841  -28.765  59.927 0.0000000000
64481  -47.364  -25.800  57.758 0.0000000000
63235  -47.382  -26.485  57.734 0.0000000000
63248  -47.291  -26.370  57.064 0.0000000000
63263  -47.367  -26.261  56.693 0.0000000000
49340  -24.157  -40.036  67.534 0.0000000000
49339  -23.925  -40.052  68.303 0.0000000000
46997  -23.885  -40.318  67.701 0.0000000000
47006  -23.741  -41.015  67.620 0.0000000000
66982  -51.882  -23.753  55.932 0.0000000000
66993  -52.050  -24.037  55.563 0.0000000000
68288  -51.940  -23.179  55.696 0.0000000000
70660  -53.712  -20.859  52.709 0.0000000000
70659  -52.824  -21.043  52.917 0.0000000000
70680  -53.646  -21.334  52.387 0.0000000000
69552  -53.604  -21.796  51.955 0.0000000000
73251  -54.717  -20.172  50.204 0.0000000000
74654  -55.066  -19.872  50.939 0.0000000000
85171  -59.147  -11.005  44.900 0.0000000000
77247  -61.024  -15.820  46.468 0.0000000000
78510  -60.386  -15.363  46.532 0.0000000000
75978  -60.381  -17.147  46.515 0.0000000000
65700  -47.156  -25.381  58.125 0.0000000000
66951  -47.669  -24.254  57.399 0.0000000000
66941  -47.128  -24.782  57.796 0.0000000000
69466  -46.731  -23.644  57.530 0.0000000000
69453  -47.500  -23.598  57.534 0.0000000000
69467  -47.376  -22.978  57.449 0.0000000000
69484  -47.675  -22.496  57.303 0.0000000000
48242  -25.057  -40.681  66.712 0.0000000000
47028  -27.071  -41.966  65.758 0.0000000000
60768  -36.486  -30.460  62.291 0.0000000000
60746  -36.589  -30.471  62.824 0.0000000000
60727  -36.705  -30.628  63.138 0.0000000000
60747  -37.528  -30.432  62.656 0.0000000000
60771  -39.284  -30.080  61.941 0.0000000000
60749  -39.175  -30.356  62.386 0.0000000000
60750  -39.974  -30.394  62.189 0.0000000000
60772  -39.889  -30.195  61.827 0.0000000000
63233  -43.662  -27.983  59.642 0.0000000000
65686  -45.301  -26.344  60.000 0.0000000000
64453  -45.416  -26.992  60.240 0.0000000000
64438  -45.439  -27.546  60.329 0.0000000000
64454  -46.077  -26.933  60.053 0.0000000000
65699  -46.989  -25.602  58.914 0.0000000000
49362  -24.809  -40.238  66.378 0.0000000000
49356  -24.710  -40.282  66.981 0.0000000000
74541  -51.608  -20.393  55.871 0.0000000000
71773  -51.741  -21.215  55.811 0.0000000000
74559  -52.317  -19.853  55.270 0.0000000000
75879  -53.385  -19.139  54.019 0.0000000000
74572  -53.265  -19.457  54.295 0.0000000000
74573  -53.640  -19.381  53.670 0.0000000000
71795  -53.679  -20.001  53.723 0.0000000000
73184  -53.885  -19.699  53.445 0.0000000000
70721  -56.388  -21.893  48.802 0.0000000000
68421  -58.162  -22.993  47.403 0.0000000000
68434  -57.944  -23.244  47.556 0.0000000000
67150  -57.541  -23.515  47.796 0.0000000000
67169  -58.145  -23.501  47.035 0.0000000000
85164  -61.573  -11.022  45.499 0.0000000000
85155  -60.985  -11.261  46.228 0.0000000000
83952  -61.915  -11.722  45.877 0.0000000000
78521  -61.524  -15.182  46.014 0.0000000000
65717  -44.603  -25.313  57.884 0.0000000000
70719  -54.572  -21.384  48.466 0.0000000000
70768  -55.554  -21.401  45.783 0.0000000000
70769  -56.285  -21.036  45.576 0.0000000000
90017  -60.984  -7.192  44.228 0.0000000000
87585  -60.719  -8.319  44.178 0.0000000000
87584  -60.140  -8.650  44.067 0.0000000000
87573  -60.781  -9.034  44.484 0.0000000000
87564  -61.191  -9.775  44.572 0.0000000000
87575  -61.663  -9.272  44.500 0.0000000000
87599  -62.834  -8.979  43.501 0.0000000000
86379  -62.331  -9.878  44.524 0.0000000000
86386  -63.042  -9.828  43.846 0.0000000000
85182  -63.546  -10.764  44.025 0.0000000000
86387  -63.557  -10.336  43.583 0.0000000000
85188  -64.076  -10.869  43.308 0.0000000000
86398  -63.586  -9.922  43.066 0.0000000000
86422  -63.287  -9.256  40.919 0.0000000000
88861  -61.145  -7.494  40.702 0.0000000000
88862  -61.742  -7.760  40.700 0.0000000000
87637  -60.789  -8.299  40.195 0.0000000000
86458  -59.829  -9.758  38.770 0.0000000000
86447  -61.028  -9.567  39.547 0.0000000000
62035  -49.982  -27.760  54.545 0.0000000000
62036  -50.661  -27.650  54.385 0.0000000000
64531  -49.683  -26.614  55.218 0.0000000000
65730  -49.156  -24.713  56.372 0.0000000000
65745  -50.273  -25.282  55.756 0.0000000000
65731  -50.078  -24.661  56.293 0.0000000000
66980  -50.630  -23.950  56.566 0.0000000000
66965  -50.260  -23.612  56.795 0.0000000000
66952  -48.765  -24.002  57.094 0.0000000000
70585  -49.917  -22.088  58.163 0.0000000000
69471  -49.977  -22.107  57.615 0.0000000000
70586  -50.131  -22.134  57.321 0.0000000000
69487  -50.496  -22.516  56.755 0.0000000000
71758  -50.205  -21.564  57.023 0.0000000000
71759  -50.690  -21.530  56.614 0.0000000000
73125  -50.382  -20.896  56.814 0.0000000000
73142  -49.999  -19.959  56.468 0.0000000000
47026  -22.444  -41.523  66.435 0.0000000000
47041  -22.718  -41.667  65.574 0.0000000000
45884  -23.076  -41.885  66.102 0.0000000000
45871  -24.527  -42.666  65.667 0.0000000000
44724  -25.638  -42.191  66.813 0.0000000000
43629  -27.525  -44.236  63.562 0.0000000000
43644  -28.179  -44.169  62.865 0.0000000000
43656  -28.050  -44.093  61.936 0.0000000000
43645  -28.936  -43.969  62.978 0.0000000000
47067  -29.359  -41.407  63.976 0.0000000000
45876  -29.721  -42.606  64.926 0.0000000000
44760  -29.904  -43.105  64.724 0.0000000000
44749  -30.386  -42.756  64.505 0.0000000000
45899  -31.206  -42.435  63.649 0.0000000000
44771  -30.708  -42.921  63.846 0.0000000000
43633  -30.623  -43.119  63.472 0.0000000000
44781  -29.876  -43.595  62.913 0.0000000000
44782  -30.736  -43.072  62.811 0.0000000000
44773  -31.409  -42.467  62.834 0.0000000000
48280  -32.468  -39.906  63.337 0.0000000000
47071  -32.367  -40.742  63.081 0.0000000000
48298  -32.804  -40.010  62.819 0.0000000000
47088  -33.024  -40.517  62.391 0.0000000000
49389  -33.090  -38.863  62.942 0.0000000000
52863  -32.863  -36.920  63.759 0.0000000000
51717  -32.713  -37.408  63.756 0.0000000000
51733  -32.785  -37.589  63.266 0.0000000000
52871  -32.906  -36.896  63.263 0.0000000000
52877  -33.083  -36.300  63.239 0.0000000000
55048  -32.078  -34.970  62.516 0.0000000000
53979  -32.326  -35.398  62.377 0.0000000000
53978  -32.054  -34.920  62.101 0.0000000000
53990  -31.974  -34.876  61.619 0.0000000000
55062  -31.851  -33.988  61.491 0.0000000000
58277  -33.709  -32.069  63.737 0.0000000000
57165  -32.738  -32.077  63.510 0.0000000000
57206  -33.982  -32.294  62.321 0.0000000000
57205  -32.738  -32.414  62.151 0.0000000000
57221  -33.526  -32.505  61.612 0.0000000000
56126  -36.292  -32.730  62.330 0.0000000000
56143  -35.876  -32.987  61.780 0.0000000000
56144  -36.703  -32.932  61.795 0.0000000000
58267  -38.007  -31.436  62.853 0.0000000000
57168  -37.312  -31.769  62.997 0.0000000000
58280  -38.690  -31.532  62.680 0.0000000000
60813  -39.931  -29.759  60.015 0.0000000000
61950  -41.342  -29.191  61.392 0.0000000000
61934  -41.383  -29.547  61.588 0.0000000000
63182  -41.807  -29.192  61.681 0.0000000000
64435  -43.919  -28.600  60.915 0.0000000000
61937  -43.541  -28.992  61.124 0.0000000000
63184  -43.248  -28.979  61.174 0.0000000000
61920  -43.173  -29.291  61.118 0.0000000000
61919  -42.758  -29.241  61.310 0.0000000000
60754  -43.160  -29.959  61.352 0.0000000000
59488  -42.813  -30.499  61.287 0.0000000000
59489  -43.429  -30.096  61.088 0.0000000000
58319  -44.220  -30.638  60.199 0.0000000000
58318  -43.729  -30.764  60.396 0.0000000000
57226  -44.194  -30.963  59.846 0.0000000000
59532  -45.955  -30.126  59.181 0.0000000000
59570  -46.471  -30.803  57.452 0.0000000000
61978  -47.024  -28.199  58.823 0.0000000000
60889  -47.109  -29.078  56.097 0.0000000000
59595  -47.436  -29.667  55.632 0.0000000000
62033  -48.183  -27.479  55.019 0.0000000000
62021  -48.054  -28.267  54.877 0.0000000000
62034  -49.019  -27.895  54.741 0.0000000000
47017  -22.884  -41.353  67.296 0.0000000000
47016  -22.414  -41.328  67.125 0.0000000000
70629  -51.940  -21.444  55.240 0.0000000000
69510  -51.813  -22.212  55.232 0.0000000000
69518  -51.798  -22.109  54.543 0.0000000000
75947  -52.701  -18.113  51.796 0.0000000000
75937  -53.808  -18.079  52.495 0.0000000000
73210  -55.365  -20.175  52.046 0.0000000000
74599  -54.924  -19.839  52.311 0.0000000000
71813  -55.335  -20.584  52.189 0.0000000000
71812  -54.650  -20.303  52.647 0.0000000000
70662  -55.262  -20.994  52.248 0.0000000000
69589  -56.999  -22.375  49.747 0.0000000000
70701  -56.465  -21.763  50.391 0.0000000000
68371  -55.955  -22.653  50.571 0.0000000000
68370  -55.487  -22.992  50.666 0.0000000000
68369  -54.826  -23.052  50.907 0.0000000000
73339  -57.757  -19.391  45.459 0.0000000000
83937  -60.030  -12.239  46.404 0.0000000000
82632  -59.434  -12.412  46.082 0.0000000000
82608  -59.631  -13.303  46.430 0.0000000000
79815  -59.186  -14.894  46.574 0.0000000000
81172  -58.666  -14.223  46.503 0.0000000000
79831  -57.886  -14.946  46.312 0.0000000000
79830  -57.331  -14.827  46.027 0.0000000000
78532  -57.922  -15.703  46.216 0.0000000000
77271  -57.665  -16.294  45.960 0.0000000000
77255  -58.365  -16.453  46.308 0.0000000000
74710  -59.625  -17.987  46.219 0.0000000000
75985  -58.696  -17.555  46.321 0.0000000000
74709  -58.995  -18.672  46.089 0.0000000000
73293  -58.935  -19.102  45.871 0.0000000000
73294  -59.186  -19.296  45.843 0.0000000000
71896  -59.537  -20.020  45.552 0.0000000000
71897  -59.890  -19.251  45.371 0.0000000000
69451  -46.545  -24.075  57.723 0.0000000000
68261  -46.447  -23.604  57.492 0.0000000000
60789  -37.330  -30.428  61.541 0.0000000000
60790  -38.277  -30.134  61.458 0.0000000000
60791  -39.144  -29.983  61.433 0.0000000000
64480  -44.563  -26.295  59.405 0.0000000000
65696  -44.957  -25.818  59.586 0.0000000000
75864  -52.281  -19.180  54.871 0.0000000000
75878  -53.027  -18.996  54.387 0.0000000000
75893  -53.634  -18.926  53.565 0.0000000000
70722  -57.235  -22.503  47.940 0.0000000000
69608  -58.315  -22.859  47.078 0.0000000000
68450  -58.780  -23.171  46.359 0.0000000000
68436  -59.084  -22.740  46.386 0.0000000000
69618  -59.293  -21.900  46.100 0.0000000000
69626  -59.394  -21.551  45.583 0.0000000000
83953  -62.520  -11.631  45.376 0.0000000000
82649  -62.889  -12.470  45.183 0.0000000000
81227  -62.817  -13.303  44.990 0.0000000000
90033  -61.497  -6.491  44.138 0.0000000000
90019  -61.848  -7.417  44.040 0.0000000000
88804  -61.973  -8.313  44.159 0.0000000000
88815  -62.059  -8.115  43.916 0.0000000000
87600  -63.135  -9.136  43.043 0.0000000000
87610  -63.336  -9.334  42.515 0.0000000000
87626  -63.348  -8.915  41.796 0.0000000000
87639  -62.662  -9.005  40.600 0.0000000000
88870  -59.632  -7.649  39.433 0.0000000000
88871  -59.908  -7.887  39.764 0.0000000000
87648  -59.576  -8.318  39.295 0.0000000000
87660  -59.381  -8.356  38.728 0.0000000000
85254  -59.420  -10.301  37.956 0.0000000000
64529  -48.365  -26.474  55.552 0.0000000000
64530  -48.991  -26.488  55.363 0.0000000000
64515  -48.797  -25.924  55.696 0.0000000000
69469  -48.797  -22.716  57.719 0.0000000000
70584  -49.957  -21.940  57.697 0.0000000000
71746  -49.963  -21.371  58.239 0.0000000000
73124  -50.134  -20.996  57.288 0.0000000000
73123  -49.983  -20.926  57.355 0.0000000000
73164  -49.661  -19.743  56.016 0.0000000000
45869  -23.029  -41.734  66.650 0.0000000000
45860  -23.618  -41.769  66.922 0.0000000000
45861  -24.390  -42.365  66.388 0.0000000000
43616  -28.923  -43.711  64.098 0.0000000000
45889  -30.829  -42.474  64.209 0.0000000000
45878  -31.245  -41.899  64.201 0.0000000000
45879  -31.612  -41.594  63.861 0.0000000000
47048  -31.689  -41.690  63.577 0.0000000000
47070  -31.861  -41.515  63.302 0.0000000000
49375  -32.517  -38.982  63.544 0.0000000000
53955  -32.703  -35.661  63.977 0.0000000000
53966  -32.731  -35.655  63.279 0.0000000000
60725  -34.602  -30.409  63.326 0.0000000000
58263  -34.342  -31.661  63.612 0.0000000000
58278  -34.350  -31.928  63.692 0.0000000000
57207  -34.891  -32.594  62.401 0.0000000000
57194  -36.670  -32.450  62.689 0.0000000000
59466  -39.132  -31.057  62.933 0.0000000000
58281  -39.382  -31.269  62.717 0.0000000000
57195  -40.060  -32.059  62.357 0.0000000000
57198  -41.758  -31.536  61.607 0.0000000000
58306  -42.131  -31.308  61.458 0.0000000000
61976  -41.359  -29.014  59.597 0.0000000000
64436  -44.505  -28.346  60.638 0.0000000000
61938  -44.651  -28.961  60.934 0.0000000000
60774  -44.128  -29.023  60.767 0.0000000000
60792  -44.258  -29.342  60.674 0.0000000000
59497  -44.461  -29.921  60.497 0.0000000000
59513  -44.790  -30.295  60.122 0.0000000000
59514  -45.284  -30.191  59.739 0.0000000000
59533  -46.224  -29.663  59.105 0.0000000000
63234  -47.256  -27.292  58.261 0.0000000000
63247  -47.182  -27.223  57.391 0.0000000000
63276  -47.770  -26.914  55.499 0.0000000000
50506  -23.949  -39.876  68.264 0.0000000000
49338  -23.593  -39.936  68.700 0.0000000000
47005  -23.104  -41.071  67.590 0.0000000000
70644  -52.091  -21.488  53.618 0.0000000000
75959  -54.169  -19.020  51.190 0.0000000000
75949  -54.169  -18.682  51.650 0.0000000000
74636  -55.079  -19.775  51.322 0.0000000000
73225  -55.525  -20.354  51.341 0.0000000000
68405  -57.067  -23.166  49.541 0.0000000000
68389  -56.937  -22.900  49.931 0.0000000000
81153  -60.746  -13.848  46.587 0.0000000000
82581  -59.959  -13.847  46.609 0.0000000000
79807  -60.505  -14.650  46.622 0.0000000000
78509  -60.049  -15.203  46.549 0.0000000000
77244  -59.669  -15.869  46.526 0.0000000000
77256  -59.154  -16.514  46.544 0.0000000000
77257  -59.605  -16.447  46.532 0.0000000000
74691  -60.144  -17.593  46.322 0.0000000000
73296  -60.193  -18.593  45.544 0.0000000000
91424  -62.735  -6.259  42.761 0.0000000000
90072  -62.787  -6.868  41.988 0.0000000000
90071  -62.240  -6.765  41.591 0.0000000000
90070  -61.236  -6.722  41.105 0.0000000000
90080  -60.301  -6.877  40.469 0.0000000000
91447  -59.581  -6.377  40.098 0.0000000000
90079  -59.661  -6.853  39.951 0.0000000000
90090  -59.544  -6.568  39.029 0.0000000000
65718  -47.429  -24.950  56.944 0.0000000000
68236  -48.019  -23.343  57.683 0.0000000000
68235  -47.503  -24.044  57.515 0.0000000000
69454  -47.845  -23.059  57.702 0.0000000000
70582  -48.233  -22.309  57.503 0.0000000000
70599  -48.321  -21.831  57.207 0.0000000000
45853  -24.844  -41.582  67.045 0.0000000000
47008  -25.312  -41.419  66.846 0.0000000000
45864  -26.424  -42.182  66.445 0.0000000000
45873  -26.557  -42.507  66.233 0.0000000000
56096  -31.273  -33.937  64.218 0.0000000000
60726  -35.768  -30.504  63.289 0.0000000000
59462  -35.979  -30.803  63.564 0.0000000000
59448  -36.911  -31.248  63.332 0.0000000000
59449  -37.747  -31.175  63.032 0.0000000000
59465  -38.655  -30.995  62.986 0.0000000000
60748  -38.260  -29.888  62.274 0.0000000000
60729  -38.424  -30.627  62.767 0.0000000000
60731  -39.841  -30.985  62.908 0.0000000000
64467  -44.612  -26.680  59.810 0.0000000000
64437  -44.899  -27.823  60.455 0.0000000000
63187  -45.066  -28.206  60.502 0.0000000000
61952  -45.907  -28.179  60.090 0.0000000000
63203  -46.393  -27.439  59.789 0.0000000000
65688  -46.472  -26.174  59.572 0.0000000000
64469  -47.384  -25.998  58.365 0.0000000000
50533  -24.385  -39.965  66.828 0.0000000000
49348  -24.460  -40.195  67.380 0.0000000000
70616  -51.362  -21.919  56.145 0.0000000000
70617  -51.683  -21.748  55.684 0.0000000000
71786  -52.120  -20.899  55.290 0.0000000000
71793  -52.439  -20.721  54.892 0.0000000000
74560  -52.853  -19.872  54.857 0.0000000000
71787  -52.666  -20.399  54.876 0.0000000000
71794  -53.136  -20.271  54.361 0.0000000000
70637  -53.218  -20.384  54.067 0.0000000000
70646  -53.556  -20.405  53.435 0.0000000000
70661  -54.477  -20.706  52.568 0.0000000000
71867  -55.715  -20.973  50.108 0.0000000000
71882  -56.003  -21.343  49.591 0.0000000000
70709  -56.736  -21.837  49.664 0.0000000000
69600  -57.064  -22.242  49.289 0.0000000000
69601  -57.242  -22.647  48.735 0.0000000000
68406  -57.237  -23.013  49.212 0.0000000000
67135  -57.247  -23.346  48.820 0.0000000000
86365  -60.179  -10.280  45.180 0.0000000000
85161  -59.594  -10.941  45.567 0.0000000000
85162  -60.355  -10.994  45.928 0.0000000000
83938  -60.656  -11.736  46.531 0.0000000000
82610  -61.060  -12.592  46.879 0.0000000000
82633  -61.887  -12.403  46.130 0.0000000000
82611  -61.523  -12.572  46.415 0.0000000000
81176  -61.348  -13.412  46.605 0.0000000000
66960  -45.126  -24.492  57.656 0.0000000000
63260  -43.207  -28.740  58.462 0.0000000000
64491  -43.993  -27.098  58.206 0.0000000000
65707  -44.223  -26.500  58.574 0.0000000000
75911  -52.354  -18.157  53.304 0.0000000000
75946  -52.022  -18.352  51.501 0.0000000000
75957  -52.821  -18.625  51.023 0.0000000000
74672  -54.383  -19.738  50.257 0.0000000000
73250  -54.329  -19.955  49.861 0.0000000000
71880  -54.900  -21.069  49.185 0.0000000000
70720  -55.412  -21.634  48.562 0.0000000000
70733  -55.892  -22.161  47.558 0.0000000000
70751  -57.421  -21.497  46.224 0.0000000000
70752  -58.148  -21.110  46.100 0.0000000000
86385  -59.799  -9.385  44.313 0.0000000000
86366  -60.699  -10.252  44.874 0.0000000000
86367  -61.145  -10.726  45.067 0.0000000000
86368  -61.793  -10.264  44.856 0.0000000000
86378  -61.945  -9.580  44.588 0.0000000000
85173  -62.676  -10.768  44.950 0.0000000000
85174  -63.222  -10.986  44.567 0.0000000000
83963  -63.536  -11.593  44.356 0.0000000000
88852  -62.074  -7.539  40.940 0.0000000000
87624  -62.279  -8.057  40.813 0.0000000000
87650  -60.695  -8.930  39.822 0.0000000000
86435  -61.417  -9.040  40.008 0.0000000000
64516  -49.623  -25.952  55.534 0.0000000000
64517  -50.426  -26.155  55.312 0.0000000000
65746  -51.019  -25.259  55.610 0.0000000000
65733  -51.412  -24.618  55.854 0.0000000000
66981  -51.422  -23.975  56.232 0.0000000000
68277  -51.007  -23.184  56.494 0.0000000000
66977  -48.286  -24.432  56.873 0.0000000000
66963  -49.180  -23.937  56.974 0.0000000000
66964  -49.754  -23.656  56.981 0.0000000000
68251  -49.444  -23.066  57.550 0.0000000000
68263  -49.726  -23.192  57.306 0.0000000000
68264  -50.338  -23.091  56.903 0.0000000000
68265  -50.677  -22.825  56.651 0.0000000000
69495  -50.975  -22.518  56.438 0.0000000000
73145  -51.111  -20.833  56.441 0.0000000000
74540  -51.390  -20.169  55.963 0.0000000000
74539  -51.002  -19.905  56.104 0.0000000000
74557  -51.123  -19.324  55.547 0.0000000000
75889  -50.724  -18.405  54.168 0.0000000000
66961  -45.627  -24.277  57.832 0.0000000000
69493  -46.288  -23.100  56.930 0.0000000000
69500  -46.331  -23.022  56.346 0.0000000000
69494  -46.970  -22.805  56.678 0.0000000000
70614  -47.591  -22.328  56.384 0.0000000000
70615  -48.017  -21.682  56.615 0.0000000000
71784  -48.517  -20.888  56.041 0.0000000000
71785  -49.063  -20.515  56.116 0.0000000000
75909  -50.635  -18.385  53.229 0.0000000000
47062  -22.488  -41.511  64.709 0.0000000000
44723  -25.041  -42.049  66.963 0.0000000000
45862  -24.940  -42.724  66.016 0.0000000000
45875  -28.684  -42.645  65.323 0.0000000000
44747  -28.558  -43.154  65.263 0.0000000000
44761  -30.513  -42.920  64.253 0.0000000000
43631  -29.367  -43.722  63.448 0.0000000000
44780  -29.389  -43.774  62.981 0.0000000000
45901  -32.078  -41.480  62.927 0.0000000000
50553  -32.460  -38.126  63.847 0.0000000000
50554  -32.582  -38.126  63.600 0.0000000000
49376  -32.656  -38.756  63.384 0.0000000000
53967  -33.065  -35.968  62.811 0.0000000000
53980  -33.045  -36.186  62.211 0.0000000000
57157  -31.185  -33.184  64.232 0.0000000000
59444  -33.235  -31.275  63.250 0.0000000000
57164  -31.704  -32.611  63.600 0.0000000000
56112  -31.463  -33.269  63.234 0.0000000000
56125  -31.589  -33.157  62.438 0.0000000000
56141  -31.884  -33.188  61.692 0.0000000000
56113  -37.438  -32.272  62.619 0.0000000000
57181  -39.043  -32.104  62.460 0.0000000000
56114  -38.380  -32.168  62.494 0.0000000000
56128  -37.968  -32.467  62.176 0.0000000000
61962  -39.717  -29.937  60.971 0.0000000000
61948  -39.943  -29.979  61.278 0.0000000000
61933  -40.643  -30.040  61.425 0.0000000000
61916  -40.779  -30.190  61.716 0.0000000000
60752  -41.224  -30.538  62.173 0.0000000000
63232  -42.930  -28.696  59.843 0.0000000000
63217  -42.734  -28.834  60.736 0.0000000000
63200  -42.608  -28.923  61.211 0.0000000000
63183  -42.059  -28.918  61.556 0.0000000000
61918  -41.999  -29.581  61.709 0.0000000000
59478  -41.557  -30.730  62.019 0.0000000000
59479  -42.371  -30.463  61.545 0.0000000000
58296  -42.357  -30.891  61.443 0.0000000000
58308  -43.458  -30.582  60.713 0.0000000000
57212  -43.454  -30.969  60.477 0.0000000000
60834  -46.363  -29.132  59.227 0.0000000000
59571  -46.678  -29.994  57.797 0.0000000000
59618  -48.034  -30.034  54.877 0.0000000000
60906  -48.558  -28.832  54.614 0.0000000000
47003  -21.571  -40.843  67.662 0.0000000000
75912  -53.185  -18.184  53.275 0.0000000000
75894  -54.097  -19.085  53.192 0.0000000000
75938  -54.308  -18.575  52.471 0.0000000000
75914  -54.245  -18.833  52.986 0.0000000000
73191  -54.367  -19.828  53.061 0.0000000000
69533  -54.552  -21.317  52.278 0.0000000000
71855  -55.801  -20.914  50.595 0.0000000000
71844  -56.061  -21.086  51.196 0.0000000000
71831  -56.009  -21.220  51.090 0.0000000000
69574  -55.914  -22.240  50.899 0.0000000000
69555  -55.669  -21.768  51.438 0.0000000000
69554  -55.006  -21.961  51.874 0.0000000000
69553  -54.383  -21.782  51.956 0.0000000000
71946  -56.626  -20.243  45.099 0.0000000000
71947  -57.325  -20.081  45.366 0.0000000000
71916  -57.840  -20.423  45.747 0.0000000000
71917  -58.505  -20.299  45.980 0.0000000000
83948  -59.094  -11.811  45.511 0.0000000000
82648  -58.318  -12.440  45.209 0.0000000000
82607  -58.969  -13.733  46.391 0.0000000000
81202  -58.489  -13.823  46.257 0.0000000000
81226  -57.458  -13.709  45.605 0.0000000000
77270  -57.002  -16.519  45.597 0.0000000000
76000  -57.721  -17.361  45.714 0.0000000000
76001  -58.325  -17.995  45.935 0.0000000000
74727  -58.110  -18.528  45.653 0.0000000000
71918  -58.861  -20.251  46.058 0.0000000000
71895  -59.096  -20.494  46.087 0.0000000000
70753  -59.538  -20.909  45.550 0.0000000000
70770  -59.642  -20.824  45.235 0.0000000000
71920  -59.978  -19.638  45.193 0.0000000000
70780  -59.737  -20.736  44.961 0.0000000000
69650  -59.481  -21.218  44.786 0.0000000000
43618  -30.406  -43.280  63.801 0.0000000000
43619  -30.697  -42.982  63.638 0.0000000000
44721  -24.191  -41.686  67.156 0.0000000000
44735  -26.026  -42.539  66.453 0.0000000000
44736  -26.130  -42.283  66.643 0.0000000000
44748  -30.135  -42.730  64.716 0.0000000000
44789  -29.359  -43.784  62.487 0.0000000000
45852  -24.265  -41.446  67.291 0.0000000000
45887  -29.115  -42.994  65.201 0.0000000000
45890  -31.403  -42.102  63.889 0.0000000000
45891  -31.654  -41.622  63.752 0.0000000000
45900  -31.621  -42.101  63.191 0.0000000000
46996  -23.639  -40.448  67.810 0.0000000000
47009  -25.769  -42.065  67.043 0.0000000000
47024  -21.019  -40.944  65.760 0.0000000000
47069  -31.570  -42.007  63.541 0.0000000000
48211  -23.007  -39.982  68.858 0.0000000000
48222  -23.895  -40.064  67.996 0.0000000000
48311  -33.011  -39.898  62.657 0.0000000000
49330  -23.133  -39.837  68.575 0.0000000000
49331  -23.744  -39.991  68.680 0.0000000000
49347  -24.029  -40.007  67.826 0.0000000000
49355  -24.420  -40.015  66.898 0.0000000000
50515  -23.498  -39.940  67.990 0.0000000000
50525  -24.531  -40.127  66.944 0.0000000000
57169  -38.152  -31.736  62.742 0.0000000000
57183  -40.154  -31.542  62.538 0.0000000000
57197  -41.216  -31.774  61.894 0.0000000000
58265  -36.277  -31.647  63.619 0.0000000000
58309  -43.939  -30.337  60.511 0.0000000000
59450  -38.221  -31.110  63.124 0.0000000000
59460  -33.515  -30.819  63.114 0.0000000000
59464  -37.673  -30.890  63.088 0.0000000000
59480  -43.082  -30.104  61.329 0.0000000000
60732  -40.613  -30.911  63.060 0.0000000000
60733  -40.884  -30.996  62.991 0.0000000000
61917  -41.329  -30.059  61.677 0.0000000000
61936  -43.069  -28.909  61.064 0.0000000000
63170  -42.817  -28.896  61.139 0.0000000000
63199  -41.877  -29.010  61.521 0.0000000000
63290  -48.429  -26.869  55.243 0.0000000000
63292  -49.740  -27.152  54.862 0.0000000000
64504  -47.544  -26.029  56.457 0.0000000000
64505  -47.451  -25.785  56.754 0.0000000000
64532  -50.116  -26.711  55.058 0.0000000000
65742  -47.916  -25.634  56.370 0.0000000000
65748  -52.105  -24.499  55.284 0.0000000000
67080  -56.140  -23.057  50.285 0.0000000000
67102  -56.529  -23.111  50.145 0.0000000000
67120  -57.117  -23.246  49.326 0.0000000000
68278  -51.730  -23.184  56.124 0.0000000000
68351  -55.730  -22.301  51.038 0.0000000000
68388  -55.881  -23.060  50.362 0.0000000000
68506  -59.292  -21.671  45.037 0.0000000000
69452  -47.058  -24.207  57.763 0.0000000000
69482  -46.136  -23.019  57.025 0.0000000000
69485  -49.962  -22.822  57.366 0.0000000000
69556  -55.997  -21.729  51.064 0.0000000000
69590  -57.141  -22.727  49.357 0.0000000000
69616  -58.399  -22.265  46.675 0.0000000000
69639  -59.487  -21.327  45.171 0.0000000000
70601  -50.327  -22.074  56.881 0.0000000000
70682  -55.863  -21.382  51.327 0.0000000000
70771  -59.846  -20.212  45.116 0.0000000000
71745  -49.774  -21.629  57.949 0.0000000000
71747  -50.137  -21.630  57.858 0.0000000000
71754  -48.722  -21.562  57.086 0.0000000000
71803  -53.534  -20.188  53.777 0.0000000000
71804  -54.069  -20.082  53.314 0.0000000000
71830  -55.772  -20.884  51.509 0.0000000000
71845  -56.032  -21.324  50.887 0.0000000000
71856  -56.174  -21.394  50.410 0.0000000000
71919  -59.760  -20.291  45.289 0.0000000000
73110  -50.047  -20.890  58.038 0.0000000000
73111  -50.039  -21.105  58.202 0.0000000000
73126  -50.601  -21.213  56.699 0.0000000000
73146  -51.699  -20.712  55.865 0.0000000000
73165  -52.091  -20.596  55.466 0.0000000000
73176  -53.111  -19.992  54.666 0.0000000000
73235  -54.981  -20.077  50.650 0.0000000000
73271  -54.541  -20.468  49.559 0.0000000000
73272  -55.008  -20.733  49.771 0.0000000000
73316  -58.836  -19.464  45.899 0.0000000000
74585  -53.528  -19.232  53.785 0.0000000000
74598  -54.487  -19.471  52.751 0.0000000000
74618  -54.533  -19.108  52.420 0.0000000000
74619  -55.032  -19.639  52.028 0.0000000000
74671  -53.811  -19.486  50.106 0.0000000000
74690  -59.899  -17.637  46.305 0.0000000000
74711  -60.307  -17.911  46.175 0.0000000000
75863  -51.732  -18.967  55.012 0.0000000000
75865  -52.597  -19.317  54.752 0.0000000000
75958  -53.771  -19.002  50.899 0.0000000000
75977  -59.962  -17.297  46.407 0.0000000000
75987  -60.814  -17.269  46.560 0.0000000000
75999  -57.040  -17.072  45.498 0.0000000000
77259  -61.186  -16.213  46.233 0.0000000000
78508  -59.782  -15.098  46.577 0.0000000000
78519  -59.154  -15.671  46.540 0.0000000000
78520  -61.135  -15.186  46.331 0.0000000000
79804  -59.833  -14.855  46.731 0.0000000000
79805  -59.864  -14.980  47.016 0.0000000000
79806  -59.937  -14.572  46.853 0.0000000000
79814  -58.493  -14.711  46.463 0.0000000000
79817  -61.026  -14.335  46.659 0.0000000000
81151  -59.746  -14.552  46.821 0.0000000000
81152  -60.178  -14.258  46.699 0.0000000000
81171  -58.191  -14.487  46.379 0.0000000000
81173  -59.559  -14.152  46.625 0.0000000000
81175  -60.808  -13.514  46.784 0.0000000000
81200  -57.137  -14.525  45.832 0.0000000000
82582  -60.088  -13.754  46.584 0.0000000000
82609  -60.392  -12.983  46.624 0.0000000000
82630  -57.808  -13.527  45.720 0.0000000000
82650  -63.327  -12.181  44.652 0.0000000000
83940  -61.634  -12.163  46.168 0.0000000000
83950  -60.232  -11.593  46.313 0.0000000000
83951  -61.425  -11.444  45.876 0.0000000000
84041  -59.493  -10.754  37.770 0.0000000000
85154  -60.742  -11.230  46.180 0.0000000000
85160  -59.278  -11.230  45.379 0.0000000000
85163  -61.110  -11.282  45.810 0.0000000000
86359  -60.861  -11.184  45.791 0.0000000000
86369  -62.198  -10.426  44.957 0.0000000000
86376  -60.158  -9.568  44.659 0.0000000000
86384  -59.359  -9.353  43.791 0.0000000000
86446  -60.258  -9.290  39.397 0.0000000000
87563  -60.905  -9.470  44.504 0.0000000000
87572  -60.396  -9.108  44.435 0.0000000000
87574  -61.293  -8.974  44.466 0.0000000000
87576  -62.055  -8.953  44.401 0.0000000000
87636  -60.339  -8.098  39.989 0.0000000000
87649  -60.067  -8.348  39.714 0.0000000000
88801  -60.808  -7.981  44.063 0.0000000000
88803  -61.577  -8.265  44.155 0.0000000000
88814  -60.661  -7.556  44.055 0.0000000000
88838  -63.218  -8.533  42.511 0.0000000000
88859  -59.753  -7.388  39.849 0.0000000000
90018  -61.599  -7.344  44.122 0.0000000000
90020  -62.138  -7.730  43.887 0.0000000000
90032  -60.892  -6.536  44.104 0.0000000000
90055  -62.465  -6.272  42.161 0.0000000000
90081  -60.782  -6.851  40.764 0.0000000000
91396  -62.303  -6.047  43.779 0.0000000000
91448  -59.815  -6.072  40.394 0.0000000000
