#!ascii label  , from subject 3001 vox2ras=TkReg
524
22062  -43.977  -63.283  -4.223 0.0000000000
23331  -46.103  -63.022  -11.632 0.0000000000
25771  -41.843  -60.005  -3.618 0.0000000000
23253  -46.653  -62.932  -6.269 0.0000000000
24552  -40.330  -61.438  -8.262 0.0000000000
23192  -40.299  -62.684  -0.663 0.0000000000
25727  -38.933  -60.025  0.937 0.0000000000
24321  -39.867  -61.580  7.436 0.0000000000
26973  -38.995  -59.851  -4.284 0.0000000000
24530  -40.514  -61.224  -6.102 0.0000000000
28183  -37.795  -58.640  -6.679 0.0000000000
24442  -40.937  -61.293  0.434 0.0000000000
24412  -41.173  -61.933  2.468 0.0000000000
26785  -42.464  -59.407  6.254 0.0000000000
28001  -39.240  -58.710  4.981 0.0000000000
20917  -44.674  -64.941  -7.076 0.0000000000
22118  -45.873  -63.445  -9.518 0.0000000000
20905  -48.619  -64.854  -8.065 0.0000000000
23290  -49.457  -63.608  -10.807 0.0000000000
24486  -43.889  -61.464  -3.477 0.0000000000
22050  -46.059  -62.916  -4.408 0.0000000000
23261  -43.804  -62.741  -7.722 0.0000000000
23306  -43.010  -62.271  -10.571 0.0000000000
24467  -42.049  -60.782  -1.773 0.0000000000
26933  -40.644  -59.300  -1.439 0.0000000000
28107  -37.692  -58.810  -0.847 0.0000000000
21954  -41.624  -63.853  4.864 0.0000000000
24392  -38.492  -61.061  3.628 0.0000000000
28051  -37.602  -58.546  2.358 0.0000000000
32715  -37.853  -55.189  -0.053 0.0000000000
19635  -46.830  -65.162  -7.007 0.0000000000
28286  -43.503  -58.060  -14.630 0.0000000000
24683  -44.395  -61.600  -14.975 0.0000000000
24706  -47.165  -61.991  -15.692 0.0000000000
28147  -37.189  -58.579  -4.240 0.0000000000
26982  -37.726  -59.181  -5.346 0.0000000000
20883  -44.646  -64.347  -5.538 0.0000000000
23309  -45.768  -63.147  -10.655 0.0000000000
22120  -47.705  -63.647  -9.590 0.0000000000
23311  -47.774  -63.172  -11.101 0.0000000000
24614  -49.056  -62.738  -12.022 0.0000000000
23359  -47.454  -63.118  -12.825 0.0000000000
25773  -43.208  -60.360  -3.511 0.0000000000
25786  -43.016  -60.431  -4.170 0.0000000000
24538  -40.569  -61.480  -7.050 0.0000000000
24532  -42.638  -61.914  -6.485 0.0000000000
23259  -42.126  -62.343  -8.372 0.0000000000
23270  -43.567  -62.845  -8.757 0.0000000000
23268  -41.972  -62.281  -9.338 0.0000000000
24474  -42.191  -61.278  -2.206 0.0000000000
24466  -41.366  -61.073  -1.365 0.0000000000
25729  -40.528  -60.431  0.520 0.0000000000
26927  -41.119  -59.613  -0.931 0.0000000000
26925  -39.343  -59.467  -0.441 0.0000000000
26931  -38.598  -59.105  -1.124 0.0000000000
26924  -38.301  -59.285  -0.193 0.0000000000
21934  -40.470  -63.443  6.697 0.0000000000
23115  -40.206  -62.526  4.471 0.0000000000
24362  -39.232  -61.826  5.521 0.0000000000
30322  -39.569  -56.870  3.425 0.0000000000
29225  -38.426  -58.067  3.796 0.0000000000
30338  -38.697  -56.611  2.655 0.0000000000
30357  -37.852  -56.441  1.486 0.0000000000
23226  -46.947  -63.257  -4.950 0.0000000000
20885  -46.909  -64.443  -5.773 0.0000000000
22077  -48.057  -64.123  -5.864 0.0000000000
17330  -48.212  -66.704  -8.819 0.0000000000
30616  -44.072  -56.440  -14.829 0.0000000000
25944  -43.875  -59.862  -15.142 0.0000000000
25947  -46.203  -60.346  -15.974 0.0000000000
26961  -40.099  -59.755  -3.243 0.0000000000
25784  -41.419  -60.373  -4.310 0.0000000000
26984  -39.304  -60.158  -4.998 0.0000000000
25814  -38.905  -60.264  -6.499 0.0000000000
25828  -38.837  -60.058  -7.485 0.0000000000
23184  -40.460  -61.980  -0.211 0.0000000000
25730  -41.157  -60.955  1.052 0.0000000000
24430  -40.180  -61.152  1.914 0.0000000000
26768  -41.068  -60.135  7.179 0.0000000000
26782  -39.635  -60.048  6.250 0.0000000000
27985  -40.833  -58.720  5.680 0.0000000000
29201  -41.073  -57.579  4.459 0.0000000000
30341  -41.712  -55.970  2.848 0.0000000000
22091  -46.813  -63.484  -7.653 0.0000000000
22084  -48.238  -63.672  -7.059 0.0000000000
22103  -47.962  -63.837  -8.710 0.0000000000
22105  -48.962  -64.376  -9.207 0.0000000000
19703  -49.548  -64.907  -10.124 0.0000000000
20967  -49.813  -64.031  -11.363 0.0000000000
22169  -49.551  -63.750  -12.639 0.0000000000
23409  -48.859  -63.402  -13.140 0.0000000000
22047  -43.709  -62.687  -3.718 0.0000000000
22063  -44.907  -63.290  -4.408 0.0000000000
24502  -45.559  -61.810  -4.738 0.0000000000
24518  -45.838  -62.088  -5.266 0.0000000000
24515  -42.510  -61.172  -5.280 0.0000000000
24533  -43.441  -62.164  -6.396 0.0000000000
23251  -45.038  -62.615  -6.547 0.0000000000
22099  -44.874  -63.284  -8.314 0.0000000000
23287  -45.247  -63.221  -9.930 0.0000000000
23329  -44.300  -62.496  -11.279 0.0000000000
23199  -42.912  -61.631  -2.922 0.0000000000
25761  -42.736  -60.404  -2.454 0.0000000000
26949  -42.570  -59.830  -2.445 0.0000000000
25751  -41.363  -60.427  -0.953 0.0000000000
26934  -41.541  -59.475  -1.549 0.0000000000
26947  -40.957  -59.309  -2.301 0.0000000000
26946  -39.811  -59.310  -2.240 0.0000000000
28134  -38.063  -58.968  -2.521 0.0000000000
28118  -36.817  -57.852  -2.501 0.0000000000
21968  -41.290  -63.103  3.970 0.0000000000
24394  -40.088  -62.106  3.499 0.0000000000
25684  -38.908  -60.630  1.930 0.0000000000
26797  -38.618  -59.717  4.976 0.0000000000
25665  -37.998  -59.789  3.219 0.0000000000
26884  -37.895  -59.586  1.509 0.0000000000
28091  -37.230  -58.418  0.916 0.0000000000
29297  -37.031  -57.376  -0.513 0.0000000000
20884  -45.869  -64.245  -5.458 0.0000000000
19634  -45.935  -65.190  -7.085 0.0000000000
19637  -47.979  -65.458  -7.129 0.0000000000
18480  -47.373  -66.342  -8.481 0.0000000000
24592  -42.153  -61.753  -10.540 0.0000000000
23328  -43.502  -62.164  -11.235 0.0000000000
23379  -43.730  -62.121  -12.485 0.0000000000
24662  -43.973  -61.878  -13.989 0.0000000000
23381  -45.395  -62.790  -13.335 0.0000000000
23383  -47.209  -62.943  -13.790 0.0000000000
24685  -47.540  -62.728  -14.241 0.0000000000
29346  -36.757  -57.744  -3.866 0.0000000000
29357  -36.911  -57.682  -4.853 0.0000000000
20882  -43.532  -64.249  -5.482 0.0000000000
20868  -44.267  -63.858  -4.805 0.0000000000
23310  -46.779  -63.184  -10.984 0.0000000000
23332  -47.172  -63.109  -11.842 0.0000000000
23358  -46.326  -63.069  -12.567 0.0000000000
25772  -42.622  -60.071  -3.564 0.0000000000
25785  -42.244  -60.302  -4.182 0.0000000000
24539  -41.514  -61.945  -7.511 0.0000000000
24553  -41.267  -61.975  -8.815 0.0000000000
22024  -40.270  -63.172  -1.336 0.0000000000
22025  -40.649  -62.647  -1.683 0.0000000000
23196  -41.082  -61.970  -1.822 0.0000000000
23193  -40.600  -62.014  -1.129 0.0000000000
25728  -39.644  -60.155  0.762 0.0000000000
26912  -39.851  -59.838  0.148 0.0000000000
26911  -39.068  -59.745  0.317 0.0000000000
24289  -40.472  -61.817  8.267 0.0000000000
23039  -40.873  -62.647  8.811 0.0000000000
23059  -40.543  -62.785  8.322 0.0000000000
21925  -40.656  -63.381  7.625 0.0000000000
23081  -40.043  -62.619  7.426 0.0000000000
23093  -39.943  -62.805  6.311 0.0000000000
23080  -39.517  -62.059  6.764 0.0000000000
30339  -39.786  -56.255  2.827 0.0000000000
30321  -38.857  -57.266  3.407 0.0000000000
30358  -38.531  -56.095  1.995 0.0000000000
31494  -39.487  -55.284  1.469 0.0000000000
23239  -46.670  -62.735  -5.516 0.0000000000
23240  -47.375  -63.448  -5.627 0.0000000000
27132  -44.407  -58.909  -15.238 0.0000000000
25946  -45.528  -60.177  -15.724 0.0000000000
27134  -46.206  -59.247  -15.765 0.0000000000
26974  -39.981  -60.235  -4.276 0.0000000000
28161  -37.629  -58.887  -5.872 0.0000000000
26983  -38.347  -59.676  -5.650 0.0000000000
25829  -39.387  -60.689  -7.116 0.0000000000
27002  -38.381  -59.478  -6.968 0.0000000000
25709  -40.674  -60.912  1.317 0.0000000000
24411  -40.383  -61.815  2.792 0.0000000000
25553  -41.658  -60.365  7.595 0.0000000000
26769  -41.787  -59.822  6.865 0.0000000000
26784  -41.372  -59.189  6.201 0.0000000000
29228  -41.234  -57.015  3.931 0.0000000000
19656  -44.711  -65.233  -7.474 0.0000000000
22101  -46.373  -63.548  -8.521 0.0000000000
22092  -47.553  -63.669  -7.684 0.0000000000
22102  -47.241  -63.678  -8.590 0.0000000000
22121  -48.524  -63.602  -9.911 0.0000000000
22122  -49.149  -63.805  -9.970 0.0000000000
22123  -49.567  -64.180  -10.369 0.0000000000
19722  -49.520  -64.562  -10.686 0.0000000000
24613  -48.721  -62.782  -12.476 0.0000000000
23361  -49.616  -62.851  -12.129 0.0000000000
23384  -49.379  -63.415  -12.550 0.0000000000
22168  -49.290  -63.737  -12.865 0.0000000000
24666  -48.980  -62.967  -13.040 0.0000000000
23213  -44.277  -62.092  -3.579 0.0000000000
24517  -45.067  -61.780  -5.289 0.0000000000
25799  -40.916  -60.746  -5.040 0.0000000000
25800  -41.842  -60.658  -4.838 0.0000000000
24514  -41.340  -61.094  -5.484 0.0000000000
23250  -44.099  -62.435  -6.630 0.0000000000
23262  -44.667  -62.918  -7.479 0.0000000000
23263  -45.349  -62.993  -7.126 0.0000000000
23285  -43.302  -62.726  -9.768 0.0000000000
23286  -44.333  -63.066  -9.504 0.0000000000
23307  -43.880  -62.641  -10.515 0.0000000000
23308  -44.795  -62.890  -10.567 0.0000000000
24475  -42.795  -61.082  -2.563 0.0000000000
24468  -42.476  -60.718  -2.152 0.0000000000
26950  -42.920  -60.201  -2.778 0.0000000000
25753  -42.415  -60.199  -1.935 0.0000000000
24456  -40.956  -61.080  -0.593 0.0000000000
25742  -41.156  -60.239  -0.340 0.0000000000
26926  -40.401  -59.640  -0.500 0.0000000000
26945  -38.765  -59.079  -2.041 0.0000000000
28120  -37.790  -58.617  -1.872 0.0000000000
28133  -37.232  -58.606  -3.036 0.0000000000
28119  -36.919  -57.997  -2.197 0.0000000000
23114  -39.655  -62.132  4.415 0.0000000000
23129  -39.983  -62.229  3.937 0.0000000000
24393  -39.379  -61.787  3.760 0.0000000000
24410  -39.133  -61.167  2.605 0.0000000000
27984  -39.909  -59.200  5.769 0.0000000000
26798  -39.251  -59.821  5.696 0.0000000000
27982  -38.675  -59.317  4.934 0.0000000000
29247  -37.916  -57.936  2.867 0.0000000000
26848  -37.963  -59.415  3.303 0.0000000000
26865  -37.707  -59.238  2.653 0.0000000000
25705  -37.895  -59.773  2.159 0.0000000000
26883  -37.553  -59.184  1.920 0.0000000000
26909  -37.556  -59.124  1.178 0.0000000000
31522  -37.907  -55.667  0.488 0.0000000000
30384  -37.389  -56.507  0.160 0.0000000000
31538  -37.443  -55.733  -0.378 0.0000000000
30404  -37.021  -56.362  -1.565 0.0000000000
22064  -45.754  -63.355  -4.607 0.0000000000
20869  -45.223  -63.818  -4.914 0.0000000000
20870  -45.772  -63.764  -4.946 0.0000000000
20902  -47.220  -64.874  -6.396 0.0000000000
20901  -46.326  -64.792  -6.356 0.0000000000
19683  -45.889  -65.924  -8.206 0.0000000000
19658  -46.461  -65.697  -7.799 0.0000000000
22085  -48.318  -64.294  -7.127 0.0000000000
20888  -48.356  -64.605  -6.801 0.0000000000
18452  -48.472  -65.305  -7.821 0.0000000000
16161  -47.820  -67.361  -9.170 0.0000000000
17329  -47.737  -66.793  -8.781 0.0000000000
24591  -41.290  -60.877  -10.433 0.0000000000
25877  -41.091  -60.089  -10.882 0.0000000000
24635  -43.071  -61.657  -12.044 0.0000000000
23355  -43.838  -62.171  -11.824 0.0000000000
25931  -43.838  -60.669  -15.030 0.0000000000
24682  -43.641  -61.219  -14.423 0.0000000000
23403  -44.634  -62.380  -14.013 0.0000000000
23382  -46.406  -63.012  -13.599 0.0000000000
23404  -45.454  -62.477  -14.588 0.0000000000
24705  -47.110  -62.216  -15.584 0.0000000000
23429  -46.568  -62.440  -15.226 0.0000000000
26959  -37.652  -59.062  -3.740 0.0000000000
26972  -37.883  -59.313  -4.533 0.0000000000
28160  -37.291  -58.529  -5.278 0.0000000000
28182  -37.432  -58.037  -6.129 0.0000000000
26801  -42.102  -58.899  5.748 0.0000000000
27988  -43.425  -58.655  4.973 0.0000000000
20899  -43.887  -64.608  -6.389 0.0000000000
22130  -45.931  -63.335  -10.159 0.0000000000
22119  -46.828  -63.608  -9.487 0.0000000000
22132  -47.291  -63.471  -10.349 0.0000000000
22133  -48.063  -63.408  -10.413 0.0000000000
23312  -48.675  -63.100  -10.990 0.0000000000
24595  -48.966  -63.061  -11.169 0.0000000000
23334  -48.862  -62.859  -11.588 0.0000000000
23333  -48.339  -62.982  -11.951 0.0000000000
23360  -48.084  -62.960  -12.597 0.0000000000
25774  -43.608  -60.855  -3.418 0.0000000000
25787  -43.745  -60.729  -3.977 0.0000000000
24500  -43.452  -60.991  -4.649 0.0000000000
24531  -41.501  -61.529  -6.284 0.0000000000
24540  -42.473  -62.299  -7.475 0.0000000000
23260  -42.968  -62.610  -8.062 0.0000000000
23269  -42.695  -62.631  -9.061 0.0000000000
23284  -42.423  -62.336  -10.008 0.0000000000
24473  -41.661  -61.400  -1.906 0.0000000000
26932  -39.637  -59.263  -1.289 0.0000000000
21935  -41.085  -63.943  7.016 0.0000000000
21941  -40.611  -63.367  5.658 0.0000000000
21953  -40.722  -63.104  4.730 0.0000000000
23102  -40.084  -62.716  5.361 0.0000000000
23101  -39.626  -62.211  5.088 0.0000000000
24377  -39.186  -61.801  4.827 0.0000000000
29226  -39.421  -57.528  3.977 0.0000000000
29198  -38.854  -58.461  4.480 0.0000000000
29248  -38.315  -57.374  3.068 0.0000000000
30337  -37.943  -57.167  2.435 0.0000000000
29263  -37.504  -57.771  1.792 0.0000000000
31492  -38.217  -55.796  1.082 0.0000000000
32695  -38.276  -55.141  0.358 0.0000000000
23225  -46.483  -62.771  -4.810 0.0000000000
22074  -46.144  -63.696  -4.956 0.0000000000
22066  -47.007  -63.580  -5.155 0.0000000000
22076  -47.373  -64.056  -5.496 0.0000000000
20903  -47.642  -65.041  -6.385 0.0000000000
18466  -48.734  -65.649  -8.306 0.0000000000
29500  -43.872  -57.193  -14.679 0.0000000000
27115  -43.795  -58.651  -14.910 0.0000000000
27131  -43.653  -59.337  -14.919 0.0000000000
25945  -44.597  -60.183  -15.435 0.0000000000
24702  -45.054  -61.015  -15.543 0.0000000000
23427  -45.539  -62.026  -15.310 0.0000000000
25948  -46.670  -60.472  -16.113 0.0000000000
25770  -40.914  -60.128  -3.773 0.0000000000
25783  -40.651  -60.443  -4.487 0.0000000000
25816  -40.373  -60.935  -5.568 0.0000000000
25797  -39.198  -60.392  -5.659 0.0000000000
25815  -39.730  -60.894  -6.110 0.0000000000
24537  -39.974  -61.143  -6.694 0.0000000000
24551  -39.813  -61.148  -7.507 0.0000000000
25846  -39.340  -60.413  -8.373 0.0000000000
24443  -41.332  -61.411  1.090 0.0000000000
25708  -40.007  -60.623  1.279 0.0000000000
24429  -39.502  -60.818  1.796 0.0000000000
25536  -41.457  -60.897  8.241 0.0000000000
25552  -40.493  -60.718  7.512 0.0000000000
25551  -39.827  -61.037  7.191 0.0000000000
25586  -40.155  -60.365  6.953 0.0000000000
27966  -40.283  -59.408  6.160 0.0000000000
28002  -40.069  -58.459  5.075 0.0000000000
27986  -41.619  -58.519  5.358 0.0000000000
28003  -40.932  -58.174  4.993 0.0000000000
29200  -40.183  -57.831  4.517 0.0000000000
29227  -40.321  -57.218  3.982 0.0000000000
30323  -40.511  -56.627  3.430 0.0000000000
30340  -40.766  -56.076  2.858 0.0000000000
22081  -46.495  -63.222  -6.915 0.0000000000
23254  -47.331  -63.239  -6.274 0.0000000000
22083  -47.771  -63.604  -6.965 0.0000000000
22093  -48.056  -63.878  -7.584 0.0000000000
22094  -48.173  -64.116  -7.832 0.0000000000
20918  -49.129  -64.797  -8.767 0.0000000000
18499  -49.515  -65.569  -9.794 0.0000000000
23314  -50.054  -63.675  -11.707 0.0000000000
20984  -50.077  -64.218  -11.868 0.0000000000
19768  -49.055  -64.661  -11.980 0.0000000000
21001  -49.452  -64.066  -12.583 0.0000000000
21020  -49.011  -63.970  -13.431 0.0000000000
22048  -44.612  -62.714  -3.940 0.0000000000
22049  -45.414  -62.786  -4.197 0.0000000000
24488  -45.310  -61.854  -4.217 0.0000000000
23215  -45.753  -62.419  -4.300 0.0000000000
24503  -46.185  -62.240  -4.969 0.0000000000
24519  -46.230  -62.362  -5.304 0.0000000000
23238  -46.145  -62.531  -5.712 0.0000000000
25801  -42.524  -60.638  -4.601 0.0000000000
24499  -42.895  -60.785  -4.631 0.0000000000
24516  -43.825  -61.739  -5.589 0.0000000000
23236  -44.701  -62.241  -5.882 0.0000000000
23237  -45.463  -62.364  -5.789 0.0000000000
23252  -45.876  -62.860  -6.505 0.0000000000
22090  -45.942  -63.323  -7.509 0.0000000000
22100  -45.542  -63.433  -8.437 0.0000000000
23271  -44.288  -63.081  -8.419 0.0000000000
22117  -45.059  -63.356  -9.099 0.0000000000
23288  -45.692  -63.298  -10.096 0.0000000000
23330  -45.151  -62.765  -11.420 0.0000000000
23212  -43.398  -62.004  -3.278 0.0000000000
24476  -43.336  -61.253  -3.059 0.0000000000
23198  -42.352  -61.728  -2.661 0.0000000000
25762  -43.132  -60.647  -2.881 0.0000000000
26965  -43.168  -60.368  -3.111 0.0000000000
26964  -42.879  -59.977  -3.042 0.0000000000
26963  -42.268  -59.687  -3.003 0.0000000000
25752  -41.866  -60.152  -1.403 0.0000000000
25743  -41.442  -59.926  -1.032 0.0000000000
26935  -42.220  -59.644  -1.824 0.0000000000
26948  -41.907  -59.403  -2.340 0.0000000000
26962  -41.376  -59.663  -3.020 0.0000000000
26960  -38.531  -59.364  -3.172 0.0000000000
29345  -36.722  -57.700  -3.095 0.0000000000
21967  -40.713  -62.815  4.178 0.0000000000
23130  -40.668  -62.470  3.587 0.0000000000
25584  -39.083  -60.920  5.994 0.0000000000
25613  -38.785  -60.546  5.372 0.0000000000
25642  -38.423  -60.420  4.412 0.0000000000
28000  -38.513  -59.026  4.541 0.0000000000
26823  -38.322  -59.742  4.276 0.0000000000
25683  -38.325  -60.411  2.491 0.0000000000
25706  -38.467  -60.092  1.574 0.0000000000
26910  -38.262  -59.555  0.805 0.0000000000
26923  -37.590  -59.040  0.351 0.0000000000
28100  -37.087  -58.352  -0.223 0.0000000000
29290  -37.196  -57.447  0.636 0.0000000000
28105  -36.809  -57.896  -1.119 0.0000000000
29309  -36.932  -57.319  -1.478 0.0000000000
30421  -36.884  -56.711  -2.355 0.0000000000
20900  -45.070  -64.827  -6.609 0.0000000000
19633  -45.322  -65.172  -7.203 0.0000000000
19657  -45.557  -65.512  -7.654 0.0000000000
23241  -48.181  -63.830  -6.244 0.0000000000
20887  -48.242  -64.590  -6.319 0.0000000000
19660  -47.682  -65.546  -7.320 0.0000000000
18465  -48.297  -65.819  -8.101 0.0000000000
18464  -47.825  -65.908  -7.972 0.0000000000
18463  -47.053  -65.924  -8.059 0.0000000000
29368  -37.179  -57.480  -5.672 0.0000000000
27016  -38.605  -59.380  -7.842 0.0000000000
25845  -38.849  -59.875  -8.042 0.0000000000
25847  -39.950  -60.925  -8.965 0.0000000000
24570  -40.634  -61.207  -9.451 0.0000000000
24572  -42.019  -62.035  -10.077 0.0000000000
23305  -42.548  -62.104  -10.484 0.0000000000
24611  -42.050  -60.993  -11.486 0.0000000000
24612  -42.778  -61.757  -11.085 0.0000000000
23356  -44.480  -62.405  -12.057 0.0000000000
23357  -45.312  -62.746  -12.325 0.0000000000
25930  -43.286  -60.256  -14.466 0.0000000000
25912  -42.843  -60.466  -13.756 0.0000000000
24661  -43.212  -61.390  -13.409 0.0000000000
23380  -44.307  -62.427  -13.084 0.0000000000
24636  -47.922  -62.862  -13.306 0.0000000000
24663  -47.598  -62.771  -13.891 0.0000000000
24664  -48.042  -62.763  -13.657 0.0000000000
24687  -48.322  -62.973  -13.445 0.0000000000
16181  -47.637  -67.717  -9.398 0.0000000000
17317  -48.042  -66.391  -8.521 0.0000000000
17318  -48.346  -66.210  -8.460 0.0000000000
17319  -48.587  -66.032  -8.423 0.0000000000
17328  -47.058  -66.928  -9.020 0.0000000000
18450  -47.785  -65.729  -7.674 0.0000000000
18451  -48.245  -65.493  -7.698 0.0000000000
18462  -46.689  -65.922  -8.120 0.0000000000
18481  -47.801  -66.352  -8.460 0.0000000000
18510  -49.484  -65.131  -10.312 0.0000000000
19621  -47.862  -65.157  -6.497 0.0000000000
19622  -48.169  -65.039  -6.528 0.0000000000
19623  -48.244  -65.058  -6.760 0.0000000000
19636  -47.536  -65.276  -6.834 0.0000000000
19638  -48.384  -65.092  -7.207 0.0000000000
19639  -48.833  -64.984  -8.068 0.0000000000
19659  -47.273  -65.585  -7.472 0.0000000000
19682  -45.022  -65.846  -8.195 0.0000000000
19684  -46.298  -65.919  -8.172 0.0000000000
19737  -49.574  -64.425  -11.228 0.0000000000
19738  -49.691  -64.212  -11.044 0.0000000000
20886  -47.751  -64.694  -6.087 0.0000000000
20904  -48.414  -64.744  -7.458 0.0000000000
20944  -49.547  -64.459  -10.424 0.0000000000
20958  -49.692  -64.191  -10.854 0.0000000000
20966  -49.768  -64.120  -11.510 0.0000000000
20983  -49.763  -64.062  -11.834 0.0000000000
21942  -41.144  -63.949  6.079 0.0000000000
22065  -46.489  -63.342  -4.778 0.0000000000
22075  -46.672  -63.901  -5.193 0.0000000000
22078  -48.321  -64.184  -6.421 0.0000000000
22082  -47.137  -63.370  -6.908 0.0000000000
22086  -48.388  -64.595  -7.680 0.0000000000
22089  -45.250  -63.245  -7.737 0.0000000000
22095  -48.485  -64.540  -8.143 0.0000000000
22116  -44.620  -63.241  -8.833 0.0000000000
22131  -46.411  -63.419  -10.237 0.0000000000
22141  -49.948  -63.876  -11.623 0.0000000000
22154  -49.778  -64.280  -12.617 0.0000000000
22155  -49.984  -64.155  -11.965 0.0000000000
23060  -40.942  -63.092  8.731 0.0000000000
23092  -39.485  -62.241  5.891 0.0000000000
23242  -48.605  -63.804  -6.144 0.0000000000
23255  -47.953  -63.666  -6.614 0.0000000000
23256  -48.208  -63.898  -6.831 0.0000000000
23264  -48.167  -63.555  -7.089 0.0000000000
23265  -48.266  -63.649  -7.080 0.0000000000
23283  -41.986  -62.135  -9.828 0.0000000000
23289  -49.102  -63.406  -10.627 0.0000000000
23313  -49.505  -63.267  -11.267 0.0000000000
23335  -49.710  -62.735  -12.025 0.0000000000
23336  -50.026  -63.466  -11.795 0.0000000000
23362  -49.703  -63.582  -12.068 0.0000000000
23385  -49.607  -63.691  -12.404 0.0000000000
23406  -46.722  -62.749  -14.469 0.0000000000
24269  -40.686  -62.344  8.626 0.0000000000
24270  -41.006  -62.162  8.946 0.0000000000
24320  -39.545  -61.342  6.895 0.0000000000
24349  -39.078  -61.223  5.915 0.0000000000
24350  -39.235  -61.450  6.189 0.0000000000
24361  -38.960  -61.304  5.521 0.0000000000
24376  -38.650  -61.268  4.623 0.0000000000
24409  -38.414  -60.769  3.017 0.0000000000
24489  -45.903  -62.186  -4.549 0.0000000000
24513  -40.781  -61.022  -5.537 0.0000000000
24529  -40.049  -61.127  -6.294 0.0000000000
24571  -41.579  -61.795  -9.818 0.0000000000
24573  -48.882  -63.149  -10.948 0.0000000000
24574  -49.214  -63.308  -10.926 0.0000000000
24593  -42.630  -61.971  -10.692 0.0000000000
24594  -49.019  -62.952  -11.413 0.0000000000
24615  -49.225  -62.892  -11.790 0.0000000000
24639  -49.153  -62.746  -12.299 0.0000000000
24665  -48.493  -62.968  -13.238 0.0000000000
24684  -45.190  -61.751  -15.315 0.0000000000
24686  -47.791  -62.796  -14.338 0.0000000000
24688  -48.648  -63.164  -13.119 0.0000000000
24704  -46.350  -61.626  -15.792 0.0000000000
25535  -40.885  -61.185  8.243 0.0000000000
25585  -39.663  -60.641  6.678 0.0000000000
25614  -39.277  -60.399  5.998 0.0000000000
25666  -38.142  -60.122  3.468 0.0000000000
25682  -37.925  -59.822  2.886 0.0000000000
25707  -39.244  -60.423  1.350 0.0000000000
25798  -40.006  -60.582  -5.145 0.0000000000
26783  -40.404  -59.818  6.571 0.0000000000
26799  -39.782  -59.699  6.095 0.0000000000
26800  -41.485  -58.808  5.768 0.0000000000
26849  -38.165  -59.436  3.890 0.0000000000
27030  -38.916  -59.554  -8.348 0.0000000000
27967  -40.547  -59.229  6.116 0.0000000000
27983  -38.986  -59.262  5.203 0.0000000000
28006  -44.101  -58.465  4.354 0.0000000000
28029  -37.907  -58.596  3.175 0.0000000000
28030  -38.143  -58.892  3.766 0.0000000000
28064  -37.416  -58.608  1.645 0.0000000000
28099  -36.850  -57.918  -0.824 0.0000000000
28101  -37.612  -58.952  -0.259 0.0000000000
28106  -36.978  -58.188  -1.264 0.0000000000
28132  -36.789  -57.994  -2.702 0.0000000000
29199  -39.345  -58.148  4.497 0.0000000000
29224  -38.059  -58.185  3.291 0.0000000000
29296  -36.859  -57.647  -1.054 0.0000000000
29308  -36.852  -57.740  -1.288 0.0000000000
29327  -36.801  -57.514  -2.608 0.0000000000
29328  -36.890  -57.390  -2.170 0.0000000000
30324  -41.447  -56.493  3.389 0.0000000000
30390  -37.132  -56.497  -0.816 0.0000000000
31523  -38.530  -55.408  0.862 0.0000000000
32694  -38.000  -55.324  0.264 0.0000000000
