#!ascii label  , from subject 3001 vox2ras=TkReg
767
60923  22.451  -34.785  66.424 0.0000000000
79682  44.473  -20.107  51.626 0.0000000000
74092  52.480  -23.300  48.288 0.0000000000
73911  42.043  -23.575  63.274 0.0000000000
57609  29.934  -36.668  63.263 0.0000000000
56287  27.298  -37.098  65.372 0.0000000000
78267  49.525  -20.342  50.251 0.0000000000
81034  47.908  -19.485  56.178 0.0000000000
70195  38.466  -27.598  63.309 0.0000000000
59863  34.691  -35.049  64.524 0.0000000000
87836  57.238  -13.214  46.113 0.0000000000
81091  53.636  -18.285  49.141 0.0000000000
75404  37.917  -23.573  58.474 0.0000000000
78174  43.133  -20.796  58.487 0.0000000000
59848  26.310  -34.411  65.128 0.0000000000
59822  24.900  -34.836  66.109 0.0000000000
79699  46.874  -19.761  50.733 0.0000000000
81073  48.934  -18.981  52.956 0.0000000000
79639  46.435  -19.615  53.602 0.0000000000
63576  38.860  -31.159  61.316 0.0000000000
56304  30.830  -37.766  65.712 0.0000000000
58780  32.002  -36.378  63.940 0.0000000000
56300  33.657  -37.714  65.286 0.0000000000
89030  55.494  -12.752  46.989 0.0000000000
85299  55.323  -14.796  46.105 0.0000000000
85254  55.100  -15.732  48.442 0.0000000000
75602  51.844  -22.213  47.732 0.0000000000
79744  51.779  -18.990  47.439 0.0000000000
76946  53.384  -21.907  47.265 0.0000000000
75617  53.817  -21.657  46.860 0.0000000000
72757  52.886  -24.105  47.227 0.0000000000
71367  39.926  -25.632  64.083 0.0000000000
71393  38.541  -25.424  60.615 0.0000000000
75355  39.993  -23.453  61.538 0.0000000000
76842  40.778  -21.946  58.428 0.0000000000
78119  42.291  -21.586  61.774 0.0000000000
78147  44.433  -21.169  59.671 0.0000000000
73918  43.351  -22.600  61.201 0.0000000000
58737  28.339  -36.271  65.055 0.0000000000
76949  49.983  -21.557  48.417 0.0000000000
76937  51.576  -21.876  49.800 0.0000000000
78241  51.242  -20.728  52.160 0.0000000000
79617  50.586  -20.435  54.415 0.0000000000
63539  36.322  -31.668  64.076 0.0000000000
66179  38.402  -29.570  64.039 0.0000000000
67608  39.778  -28.535  63.101 0.0000000000
68956  41.789  -27.431  62.630 0.0000000000
71392  43.026  -25.662  60.876 0.0000000000
60992  34.656  -33.628  62.875 0.0000000000
60951  36.735  -33.968  64.882 0.0000000000
85322  58.725  -14.608  44.079 0.0000000000
85257  53.298  -15.693  49.023 0.0000000000
79739  55.600  -18.838  48.145 0.0000000000
78411  53.335  -20.310  44.962 0.0000000000
78223  43.683  -20.610  54.936 0.0000000000
79573  45.365  -20.051  57.234 0.0000000000
78157  46.752  -21.124  58.210 0.0000000000
58716  23.390  -35.028  65.878 0.0000000000
59823  23.840  -34.619  66.152 0.0000000000
58725  24.223  -35.256  65.534 0.0000000000
79700  45.881  -19.773  50.697 0.0000000000
79658  46.318  -19.608  52.663 0.0000000000
79659  45.455  -19.790  52.524 0.0000000000
56302  31.985  -37.664  65.646 0.0000000000
89031  54.737  -12.826  46.846 0.0000000000
87811  55.066  -13.942  47.720 0.0000000000
87800  54.230  -14.542  48.231 0.0000000000
75585  52.120  -22.560  48.060 0.0000000000
76947  52.820  -22.080  47.531 0.0000000000
75563  52.998  -22.992  47.877 0.0000000000
74112  53.957  -22.998  47.344 0.0000000000
72565  41.134  -24.768  63.364 0.0000000000
73914  40.267  -24.082  62.839 0.0000000000
75336  40.895  -23.147  63.051 0.0000000000
76769  41.212  -22.804  62.201 0.0000000000
76748  42.041  -22.015  63.029 0.0000000000
76766  43.293  -21.611  61.961 0.0000000000
73910  42.644  -23.455  62.644 0.0000000000
58738  27.755  -35.648  65.040 0.0000000000
57550  27.546  -36.468  65.360 0.0000000000
56285  29.410  -37.757  65.614 0.0000000000
78284  48.967  -20.549  49.594 0.0000000000
76951  48.400  -21.383  48.005 0.0000000000
78283  49.923  -20.866  49.489 0.0000000000
76939  50.488  -21.409  49.163 0.0000000000
78282  50.626  -20.984  49.829 0.0000000000
78264  51.573  -21.086  50.898 0.0000000000
78252  50.795  -20.205  51.273 0.0000000000
81058  48.595  -19.178  54.613 0.0000000000
81056  50.011  -19.533  54.422 0.0000000000
81046  49.450  -19.528  55.360 0.0000000000
78211  50.065  -20.802  55.566 0.0000000000
79585  49.194  -20.094  56.264 0.0000000000
63538  37.212  -31.947  64.798 0.0000000000
64846  37.525  -30.894  64.275 0.0000000000
63558  38.305  -31.594  63.396 0.0000000000
64863  39.740  -29.625  61.564 0.0000000000
68957  41.073  -27.609  62.932 0.0000000000
59865  33.377  -35.878  64.114 0.0000000000
59890  33.982  -35.032  63.483 0.0000000000
59877  34.758  -34.589  64.221 0.0000000000
60971  35.618  -33.445  64.171 0.0000000000
59862  35.296  -34.838  65.023 0.0000000000
90227  57.203  -11.934  46.271 0.0000000000
86560  57.979  -14.020  45.082 0.0000000000
82558  54.241  -16.463  46.337 0.0000000000
81107  52.475  -18.566  48.135 0.0000000000
82534  50.724  -17.487  47.883 0.0000000000
82517  52.210  -17.368  48.767 0.0000000000
85272  51.815  -15.801  48.772 0.0000000000
82516  52.998  -17.369  49.086 0.0000000000
82514  54.510  -17.216  49.347 0.0000000000
79714  54.847  -18.600  49.016 0.0000000000
75631  52.940  -22.498  45.386 0.0000000000
76991  54.088  -20.976  46.196 0.0000000000
68960  37.437  -28.461  62.796 0.0000000000
68978  37.712  -27.379  61.860 0.0000000000
73937  38.332  -24.309  59.882 0.0000000000
71406  37.534  -25.802  59.104 0.0000000000
76841  41.619  -21.542  58.865 0.0000000000
76858  40.837  -22.023  57.251 0.0000000000
78189  42.424  -21.442  57.085 0.0000000000
78214  42.776  -21.609  54.949 0.0000000000
78200  43.159  -21.124  56.419 0.0000000000
79590  44.361  -20.186  56.044 0.0000000000
78187  43.856  -20.623  57.761 0.0000000000
76781  44.739  -21.849  59.852 0.0000000000
78159  45.785  -20.793  58.628 0.0000000000
76800  45.893  -21.776  58.788 0.0000000000
75384  47.073  -22.197  57.869 0.0000000000
59821  25.699  -34.980  65.818 0.0000000000
57540  26.017  -36.012  65.605 0.0000000000
56306  26.433  -37.173  65.236 0.0000000000
57553  25.206  -35.751  65.530 0.0000000000
79697  48.798  -19.992  50.686 0.0000000000
79677  49.128  -19.508  51.545 0.0000000000
81081  47.888  -19.290  52.336 0.0000000000
81068  47.737  -19.362  53.669 0.0000000000
81060  47.137  -19.481  55.039 0.0000000000
57581  30.810  -37.045  64.954 0.0000000000
57608  30.738  -36.836  63.404 0.0000000000
57580  31.872  -36.921  64.999 0.0000000000
57579  32.753  -36.942  65.179 0.0000000000
58735  33.882  -36.840  65.031 0.0000000000
58749  35.226  -35.865  65.108 0.0000000000
56318  34.648  -37.493  64.814 0.0000000000
89028  56.835  -12.518  46.763 0.0000000000
86547  56.290  -13.941  46.337 0.0000000000
86517  55.537  -13.837  47.333 0.0000000000
83912  55.072  -15.809  47.466 0.0000000000
82549  55.342  -16.943  47.397 0.0000000000
78351  51.135  -20.597  46.382 0.0000000000
78329  52.198  -20.767  46.932 0.0000000000
78305  52.666  -20.401  47.350 0.0000000000
78281  53.723  -19.878  48.285 0.0000000000
79741  54.560  -19.670  48.320 0.0000000000
76945  53.858  -21.105  47.083 0.0000000000
74155  53.769  -22.815  46.837 0.0000000000
70193  39.343  -26.578  64.162 0.0000000000
70205  38.739  -26.520  62.740 0.0000000000
71377  39.554  -25.459  62.766 0.0000000000
73921  39.498  -24.348  61.869 0.0000000000
75372  39.288  -23.504  60.849 0.0000000000
76824  39.232  -22.540  58.602 0.0000000000
76805  40.482  -22.244  60.381 0.0000000000
76804  41.420  -21.722  60.471 0.0000000000
78162  42.349  -20.984  59.369 0.0000000000
78160  43.942  -20.508  59.296 0.0000000000
78133  43.165  -21.428  60.927 0.0000000000
76782  44.006  -21.742  60.261 0.0000000000
75354  44.303  -22.212  59.987 0.0000000000
59867  26.755  -34.518  64.260 0.0000000000
58770  28.112  -35.384  63.838 0.0000000000
58754  29.323  -36.711  64.332 0.0000000000
57565  30.246  -37.033  65.165 0.0000000000
54957  30.223  -38.178  66.310 0.0000000000
76962  50.705  -21.787  47.398 0.0000000000
75586  51.682  -22.312  48.461 0.0000000000
75565  51.830  -22.395  49.320 0.0000000000
75544  51.862  -22.629  50.321 0.0000000000
75523  51.469  -22.261  51.598 0.0000000000
76909  51.177  -21.460  52.272 0.0000000000
79656  50.385  -19.665  52.773 0.0000000000
79636  50.859  -20.420  53.429 0.0000000000
63559  35.860  -31.408  63.013 0.0000000000
64866  36.585  -30.338  63.373 0.0000000000
66195  37.162  -29.239  63.747 0.0000000000
67600  38.287  -28.651  64.089 0.0000000000
64865  38.335  -30.416  63.041 0.0000000000
66178  39.123  -29.027  64.077 0.0000000000
68949  38.813  -27.625  64.127 0.0000000000
68947  40.397  -27.433  63.974 0.0000000000
70191  40.831  -26.416  63.742 0.0000000000
71376  41.883  -25.807  63.187 0.0000000000
72579  42.987  -24.343  62.356 0.0000000000
70213  42.857  -26.761  61.681 0.0000000000
62261  35.835  -32.892  63.670 0.0000000000
62244  36.031  -32.864  65.031 0.0000000000
60950  37.228  -33.907  64.333 0.0000000000
58748  36.226  -35.894  65.039 0.0000000000
59876  37.250  -34.930  64.090 0.0000000000
86586  59.130  -13.983  43.148 0.0000000000
87814  53.183  -14.183  47.952 0.0000000000
85256  54.017  -15.642  48.939 0.0000000000
82532  55.542  -17.361  48.326 0.0000000000
81138  55.448  -17.909  46.720 0.0000000000
78327  55.139  -20.188  47.027 0.0000000000
78349  55.051  -19.814  46.350 0.0000000000
79812  53.642  -19.154  45.433 0.0000000000
70234  37.890  -26.667  60.293 0.0000000000
78234  43.248  -20.910  53.363 0.0000000000
79642  44.118  -20.326  53.141 0.0000000000
79622  44.890  -19.968  54.279 0.0000000000
79604  45.895  -19.678  55.438 0.0000000000
79587  46.726  -19.843  56.537 0.0000000000
79550  45.023  -20.432  58.938 0.0000000000
79557  46.337  -20.184  57.953 0.0000000000
81003  47.271  -20.405  57.114 0.0000000000
78171  47.921  -21.122  57.604 0.0000000000
72586  42.869  -24.045  61.147 0.0000000000
72591  43.380  -23.294  60.201 0.0000000000
59824  22.734  -34.941  66.229 0.0000000000
58717  21.959  -35.793  66.119 0.0000000000
60922  22.976  -34.534  66.338 0.0000000000
79681  45.260  -19.830  51.615 0.0000000000
79660  44.666  -20.058  52.433 0.0000000000
89015  54.428  -13.665  47.534 0.0000000000
89016  53.988  -13.993  47.518 0.0000000000
75564  52.342  -22.918  48.620 0.0000000000
76936  52.822  -22.687  47.732 0.0000000000
74091  53.125  -23.215  47.763 0.0000000000
72571  41.649  -24.284  63.346 0.0000000000
73912  41.262  -23.838  63.294 0.0000000000
75335  41.643  -22.884  63.210 0.0000000000
75334  42.396  -22.703  62.975 0.0000000000
57539  26.632  -35.807  65.586 0.0000000000
57538  27.035  -36.133  65.483 0.0000000000
54961  27.567  -37.650  65.187 0.0000000000
78266  50.256  -20.403  50.586 0.0000000000
81047  48.676  -19.209  55.445 0.0000000000
81057  49.394  -19.175  54.586 0.0000000000
81032  49.107  -19.663  56.034 0.0000000000
79586  48.633  -19.857  56.377 0.0000000000
62259  37.682  -33.033  64.300 0.0000000000
63537  37.900  -31.915  64.289 0.0000000000
62277  38.227  -32.690  63.726 0.0000000000
59864  33.939  -35.752  64.310 0.0000000000
59879  33.594  -35.694  63.964 0.0000000000
59878  34.428  -35.023  63.962 0.0000000000
60973  34.390  -34.576  63.647 0.0000000000
60954  34.953  -34.358  64.365 0.0000000000
89039  57.151  -12.421  46.388 0.0000000000
90226  57.670  -12.042  46.071 0.0000000000
89038  57.611  -12.496  46.068 0.0000000000
87845  58.056  -13.234  45.523 0.0000000000
81092  52.885  -18.244  48.650 0.0000000000
81093  52.152  -17.967  48.366 0.0000000000
81090  54.349  -18.124  49.296 0.0000000000
79715  54.294  -19.212  48.846 0.0000000000
75632  52.514  -22.646  45.259 0.0000000000
75643  52.961  -21.825  45.049 0.0000000000
68959  37.993  -28.136  63.011 0.0000000000
68969  37.413  -28.073  62.286 0.0000000000
68968  37.963  -27.521  62.405 0.0000000000
73947  38.375  -23.804  59.685 0.0000000000
73956  37.704  -23.995  58.717 0.0000000000
78175  42.379  -21.265  58.183 0.0000000000
76857  41.656  -21.774  57.762 0.0000000000
78188  43.102  -20.968  57.453 0.0000000000
78199  43.815  -20.714  56.751 0.0000000000
75353  45.046  -22.044  59.724 0.0000000000
76801  45.337  -21.671  59.424 0.0000000000
73933  45.654  -22.266  58.898 0.0000000000
75368  45.965  -22.129  58.667 0.0000000000
59836  25.019  -34.329  66.000 0.0000000000
58714  25.547  -35.353  65.763 0.0000000000
57541  25.537  -35.671  65.629 0.0000000000
79720  46.521  -20.253  49.675 0.0000000000
79719  47.514  -20.118  49.923 0.0000000000
79698  47.844  -19.718  50.746 0.0000000000
79678  48.262  -19.408  51.521 0.0000000000
79679  47.237  -19.533  51.870 0.0000000000
79657  47.029  -19.502  52.873 0.0000000000
79638  47.167  -19.573  53.625 0.0000000000
81059  47.688  -19.413  54.574 0.0000000000
79620  46.773  -19.599  54.560 0.0000000000
57564  30.956  -37.165  65.191 0.0000000000
56301  32.784  -37.783  65.514 0.0000000000
57562  32.826  -37.176  65.199 0.0000000000
58736  33.263  -36.650  64.812 0.0000000000
57561  33.635  -37.210  65.135 0.0000000000
57560  34.387  -37.049  65.060 0.0000000000
90221  55.544  -12.342  46.619 0.0000000000
90220  56.108  -12.267  46.595 0.0000000000
90219  56.686  -12.047  46.841 0.0000000000
89029  56.037  -12.717  46.559 0.0000000000
87828  56.246  -13.334  47.149 0.0000000000
89013  55.492  -13.246  47.255 0.0000000000
87798  54.817  -14.426  47.923 0.0000000000
86518  55.229  -14.438  47.597 0.0000000000
85271  55.097  -15.301  47.837 0.0000000000
83899  55.280  -16.276  48.080 0.0000000000
76961  51.658  -21.656  47.180 0.0000000000
78330  51.640  -20.375  46.602 0.0000000000
78328  52.759  -21.159  47.321 0.0000000000
78304  53.301  -20.578  47.622 0.0000000000
79742  53.305  -19.618  48.121 0.0000000000
78303  54.043  -20.252  48.035 0.0000000000
75583  53.647  -22.440  47.056 0.0000000000
72742  53.431  -23.557  47.401 0.0000000000
74134  53.781  -23.058  47.231 0.0000000000
72756  53.653  -23.515  46.989 0.0000000000
72784  53.030  -23.365  45.950 0.0000000000
72785  52.567  -23.584  45.975 0.0000000000
71368  39.474  -25.839  63.350 0.0000000000
72567  39.997  -25.139  63.469 0.0000000000
73920  39.908  -24.099  62.224 0.0000000000
73927  39.604  -23.944  61.674 0.0000000000
75356  39.502  -23.749  61.353 0.0000000000
75371  39.863  -22.988  60.580 0.0000000000
76786  40.573  -22.760  61.315 0.0000000000
76784  41.749  -21.859  61.650 0.0000000000
76785  41.259  -21.980  61.360 0.0000000000
78151  41.713  -21.578  60.818 0.0000000000
78150  42.043  -21.405  60.451 0.0000000000
78134  42.597  -21.418  61.133 0.0000000000
78149  42.874  -20.921  60.274 0.0000000000
75342  43.379  -22.308  61.597 0.0000000000
76765  43.484  -21.881  61.143 0.0000000000
75341  43.638  -22.246  60.817 0.0000000000
73925  43.565  -22.788  60.697 0.0000000000
60955  25.882  -33.998  64.503 0.0000000000
60974  26.284  -34.115  63.383 0.0000000000
58756  28.040  -35.472  64.406 0.0000000000
58769  28.607  -35.938  63.756 0.0000000000
58755  28.668  -36.291  64.565 0.0000000000
57582  29.605  -36.858  64.770 0.0000000000
57583  28.833  -36.494  64.988 0.0000000000
76950  49.111  -21.487  48.106 0.0000000000
76963  49.593  -21.654  47.322 0.0000000000
76938  51.108  -21.610  49.517 0.0000000000
75587  51.278  -22.025  48.604 0.0000000000
75566  51.542  -22.068  49.155 0.0000000000
76928  51.636  -21.781  50.570 0.0000000000
78250  51.507  -21.138  51.523 0.0000000000
76919  51.516  -21.721  51.462 0.0000000000
78240  51.240  -21.015  52.267 0.0000000000
81079  49.324  -19.208  52.248 0.0000000000
79676  50.051  -19.708  51.777 0.0000000000
81072  49.742  -19.114  52.842 0.0000000000
79618  50.418  -19.979  54.374 0.0000000000
79637  50.458  -19.841  53.575 0.0000000000
78233  50.806  -20.736  53.725 0.0000000000
78222  50.563  -20.781  54.501 0.0000000000
63540  35.986  -31.805  63.618 0.0000000000
64867  36.196  -31.041  63.492 0.0000000000
66181  36.866  -29.887  63.828 0.0000000000
66180  37.492  -29.670  64.115 0.0000000000
67609  37.726  -28.699  63.751 0.0000000000
63557  38.415  -31.319  62.375 0.0000000000
66192  39.908  -29.020  62.242 0.0000000000
66193  39.008  -29.305  63.247 0.0000000000
67598  39.658  -28.383  63.904 0.0000000000
67599  38.957  -28.441  64.164 0.0000000000
68948  39.533  -27.475  64.188 0.0000000000
67597  40.147  -28.014  63.406 0.0000000000
68946  41.020  -27.108  63.444 0.0000000000
68945  41.462  -26.993  63.035 0.0000000000
70204  41.996  -26.444  62.812 0.0000000000
70203  42.416  -26.133  62.207 0.0000000000
70214  42.267  -26.867  62.275 0.0000000000
57607  31.784  -36.571  63.605 0.0000000000
57622  31.479  -36.733  62.688 0.0000000000
61012  34.510  -33.418  62.115 0.0000000000
62279  34.998  -32.896  62.461 0.0000000000
62278  35.577  -32.263  62.888 0.0000000000
62262  35.254  -33.165  63.124 0.0000000000
60952  36.006  -33.844  65.160 0.0000000000
62243  36.771  -33.017  64.950 0.0000000000
59875  37.716  -34.831  63.587 0.0000000000
86573  58.981  -14.156  44.220 0.0000000000
85335  58.918  -14.854  43.569 0.0000000000
83954  58.417  -14.997  42.966 0.0000000000
85298  56.137  -14.184  46.095 0.0000000000
79768  51.588  -19.517  46.882 0.0000000000
81139  50.437  -18.860  46.461 0.0000000000
81126  50.662  -18.472  46.913 0.0000000000
85258  52.547  -15.824  48.972 0.0000000000
86521  51.716  -14.968  48.011 0.0000000000
86505  52.669  -15.159  48.693 0.0000000000
87815  52.571  -14.365  47.789 0.0000000000
86504  53.593  -14.825  48.631 0.0000000000
81106  55.330  -18.233  48.714 0.0000000000
82513  55.182  -17.317  49.052 0.0000000000
82531  55.700  -17.859  48.089 0.0000000000
82548  55.653  -17.655  47.831 0.0000000000
81137  55.739  -18.337  47.331 0.0000000000
76959  54.310  -20.880  46.952 0.0000000000
78302  54.793  -20.057  47.751 0.0000000000
77015  53.725  -21.108  45.656 0.0000000000
78409  54.190  -20.639  45.957 0.0000000000
78410  53.912  -20.546  45.727 0.0000000000
79811  54.669  -19.088  45.827 0.0000000000
78380  53.670  -19.977  45.430 0.0000000000
71385  38.644  -25.789  61.600 0.0000000000
71386  38.266  -26.394  61.431 0.0000000000
71394  38.321  -26.196  60.817 0.0000000000
76823  39.905  -22.245  59.227 0.0000000000
76872  40.969  -22.020  56.135 0.0000000000
78213  43.245  -21.130  55.399 0.0000000000
78225  42.787  -21.304  54.065 0.0000000000
78224  43.308  -20.882  54.335 0.0000000000
79623  44.076  -20.375  54.095 0.0000000000
79606  44.243  -20.209  55.070 0.0000000000
79589  45.176  -19.914  56.258 0.0000000000
79588  46.040  -19.797  56.417 0.0000000000
79572  46.276  -19.944  57.065 0.0000000000
79538  44.209  -20.582  59.389 0.0000000000
79551  44.511  -20.315  58.922 0.0000000000
79537  44.509  -20.640  59.374 0.0000000000
78158  46.259  -20.903  58.405 0.0000000000
79549  45.586  -20.523  58.652 0.0000000000
79548  46.259  -20.496  58.269 0.0000000000
79556  46.795  -20.471  57.970 0.0000000000
79547  46.797  -20.837  58.150 0.0000000000
79554  47.908  -20.666  57.420 0.0000000000
76840  47.200  -21.323  57.961 0.0000000000
75401  47.445  -22.296  57.551 0.0000000000
71384  43.094  -25.434  61.970 0.0000000000
59837  24.453  -34.437  66.173 0.0000000000
58715  24.681  -35.206  65.857 0.0000000000
79680  46.170  -19.641  51.671 0.0000000000
79640  45.589  -19.741  53.470 0.0000000000
54956  30.763  -38.024  66.084 0.0000000000
56303  31.208  -37.719  65.774 0.0000000000
54955  31.477  -38.199  66.100 0.0000000000
54976  32.278  -38.199  65.663 0.0000000000
89014  55.032  -13.217  47.701 0.0000000000
87812  54.585  -14.042  47.796 0.0000000000
87799  54.613  -14.479  48.057 0.0000000000
76960  52.304  -21.808  47.388 0.0000000000
76935  53.363  -22.752  47.650 0.0000000000
75584  53.568  -22.893  47.579 0.0000000000
72727  53.175  -23.436  47.584 0.0000000000
72566  40.505  -24.934  63.397 0.0000000000
75337  40.581  -23.644  62.907 0.0000000000
75344  40.617  -23.464  62.419 0.0000000000
76770  40.717  -23.233  61.789 0.0000000000
76750  40.983  -22.714  62.813 0.0000000000
76768  41.793  -21.988  62.174 0.0000000000
76767  42.480  -21.735  62.246 0.0000000000
78118  42.801  -21.061  61.872 0.0000000000
76747  42.623  -22.101  62.515 0.0000000000
75333  43.047  -22.522  62.367 0.0000000000
73919  43.260  -23.185  61.714 0.0000000000
59834  26.918  -34.929  65.255 0.0000000000
58723  27.083  -35.705  65.399 0.0000000000
57567  27.863  -36.163  65.225 0.0000000000
57549  28.965  -37.201  65.484 0.0000000000
56286  28.447  -37.361  65.416 0.0000000000
78285  48.114  -20.496  49.276 0.0000000000
78307  48.647  -20.965  48.675 0.0000000000
78306  49.361  -21.050  48.814 0.0000000000
76929  51.440  -21.458  50.300 0.0000000000
78265  51.094  -20.843  50.549 0.0000000000
78251  51.222  -20.580  51.600 0.0000000000
81066  49.217  -19.082  53.751 0.0000000000
81065  50.018  -19.179  53.687 0.0000000000
81045  50.002  -19.761  54.863 0.0000000000
79601  50.013  -20.117  55.331 0.0000000000
79600  50.384  -20.608  54.981 0.0000000000
79584  49.695  -20.509  56.062 0.0000000000
78198  49.200  -20.642  56.495 0.0000000000
64831  36.603  -31.582  64.712 0.0000000000
64847  36.669  -30.952  64.183 0.0000000000
64830  36.907  -31.347  64.877 0.0000000000
64845  38.207  -30.729  63.858 0.0000000000
64864  38.842  -29.974  61.980 0.0000000000
66191  40.618  -28.632  62.252 0.0000000000
67607  40.446  -28.217  62.779 0.0000000000
67606  41.223  -28.283  62.409 0.0000000000
58766  32.989  -36.183  64.359 0.0000000000
58779  32.739  -36.100  63.794 0.0000000000
58791  33.464  -35.333  62.570 0.0000000000
59902  33.639  -34.978  62.789 0.0000000000
60993  34.228  -34.330  63.216 0.0000000000
60972  34.951  -33.979  63.824 0.0000000000
60953  35.412  -33.871  64.654 0.0000000000
59861  36.127  -34.880  65.118 0.0000000000
89048  58.541  -12.470  45.036 0.0000000000
86559  58.423  -13.660  44.774 0.0000000000
86574  58.336  -14.112  44.567 0.0000000000
83930  54.704  -15.376  46.118 0.0000000000
81109  50.945  -18.142  47.478 0.0000000000
81108  51.695  -18.305  47.816 0.0000000000
82533  51.490  -17.412  48.371 0.0000000000
83901  50.818  -16.674  48.284 0.0000000000
83900  51.551  -16.605  48.710 0.0000000000
83884  52.347  -16.571  49.003 0.0000000000
83883  53.137  -16.504  49.179 0.0000000000
83882  53.836  -16.381  49.279 0.0000000000
82515  53.778  -17.260  49.496 0.0000000000
81089  54.870  -17.919  49.130 0.0000000000
75618  53.640  -22.129  46.605 0.0000000000
75629  53.812  -21.435  46.446 0.0000000000
75630  53.550  -21.948  46.031 0.0000000000
75642  53.429  -21.555  45.355 0.0000000000
67620  36.953  -28.762  62.681 0.0000000000
72593  38.508  -24.755  60.314 0.0000000000
72594  38.163  -24.866  59.789 0.0000000000
72605  37.367  -25.087  58.655 0.0000000000
76871  41.717  -21.825  56.638 0.0000000000
76883  41.926  -22.037  55.555 0.0000000000
78201  42.534  -21.538  56.011 0.0000000000
78212  43.719  -20.634  55.774 0.0000000000
79574  44.562  -20.376  57.021 0.0000000000
79559  44.604  -20.302  58.020 0.0000000000
76802  44.774  -21.526  59.685 0.0000000000
79536  44.980  -20.719  59.197 0.0000000000
78145  45.754  -21.268  58.806 0.0000000000
76820  46.250  -21.361  58.507 0.0000000000
76819  46.637  -21.756  58.317 0.0000000000
75367  46.364  -22.071  58.445 0.0000000000
60937  25.570  -33.943  65.231 0.0000000000
59849  25.572  -34.203  65.605 0.0000000000
59835  25.989  -34.661  65.636 0.0000000000
58724  26.380  -35.175  65.554 0.0000000000
58713  26.328  -35.581  65.584 0.0000000000
57551  26.700  -36.392  65.467 0.0000000000
56288  26.613  -36.683  65.414 0.0000000000
57552  26.048  -36.272  65.514 0.0000000000
57568  25.731  -36.428  65.264 0.0000000000
79718  48.271  -20.127  50.019 0.0000000000
79696  49.580  -19.940  50.943 0.0000000000
81080  48.626  -19.154  52.234 0.0000000000
81082  47.444  -19.438  52.511 0.0000000000
81075  47.574  -19.363  52.992 0.0000000000
81067  48.411  -19.173  53.759 0.0000000000
81048  47.958  -19.349  55.402 0.0000000000
62276  38.496  -32.455  62.870 0.0000000000
57595  29.892  -36.948  63.987 0.0000000000
57594  30.731  -36.838  64.242 0.0000000000
57593  31.592  -36.676  64.471 0.0000000000
57563  32.053  -37.086  65.228 0.0000000000
58753  32.641  -36.563  64.746 0.0000000000
58752  33.262  -36.324  64.566 0.0000000000
58751  33.950  -36.099  64.587 0.0000000000
58750  34.563  -35.827  64.845 0.0000000000
58734  34.407  -36.527  64.982 0.0000000000
57577  35.174  -36.742  64.979 0.0000000000
56317  35.452  -37.314  64.453 0.0000000000
90218  57.008  -12.085  46.829 0.0000000000
87827  56.732  -13.147  46.423 0.0000000000
87837  56.927  -13.638  46.247 0.0000000000
86533  56.375  -13.634  46.396 0.0000000000
86534  55.825  -13.945  46.728 0.0000000000
85285  55.730  -14.232  46.562 0.0000000000
86535  55.515  -14.207  47.218 0.0000000000
85286  55.353  -14.686  46.952 0.0000000000
83921  54.858  -15.753  46.802 0.0000000000
82557  54.859  -16.824  46.495 0.0000000000
82566  54.925  -17.483  46.212 0.0000000000
79791  51.335  -20.006  46.439 0.0000000000
79767  52.311  -20.012  47.150 0.0000000000
79743  52.500  -19.432  47.643 0.0000000000
79716  53.591  -19.169  48.630 0.0000000000
75601  53.949  -21.786  46.992 0.0000000000
74154  53.777  -22.459  46.953 0.0000000000
74173  53.440  -22.927  46.043 0.0000000000
74175  52.707  -23.061  45.567 0.0000000000
70194  38.722  -26.881  63.549 0.0000000000
70206  38.432  -27.265  62.838 0.0000000000
71369  39.000  -26.237  63.101 0.0000000000
71378  39.031  -25.713  62.581 0.0000000000
72574  39.920  -24.927  62.789 0.0000000000
72580  39.594  -24.673  62.255 0.0000000000
72587  38.776  -24.810  61.053 0.0000000000
73936  38.678  -23.991  60.440 0.0000000000
75389  38.204  -23.606  59.265 0.0000000000
75388  38.848  -23.015  59.602 0.0000000000
75387  39.816  -22.684  59.921 0.0000000000
76822  40.955  -21.835  59.552 0.0000000000
76821  41.706  -21.550  59.836 0.0000000000
78161  43.321  -20.686  59.360 0.0000000000
78148  43.796  -20.956  59.827 0.0000000000
78132  43.736  -21.373  60.342 0.0000000000
76783  43.376  -21.628  60.913 0.0000000000
58782  28.792  -35.849  62.981 0.0000000000
59847  27.268  -34.935  64.782 0.0000000000
59880  28.322  -35.567  63.379 0.0000000000
58768  29.225  -36.572  63.838 0.0000000000
57548  29.532  -37.467  65.461 0.0000000000
56284  30.051  -38.057  65.999 0.0000000000
56283  30.532  -38.054  66.170 0.0000000000
76976  51.231  -21.357  46.702 0.0000000000
76948  50.756  -21.833  48.538 0.0000000000
75603  51.375  -22.122  47.874 0.0000000000
74073  52.288  -23.393  49.206 0.0000000000
75543  52.255  -23.107  49.615 0.0000000000
74057  51.649  -22.970  50.962 0.0000000000
79675  50.886  -19.885  51.981 0.0000000000
79655  50.999  -20.205  52.624 0.0000000000
79654  51.064  -20.617  52.643 0.0000000000
78232  51.007  -20.906  52.941 0.0000000000
63577  35.698  -31.487  62.287 0.0000000000
64886  36.540  -29.991  62.893 0.0000000000
66196  36.851  -29.501  63.187 0.0000000000
67610  37.360  -28.805  63.225 0.0000000000
68950  38.344  -27.933  63.708 0.0000000000
66194  38.452  -29.980  63.575 0.0000000000
70192  40.109  -26.500  64.188 0.0000000000
68958  40.570  -27.637  63.274 0.0000000000
71366  40.597  -25.631  63.695 0.0000000000
71365  41.344  -25.557  63.356 0.0000000000
72564  41.780  -24.837  63.370 0.0000000000
72563  42.069  -24.817  63.346 0.0000000000
72570  42.299  -24.480  63.176 0.0000000000
71375  42.414  -25.399  62.748 0.0000000000
68966  42.822  -27.850  61.722 0.0000000000
57623  30.604  -36.702  62.612 0.0000000000
57621  32.359  -36.409  62.696 0.0000000000
62291  35.219  -32.164  62.053 0.0000000000
63520  36.134  -32.161  63.972 0.0000000000
62245  35.962  -32.880  64.405 0.0000000000
63519  36.205  -31.948  64.623 0.0000000000
63518  36.579  -32.049  65.052 0.0000000000
62260  37.337  -32.618  64.609 0.0000000000
59860  37.150  -34.977  64.821 0.0000000000
59859  37.343  -34.484  64.065 0.0000000000
59838  21.819  -34.903  66.559 0.0000000000
86600  58.971  -13.781  42.366 0.0000000000
87813  53.890  -14.280  47.928 0.0000000000
86503  54.362  -14.990  48.580 0.0000000000
85255  54.722  -15.818  48.938 0.0000000000
85245  54.252  -16.170  49.112 0.0000000000
81146  54.902  -18.109  45.973 0.0000000000
78301  55.323  -19.449  48.053 0.0000000000
78326  55.511  -19.449  47.553 0.0000000000
76975  54.493  -20.636  46.569 0.0000000000
78348  55.453  -19.485  46.868 0.0000000000
79790  55.360  -18.906  46.374 0.0000000000
79827  53.143  -18.681  44.961 0.0000000000
79683  43.757  -20.518  51.667 0.0000000000
70216  38.238  -26.708  62.070 0.0000000000
70225  37.788  -26.841  61.224 0.0000000000
76893  42.261  -22.061  54.344 0.0000000000
78242  43.150  -21.101  52.594 0.0000000000
79662  43.543  -20.695  52.542 0.0000000000
79661  44.015  -20.361  52.403 0.0000000000
79641  44.782  -20.033  53.322 0.0000000000
79621  45.745  -19.674  54.436 0.0000000000
79605  45.018  -19.874  55.261 0.0000000000
79603  46.743  -19.581  55.644 0.0000000000
81035  47.311  -19.548  56.041 0.0000000000
78173  43.867  -20.436  58.678 0.0000000000
79558  45.428  -20.187  58.225 0.0000000000
81005  46.605  -20.007  57.252 0.0000000000
81021  47.058  -20.079  56.830 0.0000000000
81020  47.699  -19.927  56.760 0.0000000000
79569  48.297  -20.207  56.949 0.0000000000
78186  48.349  -20.675  57.204 0.0000000000
78185  48.713  -21.124  56.955 0.0000000000
76839  47.396  -21.793  57.771 0.0000000000
76838  47.905  -21.994  57.340 0.0000000000
73926  43.061  -23.195  61.131 0.0000000000
72585  43.098  -23.232  60.779 0.0000000000
53687  32.053  -38.268  65.778 0.0000000000
54974  33.714  -37.950  65.347 0.0000000000
56281  32.053  -37.992  65.907 0.0000000000
56282  31.289  -37.961  65.903 0.0000000000
57559  34.767  -36.785  65.047 0.0000000000
57566  28.717  -36.700  65.240 0.0000000000
57578  34.558  -37.203  65.011 0.0000000000
57606  32.529  -36.254  63.253 0.0000000000
58712  26.910  -35.960  65.511 0.0000000000
58733  34.796  -36.554  65.058 0.0000000000
58767  32.327  -36.456  64.494 0.0000000000
58781  29.276  -36.306  63.139 0.0000000000
59903  33.380  -35.373  62.995 0.0000000000
60929  24.033  -34.043  66.326 0.0000000000
62242  37.125  -33.283  64.603 0.0000000000
64848  36.304  -31.366  63.859 0.0000000000
70190  41.401  -26.374  63.258 0.0000000000
70215  38.631  -26.156  62.277 0.0000000000
71364  42.035  -25.166  63.309 0.0000000000
71399  38.388  -25.197  60.132 0.0000000000
71400  38.182  -25.746  59.869 0.0000000000
72572  41.288  -24.280  63.353 0.0000000000
72573  40.323  -24.657  63.104 0.0000000000
72575  39.467  -25.139  62.460 0.0000000000
72581  39.127  -24.906  61.917 0.0000000000
72604  37.751  -25.047  59.277 0.0000000000
72770  53.667  -23.281  46.710 0.0000000000
72771  53.251  -23.588  46.452 0.0000000000
73904  41.051  -24.305  63.347 0.0000000000
73905  40.893  -24.387  63.289 0.0000000000
73913  40.674  -24.075  63.122 0.0000000000
73928  39.135  -24.118  61.364 0.0000000000
74113  53.624  -23.211  47.574 0.0000000000
74133  54.100  -22.877  47.126 0.0000000000
74156  53.645  -23.127  46.472 0.0000000000
74174  53.409  -22.994  45.925 0.0000000000
75343  40.938  -22.989  62.679 0.0000000000
75369  45.499  -22.121  59.257 0.0000000000
75370  44.999  -22.312  59.600 0.0000000000
75385  46.706  -22.264  58.119 0.0000000000
75604  51.023  -22.053  48.091 0.0000000000
76749  41.202  -22.288  63.004 0.0000000000
76799  46.198  -21.933  58.584 0.0000000000
76803  41.726  -21.564  60.263 0.0000000000
76818  46.949  -22.038  58.054 0.0000000000
76992  53.809  -21.348  46.134 0.0000000000
77014  54.054  -20.834  45.918 0.0000000000
78120  41.985  -21.802  61.731 0.0000000000
78135  41.892  -21.608  61.273 0.0000000000
78136  41.543  -21.670  61.004 0.0000000000
78146  45.262  -21.065  59.203 0.0000000000
78170  48.132  -21.582  57.358 0.0000000000
78172  47.314  -20.918  57.767 0.0000000000
78280  53.948  -19.722  48.634 0.0000000000
78350  51.668  -21.003  46.641 0.0000000000
78379  54.319  -20.166  45.891 0.0000000000
78381  53.357  -19.815  45.053 0.0000000000
79555  47.412  -20.514  57.383 0.0000000000
79568  48.757  -20.504  56.798 0.0000000000
79570  47.785  -20.121  56.984 0.0000000000
79571  46.727  -20.027  56.899 0.0000000000
79602  49.464  -19.807  55.761 0.0000000000
79619  47.364  -19.559  54.107 0.0000000000
79624  43.642  -20.577  53.586 0.0000000000
79635  51.010  -20.711  52.866 0.0000000000
79643  43.676  -20.551  53.013 0.0000000000
79717  52.971  -19.019  48.282 0.0000000000
79740  55.041  -19.223  48.507 0.0000000000
79766  55.744  -18.779  47.612 0.0000000000
79789  55.672  -18.849  47.062 0.0000000000
79813  53.398  -19.581  45.168 0.0000000000
81004  46.837  -20.319  57.241 0.0000000000
81019  48.177  -19.863  56.670 0.0000000000
81022  46.691  -20.069  57.016 0.0000000000
81033  48.525  -19.585  56.130 0.0000000000
81049  47.373  -19.450  55.357 0.0000000000
81074  48.182  -19.128  52.981 0.0000000000
81105  55.639  -18.126  48.258 0.0000000000
81123  55.791  -18.224  47.840 0.0000000000
81124  55.659  -17.824  47.424 0.0000000000
81125  51.340  -18.676  47.311 0.0000000000
82504  54.308  -16.860  49.390 0.0000000000
82505  54.118  -16.842  49.502 0.0000000000
83867  54.485  -16.737  49.275 0.0000000000
83868  54.235  -16.573  49.297 0.0000000000
83880  55.231  -16.500  48.770 0.0000000000
83881  54.823  -16.651  49.176 0.0000000000
83922  54.393  -16.010  46.481 0.0000000000
85244  54.510  -16.393  49.157 0.0000000000
85323  58.002  -14.477  44.290 0.0000000000
85336  58.326  -14.861  43.555 0.0000000000
86502  54.807  -14.891  48.146 0.0000000000
86506  52.159  -15.400  48.676 0.0000000000
86519  53.380  -14.449  48.231 0.0000000000
86520  52.853  -14.616  48.261 0.0000000000
86546  56.737  -13.978  46.162 0.0000000000
87810  55.527  -13.525  47.320 0.0000000000
87826  57.015  -13.094  46.339 0.0000000000
87829  53.558  -14.021  47.596 0.0000000000
87844  58.491  -13.164  44.976 0.0000000000
89027  57.079  -12.814  46.370 0.0000000000
