#!ascii label  , from subject 3001 vox2ras=TkReg
1711
134403  44.809  27.525  21.206 0.0000000000
138128  53.648  30.235  25.227 0.0000000000
128852  44.255  22.115  26.373 0.0000000000
134361  39.876  27.128  24.009 0.0000000000
130841  39.607  23.348  21.650 0.0000000000
140014  49.553  33.624  18.338 0.0000000000
139036  41.848  32.956  30.128 0.0000000000
141396  46.381  36.385  28.110 0.0000000000
125690  51.709  18.456  28.574 0.0000000000
126863  50.343  18.884  22.258 0.0000000000
134448  50.424  27.718  18.700 0.0000000000
131761  44.783  24.807  21.347 0.0000000000
134334  48.716  27.544  25.599 0.0000000000
131702  44.001  24.355  29.812 0.0000000000
145672  46.833  40.318  23.044 0.0000000000
140720  50.726  34.121  20.866 0.0000000000
125766  42.701  18.754  21.976 0.0000000000
135317  43.236  27.803  22.720 0.0000000000
132608  39.836  25.654  22.428 0.0000000000
132617  41.137  26.055  20.742 0.0000000000
136307  48.404  30.145  21.068 0.0000000000
136291  45.543  29.514  22.961 0.0000000000
144015  42.174  38.007  32.255 0.0000000000
127794  54.184  19.511  33.160 0.0000000000
127838  55.199  18.362  29.166 0.0000000000
124646  56.226  17.353  31.867 0.0000000000
149758  49.465  44.864  20.968 0.0000000000
134412  53.126  27.843  21.425 0.0000000000
133513  49.628  26.691  22.347 0.0000000000
133459  52.797  27.599  24.874 0.0000000000
130750  49.743  24.083  33.379 0.0000000000
133394  48.564  26.504  30.325 0.0000000000
130771  44.966  23.056  31.427 0.0000000000
124686  46.274  18.113  28.853 0.0000000000
138135  48.419  31.663  25.227 0.0000000000
140676  49.428  34.638  24.206 0.0000000000
138171  51.762  30.846  22.404 0.0000000000
138207  51.991  31.092  19.494 0.0000000000
131743  43.617  24.761  23.557 0.0000000000
129876  42.212  22.074  22.920 0.0000000000
127900  43.679  20.190  24.954 0.0000000000
129885  38.517  22.385  22.421 0.0000000000
127938  38.825  19.823  20.662 0.0000000000
143286  51.806  36.851  18.130 0.0000000000
142358  48.430  36.472  19.628 0.0000000000
138070  48.688  31.155  28.149 0.0000000000
137144  53.309  29.654  28.606 0.0000000000
146427  46.231  41.839  28.698 0.0000000000
144049  44.002  38.698  26.896 0.0000000000
140638  43.590  34.546  27.668 0.0000000000
127868  48.599  21.499  26.417 0.0000000000
127910  47.730  20.126  24.048 0.0000000000
125726  51.612  18.804  25.795 0.0000000000
126842  54.531  17.259  24.344 0.0000000000
134436  47.585  27.427  19.502 0.0000000000
132637  44.491  25.719  19.263 0.0000000000
132624  47.893  25.876  19.758 0.0000000000
133498  46.869  26.327  23.207 0.0000000000
132569  44.096  26.129  25.155 0.0000000000
134269  51.312  27.558  28.030 0.0000000000
134296  46.569  27.533  28.056 0.0000000000
130797  43.879  23.825  27.658 0.0000000000
126792  47.548  20.452  27.967 0.0000000000
124647  51.054  17.497  31.641 0.0000000000
149003  46.456  44.274  21.794 0.0000000000
146481  50.417  41.601  22.493 0.0000000000
164092  51.157  38.253  24.050 0.0000000000
141463  51.628  37.623  21.003 0.0000000000
140743  51.524  34.023  18.644 0.0000000000
137251  50.087  30.515  18.828 0.0000000000
130848  42.484  24.059  20.224 0.0000000000
127928  40.186  20.342  21.395 0.0000000000
125818  41.324  18.445  18.977 0.0000000000
125779  46.592  19.113  21.961 0.0000000000
134388  44.169  27.714  22.008 0.0000000000
133517  41.933  26.783  21.810 0.0000000000
134405  42.939  26.931  20.990 0.0000000000
135324  47.439  28.917  21.378 0.0000000000
137223  47.007  30.316  22.156 0.0000000000
135314  45.943  28.711  22.329 0.0000000000
135315  44.744  28.280  22.674 0.0000000000
128755  54.584  18.626  35.155 0.0000000000
126735  56.041  19.131  33.108 0.0000000000
125626  55.615  17.737  35.038 0.0000000000
124760  38.787  17.985  21.412 0.0000000000
135312  53.692  29.028  23.608 0.0000000000
134370  53.177  27.625  23.255 0.0000000000
134348  53.945  28.834  25.198 0.0000000000
129802  48.000  22.424  33.821 0.0000000000
130767  48.003  23.506  31.987 0.0000000000
137189  51.198  30.524  25.641 0.0000000000
137213  50.155  30.946  23.931 0.0000000000
138158  52.434  30.479  23.361 0.0000000000
138168  53.089  30.327  22.597 0.0000000000
130811  42.222  23.359  25.574 0.0000000000
129866  42.312  22.265  25.092 0.0000000000
127884  44.201  20.739  25.590 0.0000000000
134362  39.222  27.027  24.391 0.0000000000
132597  38.844  25.707  23.501 0.0000000000
131753  40.201  24.924  21.883 0.0000000000
131755  39.240  24.104  22.629 0.0000000000
129884  38.984  22.890  22.018 0.0000000000
127922  38.111  20.784  21.726 0.0000000000
128893  39.323  21.393  21.241 0.0000000000
141540  50.227  35.611  17.628 0.0000000000
143271  50.426  37.108  18.179 0.0000000000
141525  48.960  35.747  18.817 0.0000000000
134339  41.194  27.749  24.815 0.0000000000
134340  40.395  27.510  24.947 0.0000000000
138053  46.137  31.470  29.057 0.0000000000
139029  48.816  31.856  29.862 0.0000000000
139013  45.194  32.086  30.453 0.0000000000
141377  40.406  35.493  30.959 0.0000000000
142244  40.922  36.367  29.294 0.0000000000
139904  42.486  33.313  28.521 0.0000000000
139047  45.177  32.246  27.668 0.0000000000
126789  50.456  19.168  27.369 0.0000000000
127866  49.781  20.402  25.886 0.0000000000
125704  52.597  18.579  27.237 0.0000000000
126784  55.483  17.063  28.027 0.0000000000
127875  54.707  17.746  26.224 0.0000000000
125722  55.940  16.337  25.426 0.0000000000
134450  48.673  27.466  18.802 0.0000000000
132644  48.047  26.515  18.849 0.0000000000
133553  48.877  26.343  19.046 0.0000000000
134372  49.608  27.035  23.738 0.0000000000
133514  48.499  26.431  22.143 0.0000000000
133480  47.781  26.915  23.939 0.0000000000
132581  45.316  25.912  23.781 0.0000000000
133462  46.271  27.084  25.065 0.0000000000
136226  53.123  29.107  30.274 0.0000000000
133403  53.061  28.081  29.022 0.0000000000
132514  52.388  27.498  29.954 0.0000000000
133411  45.744  26.462  29.892 0.0000000000
134253  47.465  27.108  29.763 0.0000000000
133438  44.613  26.543  28.791 0.0000000000
133451  43.853  26.511  27.678 0.0000000000
130789  44.149  23.565  28.697 0.0000000000
129838  45.535  22.936  28.171 0.0000000000
128829  45.313  21.923  28.494 0.0000000000
123627  48.476  16.495  31.544 0.0000000000
124656  49.396  17.211  30.262 0.0000000000
146485  46.494  42.072  22.554 0.0000000000
147372  49.124  42.647  22.452 0.0000000000
145683  48.686  40.969  22.785 0.0000000000
143155  45.635  37.894  27.804 0.0000000000
143184  45.335  37.640  26.064 0.0000000000
143153  47.452  37.283  27.709 0.0000000000
140696  49.979  34.317  22.629 0.0000000000
141432  50.355  36.055  24.928 0.0000000000
164091  50.850  36.257  22.777 0.0000000000
141454  51.268  37.020  22.322 0.0000000000
141478  50.772  35.880  20.950 0.0000000000
141509  51.600  35.875  19.656 0.0000000000
140731  51.340  34.148  19.883 0.0000000000
136323  51.986  29.036  19.272 0.0000000000
137258  51.669  30.859  18.691 0.0000000000
136334  50.873  29.504  18.777 0.0000000000
135346  49.573  28.803  19.340 0.0000000000
131779  45.281  25.035  19.819 0.0000000000
131772  42.927  24.726  19.667 0.0000000000
130837  43.120  23.727  20.453 0.0000000000
126853  41.680  19.840  22.820 0.0000000000
128884  40.917  21.266  22.269 0.0000000000
126871  41.492  19.381  21.935 0.0000000000
126885  40.263  19.379  20.833 0.0000000000
125784  41.783  18.740  20.792 0.0000000000
126845  49.435  19.653  23.464 0.0000000000
126867  46.927  19.326  22.811 0.0000000000
126882  48.006  19.475  21.901 0.0000000000
134375  42.028  27.443  23.162 0.0000000000
133501  39.853  26.460  22.929 0.0000000000
134391  41.177  26.777  22.527 0.0000000000
132607  40.227  25.472  21.878 0.0000000000
131763  40.402  24.682  21.381 0.0000000000
139163  48.738  32.481  19.536 0.0000000000
135299  42.944  28.627  24.181 0.0000000000
126744  53.602  19.069  31.255 0.0000000000
126770  53.727  18.937  28.638 0.0000000000
128805  55.181  19.807  30.873 0.0000000000
126758  55.710  17.911  30.117 0.0000000000
134431  52.221  27.904  20.153 0.0000000000
133539  50.931  26.754  20.720 0.0000000000
133526  51.966  27.137  21.986 0.0000000000
133494  51.163  27.137  23.414 0.0000000000
134332  50.706  27.424  25.260 0.0000000000
132479  51.289  25.673  33.117 0.0000000000
132506  50.938  26.050  31.535 0.0000000000
131685  49.765  24.931  31.843 0.0000000000
131694  47.028  24.767  31.079 0.0000000000
131698  44.324  24.186  30.545 0.0000000000
127843  44.848  20.837  28.559 0.0000000000
126779  43.775  20.145  29.087 0.0000000000
123658  46.298  16.917  29.959 0.0000000000
123628  47.234  16.034  31.924 0.0000000000
145674  44.374  40.405  23.466 0.0000000000
139927  47.491  33.762  25.836 0.0000000000
141420  48.527  35.638  26.446 0.0000000000
139947  48.550  33.238  24.333 0.0000000000
139966  49.600  32.797  22.672 0.0000000000
139132  50.662  32.423  21.586 0.0000000000
139146  51.368  32.406  20.420 0.0000000000
138192  51.845  31.242  21.014 0.0000000000
136321  52.791  29.797  20.744 0.0000000000
131750  44.253  24.885  22.600 0.0000000000
130830  42.605  22.993  22.231 0.0000000000
130824  42.577  22.847  23.299 0.0000000000
127911  42.298  20.415  23.948 0.0000000000
126851  43.567  19.224  23.596 0.0000000000
125778  52.275  18.555  21.514 0.0000000000
126897  48.937  19.502  20.653 0.0000000000
129878  37.379  22.396  23.679 0.0000000000
131746  38.999  24.676  23.215 0.0000000000
129877  38.163  22.614  23.208 0.0000000000
128878  37.576  21.479  22.914 0.0000000000
127923  37.810  20.437  22.123 0.0000000000
126887  38.146  19.583  21.124 0.0000000000
125804  39.125  18.354  20.059 0.0000000000
144121  51.141  38.165  18.975 0.0000000000
144124  49.633  38.215  19.292 0.0000000000
138114  51.622  30.706  27.040 0.0000000000
138088  53.660  30.308  27.065 0.0000000000
138047  51.531  31.508  28.973 0.0000000000
138985  51.528  31.326  30.749 0.0000000000
137993  51.340  29.967  31.817 0.0000000000
135212  50.776  28.322  32.860 0.0000000000
133342  49.951  26.118  33.861 0.0000000000
145649  44.043  40.532  27.724 0.0000000000
144841  43.494  39.829  28.637 0.0000000000
143146  43.589  37.538  28.483 0.0000000000
141409  45.168  35.558  27.544 0.0000000000
139087  46.086  32.807  26.854 0.0000000000
138094  49.254  30.861  27.031 0.0000000000
128850  46.230  22.112  26.500 0.0000000000
127882  46.161  21.012  25.574 0.0000000000
127880  48.283  21.254  25.700 0.0000000000
126827  49.306  20.207  24.367 0.0000000000
125747  50.935  18.687  23.687 0.0000000000
127865  54.071  18.502  26.873 0.0000000000
125723  53.757  18.167  25.173 0.0000000000
125745  52.790  18.015  23.395 0.0000000000
134418  46.790  27.926  20.683 0.0000000000
134438  44.925  26.863  19.701 0.0000000000
133555  46.423  26.500  18.941 0.0000000000
132635  46.764  25.862  19.188 0.0000000000
132615  45.801  25.179  21.034 0.0000000000
133529  49.099  26.475  21.200 0.0000000000
133531  47.138  25.913  21.278 0.0000000000
132605  45.857  25.407  21.953 0.0000000000
132594  44.561  25.381  23.285 0.0000000000
132583  43.481  25.324  24.632 0.0000000000
131727  42.345  24.384  26.039 0.0000000000
134288  53.555  28.625  26.979 0.0000000000
133437  52.241  27.536  26.587 0.0000000000
134314  49.642  27.670  26.426 0.0000000000
133406  50.298  27.094  29.624 0.0000000000
134294  48.522  27.774  27.614 0.0000000000
134316  47.575  27.780  26.793 0.0000000000
134337  45.575  27.366  26.429 0.0000000000
132571  42.789  25.179  26.468 0.0000000000
130804  44.111  23.255  27.201 0.0000000000
129847  46.472  22.699  27.339 0.0000000000
127854  48.729  20.686  27.514 0.0000000000
125707  50.224  18.819  27.910 0.0000000000
125695  46.903  18.809  28.358 0.0000000000
125676  49.467  17.944  29.175 0.0000000000
125674  51.409  17.974  29.715 0.0000000000
126738  53.120  18.785  32.032 0.0000000000
149002  48.460  44.056  21.896 0.0000000000
148239  50.111  43.242  22.210 0.0000000000
147388  51.333  41.546  21.677 0.0000000000
142279  49.556  36.782  26.418 0.0000000000
144072  49.189  39.044  23.584 0.0000000000
144874  50.823  39.498  23.452 0.0000000000
144885  51.561  39.447  21.827 0.0000000000
143237  51.678  38.993  20.771 0.0000000000
141520  52.096  36.947  19.451 0.0000000000
141538  51.699  35.395  18.178 0.0000000000
140755  50.354  34.310  17.854 0.0000000000
140011  52.034  32.560  19.246 0.0000000000
139200  50.887  32.206  18.241 0.0000000000
139181  49.497  32.477  18.652 0.0000000000
137243  49.380  30.723  19.688 0.0000000000
135333  48.170  28.390  20.340 0.0000000000
132639  42.988  26.001  19.664 0.0000000000
131773  42.136  24.898  20.300 0.0000000000
130850  40.873  24.105  20.756 0.0000000000
129882  41.537  22.292  21.947 0.0000000000
129889  40.736  22.379  21.311 0.0000000000
128892  40.094  21.348  21.244 0.0000000000
127929  39.549  20.388  20.963 0.0000000000
126917  39.570  18.744  19.651 0.0000000000
126831  45.240  19.799  24.349 0.0000000000
126850  44.734  19.276  23.496 0.0000000000
125765  43.871  18.620  22.137 0.0000000000
126915  47.309  19.358  20.310 0.0000000000
125800  43.566  18.423  20.010 0.0000000000
123594  56.397  16.440  34.064 0.0000000000
123624  57.025  16.100  30.985 0.0000000000
134404  43.704  27.235  21.174 0.0000000000
134401  46.586  28.139  21.265 0.0000000000
135326  46.302  28.404  21.830 0.0000000000
134386  45.756  28.193  21.967 0.0000000000
134387  45.259  27.996  21.987 0.0000000000
127775  55.178  18.547  34.805 0.0000000000
137200  53.740  30.035  24.532 0.0000000000
135305  53.883  29.073  24.382 0.0000000000
136283  54.016  29.818  24.984 0.0000000000
138131  51.999  30.539  25.879 0.0000000000
137201  51.403  30.496  24.710 0.0000000000
138146  53.068  30.360  24.254 0.0000000000
138145  53.412  30.191  23.952 0.0000000000
129860  42.654  22.495  26.169 0.0000000000
128865  42.791  21.520  25.633 0.0000000000
128864  43.731  21.396  25.952 0.0000000000
133485  38.699  26.474  24.179 0.0000000000
133484  39.312  26.706  23.744 0.0000000000
131764  39.978  24.052  21.528 0.0000000000
130831  39.286  23.683  22.245 0.0000000000
129891  39.194  22.275  21.533 0.0000000000
140744  49.565  34.375  18.205 0.0000000000
141524  49.585  35.142  18.129 0.0000000000
140745  48.838  34.426  18.789 0.0000000000
134360  40.769  27.257  24.064 0.0000000000
134341  39.601  27.349  24.977 0.0000000000
139034  43.431  32.409  29.494 0.0000000000
139032  45.690  31.798  29.767 0.0000000000
139015  43.137  32.434  30.382 0.0000000000
139883  40.501  33.980  30.572 0.0000000000
140623  40.933  34.544  29.521 0.0000000000
139894  41.918  33.300  29.126 0.0000000000
139050  42.912  32.690  28.955 0.0000000000
125706  50.966  18.646  27.848 0.0000000000
126803  50.971  19.052  26.928 0.0000000000
125705  51.690  18.612  27.534 0.0000000000
125702  55.781  16.486  27.324 0.0000000000
134449  49.474  27.494  18.728 0.0000000000
133566  49.353  26.789  18.786 0.0000000000
134434  49.972  27.033  18.717 0.0000000000
134355  48.812  27.269  24.526 0.0000000000
133479  48.567  26.948  23.720 0.0000000000
133481  46.748  26.852  24.346 0.0000000000
134356  47.772  27.359  24.860 0.0000000000
135225  52.826  28.948  31.093 0.0000000000
133381  52.800  27.960  30.057 0.0000000000
133382  52.234  27.712  30.876 0.0000000000
133413  44.602  25.540  30.077 0.0000000000
133426  45.390  26.663  29.355 0.0000000000
132542  43.938  25.246  29.269 0.0000000000
133439  44.166  26.221  28.734 0.0000000000
131709  43.823  24.443  28.935 0.0000000000
129839  44.610  22.736  28.605 0.0000000000
129840  44.178  22.891  28.897 0.0000000000
123606  49.200  16.617  33.365 0.0000000000
146467  46.031  41.196  22.846 0.0000000000
146486  45.513  42.058  22.632 0.0000000000
145685  46.897  41.326  22.669 0.0000000000
146484  47.450  42.027  22.546 0.0000000000
145684  47.723  41.137  22.800 0.0000000000
143143  46.322  37.428  28.209 0.0000000000
143154  46.479  37.575  27.700 0.0000000000
142268  47.542  36.721  27.908 0.0000000000
140708  50.355  34.176  21.759 0.0000000000
141455  50.430  35.323  22.909 0.0000000000
141467  50.367  34.961  22.262 0.0000000000
141466  50.799  35.926  22.200 0.0000000000
141479  50.498  35.011  21.249 0.0000000000
141494  50.955  35.008  20.295 0.0000000000
140719  51.050  34.157  20.362 0.0000000000
135344  51.596  28.151  18.963 0.0000000000
135356  51.079  28.543  18.804 0.0000000000
135357  50.106  28.594  18.935 0.0000000000
131770  44.651  24.625  20.287 0.0000000000
131771  43.769  24.343  19.865 0.0000000000
131762  43.915  24.023  20.888 0.0000000000
126870  42.257  19.122  22.511 0.0000000000
125767  42.152  18.822  21.418 0.0000000000
126864  49.528  19.280  22.462 0.0000000000
126865  48.678  19.610  22.631 0.0000000000
126881  48.817  19.444  21.657 0.0000000000
134376  41.121  26.967  23.080 0.0000000000
134390  41.624  26.975  22.461 0.0000000000
133533  41.644  26.409  20.976 0.0000000000
133534  40.975  26.252  21.139 0.0000000000
132618  40.685  25.724  21.099 0.0000000000
132629  41.122  25.688  20.652 0.0000000000
137239  48.760  30.719  20.609 0.0000000000
138193  48.343  31.877  20.589 0.0000000000
137230  48.157  30.968  21.340 0.0000000000
136301  46.199  29.707  22.682 0.0000000000
137232  46.871  30.752  22.063 0.0000000000
135316  43.727  27.927  22.782 0.0000000000
135308  44.038  28.799  23.514 0.0000000000
134374  42.671  27.865  23.321 0.0000000000
134358  42.346  27.878  23.835 0.0000000000
126736  54.126  19.510  32.006 0.0000000000
127819  54.480  19.604  30.690 0.0000000000
128790  54.754  19.829  32.087 0.0000000000
126734  56.321  18.813  32.814 0.0000000000
127810  55.969  18.927  31.375 0.0000000000
125654  56.057  17.940  31.423 0.0000000000
125660  55.821  17.603  30.533 0.0000000000
124653  55.969  17.122  30.973 0.0000000000
149759  48.528  45.283  21.232 0.0000000000
149775  48.853  45.765  20.378 0.0000000000
134430  52.762  28.289  20.681 0.0000000000
134414  51.789  27.197  20.497 0.0000000000
134399  52.679  27.331  21.848 0.0000000000
134351  52.758  27.477  23.829 0.0000000000
133492  52.402  27.340  23.162 0.0000000000
133476  51.678  27.373  24.366 0.0000000000
133477  50.946  27.217  24.078 0.0000000000
133461  51.909  27.453  25.409 0.0000000000
131649  50.682  25.270  33.506 0.0000000000
131662  50.874  25.184  32.993 0.0000000000
131679  49.365  23.957  32.527 0.0000000000
130769  46.463  23.028  31.782 0.0000000000
131688  47.467  24.165  31.537 0.0000000000
131690  45.799  23.601  31.459 0.0000000000
132522  45.845  25.097  30.860 0.0000000000
130773  44.300  23.417  31.004 0.0000000000
129823  43.661  22.586  30.331 0.0000000000
129820  43.758  22.034  30.952 0.0000000000
124675  44.168  17.911  29.789 0.0000000000
123641  45.588  16.565  30.463 0.0000000000
123640  46.690  16.370  30.679 0.0000000000
123629  46.027  15.972  31.390 0.0000000000
139085  47.272  32.863  25.985 0.0000000000
140664  47.933  34.151  25.478 0.0000000000
139098  48.151  32.714  24.902 0.0000000000
138160  50.744  30.895  23.328 0.0000000000
138174  49.969  31.544  23.136 0.0000000000
138173  50.302  31.506  22.823 0.0000000000
139122  50.281  32.305  22.112 0.0000000000
139121  50.726  32.051  21.749 0.0000000000
139131  51.010  32.172  21.213 0.0000000000
138182  51.688  31.301  21.415 0.0000000000
135332  53.469  29.103  22.051 0.0000000000
137236  53.124  30.017  21.308 0.0000000000
134445  52.885  28.856  20.744 0.0000000000
135342  52.339  28.618  20.090 0.0000000000
131744  42.922  23.706  23.481 0.0000000000
127886  42.725  20.936  25.163 0.0000000000
128870  42.441  21.243  24.603 0.0000000000
127901  42.811  20.412  24.699 0.0000000000
126834  42.603  19.966  24.100 0.0000000000
126833  43.143  19.733  24.246 0.0000000000
130826  37.832  23.197  24.062 0.0000000000
132596  39.401  25.490  22.934 0.0000000000
130832  38.858  23.419  22.787 0.0000000000
128877  38.135  21.949  22.658 0.0000000000
128887  37.865  21.092  22.356 0.0000000000
127930  38.491  20.501  21.146 0.0000000000
127931  37.903  20.103  21.380 0.0000000000
126902  38.647  19.464  20.746 0.0000000000
125787  38.680  18.638  21.100 0.0000000000
125805  38.892  18.939  20.531 0.0000000000
144137  52.257  37.418  18.966 0.0000000000
144139  51.606  37.613  18.724 0.0000000000
142371  49.071  36.808  18.876 0.0000000000
143272  49.628  37.359  18.733 0.0000000000
143273  49.183  37.324  19.062 0.0000000000
143259  48.747  37.425  19.435 0.0000000000
138093  50.352  30.835  27.528 0.0000000000
138066  51.961  31.283  28.101 0.0000000000
138068  50.728  31.298  28.276 0.0000000000
139008  50.376  31.982  30.494 0.0000000000
138969  51.160  31.155  31.396 0.0000000000
136209  49.797  29.416  32.571 0.0000000000
134208  50.667  27.651  33.207 0.0000000000
146442  44.654  41.576  27.876 0.0000000000
146428  45.423  41.590  28.551 0.0000000000
145641  43.558  40.615  29.181 0.0000000000
144842  42.934  39.128  28.746 0.0000000000
144037  43.868  38.697  28.332 0.0000000000
141399  41.843  35.254  28.476 0.0000000000
141398  42.894  35.295  28.107 0.0000000000
141397  43.831  35.919  28.087 0.0000000000
141411  43.625  35.301  27.847 0.0000000000
139914  45.646  33.775  26.924 0.0000000000
139915  44.998  33.660  27.152 0.0000000000
138071  47.609  31.246  28.184 0.0000000000
138096  47.042  31.444  27.333 0.0000000000
137166  50.176  30.646  26.798 0.0000000000
128849  47.014  22.092  26.595 0.0000000000
128861  46.639  21.572  26.128 0.0000000000
126825  50.870  19.203  25.325 0.0000000000
126817  49.821  20.157  25.004 0.0000000000
126826  50.231  19.451  24.476 0.0000000000
125735  51.317  18.687  24.629 0.0000000000
128837  54.721  18.566  28.746 0.0000000000
126785  53.971  18.585  27.860 0.0000000000
127864  54.304  18.389  27.332 0.0000000000
127892  54.662  17.448  25.614 0.0000000000
126813  54.185  18.084  25.374 0.0000000000
125732  53.896  17.838  24.512 0.0000000000
125733  53.300  18.041  24.437 0.0000000000
124720  53.845  17.651  23.739 0.0000000000
124745  53.303  17.826  22.649 0.0000000000
124730  54.564  17.363  23.031 0.0000000000
134417  47.705  28.073  20.284 0.0000000000
134437  46.039  27.141  19.573 0.0000000000
132634  47.775  26.024  19.170 0.0000000000
132625  47.178  25.692  19.763 0.0000000000
132626  46.166  25.261  19.915 0.0000000000
132614  46.882  25.668  20.641 0.0000000000
133528  50.228  26.676  21.494 0.0000000000
133540  49.857  26.510  20.401 0.0000000000
133497  48.021  26.546  23.064 0.0000000000
133515  47.333  26.118  22.068 0.0000000000
132592  46.485  25.807  22.351 0.0000000000
132604  46.573  25.673  21.538 0.0000000000
132606  45.082  25.244  22.263 0.0000000000
132593  45.771  25.685  22.965 0.0000000000
133482  45.604  26.510  24.531 0.0000000000
132582  44.543  25.882  24.324 0.0000000000
132584  42.790  25.089  25.514 0.0000000000
138064  53.626  30.177  27.802 0.0000000000
136255  53.800  29.546  27.085 0.0000000000
136243  53.522  29.355  27.994 0.0000000000
132540  52.626  27.699  28.731 0.0000000000
134289  52.506  27.632  27.222 0.0000000000
134268  52.010  27.582  27.661 0.0000000000
134291  51.401  27.530  27.026 0.0000000000
134292  50.514  27.622  27.285 0.0000000000
132517  49.782  25.969  30.848 0.0000000000
133391  50.957  26.663  30.513 0.0000000000
133408  49.012  26.692  30.061 0.0000000000
134273  47.524  27.439  28.807 0.0000000000
134272  48.480  27.545  28.589 0.0000000000
134295  47.530  27.698  27.816 0.0000000000
134317  46.559  27.651  27.059 0.0000000000
134336  46.586  27.455  25.951 0.0000000000
134318  45.638  27.451  27.405 0.0000000000
132550  43.264  24.836  27.811 0.0000000000
132559  43.207  25.843  27.051 0.0000000000
132560  43.047  25.049  27.335 0.0000000000
131721  42.829  24.457  26.925 0.0000000000
130803  44.708  23.211  27.290 0.0000000000
129848  45.585  23.065  27.506 0.0000000000
127856  47.427  21.207  27.985 0.0000000000
128840  47.582  21.965  27.686 0.0000000000
127855  48.071  21.014  27.803 0.0000000000
126790  49.393  19.658  27.610 0.0000000000
126773  49.092  18.911  28.228 0.0000000000
125696  45.860  18.896  28.459 0.0000000000
126777  45.393  19.913  28.320 0.0000000000
124685  47.216  18.015  28.867 0.0000000000
124655  50.111  17.371  30.448 0.0000000000
124670  49.188  17.524  29.628 0.0000000000
124668  50.537  17.597  29.928 0.0000000000
125675  50.293  17.984  29.260 0.0000000000
125663  51.768  17.836  31.016 0.0000000000
125656  52.569  18.375  31.538 0.0000000000
148244  45.552  43.697  22.070 0.0000000000
149005  45.105  44.496  21.773 0.0000000000
149017  45.725  45.120  21.595 0.0000000000
148255  47.362  44.293  21.753 0.0000000000
146482  49.540  41.552  22.641 0.0000000000
148240  49.596  43.293  22.264 0.0000000000
147370  50.737  42.080  22.228 0.0000000000
147389  51.135  42.197  21.800 0.0000000000
146498  51.263  41.387  21.896 0.0000000000
140663  48.687  35.017  25.328 0.0000000000
141405  49.019  36.434  27.093 0.0000000000
141433  49.651  35.753  25.577 0.0000000000
142286  50.849  37.029  24.657 0.0000000000
143178  50.342  37.569  24.782 0.0000000000
164090  50.790  37.937  24.418 0.0000000000
144061  49.981  38.853  23.885 0.0000000000
144875  50.149  39.642  23.520 0.0000000000
144070  51.071  39.070  23.528 0.0000000000
141453  51.498  37.597  21.535 0.0000000000
164088  51.462  38.717  22.372 0.0000000000
142321  51.621  38.208  21.176 0.0000000000
144096  51.734  39.793  20.789 0.0000000000
142334  51.775  38.149  20.552 0.0000000000
141492  51.645  36.984  19.993 0.0000000000
141523  51.701  35.169  18.804 0.0000000000
141522  51.923  35.780  19.057 0.0000000000
140753  51.554  34.651  18.567 0.0000000000
140754  51.293  34.383  18.173 0.0000000000
139144  51.689  31.634  20.177 0.0000000000
139160  51.754  32.211  19.702 0.0000000000
139179  51.959  32.046  19.184 0.0000000000
137250  50.765  30.535  18.592 0.0000000000
138228  51.217  31.335  18.490 0.0000000000
138229  50.602  31.564  18.405 0.0000000000
139201  50.172  31.976  18.268 0.0000000000
138211  49.820  31.319  18.822 0.0000000000
137252  49.765  30.448  19.236 0.0000000000
135347  48.675  28.401  19.668 0.0000000000
136326  48.966  29.100  19.964 0.0000000000
134435  48.059  28.004  20.055 0.0000000000
133556  45.217  26.425  19.072 0.0000000000
133543  44.042  26.613  19.950 0.0000000000
132638  43.637  25.844  19.439 0.0000000000
130849  41.657  24.100  20.573 0.0000000000
130839  41.169  23.329  20.885 0.0000000000
128883  41.589  21.547  22.748 0.0000000000
127921  40.665  20.290  22.030 0.0000000000
129883  40.921  21.884  21.756 0.0000000000
128891  40.611  21.575  21.602 0.0000000000
125803  40.735  18.734  19.796 0.0000000000
126900  39.991  18.943  19.772 0.0000000000
125819  40.460  18.481  19.090 0.0000000000
125820  39.909  18.261  19.153 0.0000000000
125841  40.463  18.118  18.588 0.0000000000
127897  46.565  20.610  25.061 0.0000000000
127898  45.706  20.394  25.016 0.0000000000
126830  46.358  20.068  24.344 0.0000000000
125762  46.394  19.170  22.562 0.0000000000
126868  46.191  19.241  23.034 0.0000000000
125763  45.888  19.035  22.438 0.0000000000
125764  44.931  18.865  22.437 0.0000000000
125780  45.727  18.856  21.577 0.0000000000
126913  49.050  19.465  19.663 0.0000000000
126914  48.134  19.558  19.904 0.0000000000
134389  42.809  27.389  22.215 0.0000000000
133532  42.369  26.800  21.337 0.0000000000
134422  42.971  26.680  20.612 0.0000000000
136308  47.651  29.555  21.442 0.0000000000
136309  47.192  29.188  21.786 0.0000000000
136300  46.890  29.477  22.172 0.0000000000
135306  45.545  29.045  22.789 0.0000000000
135307  45.119  28.961  22.991 0.0000000000
128764  54.575  19.178  34.100 0.0000000000
128788  55.480  19.476  32.990 0.0000000000
128778  55.283  19.093  33.773 0.0000000000
126727  55.976  18.882  33.609 0.0000000000
125642  56.376  18.017  33.225 0.0000000000
134410  53.489  28.588  22.423 0.0000000000
134398  53.225  27.720  22.249 0.0000000000
133524  53.613  28.110  23.222 0.0000000000
132602  54.111  28.024  23.780 0.0000000000
133473  53.214  28.041  25.224 0.0000000000
129809  48.639  22.746  33.319 0.0000000000
131680  48.996  23.492  32.511 0.0000000000
130764  47.830  22.616  32.598 0.0000000000
129818  45.412  22.078  31.757 0.0000000000
137191  49.566  30.844  25.542 0.0000000000
138151  48.836  31.599  24.604 0.0000000000
137202  50.738  30.607  24.661 0.0000000000
137211  51.006  30.586  24.047 0.0000000000
138159  51.632  30.543  23.658 0.0000000000
138170  52.307  30.645  22.328 0.0000000000
138157  52.936  30.410  23.190 0.0000000000
136298  53.536  29.544  23.154 0.0000000000
131736  42.695  24.368  24.636 0.0000000000
130818  42.359  23.099  24.340 0.0000000000
127885  43.262  20.789  25.429 0.0000000000
131754  39.745  24.632  22.265 0.0000000000
131745  39.439  24.939  22.848 0.0000000000
129892  38.692  22.108  21.847 0.0000000000
128886  38.206  21.367  22.056 0.0000000000
128894  38.770  21.530  21.524 0.0000000000
142386  51.523  36.231  17.788 0.0000000000
143288  50.737  36.854  17.920 0.0000000000
142388  50.191  36.150  17.678 0.0000000000
142370  49.816  36.366  18.061 0.0000000000
135291  41.983  28.491  24.842 0.0000000000
135292  40.875  28.511  25.704 0.0000000000
135294  39.370  27.681  25.492 0.0000000000
134342  38.841  27.289  25.201 0.0000000000
138052  47.162  31.403  29.090 0.0000000000
138050  49.263  31.520  29.035 0.0000000000
139031  46.718  31.811  29.873 0.0000000000
139011  47.316  32.157  30.651 0.0000000000
142236  41.057  36.850  31.684 0.0000000000
143136  40.341  37.081  30.747 0.0000000000
142241  40.377  36.194  30.497 0.0000000000
140631  41.343  34.543  28.895 0.0000000000
139903  43.212  33.569  27.855 0.0000000000
139916  44.031  33.429  27.484 0.0000000000
139071  44.180  32.659  27.810 0.0000000000
138074  44.996  31.830  28.678 0.0000000000
126805  49.618  20.447  27.066 0.0000000000
127867  49.266  21.026  26.491 0.0000000000
126804  50.145  19.928  26.646 0.0000000000
126815  50.911  19.237  26.145 0.0000000000
125715  52.428  18.586  26.422 0.0000000000
127837  55.329  17.673  28.611 0.0000000000
127850  54.953  17.789  27.967 0.0000000000
127861  55.064  17.019  27.016 0.0000000000
126812  55.124  16.894  26.083 0.0000000000
126821  55.525  16.537  25.318 0.0000000000
135360  48.387  27.673  18.995 0.0000000000
133568  48.041  27.060  18.747 0.0000000000
132643  48.345  26.313  18.934 0.0000000000
132623  48.173  25.992  19.478 0.0000000000
133495  50.202  26.981  23.485 0.0000000000
133496  49.094  26.823  23.199 0.0000000000
133499  46.069  26.229  23.777 0.0000000000
133463  45.522  27.023  25.469 0.0000000000
137137  52.861  29.620  29.937 0.0000000000
136233  53.277  29.104  28.865 0.0000000000
135251  53.318  28.773  29.649 0.0000000000
132513  52.843  27.870  29.544 0.0000000000
132529  52.191  27.364  29.495 0.0000000000
133395  47.525  26.361  30.357 0.0000000000
134241  48.163  27.113  30.134 0.0000000000
133409  47.047  26.755  29.901 0.0000000000
134274  46.591  27.229  28.938 0.0000000000
134297  45.674  27.287  28.335 0.0000000000
134319  44.726  27.152  27.750 0.0000000000
134320  44.404  26.705  28.265 0.0000000000
132549  43.448  25.374  28.168 0.0000000000
131715  43.654  24.449  28.116 0.0000000000
130787  45.136  23.354  28.018 0.0000000000
130788  44.748  23.424  28.196 0.0000000000
128828  46.527  22.051  28.183 0.0000000000
126793  47.124  20.730  28.016 0.0000000000
123657  47.189  16.877  29.973 0.0000000000
124672  47.615  17.434  29.415 0.0000000000
123638  48.728  16.860  30.515 0.0000000000
124642  49.782  17.016  31.564 0.0000000000
147376  45.029  42.879  22.353 0.0000000000
147375  46.037  42.920  22.361 0.0000000000
147374  47.056  42.927  22.353 0.0000000000
148242  47.674  43.792  22.006 0.0000000000
147373  48.096  42.820  22.356 0.0000000000
146483  48.443  41.871  22.611 0.0000000000
146465  50.164  40.960  22.785 0.0000000000
144043  44.861  38.290  27.718 0.0000000000
144053  44.724  37.900  25.975 0.0000000000
143169  45.664  37.679  26.954 0.0000000000
143168  46.704  37.423  26.949 0.0000000000
140686  49.964  34.879  23.347 0.0000000000
140662  49.815  35.377  24.795 0.0000000000
140685  50.290  35.450  23.488 0.0000000000
141431  50.616  36.286  23.996 0.0000000000
164083  51.160  36.980  23.650 0.0000000000
142310  51.300  38.036  23.207 0.0000000000
164084  51.179  36.929  22.820 0.0000000000
141465  51.070  36.491  21.462 0.0000000000
141477  51.183  36.537  20.648 0.0000000000
140730  51.483  36.298  19.838 0.0000000000
141493  51.163  35.990  20.182 0.0000000000
141510  51.493  35.058  19.430 0.0000000000
140742  51.651  34.204  19.116 0.0000000000
137247  52.109  30.350  19.798 0.0000000000
138226  52.010  30.985  19.017 0.0000000000
137249  51.416  30.260  18.679 0.0000000000
136335  50.144  29.643  19.060 0.0000000000
136336  49.875  30.052  19.173 0.0000000000
135345  49.987  29.052  19.250 0.0000000000
135358  49.137  28.146  18.949 0.0000000000
131780  44.592  25.027  19.546 0.0000000000
131781  43.756  25.162  19.472 0.0000000000
130847  43.067  24.055  19.857 0.0000000000
128876  41.440  20.925  22.940 0.0000000000
127920  41.259  20.305  22.606 0.0000000000
126872  40.561  19.793  21.597 0.0000000000
126884  41.092  18.997  21.048 0.0000000000
125785  41.051  18.825  20.457 0.0000000000
125802  41.596  18.534  19.798 0.0000000000
126846  48.413  20.024  23.642 0.0000000000
126847  47.446  19.750  23.491 0.0000000000
126866  47.804  19.580  22.766 0.0000000000
126883  47.335  19.327  22.152 0.0000000000
134377  40.388  26.933  23.360 0.0000000000
133500  40.523  26.689  22.855 0.0000000000
133519  40.109  26.068  22.249 0.0000000000
133518  40.846  26.459  22.053 0.0000000000
139182  49.037  32.617  18.982 0.0000000000
140015  48.908  33.197  18.870 0.0000000000
139147  48.124  32.977  20.194 0.0000000000
137231  47.323  30.691  21.769 0.0000000000
135298  43.567  28.944  23.982 0.0000000000
135300  42.262  28.108  24.272 0.0000000000
134359  41.712  27.588  24.070 0.0000000000
143128  42.576  37.487  32.845 0.0000000000
142232  40.942  36.029  31.953 0.0000000000
140605  40.346  34.649  31.236 0.0000000000
125673  52.508  18.466  29.467 0.0000000000
125688  53.447  18.741  28.840 0.0000000000
126760  53.860  19.056  29.339 0.0000000000
127829  54.391  19.346  29.845 0.0000000000
128824  55.301  18.990  29.914 0.0000000000
128797  55.554  19.690  32.128 0.0000000000
127818  55.669  19.144  31.004 0.0000000000
127827  55.546  18.124  29.686 0.0000000000
126769  55.605  17.464  29.109 0.0000000000
125687  55.834  16.809  28.447 0.0000000000
134432  51.570  27.580  19.489 0.0000000000
134433  50.714  27.053  19.094 0.0000000000
134415  51.134  26.993  19.884 0.0000000000
133538  51.641  26.936  21.249 0.0000000000
133527  51.156  26.961  21.763 0.0000000000
133525  52.409  27.275  22.403 0.0000000000
133511  51.507  27.099  22.631 0.0000000000
133512  50.656  26.918  22.525 0.0000000000
134354  49.953  27.210  24.376 0.0000000000
134333  49.752  27.445  25.403 0.0000000000
133352  51.885  26.727  32.722 0.0000000000
132493  51.913  27.027  31.603 0.0000000000
131676  51.414  25.929  32.123 0.0000000000
132507  50.145  25.539  31.494 0.0000000000
132508  49.317  25.114  31.329 0.0000000000
131687  48.577  23.936  31.949 0.0000000000
132509  48.582  24.747  31.351 0.0000000000
132520  47.550  25.132  30.918 0.0000000000
132521  46.564  25.220  30.818 0.0000000000
133398  45.424  25.434  30.566 0.0000000000
129829  43.846  22.713  29.304 0.0000000000
128816  43.870  22.145  29.141 0.0000000000
127844  44.034  20.702  28.901 0.0000000000
125678  45.275  18.439  28.879 0.0000000000
125679  44.528  18.590  29.136 0.0000000000
124673  46.664  17.484  29.429 0.0000000000
123639  47.754  16.510  30.723 0.0000000000
123617  48.361  16.382  32.686 0.0000000000
145673  45.514  40.216  23.290 0.0000000000
141422  46.904  35.559  27.290 0.0000000000
141407  47.229  36.041  27.639 0.0000000000
140649  47.702  34.801  26.094 0.0000000000
140648  48.272  35.254  25.930 0.0000000000
140677  48.792  34.084  24.539 0.0000000000
139106  48.939  32.080  23.847 0.0000000000
139955  48.811  32.856  23.756 0.0000000000
139946  49.022  33.713  23.890 0.0000000000
140697  49.618  33.604  22.774 0.0000000000
139965  50.057  33.407  22.200 0.0000000000
139978  50.565  33.129  21.402 0.0000000000
139991  51.076  33.304  20.486 0.0000000000
139977  50.861  33.003  20.964 0.0000000000
139145  51.594  31.725  20.500 0.0000000000
138191  51.911  31.159  20.705 0.0000000000
138180  52.381  30.654  21.501 0.0000000000
138190  52.263  30.699  20.894 0.0000000000
137242  52.338  30.291  20.393 0.0000000000
135354  52.360  29.219  20.090 0.0000000000
135343  52.014  28.406  19.462 0.0000000000
131751  43.571  23.923  22.280 0.0000000000
131752  42.897  23.350  22.814 0.0000000000
129871  42.421  22.078  23.974 0.0000000000
128875  41.987  21.210  23.522 0.0000000000
127912  41.765  20.324  23.265 0.0000000000
126852  42.382  19.499  23.276 0.0000000000
125750  42.567  18.974  22.714 0.0000000000
126862  51.343  18.670  22.135 0.0000000000
126880  49.663  19.216  21.442 0.0000000000
126879  50.561  18.980  21.250 0.0000000000
129879  36.892  22.220  24.113 0.0000000000
133502  39.163  26.212  23.410 0.0000000000
131737  38.313  24.563  23.959 0.0000000000
130825  38.436  23.728  23.634 0.0000000000
127914  36.985  21.102  23.659 0.0000000000
127913  37.367  20.379  23.404 0.0000000000
126888  37.860  19.717  21.607 0.0000000000
143270  50.879  37.409  18.354 0.0000000000
144122  50.864  38.337  19.094 0.0000000000
140732  48.283  34.433  19.486 0.0000000000
138112  52.550  30.628  26.415 0.0000000000
139082  53.698  30.349  26.494 0.0000000000
139066  52.673  31.000  27.603 0.0000000000
139044  52.593  31.227  28.278 0.0000000000
139024  52.682  31.142  29.205 0.0000000000
139027  50.719  31.655  29.736 0.0000000000
139026  51.504  31.488  29.489 0.0000000000
138983  52.392  30.536  29.805 0.0000000000
138026  52.275  30.015  30.168 0.0000000000
137113  51.809  29.634  31.385 0.0000000000
135196  51.636  28.225  32.571 0.0000000000
134170  51.285  27.186  33.273 0.0000000000
133341  50.707  26.296  33.583 0.0000000000
131650  50.172  24.846  34.045 0.0000000000
144846  43.702  39.787  27.436 0.0000000000
145645  44.226  40.841  28.663 0.0000000000
145646  44.097  40.359  28.328 0.0000000000
144044  44.329  38.876  27.750 0.0000000000
144036  44.540  38.481  28.118 0.0000000000
143145  44.687  37.800  28.296 0.0000000000
142254  45.203  36.906  28.416 0.0000000000
144033  40.497  37.795  30.078 0.0000000000
143147  42.558  37.172  28.667 0.0000000000
142271  44.726  36.172  28.030 0.0000000000
141408  46.264  35.789  27.579 0.0000000000
140635  46.140  35.157  27.127 0.0000000000
139928  46.932  33.722  26.312 0.0000000000
138136  47.950  31.729  25.834 0.0000000000
138097  46.177  31.961  27.334 0.0000000000
138117  47.372  31.782  26.373 0.0000000000
138116  48.340  31.333  26.248 0.0000000000
137179  49.799  30.702  26.117 0.0000000000
137177  51.227  30.583  26.588 0.0000000000
128851  45.293  22.160  26.445 0.0000000000
128863  44.734  21.448  26.032 0.0000000000
128862  45.720  21.519  26.065 0.0000000000
127881  47.114  21.118  25.579 0.0000000000
127896  47.478  20.550  24.725 0.0000000000
127879  49.264  20.658  25.280 0.0000000000
127894  48.960  20.553  24.674 0.0000000000
126828  48.676  20.401  24.342 0.0000000000
126844  50.295  19.086  23.333 0.0000000000
126843  50.898  18.701  22.966 0.0000000000
126772  53.169  18.595  27.649 0.0000000000
125703  52.993  18.561  26.897 0.0000000000
125714  53.097  18.487  26.367 0.0000000000
127876  54.416  18.202  26.285 0.0000000000
126814  53.975  18.389  25.897 0.0000000000
125725  52.389  18.513  25.556 0.0000000000
125734  52.455  18.266  24.520 0.0000000000
125746  51.664  18.362  23.417 0.0000000000
125761  52.206  18.319  22.543 0.0000000000
134419  45.451  27.428  20.412 0.0000000000
133554  47.435  26.534  18.993 0.0000000000
132636  45.575  25.576  19.153 0.0000000000
131760  45.300  24.989  20.941 0.0000000000
133552  49.727  26.559  19.328 0.0000000000
133541  48.631  26.229  19.932 0.0000000000
133542  48.004  25.920  20.208 0.0000000000
133530  47.879  26.067  20.951 0.0000000000
131742  44.093  25.057  23.105 0.0000000000
132595  44.022  25.354  23.926 0.0000000000
131735  43.244  24.801  24.278 0.0000000000
129859  43.643  22.708  26.667 0.0000000000
136274  54.123  29.405  25.889 0.0000000000
134330  53.569  28.554  25.698 0.0000000000
132558  53.051  27.788  25.816 0.0000000000
133420  53.276  28.259  27.419 0.0000000000
133435  53.090  27.893  26.797 0.0000000000
133448  52.343  27.491  26.007 0.0000000000
134312  51.568  27.463  26.011 0.0000000000
134313  50.630  27.539  26.232 0.0000000000
132516  51.256  26.605  31.035 0.0000000000
133390  51.362  26.959  30.024 0.0000000000
133425  50.802  27.223  29.198 0.0000000000
134252  48.534  27.209  29.672 0.0000000000
134250  49.881  27.390  28.948 0.0000000000
134270  50.401  27.464  28.502 0.0000000000
134293  49.531  27.735  27.477 0.0000000000
134315  48.619  27.766  26.608 0.0000000000
134335  47.703  27.593  25.816 0.0000000000
133464  44.422  26.879  25.991 0.0000000000
133450  44.179  27.064  26.975 0.0000000000
133465  43.681  26.546  26.688 0.0000000000
132570  43.386  25.926  25.893 0.0000000000
130805  42.958  23.547  26.777 0.0000000000
129858  44.830  22.881  26.913 0.0000000000
129856  46.695  22.499  26.859 0.0000000000
128848  47.664  22.123  26.882 0.0000000000
129837  46.408  22.743  27.854 0.0000000000
128846  48.953  21.296  27.149 0.0000000000
127853  49.196  20.765  27.236 0.0000000000
126776  46.638  20.049  28.066 0.0000000000
126775  47.626  19.528  28.132 0.0000000000
124684  47.997  17.901  28.922 0.0000000000
125693  48.767  18.280  28.747 0.0000000000
126774  48.510  19.195  28.195 0.0000000000
125692  49.708  18.556  28.478 0.0000000000
125691  50.727  18.362  28.599 0.0000000000
125662  52.444  18.311  30.507 0.0000000000
126745  53.105  18.728  31.471 0.0000000000
126737  53.697  19.282  32.351 0.0000000000
127795  53.900  19.314  33.687 0.0000000000
149014  49.067  44.267  21.754 0.0000000000
148241  48.788  43.608  22.143 0.0000000000
148254  49.351  43.736  22.046 0.0000000000
149013  50.183  44.098  21.408 0.0000000000
148251  51.124  43.087  21.441 0.0000000000
147397  51.399  41.761  21.409 0.0000000000
164064  51.652  40.742  20.947 0.0000000000
144879  46.167  38.897  23.677 0.0000000000
144878  47.527  39.380  23.455 0.0000000000
142267  48.422  36.912  27.664 0.0000000000
143151  48.977  37.389  26.911 0.0000000000
141418  50.063  36.471  25.671 0.0000000000
144073  48.293  38.747  23.658 0.0000000000
145671  48.050  40.328  23.221 0.0000000000
145670  48.989  40.282  23.099 0.0000000000
145669  49.806  40.423  23.167 0.0000000000
145668  50.601  40.346  23.125 0.0000000000
164097  51.431  38.671  23.082 0.0000000000
145679  51.469  40.088  22.677 0.0000000000
145689  51.381  40.534  22.274 0.0000000000
144897  51.670  39.973  21.545 0.0000000000
164063  51.750  40.034  20.562 0.0000000000
142346  51.989  38.147  20.013 0.0000000000
142384  52.396  36.768  18.997 0.0000000000
141521  52.026  36.411  19.278 0.0000000000
142367  52.139  36.085  19.148 0.0000000000
142385  52.132  36.336  18.369 0.0000000000
141539  51.056  35.350  17.614 0.0000000000
140001  51.612  33.069  19.694 0.0000000000
140012  51.933  33.163  18.841 0.0000000000
139198  51.922  31.815  18.888 0.0000000000
139199  51.691  32.172  18.546 0.0000000000
140021  51.291  33.216  18.180 0.0000000000
140022  50.265  32.952  18.058 0.0000000000
138200  49.254  31.797  19.267 0.0000000000
138201  48.922  31.400  19.949 0.0000000000
137238  49.090  30.335  20.250 0.0000000000
136325  49.486  29.570  19.666 0.0000000000
136316  48.645  29.414  20.534 0.0000000000
135334  47.640  28.661  20.971 0.0000000000
134420  44.283  26.899  20.243 0.0000000000
133545  42.662  26.388  20.323 0.0000000000
131782  43.147  25.451  19.524 0.0000000000
132627  42.505  25.568  19.814 0.0000000000
132628  41.703  25.839  20.346 0.0000000000
131774  41.178  25.014  20.648 0.0000000000
130840  40.377  23.465  21.215 0.0000000000
130829  43.151  23.433  21.341 0.0000000000
130838  42.134  23.352  21.109 0.0000000000
129888  41.384  22.816  21.245 0.0000000000
129890  39.873  22.369  21.266 0.0000000000
127937  39.093  19.979  20.675 0.0000000000
126886  39.505  19.752  20.681 0.0000000000
126901  39.275  19.285  20.348 0.0000000000
127883  45.208  20.836  25.606 0.0000000000
127899  44.696  20.190  25.047 0.0000000000
126832  44.159  19.691  24.320 0.0000000000
126848  46.641  19.604  23.584 0.0000000000
125748  44.041  18.853  22.963 0.0000000000
126898  48.076  19.558  20.938 0.0000000000
125797  46.522  19.052  20.872 0.0000000000
126928  47.357  19.262  19.376 0.0000000000
125781  44.758  18.609  21.317 0.0000000000
125782  43.706  18.498  21.087 0.0000000000
125801  42.541  18.422  19.896 0.0000000000
124626  56.199  17.059  34.400 0.0000000000
123604  56.547  16.678  33.206 0.0000000000
123603  56.688  16.095  32.820 0.0000000000
123625  56.376  16.594  31.407 0.0000000000
122561  55.988  16.264  34.476 0.0000000000
123593  56.632  16.094  33.572 0.0000000000
123613  56.700  16.016  31.902 0.0000000000
123614  56.444  16.692  32.324 0.0000000000
123626  49.242  16.823  31.239 0.0000000000
123637  49.269  16.990  30.722 0.0000000000
123655  48.569  17.097  29.940 0.0000000000
123656  48.081  16.930  29.925 0.0000000000
124617  55.595  16.856  35.068 0.0000000000
124633  56.415  17.264  33.632 0.0000000000
124639  56.429  17.388  32.755 0.0000000000
124648  50.291  17.300  31.232 0.0000000000
124649  49.679  17.126  30.908 0.0000000000
124654  50.886  17.539  30.650 0.0000000000
124657  48.888  17.215  29.945 0.0000000000
124658  45.033  16.983  30.211 0.0000000000
124669  49.844  17.564  29.760 0.0000000000
124671  48.519  17.496  29.448 0.0000000000
124674  45.377  17.585  29.521 0.0000000000
124687  45.685  18.228  28.893 0.0000000000
124721  53.557  17.829  23.960 0.0000000000
124731  54.029  17.500  23.057 0.0000000000
124732  53.442  17.746  23.219 0.0000000000
124733  53.118  17.886  22.883 0.0000000000
125625  56.038  17.530  34.664 0.0000000000
125635  56.272  17.830  34.071 0.0000000000
125636  56.063  17.989  34.518 0.0000000000
125648  56.370  18.094  32.296 0.0000000000
125655  53.008  18.644  31.020 0.0000000000
125661  53.154  18.716  30.309 0.0000000000
125671  55.825  17.193  29.554 0.0000000000
125672  53.314  18.759  29.413 0.0000000000
125677  48.989  17.796  29.234 0.0000000000
125680  43.821  18.631  29.605 0.0000000000
125689  52.799  18.583  28.356 0.0000000000
125694  47.838  18.615  28.532 0.0000000000
125697  45.024  19.064  28.609 0.0000000000
125713  55.842  16.342  26.308 0.0000000000
125716  51.701  18.743  26.663 0.0000000000
125724  53.277  18.316  25.520 0.0000000000
125736  50.652  18.911  24.048 0.0000000000
125742  54.646  17.283  23.480 0.0000000000
125743  54.302  17.435  23.858 0.0000000000
125744  53.281  17.907  23.771 0.0000000000
125749  43.135  18.822  22.868 0.0000000000
125758  54.659  17.208  23.791 0.0000000000
125760  53.015  18.104  22.278 0.0000000000
125783  42.736  18.581  20.867 0.0000000000
126707  55.209  18.128  35.178 0.0000000000
126716  56.120  18.225  34.212 0.0000000000
126717  55.778  18.439  34.443 0.0000000000
126726  56.180  18.428  33.745 0.0000000000
126729  53.095  18.773  32.967 0.0000000000
126742  56.238  18.634  31.800 0.0000000000
126743  54.007  19.425  31.689 0.0000000000
126749  55.835  18.327  31.029 0.0000000000
126750  53.733  19.116  30.223 0.0000000000
126759  54.162  19.117  29.274 0.0000000000
126771  53.572  18.666  28.281 0.0000000000
126778  44.291  19.706  28.768 0.0000000000
126786  53.502  18.582  27.233 0.0000000000
126787  53.116  18.581  27.239 0.0000000000
126788  51.006  18.819  27.374 0.0000000000
126791  48.307  20.087  27.807 0.0000000000
126799  55.350  16.733  27.013 0.0000000000
126800  55.142  16.881  26.615 0.0000000000
126801  53.963  18.559  27.146 0.0000000000
126802  53.756  18.501  26.511 0.0000000000
126811  55.471  16.570  26.132 0.0000000000
126816  50.299  19.895  25.549 0.0000000000
126822  54.999  16.899  25.522 0.0000000000
126823  54.759  17.144  25.462 0.0000000000
126824  54.290  17.625  24.812 0.0000000000
126829  47.134  19.990  24.053 0.0000000000
126840  55.314  16.619  24.763 0.0000000000
126841  54.888  16.886  25.029 0.0000000000
126849  45.772  19.512  23.646 0.0000000000
126861  54.779  17.028  24.011 0.0000000000
126869  45.501  19.144  23.028 0.0000000000
126899  47.310  19.308  21.337 0.0000000000
126916  39.934  18.631  19.367 0.0000000000
127767  55.017  18.034  35.294 0.0000000000
127776  54.979  18.384  35.079 0.0000000000
127783  55.499  18.843  34.071 0.0000000000
127784  53.819  19.066  34.560 0.0000000000
127793  55.738  19.165  33.357 0.0000000000
127802  56.205  19.135  32.031 0.0000000000
127803  55.943  19.344  32.593 0.0000000000
127804  54.260  19.576  32.467 0.0000000000
127805  53.900  19.439  33.012 0.0000000000
127811  55.868  19.391  31.724 0.0000000000
127812  54.382  19.628  31.534 0.0000000000
127813  54.069  19.428  31.327 0.0000000000
127817  55.657  18.548  30.632 0.0000000000
127820  54.117  19.414  30.869 0.0000000000
127828  55.492  18.767  30.203 0.0000000000
127830  54.137  19.399  30.192 0.0000000000
127831  43.610  20.643  29.402 0.0000000000
127839  55.050  18.440  28.971 0.0000000000
127840  54.404  19.011  29.205 0.0000000000
127841  46.821  21.147  28.086 0.0000000000
127842  45.940  21.006  28.298 0.0000000000
127849  55.152  17.260  27.582 0.0000000000
127851  54.765  18.302  28.365 0.0000000000
127852  54.398  18.610  28.491 0.0000000000
127862  54.886  17.339  26.831 0.0000000000
127863  54.683  17.984  27.151 0.0000000000
127874  54.854  17.294  26.007 0.0000000000
127877  54.132  18.428  26.572 0.0000000000
127878  49.800  20.299  25.435 0.0000000000
127891  54.784  17.229  25.696 0.0000000000
127893  54.489  17.808  25.554 0.0000000000
127895  48.483  20.680  24.820 0.0000000000
127907  54.679  17.188  25.215 0.0000000000
127908  54.547  17.356  25.002 0.0000000000
127909  48.161  20.354  24.316 0.0000000000
127918  54.741  17.023  24.806 0.0000000000
127919  54.715  17.053  24.485 0.0000000000
128754  54.916  18.610  34.874 0.0000000000
128762  55.027  18.800  34.495 0.0000000000
128763  54.840  18.986  34.324 0.0000000000
128765  54.233  19.293  33.959 0.0000000000
128779  55.017  19.377  33.491 0.0000000000
128780  54.572  19.548  33.160 0.0000000000
128781  54.233  19.445  33.482 0.0000000000
128789  55.128  19.789  32.591 0.0000000000
128798  55.194  19.959  31.679 0.0000000000
128799  54.801  19.923  31.195 0.0000000000
128804  55.517  19.656  31.323 0.0000000000
128806  54.798  19.633  30.418 0.0000000000
128807  43.631  21.513  30.654 0.0000000000
128813  55.389  19.334  30.608 0.0000000000
128814  55.100  19.371  30.168 0.0000000000
128815  54.751  19.221  29.706 0.0000000000
128817  43.535  21.662  29.585 0.0000000000
128825  55.046  18.867  29.424 0.0000000000
128826  54.718  18.809  29.111 0.0000000000
128827  46.914  22.388  27.892 0.0000000000
128830  44.223  21.718  28.867 0.0000000000
128831  43.788  21.184  29.144 0.0000000000
128836  55.047  18.700  29.103 0.0000000000
128838  48.866  21.072  27.344 0.0000000000
128839  48.485  21.346  27.430 0.0000000000
128841  47.142  21.655  28.035 0.0000000000
128847  48.488  21.720  26.971 0.0000000000
128853  43.352  22.006  26.246 0.0000000000
128859  48.139  21.674  26.477 0.0000000000
128860  47.503  21.647  26.260 0.0000000000
128885  40.436  20.972  21.702 0.0000000000
129810  48.081  22.518  33.021 0.0000000000
129819  44.261  22.421  31.244 0.0000000000
129822  43.897  23.021  30.796 0.0000000000
129828  44.114  22.457  28.945 0.0000000000
129836  46.929  22.487  27.630 0.0000000000
129846  47.130  22.425  27.235 0.0000000000
129849  45.013  23.188  27.347 0.0000000000
129855  47.173  22.374  26.883 0.0000000000
129857  45.897  22.699  26.857 0.0000000000
130761  49.638  24.004  32.943 0.0000000000
130762  49.284  23.361  33.142 0.0000000000
130763  48.432  23.053  32.527 0.0000000000
130768  47.404  23.033  32.040 0.0000000000
130770  45.721  22.914  31.643 0.0000000000
130774  43.948  23.536  30.350 0.0000000000
130779  43.886  23.547  29.578 0.0000000000
130795  45.325  23.265  27.860 0.0000000000
130796  44.831  23.367  27.653 0.0000000000
130798  43.190  24.079  27.227 0.0000000000
131661  51.393  25.741  32.638 0.0000000000
131663  50.246  24.696  33.472 0.0000000000
131677  50.933  25.506  32.289 0.0000000000
131678  50.112  24.714  32.535 0.0000000000
131683  51.312  26.039  31.828 0.0000000000
131684  51.212  25.812  31.978 0.0000000000
131686  49.351  24.494  31.902 0.0000000000
131689  46.573  23.797  31.509 0.0000000000
131691  45.351  23.405  31.428 0.0000000000
131695  46.532  24.587  31.170 0.0000000000
131696  45.773  24.384  31.184 0.0000000000
131697  44.969  24.009  31.151 0.0000000000
131716  43.267  24.454  27.520 0.0000000000
131769  45.330  24.977  20.525 0.0000000000
132467  51.637  26.149  33.112 0.0000000000
132468  51.033  25.836  33.421 0.0000000000
132469  50.381  25.545  33.767 0.0000000000
132477  51.920  26.814  32.264 0.0000000000
132478  51.702  26.181  32.733 0.0000000000
132494  51.695  26.322  32.210 0.0000000000
132495  50.683  25.546  31.888 0.0000000000
132496  50.504  25.297  32.106 0.0000000000
132503  52.589  27.807  30.168 0.0000000000
132504  52.012  27.320  30.762 0.0000000000
132505  51.508  26.553  31.504 0.0000000000
132510  48.050  24.504  31.464 0.0000000000
132515  51.662  27.041  30.371 0.0000000000
132518  49.327  25.750  30.774 0.0000000000
132519  48.498  25.544  30.752 0.0000000000
132523  45.050  25.022  30.699 0.0000000000
132524  44.648  24.592  30.660 0.0000000000
132527  52.893  27.874  28.873 0.0000000000
132528  52.640  27.650  29.307 0.0000000000
132530  44.729  25.385  30.294 0.0000000000
132531  44.360  25.066  30.183 0.0000000000
132539  52.795  27.864  28.393 0.0000000000
132541  52.453  27.515  29.071 0.0000000000
132557  53.100  27.825  25.607 0.0000000000
132567  53.226  27.853  25.118 0.0000000000
132568  53.032  27.729  25.353 0.0000000000
132578  53.788  28.193  24.015 0.0000000000
132579  53.459  27.954  24.534 0.0000000000
132580  53.147  27.722  24.724 0.0000000000
132589  54.305  27.919  23.740 0.0000000000
132590  53.688  27.990  24.083 0.0000000000
132591  53.364  27.770  24.225 0.0000000000
132601  54.431  27.857  23.622 0.0000000000
132603  53.546  27.819  23.753 0.0000000000
132613  47.560  25.818  20.241 0.0000000000
132616  45.363  25.182  21.611 0.0000000000
132633  48.362  26.125  19.257 0.0000000000
133327  51.374  26.915  33.312 0.0000000000
133328  51.051  26.659  33.455 0.0000000000
133329  50.815  26.644  33.520 0.0000000000
133338  51.966  27.363  32.659 0.0000000000
133339  51.743  26.806  33.088 0.0000000000
133340  51.297  26.397  33.344 0.0000000000
133351  52.082  27.372  32.236 0.0000000000
133353  49.645  26.620  33.656 0.0000000000
133368  52.411  28.139  30.923 0.0000000000
133383  50.655  26.300  31.042 0.0000000000
133384  50.497  26.053  31.229 0.0000000000
133389  53.022  28.116  29.726 0.0000000000
133392  50.172  26.348  30.667 0.0000000000
133393  49.413  26.308  30.400 0.0000000000
133396  46.629  25.938  30.417 0.0000000000
133397  45.851  25.711  30.495 0.0000000000
133402  53.174  28.310  28.375 0.0000000000
133404  51.639  27.161  29.531 0.0000000000
133405  51.090  27.030  29.645 0.0000000000
133407  49.484  26.832  29.946 0.0000000000
133410  46.602  26.580  29.981 0.0000000000
133412  45.032  25.801  30.176 0.0000000000
133421  52.935  27.991  27.966 0.0000000000
133422  52.510  27.769  27.873 0.0000000000
133423  52.060  27.446  28.672 0.0000000000
133424  51.258  27.272  28.935 0.0000000000
133427  44.894  26.448  29.308 0.0000000000
133428  44.447  25.761  29.629 0.0000000000
133434  53.348  28.216  26.586 0.0000000000
133436  52.631  27.659  26.896 0.0000000000
133445  53.224  28.052  25.918 0.0000000000
133446  53.129  27.927  26.041 0.0000000000
133447  52.823  27.675  25.874 0.0000000000
133449  51.989  27.450  25.928 0.0000000000
133457  53.418  28.241  25.244 0.0000000000
133458  53.243  27.984  25.490 0.0000000000
133460  52.350  27.508  25.098 0.0000000000
133472  53.608  28.297  24.573 0.0000000000
133474  52.974  27.547  24.177 0.0000000000
133475  52.441  27.447  24.035 0.0000000000
133478  50.489  27.181  24.125 0.0000000000
133483  44.827  26.493  25.077 0.0000000000
133489  54.151  28.402  23.810 0.0000000000
133490  53.508  27.891  23.425 0.0000000000
133491  53.329  27.702  23.794 0.0000000000
133493  51.893  27.267  23.382 0.0000000000
133506  54.372  27.909  23.452 0.0000000000
133507  53.909  28.063  23.331 0.0000000000
133508  53.731  27.954  23.837 0.0000000000
133509  52.434  27.313  22.745 0.0000000000
133510  52.111  27.226  22.714 0.0000000000
133516  42.349  26.981  21.781 0.0000000000
133523  53.776  28.119  23.462 0.0000000000
133544  43.644  26.537  20.064 0.0000000000
133546  41.954  26.247  20.492 0.0000000000
133551  50.494  26.699  19.840 0.0000000000
133557  44.222  26.422  19.649 0.0000000000
133558  43.341  26.232  19.799 0.0000000000
133559  42.975  26.227  19.890 0.0000000000
133567  48.679  26.823  18.757 0.0000000000
134171  51.043  27.020  33.427 0.0000000000
134172  50.896  26.829  33.491 0.0000000000
134188  51.958  27.972  32.494 0.0000000000
134189  51.541  27.532  32.951 0.0000000000
134190  51.081  27.347  33.263 0.0000000000
134191  50.702  26.939  33.513 0.0000000000
134192  50.358  26.591  33.647 0.0000000000
134206  51.335  27.848  32.856 0.0000000000
134207  51.110  27.803  32.990 0.0000000000
134209  50.060  27.167  33.523 0.0000000000
134222  52.533  28.581  30.966 0.0000000000
134234  52.859  28.516  30.418 0.0000000000
134240  53.221  28.370  29.975 0.0000000000
134242  47.918  26.906  30.304 0.0000000000
134248  53.268  28.572  28.583 0.0000000000
134249  53.216  28.380  29.260 0.0000000000
134251  49.360  27.306  29.211 0.0000000000
134254  46.604  26.898  29.545 0.0000000000
134255  46.165  26.753  29.646 0.0000000000
134266  53.372  28.622  27.834 0.0000000000
134267  52.349  27.616  27.419 0.0000000000
134271  49.376  27.559  28.394 0.0000000000
134275  45.769  26.920  29.184 0.0000000000
134276  45.240  26.725  29.096 0.0000000000
134287  53.672  28.823  26.520 0.0000000000
134290  52.082  27.532  26.970 0.0000000000
134298  44.950  26.848  28.652 0.0000000000
134299  44.511  26.596  28.570 0.0000000000
134309  53.730  28.835  26.079 0.0000000000
134310  53.532  28.537  26.306 0.0000000000
134311  52.014  27.488  26.322 0.0000000000
134329  53.952  29.123  25.646 0.0000000000
134331  51.350  27.422  25.015 0.0000000000
134338  44.869  27.278  26.883 0.0000000000
134349  53.662  28.623  25.077 0.0000000000
134350  52.986  27.504  23.694 0.0000000000
134352  51.221  27.354  24.502 0.0000000000
134353  50.801  27.318  24.555 0.0000000000
134357  47.004  27.295  25.193 0.0000000000
134367  53.895  29.195  24.835 0.0000000000
134368  53.820  28.703  24.542 0.0000000000
134369  53.447  27.905  22.786 0.0000000000
134371  52.744  27.448  23.439 0.0000000000
134373  49.198  27.106  23.896 0.0000000000
134382  53.786  28.695  24.013 0.0000000000
134383  53.520  28.095  22.991 0.0000000000
134384  53.305  27.804  22.824 0.0000000000
134385  52.820  27.423  22.735 0.0000000000
134396  53.491  28.649  22.816 0.0000000000
134397  53.486  28.139  22.696 0.0000000000
134400  52.188  27.113  21.284 0.0000000000
134402  46.018  27.990  21.516 0.0000000000
134411  53.448  28.209  21.972 0.0000000000
134413  52.578  27.502  20.910 0.0000000000
134416  48.000  28.137  20.257 0.0000000000
134421  43.360  26.750  20.564 0.0000000000
134428  53.455  28.697  21.819 0.0000000000
134429  53.235  28.580  21.242 0.0000000000
134439  44.472  26.721  19.815 0.0000000000
134446  52.593  28.869  20.436 0.0000000000
134447  51.135  27.745  18.834 0.0000000000
134451  48.231  27.483  19.006 0.0000000000
135195  52.023  28.339  32.334 0.0000000000
135197  51.409  28.501  32.543 0.0000000000
135210  51.473  27.959  32.740 0.0000000000
135211  51.056  28.120  32.810 0.0000000000
135238  52.886  28.834  30.597 0.0000000000
135244  53.182  28.695  30.225 0.0000000000
135250  53.255  28.728  28.992 0.0000000000
135260  53.395  28.897  28.294 0.0000000000
135270  53.768  29.091  26.921 0.0000000000
135271  53.613  29.057  27.389 0.0000000000
135281  53.812  29.084  26.433 0.0000000000
135289  53.925  29.107  25.975 0.0000000000
135293  39.924  27.946  25.602 0.0000000000
135297  53.946  29.143  25.435 0.0000000000
135304  53.931  29.141  24.935 0.0000000000
135309  43.237  28.048  23.149 0.0000000000
135313  46.623  28.907  22.088 0.0000000000
135323  53.484  29.050  22.792 0.0000000000
135325  46.900  28.620  21.601 0.0000000000
135335  47.108  28.364  21.100 0.0000000000
135340  53.333  29.126  21.422 0.0000000000
135341  53.059  29.214  20.927 0.0000000000
135348  48.312  27.715  19.227 0.0000000000
135353  52.662  29.313  20.538 0.0000000000
135355  51.691  28.710  19.027 0.0000000000
135359  48.559  27.816  19.056 0.0000000000
136175  51.906  28.590  32.306 0.0000000000
136176  51.637  28.731  32.368 0.0000000000
136177  51.307  28.852  32.466 0.0000000000
136192  50.537  28.942  32.677 0.0000000000
136193  50.131  28.981  32.717 0.0000000000
136205  52.495  28.898  31.205 0.0000000000
136208  50.357  29.488  32.496 0.0000000000
136221  52.759  29.043  30.809 0.0000000000
136234  53.188  29.314  29.481 0.0000000000
136254  53.785  29.252  26.810 0.0000000000
136265  53.961  29.380  26.420 0.0000000000
136266  54.162  29.703  26.433 0.0000000000
136275  54.259  29.783  25.740 0.0000000000
136282  54.024  29.458  25.293 0.0000000000
136289  53.915  29.419  24.742 0.0000000000
136290  53.758  29.743  23.889 0.0000000000
136299  47.275  29.994  21.947 0.0000000000
136306  53.427  29.603  22.276 0.0000000000
136313  53.296  29.636  21.542 0.0000000000
136314  53.081  29.894  21.097 0.0000000000
136315  49.239  30.005  20.088 0.0000000000
136317  48.033  29.166  21.041 0.0000000000
136320  53.150  29.550  21.115 0.0000000000
136322  52.182  28.988  19.674 0.0000000000
136324  49.822  29.263  19.344 0.0000000000
136331  52.370  29.798  20.207 0.0000000000
136332  52.137  29.631  19.542 0.0000000000
136333  51.647  29.445  18.935 0.0000000000
137090  52.019  29.017  32.055 0.0000000000
137112  52.470  29.135  31.104 0.0000000000
137114  51.587  29.890  31.502 0.0000000000
137132  52.545  29.426  30.624 0.0000000000
137133  52.050  29.805  30.697 0.0000000000
137145  53.009  29.765  29.257 0.0000000000
137153  53.647  29.798  27.771 0.0000000000
137163  53.909  29.956  27.063 0.0000000000
137164  51.269  30.678  27.086 0.0000000000
137165  50.835  30.628  27.003 0.0000000000
137176  54.187  30.080  26.349 0.0000000000
137178  50.580  30.578  26.240 0.0000000000
137187  54.053  30.070  25.489 0.0000000000
137188  51.681  30.485  25.302 0.0000000000
137190  50.128  30.715  25.252 0.0000000000
137203  50.170  30.827  24.371 0.0000000000
137210  53.561  29.980  23.530 0.0000000000
137212  50.483  30.772  23.953 0.0000000000
137221  53.224  30.179  22.447 0.0000000000
137222  52.766  30.446  21.965 0.0000000000
137225  45.807  30.311  22.914 0.0000000000
137228  53.173  30.081  21.671 0.0000000000
137229  52.743  30.408  21.582 0.0000000000
137237  52.735  30.249  20.991 0.0000000000
137244  49.067  30.801  20.125 0.0000000000
137248  51.973  30.453  19.056 0.0000000000
137257  51.873  30.922  18.846 0.0000000000
137259  51.295  30.757  18.581 0.0000000000
137994  51.070  30.184  31.973 0.0000000000
138005  51.717  30.143  31.016 0.0000000000
138006  51.335  30.406  31.534 0.0000000000
138007  50.700  30.636  31.912 0.0000000000
138027  51.922  30.242  30.570 0.0000000000
138038  52.722  30.139  29.529 0.0000000000
138045  53.515  29.990  28.217 0.0000000000
138046  53.191  30.264  28.690 0.0000000000
138048  51.079  31.518  29.000 0.0000000000
138049  50.243  31.522  29.033 0.0000000000
138051  48.223  31.418  29.077 0.0000000000
138054  45.348  31.654  29.017 0.0000000000
138065  53.371  30.608  28.007 0.0000000000
138067  51.572  31.362  28.374 0.0000000000
138069  49.763  31.153  28.207 0.0000000000
138072  46.571  31.392  28.186 0.0000000000
138073  45.530  31.731  28.180 0.0000000000
138089  53.328  30.655  27.620 0.0000000000
138090  52.480  30.803  27.086 0.0000000000
138091  52.009  31.034  27.571 0.0000000000
138092  51.231  30.952  27.568 0.0000000000
138095  48.035  31.227  27.215 0.0000000000
138098  45.591  32.123  27.553 0.0000000000
138111  54.014  30.224  26.108 0.0000000000
138113  52.087  30.696  26.766 0.0000000000
138115  49.058  30.963  25.838 0.0000000000
138118  46.739  31.855  26.874 0.0000000000
138129  52.829  30.473  25.406 0.0000000000
138130  52.562  30.506  25.553 0.0000000000
138132  51.659  30.586  26.407 0.0000000000
138133  49.719  31.047  24.520 0.0000000000
138134  49.248  31.129  24.984 0.0000000000
138147  52.514  30.425  24.513 0.0000000000
138148  52.011  30.434  24.941 0.0000000000
138149  49.843  31.164  23.965 0.0000000000
138150  49.224  31.593  24.098 0.0000000000
138156  53.211  30.272  23.008 0.0000000000
138161  50.174  31.190  23.505 0.0000000000
138162  49.680  31.601  23.472 0.0000000000
138169  52.758  30.460  22.318 0.0000000000
138172  50.969  31.370  22.294 0.0000000000
138181  52.111  30.887  21.542 0.0000000000
138183  51.420  31.410  21.791 0.0000000000
138198  52.124  30.674  20.363 0.0000000000
138199  52.030  30.919  20.016 0.0000000000
138206  52.066  30.638  20.036 0.0000000000
138208  51.964  31.607  19.082 0.0000000000
138209  50.741  31.154  18.502 0.0000000000
138210  50.375  31.117  18.597 0.0000000000
138227  51.861  31.363  18.845 0.0000000000
138230  50.230  31.497  18.470 0.0000000000
138967  51.808  30.505  30.740 0.0000000000
138968  51.671  30.771  31.023 0.0000000000
138984  52.005  30.749  30.375 0.0000000000
139004  52.764  30.707  29.301 0.0000000000
139005  52.391  31.035  29.717 0.0000000000
139006  51.839  31.312  30.015 0.0000000000
139007  51.166  31.623  30.300 0.0000000000
139012  46.254  32.110  30.599 0.0000000000
139014  44.145  32.253  30.347 0.0000000000
139023  53.045  30.927  28.720 0.0000000000
139025  52.201  31.364  29.245 0.0000000000
139028  49.818  31.807  29.827 0.0000000000
139030  47.772  31.758  29.920 0.0000000000
139033  44.571  31.965  29.311 0.0000000000
139035  42.376  32.838  29.588 0.0000000000
139043  53.076  31.027  28.080 0.0000000000
139045  51.843  31.400  28.479 0.0000000000
139046  51.801  31.490  28.943 0.0000000000
139048  44.627  32.160  28.179 0.0000000000
139049  43.577  32.604  28.353 0.0000000000
139064  53.524  30.442  26.893 0.0000000000
139065  53.246  30.684  27.278 0.0000000000
139067  52.230  31.223  27.985 0.0000000000
139068  46.112  32.500  27.019 0.0000000000
139069  45.593  32.769  27.130 0.0000000000
139070  44.712  32.745  27.474 0.0000000000
139083  53.353  30.514  26.657 0.0000000000
139084  52.927  30.732  26.887 0.0000000000
139086  46.539  32.562  26.602 0.0000000000
139095  53.802  30.313  26.033 0.0000000000
139096  53.469  30.410  26.051 0.0000000000
139097  53.019  30.556  26.172 0.0000000000
139099  47.751  32.283  25.567 0.0000000000
139107  48.640  32.224  24.264 0.0000000000
139114  49.221  32.297  23.424 0.0000000000
139115  48.891  32.363  23.807 0.0000000000
139123  49.773  31.966  22.856 0.0000000000
139130  51.204  31.988  20.965 0.0000000000
139159  51.774  31.578  19.899 0.0000000000
139161  51.572  32.335  20.026 0.0000000000
139162  49.120  32.340  19.073 0.0000000000
139178  51.866  31.447  19.650 0.0000000000
139180  51.912  32.556  18.735 0.0000000000
139891  53.169  31.091  28.911 0.0000000000
139892  52.843  31.193  28.929 0.0000000000
139893  52.562  31.295  29.053 0.0000000000
139895  41.273  33.559  29.753 0.0000000000
139896  40.691  34.350  29.986 0.0000000000
139900  53.046  31.057  28.546 0.0000000000
139901  52.899  31.169  28.613 0.0000000000
139902  52.553  31.313  28.799 0.0000000000
139905  41.749  33.753  28.840 0.0000000000
139929  46.151  33.518  26.706 0.0000000000
139937  48.253  33.769  24.944 0.0000000000
139938  47.755  33.248  25.412 0.0000000000
139954  49.171  33.258  23.225 0.0000000000
139992  50.851  33.404  20.927 0.0000000000
140000  51.953  32.777  19.356 0.0000000000
140013  51.480  33.701  18.466 0.0000000000
140020  51.746  32.787  18.544 0.0000000000
140614  40.455  34.816  30.452 0.0000000000
140624  40.634  34.991  29.844 0.0000000000
140629  42.814  34.209  28.003 0.0000000000
140630  42.124  34.367  28.359 0.0000000000
140636  45.641  34.732  27.086 0.0000000000
140637  44.572  34.579  27.321 0.0000000000
140650  46.549  34.837  26.812 0.0000000000
140651  45.986  34.221  26.851 0.0000000000
140660  50.372  35.970  24.080 0.0000000000
140661  50.272  35.790  24.315 0.0000000000
140674  50.346  35.802  23.867 0.0000000000
140675  49.972  35.357  24.010 0.0000000000
140687  49.505  34.096  23.339 0.0000000000
140706  51.464  36.962  20.355 0.0000000000
140707  51.353  36.743  20.327 0.0000000000
140717  51.456  36.810  20.128 0.0000000000
140718  51.319  36.487  20.112 0.0000000000
140729  51.529  36.628  19.876 0.0000000000
141373  41.022  35.859  32.230 0.0000000000
141374  40.636  35.441  31.899 0.0000000000
141380  40.466  35.478  30.206 0.0000000000
141386  40.927  35.368  29.304 0.0000000000
141387  40.622  35.444  29.772 0.0000000000
141395  46.805  36.459  28.149 0.0000000000
141400  41.325  35.257  28.799 0.0000000000
141406  48.063  36.289  27.306 0.0000000000
141410  44.236  35.382  27.687 0.0000000000
141419  49.396  36.128  26.287 0.0000000000
141421  47.501  35.573  26.940 0.0000000000
141434  49.089  35.671  25.945 0.0000000000
141444  51.202  37.126  23.031 0.0000000000
141445  50.651  35.943  23.208 0.0000000000
141456  50.190  34.885  22.799 0.0000000000
141464  51.439  37.024  21.245 0.0000000000
141475  51.701  37.572  20.538 0.0000000000
141476  51.534  37.073  20.479 0.0000000000
141491  51.780  37.505  20.234 0.0000000000
141495  50.682  34.728  20.759 0.0000000000
141507  51.864  37.125  20.164 0.0000000000
141508  51.775  36.624  19.661 0.0000000000
141537  51.986  35.731  18.584 0.0000000000
141551  52.228  37.067  17.994 0.0000000000
142230  42.061  36.934  32.598 0.0000000000
142231  41.415  36.466  32.253 0.0000000000
142237  40.687  36.357  31.440 0.0000000000
142245  40.557  35.945  29.797 0.0000000000
142252  46.968  37.089  28.350 0.0000000000
142253  46.170  36.802  28.420 0.0000000000
142255  44.233  36.811  28.360 0.0000000000
142256  43.237  36.487  28.402 0.0000000000
142257  42.257  36.155  28.543 0.0000000000
142258  41.428  35.880  28.808 0.0000000000
142266  49.164  37.113  27.153 0.0000000000
142269  46.138  36.354  28.072 0.0000000000
142270  45.631  36.297  28.032 0.0000000000
142278  50.111  37.102  25.642 0.0000000000
142309  51.451  38.166  21.954 0.0000000000
142366  52.325  36.934  19.131 0.0000000000
142368  52.147  35.978  18.732 0.0000000000
142369  50.268  36.648  17.916 0.0000000000
142383  52.623  37.073  19.215 0.0000000000
142387  50.609  36.404  17.717 0.0000000000
142394  52.256  36.808  18.532 0.0000000000
143129  41.844  37.452  32.215 0.0000000000
143132  41.292  37.368  31.743 0.0000000000
143133  40.800  37.233  31.364 0.0000000000
143140  40.371  36.808  29.875 0.0000000000
143142  46.867  37.430  28.103 0.0000000000
143144  45.596  37.519  28.342 0.0000000000
143152  48.436  37.275  27.227 0.0000000000
143156  45.255  37.961  28.142 0.0000000000
143165  49.364  37.268  26.201 0.0000000000
143170  45.122  37.804  26.464 0.0000000000
143183  46.017  37.432  26.189 0.0000000000
143196  50.620  38.278  24.203 0.0000000000
143202  45.596  37.536  25.684 0.0000000000
143216  51.479  38.825  21.833 0.0000000000
143228  51.559  38.850  21.343 0.0000000000
143246  51.803  39.156  20.294 0.0000000000
143256  52.160  37.792  19.319 0.0000000000
143258  49.258  37.686  19.255 0.0000000000
143268  52.350  37.320  19.164 0.0000000000
143269  52.121  37.770  19.227 0.0000000000
143284  52.408  37.081  18.871 0.0000000000
143285  52.439  36.907  18.664 0.0000000000
143287  51.136  37.016  18.024 0.0000000000
144024  41.069  37.752  31.423 0.0000000000
144042  45.174  38.075  27.470 0.0000000000
144047  45.324  37.933  27.310 0.0000000000
144048  44.837  38.079  26.860 0.0000000000
144058  51.490  39.016  22.313 0.0000000000
144059  51.023  38.620  23.793 0.0000000000
144060  50.704  38.967  23.743 0.0000000000
144069  51.493  39.114  22.038 0.0000000000
144071  49.701  39.311  23.610 0.0000000000
144084  51.565  39.317  21.566 0.0000000000
144123  50.316  38.389  19.146 0.0000000000
144140  51.186  37.663  18.616 0.0000000000
144141  50.665  37.779  18.709 0.0000000000
144142  50.141  37.792  18.785 0.0000000000
144162  52.220  37.038  18.599 0.0000000000
144163  51.582  37.261  18.363 0.0000000000
144845  44.255  39.634  27.934 0.0000000000
144850  43.946  39.270  27.359 0.0000000000
144861  50.746  39.223  23.605 0.0000000000
144862  50.507  39.233  23.651 0.0000000000
144870  51.452  39.252  21.886 0.0000000000
144871  51.523  39.327  22.097 0.0000000000
144872  51.535  39.458  22.947 0.0000000000
144873  51.332  39.407  23.175 0.0000000000
144876  49.413  39.719  23.423 0.0000000000
144877  48.574  39.588  23.429 0.0000000000
144886  51.593  39.630  21.993 0.0000000000
144887  51.509  39.254  22.605 0.0000000000
144888  51.309  38.725  23.371 0.0000000000
144898  51.642  40.042  21.941 0.0000000000
144899  51.552  40.166  22.228 0.0000000000
145640  44.012  40.898  28.954 0.0000000000
145648  44.474  40.844  28.147 0.0000000000
145666  51.507  39.707  22.950 0.0000000000
145667  51.208  40.010  23.112 0.0000000000
145680  51.069  40.637  22.644 0.0000000000
145681  50.659  40.966  22.617 0.0000000000
145682  49.377  40.803  22.837 0.0000000000
145690  51.251  40.956  22.143 0.0000000000
146429  44.733  41.212  28.543 0.0000000000
146466  49.753  40.920  22.819 0.0000000000
146480  50.956  41.401  22.244 0.0000000000
146497  51.469  40.862  21.674 0.0000000000
147371  50.169  42.564  22.393 0.0000000000
147390  50.730  42.540  22.125 0.0000000000
148243  46.582  43.840  21.981 0.0000000000
148252  50.615  43.194  21.920 0.0000000000
148253  49.860  43.692  21.983 0.0000000000
148256  47.096  44.138  21.821 0.0000000000
149001  48.792  43.994  21.950 0.0000000000
149004  46.029  44.340  21.797 0.0000000000
149015  47.904  44.592  21.627 0.0000000000
149018  44.814  45.384  21.581 0.0000000000
164060  52.008  37.005  17.768 0.0000000000
164061  52.072  36.901  18.392 0.0000000000
164062  51.935  37.143  18.491 0.0000000000
164068  51.583  41.221  20.652 0.0000000000
164071  51.578  41.178  20.862 0.0000000000
164085  51.316  38.067  23.846 0.0000000000
164086  51.452  38.662  22.731 0.0000000000
164087  50.969  38.089  24.304 0.0000000000
164089  51.081  37.843  24.279 0.0000000000
164093  51.192  38.445  23.730 0.0000000000
164094  50.972  36.474  22.598 0.0000000000
164095  50.998  36.634  23.067 0.0000000000
164096  51.286  38.255  23.648 0.0000000000
