#!ascii label  , from subject 3001 vox2ras=TkReg
1158
66231  17.616  -28.607  61.255 0.0000000000
62233  29.057  -29.881  66.100 0.0000000000
89053  39.549  -11.568  45.042 0.0000000000
76915  26.797  -20.976  52.629 0.0000000000
69015  31.457  -27.942  58.905 0.0000000000
100152  52.809  -2.363  35.792 0.0000000000
83927  39.954  -15.934  47.764 0.0000000000
78390  34.788  -18.938  45.569 0.0000000000
58844  16.088  -35.056  58.870 0.0000000000
68953  24.306  -26.410  64.344 0.0000000000
66248  26.637  -28.809  59.482 0.0000000000
70260  20.357  -25.781  57.858 0.0000000000
95099  46.409  -6.787  39.656 0.0000000000
68918  20.541  -26.824  68.254 0.0000000000
63528  15.683  -31.423  65.311 0.0000000000
90279  45.614  -9.524  43.930 0.0000000000
55068  14.032  -37.285  62.053 0.0000000000
55071  8.811  -37.747  60.497 0.0000000000
79691  32.912  -17.792  51.282 0.0000000000
73996  29.530  -24.565  56.391 0.0000000000
66355  31.112  -29.207  52.900 0.0000000000
63709  28.707  -31.167  55.697 0.0000000000
81111  39.951  -17.266  48.887 0.0000000000
81153  37.618  -17.423  47.050 0.0000000000
78317  37.550  -18.519  48.908 0.0000000000
83904  42.161  -15.639  49.106 0.0000000000
64977  17.119  -29.707  57.928 0.0000000000
62386  16.416  -32.875  56.932 0.0000000000
63622  15.724  -31.673  60.097 0.0000000000
70221  20.571  -25.672  62.798 0.0000000000
70229  22.257  -25.445  61.459 0.0000000000
67647  18.714  -27.401  60.096 0.0000000000
66285  18.182  -28.479  57.254 0.0000000000
90296  40.184  -10.782  42.511 0.0000000000
90231  41.843  -10.946  47.103 0.0000000000
90280  42.408  -10.311  44.386 0.0000000000
91510  42.520  -9.621  41.442 0.0000000000
59841  15.137  -33.793  66.974 0.0000000000
58787  15.002  -35.045  63.242 0.0000000000
54999  14.372  -36.289  65.338 0.0000000000
55005  7.310  -36.894  66.005 0.0000000000
56356  8.802  -36.494  63.311 0.0000000000
55040  6.944  -37.948  63.153 0.0000000000
52504  6.154  -39.879  61.652 0.0000000000
51167  4.225  -39.637  63.503 0.0000000000
73950  30.001  -23.550  59.550 0.0000000000
71424  30.551  -26.507  57.044 0.0000000000
71458  30.698  -27.087  54.507 0.0000000000
67699  32.243  -28.223  55.605 0.0000000000
67684  25.203  -27.833  56.716 0.0000000000
64991  26.901  -29.755  57.610 0.0000000000
66359  25.592  -29.094  54.380 0.0000000000
65092  27.143  -29.432  52.871 0.0000000000
79672  30.036  -18.546  51.622 0.0000000000
79756  30.854  -18.870  48.467 0.0000000000
78297  28.139  -19.225  49.282 0.0000000000
106371  53.602  1.999  34.520 0.0000000000
102766  51.985  -1.114  34.505 0.0000000000
87841  39.196  -13.187  46.900 0.0000000000
83939  36.605  -15.742  46.144 0.0000000000
87832  41.993  -13.374  48.429 0.0000000000
64835  26.582  -28.609  65.608 0.0000000000
64870  27.698  -29.174  63.397 0.0000000000
66215  24.939  -27.365  62.378 0.0000000000
69004  24.326  -26.452  58.921 0.0000000000
70282  22.148  -25.657  56.311 0.0000000000
92733  48.178  -8.008  41.725 0.0000000000
97657  48.806  -5.321  39.852 0.0000000000
98886  49.685  -3.976  37.395 0.0000000000
98905  51.139  -4.042  35.521 0.0000000000
66202  18.537  -27.586  64.383 0.0000000000
64874  16.477  -29.887  63.420 0.0000000000
64826  18.006  -29.236  66.403 0.0000000000
70181  21.716  -25.658  65.845 0.0000000000
92718  46.037  -8.985  41.549 0.0000000000
61022  15.336  -33.506  62.025 0.0000000000
56394  15.457  -36.725  60.308 0.0000000000
55119  13.495  -37.360  59.033 0.0000000000
56325  12.342  -35.905  64.326 0.0000000000
56383  11.441  -36.964  61.707 0.0000000000
52506  1.916  -40.223  61.879 0.0000000000
79688  35.758  -17.821  51.633 0.0000000000
78219  28.851  -20.013  55.051 0.0000000000
76875  29.470  -21.103  57.513 0.0000000000
74014  27.763  -23.058  55.065 0.0000000000
72676  29.702  -25.968  53.666 0.0000000000
69117  31.003  -27.582  51.682 0.0000000000
66432  29.697  -29.569  50.042 0.0000000000
62315  29.190  -30.108  61.103 0.0000000000
62364  30.218  -30.384  59.128 0.0000000000
65005  31.232  -29.517  56.829 0.0000000000
66339  29.527  -29.907  54.112 0.0000000000
66405  28.500  -29.424  51.503 0.0000000000
79752  34.291  -18.376  48.856 0.0000000000
78393  32.257  -19.622  45.539 0.0000000000
81086  39.238  -17.165  50.167 0.0000000000
79750  38.516  -18.349  48.712 0.0000000000
79726  38.164  -18.191  49.927 0.0000000000
82508  40.116  -16.271  50.046 0.0000000000
66242  17.585  -28.758  60.183 0.0000000000
63638  16.272  -30.697  58.740 0.0000000000
64935  16.576  -29.966  60.405 0.0000000000
67625  19.102  -26.827  62.424 0.0000000000
68983  19.297  -26.442  61.453 0.0000000000
66241  18.033  -27.912  60.733 0.0000000000
66251  18.100  -28.173  59.556 0.0000000000
89069  39.625  -11.200  43.284 0.0000000000
90233  40.613  -11.339  46.171 0.0000000000
91443  41.995  -10.486  45.441 0.0000000000
90264  41.182  -10.743  44.618 0.0000000000
90295  41.002  -10.611  42.859 0.0000000000
55006  6.692  -37.471  65.391 0.0000000000
55022  7.336  -36.863  64.887 0.0000000000
53742  6.347  -38.246  64.262 0.0000000000
52481  6.365  -39.149  62.324 0.0000000000
53754  5.894  -38.761  63.760 0.0000000000
51190  5.152  -39.994  62.445 0.0000000000
72617  30.749  -25.404  59.423 0.0000000000
70257  31.182  -26.822  58.911 0.0000000000
70281  31.030  -27.311  56.523 0.0000000000
69016  31.337  -27.913  58.041 0.0000000000
62249  29.852  -30.439  65.133 0.0000000000
69042  24.549  -27.431  55.140 0.0000000000
66322  25.160  -28.587  55.739 0.0000000000
67722  24.752  -28.065  54.665 0.0000000000
67758  25.342  -28.299  52.698 0.0000000000
78246  27.994  -19.553  52.409 0.0000000000
78275  28.911  -18.803  50.686 0.0000000000
100140  52.519  -3.119  36.599 0.0000000000
101385  53.423  -1.712  37.144 0.0000000000
101393  53.259  -1.436  36.488 0.0000000000
104065  52.876  -0.124  35.242 0.0000000000
101399  52.638  -1.874  35.264 0.0000000000
85304  39.670  -15.131  47.570 0.0000000000
86568  38.283  -14.106  46.955 0.0000000000
83937  37.985  -15.863  47.277 0.0000000000
78388  36.242  -18.322  46.494 0.0000000000
81155  36.066  -17.803  45.963 0.0000000000
79819  35.215  -18.596  45.546 0.0000000000
83917  41.251  -15.764  48.405 0.0000000000
85292  40.893  -15.352  48.065 0.0000000000
87834  40.467  -13.474  47.592 0.0000000000
59984  16.033  -34.353  58.032 0.0000000000
56439  16.311  -37.095  57.861 0.0000000000
66173  25.289  -27.634  65.274 0.0000000000
66200  25.917  -27.772  63.661 0.0000000000
67613  24.758  -26.803  63.841 0.0000000000
70249  21.517  -25.379  59.240 0.0000000000
70237  22.973  -25.632  60.545 0.0000000000
70258  22.500  -25.500  58.396 0.0000000000
69018  23.439  -25.766  57.590 0.0000000000
70271  21.232  -25.609  57.104 0.0000000000
70273  19.548  -26.430  56.554 0.0000000000
72708  28.341  -25.246  51.527 0.0000000000
92749  47.233  -7.489  40.987 0.0000000000
95089  48.688  -6.554  41.090 0.0000000000
95098  47.279  -6.328  39.986 0.0000000000
97678  48.329  -4.577  37.434 0.0000000000
97685  48.898  -4.911  35.885 0.0000000000
98896  50.390  -3.886  36.438 0.0000000000
67594  19.205  -27.024  65.743 0.0000000000
66175  18.466  -28.464  65.821 0.0000000000
66159  19.009  -27.760  67.605 0.0000000000
70167  20.921  -26.192  67.010 0.0000000000
68954  19.857  -26.582  64.973 0.0000000000
92704  47.305  -9.060  42.452 0.0000000000
91492  45.431  -9.598  42.681 0.0000000000
92739  42.877  -9.019  40.535 0.0000000000
63566  15.941  -30.728  63.893 0.0000000000
63583  15.505  -31.642  62.047 0.0000000000
63568  15.171  -32.021  63.422 0.0000000000
56367  14.926  -36.431  62.981 0.0000000000
57647  15.511  -35.790  61.689 0.0000000000
55067  14.499  -37.004  61.718 0.0000000000
55099  14.292  -37.175  59.627 0.0000000000
55100  13.452  -36.903  60.133 0.0000000000
56311  11.096  -35.387  65.711 0.0000000000
56371  9.242  -36.871  62.074 0.0000000000
56370  10.638  -36.590  62.278 0.0000000000
56385  9.405  -37.330  60.917 0.0000000000
56412  11.120  -37.381  59.425 0.0000000000
78227  30.709  -18.856  54.791 0.0000000000
73970  29.425  -23.876  57.694 0.0000000000
75421  29.437  -21.943  58.274 0.0000000000
73984  28.975  -23.325  57.268 0.0000000000
75455  28.409  -21.670  56.185 0.0000000000
74013  28.461  -23.685  55.224 0.0000000000
74031  28.661  -24.357  54.141 0.0000000000
72663  29.262  -24.672  54.818 0.0000000000
69077  31.842  -27.791  53.881 0.0000000000
70332  31.080  -27.422  53.161 0.0000000000
67779  31.345  -28.325  51.724 0.0000000000
67809  31.113  -28.571  50.334 0.0000000000
66403  30.659  -29.179  50.960 0.0000000000
64913  27.230  -29.195  62.124 0.0000000000
63598  28.256  -29.588  61.697 0.0000000000
64932  27.775  -29.581  60.516 0.0000000000
63687  27.773  -30.807  57.011 0.0000000000
63648  28.376  -30.504  58.620 0.0000000000
63665  29.134  -30.616  57.438 0.0000000000
63664  30.013  -30.327  57.675 0.0000000000
63684  30.123  -29.955  56.297 0.0000000000
65027  30.653  -30.105  55.496 0.0000000000
63734  28.736  -31.006  54.658 0.0000000000
66435  26.483  -28.872  50.377 0.0000000000
66379  28.281  -29.591  52.558 0.0000000000
79689  34.879  -17.721  51.581 0.0000000000
78274  35.299  -18.160  49.675 0.0000000000
79708  33.813  -17.862  50.373 0.0000000000
79799  30.732  -19.367  47.007 0.0000000000
79798  31.611  -19.177  46.916 0.0000000000
106381  53.633  2.690  33.682 0.0000000000
81128  39.678  -17.360  48.099 0.0000000000
82563  38.950  -17.065  47.619 0.0000000000
79771  38.698  -18.104  47.881 0.0000000000
78338  37.123  -18.440  47.895 0.0000000000
78339  36.000  -18.650  47.656 0.0000000000
82506  41.479  -15.628  50.012 0.0000000000
82537  41.004  -16.392  48.906 0.0000000000
63656  16.526  -31.217  57.739 0.0000000000
62371  16.201  -32.427  58.084 0.0000000000
61075  15.773  -33.501  59.498 0.0000000000
71373  22.401  -25.573  63.957 0.0000000000
70219  22.858  -25.757  62.354 0.0000000000
70220  21.755  -25.445  62.479 0.0000000000
70239  20.380  -25.512  60.195 0.0000000000
70240  19.658  -25.994  59.514 0.0000000000
69019  19.079  -26.999  57.151 0.0000000000
67654  18.775  -27.667  58.940 0.0000000000
66267  17.694  -29.138  57.712 0.0000000000
95119  44.970  -7.093  37.606 0.0000000000
66149  19.196  -27.867  68.511 0.0000000000
91408  43.297  -10.390  47.385 0.0000000000
91441  43.578  -10.173  45.431 0.0000000000
91456  43.801  -9.840  44.513 0.0000000000
91493  44.407  -9.627  42.709 0.0000000000
91495  41.956  -10.255  42.665 0.0000000000
91496  41.197  -10.424  42.297 0.0000000000
62239  15.687  -32.347  67.211 0.0000000000
60962  15.023  -32.744  64.629 0.0000000000
59852  14.939  -33.972  65.804 0.0000000000
57601  14.763  -35.592  64.524 0.0000000000
55035  13.661  -36.986  63.372 0.0000000000
56328  9.167  -35.913  65.352 0.0000000000
56342  8.379  -36.386  64.491 0.0000000000
55039  7.606  -37.094  63.385 0.0000000000
55056  7.919  -37.483  61.986 0.0000000000
53777  7.008  -39.156  61.096 0.0000000000
72618  30.151  -24.879  58.834 0.0000000000
71425  30.306  -25.590  57.358 0.0000000000
71446  30.412  -26.026  55.276 0.0000000000
71434  30.689  -26.673  55.930 0.0000000000
69059  32.010  -27.743  54.927 0.0000000000
67720  31.996  -28.938  54.309 0.0000000000
66265  25.831  -28.249  57.906 0.0000000000
64973  26.918  -29.480  58.689 0.0000000000
66283  25.962  -28.909  57.492 0.0000000000
66320  26.082  -29.699  56.162 0.0000000000
65052  26.716  -30.195  54.705 0.0000000000
63759  27.388  -30.601  54.361 0.0000000000
66358  26.229  -29.515  54.080 0.0000000000
67757  26.130  -28.674  52.342 0.0000000000
79670  32.006  -18.035  52.207 0.0000000000
79710  31.677  -18.361  50.128 0.0000000000
79711  30.648  -18.497  50.077 0.0000000000
79732  29.202  -18.753  49.139 0.0000000000
105247  53.425  1.028  35.320 0.0000000000
105248  52.682  0.394  34.839 0.0000000000
89045  39.059  -12.704  46.454 0.0000000000
89063  37.553  -12.270  44.708 0.0000000000
87849  37.795  -13.111  46.232 0.0000000000
82576  37.069  -16.766  46.514 0.0000000000
82585  35.734  -16.749  45.550 0.0000000000
85263  43.445  -14.904  49.724 0.0000000000
86525  43.121  -14.124  48.966 0.0000000000
89019  43.282  -12.324  48.961 0.0000000000
89034  41.667  -12.374  48.029 0.0000000000
89035  40.760  -12.303  47.348 0.0000000000
63507  27.527  -29.236  65.403 0.0000000000
63544  28.537  -29.811  64.506 0.0000000000
64850  27.300  -28.976  64.609 0.0000000000
66213  26.496  -28.381  62.846 0.0000000000
67643  25.632  -27.955  60.837 0.0000000000
68981  23.616  -26.286  61.802 0.0000000000
67645  24.497  -27.060  60.897 0.0000000000
67652  25.339  -27.545  59.419 0.0000000000
67676  24.985  -26.973  58.228 0.0000000000
69029  24.284  -26.338  56.852 0.0000000000
69062  23.024  -26.309  54.834 0.0000000000
97656  50.075  -4.778  39.879 0.0000000000
97672  47.295  -5.197  38.319 0.0000000000
97670  49.269  -4.379  38.598 0.0000000000
97669  50.502  -4.014  39.115 0.0000000000
98885  50.707  -3.648  37.521 0.0000000000
98895  51.360  -3.570  36.710 0.0000000000
98912  52.356  -3.366  35.477 0.0000000000
98921  52.317  -3.519  34.831 0.0000000000
66216  18.201  -28.095  62.785 0.0000000000
64893  17.125  -29.198  61.757 0.0000000000
66189  17.974  -28.649  64.086 0.0000000000
64837  18.074  -29.204  65.194 0.0000000000
64838  17.114  -29.948  65.714 0.0000000000
66160  18.457  -28.413  68.111 0.0000000000
63509  16.433  -31.109  67.233 0.0000000000
62221  16.319  -31.951  67.981 0.0000000000
63489  28.446  -29.572  66.428 0.0000000000
64815  26.839  -28.812  66.555 0.0000000000
64825  25.994  -28.152  66.177 0.0000000000
67593  24.875  -27.075  65.684 0.0000000000
70150  23.665  -26.151  66.857 0.0000000000
70180  22.824  -25.583  65.258 0.0000000000
70200  21.797  -25.552  64.456 0.0000000000
68964  19.509  -26.531  64.064 0.0000000000
92715  48.557  -8.735  42.551 0.0000000000
92734  47.244  -8.094  41.444 0.0000000000
93919  45.903  -7.936  40.568 0.0000000000
92720  44.335  -9.115  41.380 0.0000000000
93921  44.462  -8.211  40.244 0.0000000000
93942  44.618  -7.579  39.174 0.0000000000
63602  15.962  -30.693  61.185 0.0000000000
63603  15.463  -31.852  61.030 0.0000000000
59932  15.674  -34.361  60.527 0.0000000000
61001  15.194  -33.749  62.836 0.0000000000
58809  15.569  -35.048  61.469 0.0000000000
57668  16.096  -35.913  59.487 0.0000000000
56409  15.543  -37.023  59.520 0.0000000000
55118  14.266  -37.708  58.445 0.0000000000
55002  12.987  -36.597  65.122 0.0000000000
55054  12.934  -36.900  63.137 0.0000000000
56369  11.708  -36.311  62.391 0.0000000000
55084  12.977  -36.810  61.742 0.0000000000
56411  12.295  -37.049  59.880 0.0000000000
51169  2.887  -40.032  63.244 0.0000000000
79686  37.376  -17.585  51.600 0.0000000000
79651  32.135  -18.107  53.197 0.0000000000
79652  31.195  -18.350  53.046 0.0000000000
78237  29.415  -19.017  53.646 0.0000000000
78238  28.359  -19.608  53.401 0.0000000000
76887  29.228  -20.590  56.463 0.0000000000
76895  28.082  -20.911  54.960 0.0000000000
75497  26.880  -22.035  53.991 0.0000000000
74052  28.124  -24.046  53.080 0.0000000000
72695  28.489  -24.800  52.406 0.0000000000
71488  29.326  -26.131  52.186 0.0000000000
71459  30.416  -26.546  54.248 0.0000000000
71487  29.686  -26.638  52.415 0.0000000000
70362  30.223  -27.306  51.060 0.0000000000
69144  31.061  -27.649  49.805 0.0000000000
66452  30.378  -28.829  49.207 0.0000000000
67651  31.704  -28.604  60.072 0.0000000000
62283  29.345  -30.058  63.206 0.0000000000
62295  29.860  -30.392  62.524 0.0000000000
62313  30.393  -30.510  61.895 0.0000000000
63649  27.785  -30.344  58.922 0.0000000000
62349  29.629  -30.412  59.648 0.0000000000
62347  30.809  -30.367  60.485 0.0000000000
63627  31.543  -29.931  59.762 0.0000000000
64989  31.482  -29.298  58.562 0.0000000000
66281  31.655  -28.904  58.154 0.0000000000
66296  31.750  -29.508  56.117 0.0000000000
66319  31.668  -29.605  55.269 0.0000000000
66356  30.302  -29.663  53.211 0.0000000000
63776  28.196  -30.312  53.603 0.0000000000
66378  29.256  -29.770  52.581 0.0000000000
66377  30.336  -29.426  52.120 0.0000000000
66404  29.509  -29.610  51.220 0.0000000000
78272  36.720  -18.223  50.347 0.0000000000
78319  35.538  -18.522  48.308 0.0000000000
78341  34.243  -18.792  47.153 0.0000000000
79754  32.634  -18.652  48.123 0.0000000000
78343  33.138  -18.975  46.935 0.0000000000
78391  33.933  -19.271  45.507 0.0000000000
100160  52.142  -3.326  33.491 0.0000000000
79725  38.656  -18.004  49.742 0.0000000000
79704  38.292  -17.397  50.806 0.0000000000
82501  39.288  -16.534  50.671 0.0000000000
64934  17.043  -29.466  59.803 0.0000000000
64914  17.136  -29.295  60.774 0.0000000000
66230  18.262  -28.076  61.832 0.0000000000
67638  18.824  -27.200  61.443 0.0000000000
89061  39.573  -11.313  43.883 0.0000000000
89070  38.926  -11.355  43.034 0.0000000000
89062  38.674  -11.715  44.317 0.0000000000
90250  40.433  -11.209  45.379 0.0000000000
90265  40.332  -11.064  44.323 0.0000000000
53729  6.361  -38.156  64.920 0.0000000000
53743  6.060  -38.534  64.362 0.0000000000
52463  5.422  -38.840  64.326 0.0000000000
70256  31.417  -27.347  59.320 0.0000000000
70268  31.283  -27.459  58.593 0.0000000000
62232  29.673  -30.292  65.914 0.0000000000
62250  29.120  -30.096  65.386 0.0000000000
69060  24.280  -27.004  54.519 0.0000000000
67740  24.617  -27.794  53.542 0.0000000000
78260  27.976  -19.204  51.332 0.0000000000
100146  52.625  -2.977  36.068 0.0000000000
100139  52.921  -2.681  37.058 0.0000000000
100145  53.148  -2.239  36.667 0.0000000000
100158  52.602  -2.570  35.120 0.0000000000
85315  39.006  -15.125  47.428 0.0000000000
83935  39.326  -15.849  47.550 0.0000000000
78389  35.594  -18.572  46.180 0.0000000000
79818  35.674  -18.203  45.718 0.0000000000
78418  34.553  -19.004  44.857 0.0000000000
83918  40.604  -15.924  48.027 0.0000000000
85293  40.375  -15.235  47.801 0.0000000000
58851  16.326  -35.358  57.617 0.0000000000
57673  16.341  -36.128  58.333 0.0000000000
67602  24.850  -26.961  64.829 0.0000000000
68962  24.088  -26.366  63.352 0.0000000000
70250  20.425  -25.621  58.917 0.0000000000
70259  21.377  -25.494  58.140 0.0000000000
70270  22.339  -25.512  57.336 0.0000000000
70272  20.244  -25.940  56.821 0.0000000000
71507  28.902  -26.086  51.281 0.0000000000
93931  46.886  -7.072  40.470 0.0000000000
98907  49.503  -4.866  35.533 0.0000000000
67588  19.499  -27.323  66.835 0.0000000000
67577  19.804  -27.338  67.880 0.0000000000
68932  20.452  -26.640  67.206 0.0000000000
68943  20.081  -26.621  66.092 0.0000000000
91455  44.877  -9.603  44.214 0.0000000000
90278  46.360  -9.492  44.045 0.0000000000
91475  45.984  -9.581  43.374 0.0000000000
91476  45.056  -9.593  43.416 0.0000000000
63547  16.085  -30.884  64.948 0.0000000000
63567  15.400  -31.602  63.250 0.0000000000
63548  15.399  -31.429  64.398 0.0000000000
55051  14.184  -37.259  62.628 0.0000000000
55050  14.704  -36.942  62.356 0.0000000000
55082  14.222  -36.877  60.943 0.0000000000
55083  13.619  -36.891  61.413 0.0000000000
56312  9.986  -35.593  66.077 0.0000000000
55055  8.631  -37.367  61.227 0.0000000000
56398  9.357  -37.610  60.310 0.0000000000
73983  29.414  -24.290  56.996 0.0000000000
73997  28.927  -23.868  56.256 0.0000000000
72653  29.153  -24.316  55.474 0.0000000000
72652  29.742  -24.973  55.704 0.0000000000
69078  31.895  -28.005  53.064 0.0000000000
67756  31.443  -28.501  52.618 0.0000000000
66402  31.194  -28.842  51.396 0.0000000000
66376  31.108  -28.986  51.928 0.0000000000
66238  26.680  -28.709  60.641 0.0000000000
64933  27.260  -29.167  61.083 0.0000000000
64951  27.238  -29.377  59.858 0.0000000000
63710  27.809  -31.156  56.019 0.0000000000
63686  28.552  -31.002  56.759 0.0000000000
63685  29.373  -30.691  56.526 0.0000000000
63708  29.566  -30.654  55.323 0.0000000000
79690  33.964  -17.685  51.426 0.0000000000
79770  39.312  -17.891  48.010 0.0000000000
79749  39.316  -17.924  48.416 0.0000000000
79751  37.852  -18.494  48.380 0.0000000000
78318  36.503  -18.509  48.582 0.0000000000
83873  42.162  -15.383  50.353 0.0000000000
81095  39.945  -16.916  49.548 0.0000000000
81094  40.354  -16.679  49.383 0.0000000000
81110  40.424  -16.767  49.163 0.0000000000
82538  40.270  -16.798  48.491 0.0000000000
63621  16.127  -30.741  59.840 0.0000000000
63657  16.261  -31.555  58.274 0.0000000000
63639  16.086  -31.612  59.059 0.0000000000
62355  15.873  -32.571  59.274 0.0000000000
70210  21.426  -25.527  63.406 0.0000000000
71390  22.039  -25.503  63.061 0.0000000000
68991  19.274  -26.387  60.485 0.0000000000
68990  19.832  -25.902  61.181 0.0000000000
68998  19.154  -26.770  59.330 0.0000000000
69006  19.089  -26.926  58.249 0.0000000000
66252  17.527  -29.061  58.948 0.0000000000
66266  18.111  -28.344  58.400 0.0000000000
90223  42.375  -11.291  47.877 0.0000000000
91409  42.456  -10.571  47.031 0.0000000000
90263  42.033  -10.409  44.832 0.0000000000
91442  42.650  -10.412  45.509 0.0000000000
91457  42.784  -10.347  44.742 0.0000000000
91478  42.757  -10.100  43.754 0.0000000000
90304  40.719  -10.530  42.159 0.0000000000
60944  15.071  -33.011  66.531 0.0000000000
57588  14.710  -35.218  65.654 0.0000000000
56323  14.600  -35.931  65.174 0.0000000000
56337  14.505  -36.218  64.306 0.0000000000
55018  13.744  -36.674  64.454 0.0000000000
56314  7.974  -36.471  66.627 0.0000000000
56329  8.157  -36.416  65.680 0.0000000000
55057  7.316  -37.840  62.546 0.0000000000
53764  7.374  -38.087  62.032 0.0000000000
53776  7.457  -38.412  61.418 0.0000000000
53765  6.928  -38.586  62.193 0.0000000000
52503  6.598  -39.472  61.506 0.0000000000
52483  4.931  -39.427  63.353 0.0000000000
51191  4.555  -40.033  62.611 0.0000000000
51192  3.960  -40.008  62.759 0.0000000000
71414  30.685  -26.012  58.392 0.0000000000
71415  30.280  -25.338  58.067 0.0000000000
71435  30.409  -25.758  56.311 0.0000000000
69041  31.884  -27.603  56.020 0.0000000000
67719  32.195  -28.589  54.927 0.0000000000
66284  25.548  -28.456  57.099 0.0000000000
66341  25.365  -29.120  54.997 0.0000000000
66321  25.485  -29.085  55.732 0.0000000000
66340  25.992  -29.608  55.106 0.0000000000
65029  26.571  -30.328  55.721 0.0000000000
79671  30.816  -18.325  52.097 0.0000000000
79693  30.836  -18.352  50.981 0.0000000000
78296  28.816  -18.938  49.924 0.0000000000
79733  28.594  -19.005  48.736 0.0000000000
102765  52.390  -1.105  35.012 0.0000000000
104066  52.145  -0.296  34.472 0.0000000000
104079  51.904  0.090  33.933 0.0000000000
104080  51.674  -0.633  33.413 0.0000000000
89054  38.599  -12.328  45.739 0.0000000000
87848  38.632  -13.167  46.581 0.0000000000
85317  37.566  -15.008  46.998 0.0000000000
86569  37.158  -14.063  46.542 0.0000000000
85318  36.738  -15.041  46.402 0.0000000000
85319  36.218  -15.242  45.707 0.0000000000
82575  37.739  -16.633  47.096 0.0000000000
81165  35.638  -17.500  45.541 0.0000000000
81164  36.037  -17.115  45.906 0.0000000000
82586  35.170  -16.929  44.794 0.0000000000
83952  35.400  -16.136  44.971 0.0000000000
83888  42.234  -15.523  49.704 0.0000000000
83887  43.200  -15.104  50.127 0.0000000000
83903  42.880  -15.265  49.569 0.0000000000
86526  42.343  -14.227  48.614 0.0000000000
87819  42.803  -13.300  48.816 0.0000000000
87818  43.526  -13.171  49.320 0.0000000000
89020  42.496  -12.384  48.510 0.0000000000
87840  39.766  -13.337  47.292 0.0000000000
89036  40.157  -12.804  47.253 0.0000000000
89044  39.808  -12.179  46.497 0.0000000000
64834  27.131  -28.963  65.230 0.0000000000
63525  27.658  -29.298  64.803 0.0000000000
64851  26.640  -28.677  64.940 0.0000000000
66199  26.513  -28.288  64.000 0.0000000000
66214  25.641  -27.721  62.587 0.0000000000
66227  25.927  -28.204  61.496 0.0000000000
66228  25.261  -27.654  61.809 0.0000000000
70228  23.133  -25.881  61.384 0.0000000000
68997  23.644  -26.058  59.707 0.0000000000
68989  23.789  -26.444  60.754 0.0000000000
68996  24.337  -26.605  59.832 0.0000000000
67653  24.786  -27.098  60.028 0.0000000000
67662  24.852  -27.066  59.156 0.0000000000
67661  25.455  -27.581  58.511 0.0000000000
69030  23.277  -25.870  56.486 0.0000000000
69043  24.206  -26.663  55.641 0.0000000000
69044  22.926  -26.161  55.446 0.0000000000
67663  18.642  -27.710  57.812 0.0000000000
67677  18.715  -27.799  56.680 0.0000000000
92732  49.030  -8.024  42.129 0.0000000000
96413  48.613  -5.970  40.558 0.0000000000
96406  49.195  -6.037  41.024 0.0000000000
97641  49.034  -5.684  40.557 0.0000000000
97640  49.628  -5.472  40.675 0.0000000000
96423  46.498  -5.872  38.369 0.0000000000
96422  47.052  -5.507  38.829 0.0000000000
97677  49.057  -4.279  37.634 0.0000000000
98874  50.197  -3.807  38.261 0.0000000000
98873  51.000  -3.619  38.508 0.0000000000
98904  52.125  -3.413  36.018 0.0000000000
67615  18.454  -27.664  63.101 0.0000000000
66203  18.270  -27.994  63.699 0.0000000000
64818  17.361  -29.880  68.103 0.0000000000
63508  16.927  -30.537  67.614 0.0000000000
63493  16.567  -31.112  67.966 0.0000000000
63490  27.885  -29.379  66.197 0.0000000000
66165  25.223  -27.406  65.865 0.0000000000
70151  22.781  -25.871  67.433 0.0000000000
70165  22.755  -25.662  66.418 0.0000000000
70164  23.770  -25.912  65.852 0.0000000000
67603  19.003  -26.983  64.672 0.0000000000
67614  18.809  -27.105  63.483 0.0000000000
91506  46.296  -9.213  41.990 0.0000000000
92717  46.789  -8.829  41.916 0.0000000000
92735  46.394  -8.386  41.198 0.0000000000
92736  45.600  -8.563  41.006 0.0000000000
91494  43.246  -9.802  42.684 0.0000000000
91509  43.823  -9.557  41.894 0.0000000000
92750  43.304  -8.537  40.024 0.0000000000
92738  43.850  -8.665  40.665 0.0000000000
93922  43.845  -8.279  39.968 0.0000000000
93934  44.213  -7.898  39.527 0.0000000000
64873  17.127  -29.193  62.864 0.0000000000
64894  16.479  -29.830  62.182 0.0000000000
62320  15.368  -32.658  61.514 0.0000000000
61060  15.617  -33.736  60.224 0.0000000000
61044  15.569  -33.581  61.013 0.0000000000
59885  15.206  -34.370  64.010 0.0000000000
60981  15.206  -33.690  63.721 0.0000000000
59897  15.129  -34.385  63.025 0.0000000000
56393  15.530  -36.447  60.989 0.0000000000
57659  15.924  -35.710  60.676 0.0000000000
56408  15.902  -36.529  60.023 0.0000000000
56423  16.034  -36.760  58.953 0.0000000000
56425  12.682  -37.363  58.818 0.0000000000
55004  12.302  -35.638  64.819 0.0000000000
55003  12.674  -36.195  64.847 0.0000000000
55020  13.120  -36.742  64.239 0.0000000000
55038  12.828  -36.695  63.584 0.0000000000
56341  9.508  -35.945  64.209 0.0000000000
56382  12.322  -36.682  62.031 0.0000000000
56395  12.176  -36.692  61.122 0.0000000000
56396  11.249  -37.166  60.603 0.0000000000
52466  3.077  -39.980  64.214 0.0000000000
52485  1.875  -39.750  63.116 0.0000000000
52484  2.258  -40.061  62.728 0.0000000000
79667  34.929  -17.732  52.594 0.0000000000
79633  31.308  -18.376  53.850 0.0000000000
78228  29.589  -19.279  54.556 0.0000000000
78236  30.406  -18.620  53.855 0.0000000000
78229  28.554  -19.793  54.346 0.0000000000
75438  29.012  -22.310  57.630 0.0000000000
75474  27.945  -22.174  55.536 0.0000000000
75496  27.318  -22.261  54.741 0.0000000000
75518  27.362  -23.024  53.890 0.0000000000
74032  27.940  -23.493  54.355 0.0000000000
72677  29.263  -25.150  53.908 0.0000000000
74051  28.845  -24.757  53.461 0.0000000000
72694  29.129  -25.447  52.752 0.0000000000
70333  30.564  -27.236  52.635 0.0000000000
70351  30.231  -27.255  51.671 0.0000000000
69134  30.823  -27.300  50.601 0.0000000000
67827  31.260  -27.931  50.159 0.0000000000
66431  30.481  -29.011  49.785 0.0000000000
66453  29.761  -29.236  48.968 0.0000000000
66472  29.043  -29.840  48.467 0.0000000000
63545  28.179  -29.518  64.315 0.0000000000
63563  28.704  -29.824  63.795 0.0000000000
63597  28.670  -29.758  61.679 0.0000000000
62296  29.300  -30.058  62.164 0.0000000000
62314  29.767  -30.424  61.566 0.0000000000
63650  27.393  -29.914  59.189 0.0000000000
63668  27.375  -30.017  58.255 0.0000000000
62366  28.963  -30.573  58.394 0.0000000000
62350  28.986  -30.480  59.184 0.0000000000
62348  30.240  -30.394  60.092 0.0000000000
62363  30.735  -30.285  59.694 0.0000000000
63628  31.261  -30.166  60.029 0.0000000000
63663  30.666  -29.756  57.388 0.0000000000
64972  31.366  -29.643  58.861 0.0000000000
64990  31.175  -29.498  58.039 0.0000000000
66262  31.584  -29.132  58.974 0.0000000000
65004  31.509  -29.225  57.698 0.0000000000
66295  31.949  -29.075  56.962 0.0000000000
65028  30.140  -30.265  55.093 0.0000000000
65049  31.207  -30.049  55.065 0.0000000000
65050  30.583  -30.131  54.721 0.0000000000
66337  31.283  -29.597  54.166 0.0000000000
66338  30.136  -29.770  54.105 0.0000000000
65072  27.576  -30.357  53.820 0.0000000000
63758  28.047  -30.727  53.966 0.0000000000
65091  27.824  -29.898  53.310 0.0000000000
66433  28.553  -29.612  50.209 0.0000000000
78257  36.540  -17.891  51.062 0.0000000000
78258  36.109  -18.139  50.828 0.0000000000
79727  34.534  -18.085  49.603 0.0000000000
78295  35.051  -18.205  48.913 0.0000000000
78320  34.555  -18.621  48.089 0.0000000000
79730  31.321  -18.561  49.235 0.0000000000
79729  32.512  -18.469  49.109 0.0000000000
79755  31.805  -18.669  48.347 0.0000000000
78366  31.932  -19.254  46.196 0.0000000000
79797  32.438  -19.039  46.885 0.0000000000
78365  32.890  -19.086  46.384 0.0000000000
78364  33.729  -19.085  46.337 0.0000000000
78392  33.086  -19.439  45.494 0.0000000000
107479  54.503  3.440  33.181 0.0000000000
107478  55.471  4.170  32.558 0.0000000000
100159  52.453  -3.063  34.531 0.0000000000
81096  39.459  -17.541  49.465 0.0000000000
81112  39.267  -17.968  49.030 0.0000000000
78316  38.171  -18.373  49.388 0.0000000000
81085  39.746  -16.802  49.902 0.0000000000
64955  16.734  -29.747  58.831 0.0000000000
64956  16.504  -30.059  59.543 0.0000000000
68974  19.609  -26.281  63.156 0.0000000000
68982  19.667  -26.064  62.099 0.0000000000
67637  19.197  -26.670  61.879 0.0000000000
90284  39.681  -11.081  42.877 0.0000000000
90232  41.187  -11.142  46.629 0.0000000000
91425  41.529  -10.718  46.049 0.0000000000
90249  41.353  -10.750  45.558 0.0000000000
90281  41.882  -10.410  44.004 0.0000000000
90282  41.041  -10.694  43.740 0.0000000000
90283  40.214  -10.970  43.349 0.0000000000
59828  15.347  -33.611  68.073 0.0000000000
58730  14.935  -34.340  67.335 0.0000000000
55023  6.656  -37.682  64.206 0.0000000000
53753  6.367  -38.528  63.412 0.0000000000
52482  5.713  -39.312  62.835 0.0000000000
71409  31.243  -26.054  59.710 0.0000000000
70269  30.934  -27.222  57.804 0.0000000000
69028  31.542  -27.779  57.046 0.0000000000
67683  32.130  -28.298  56.508 0.0000000000
67701  24.953  -27.870  55.712 0.0000000000
66299  25.323  -28.531  56.279 0.0000000000
67700  25.026  -28.670  55.244 0.0000000000
67721  25.111  -28.765  54.617 0.0000000000
66382  25.725  -28.941  53.606 0.0000000000
67739  25.147  -28.547  53.895 0.0000000000
69096  24.757  -27.910  52.586 0.0000000000
78245  29.416  -18.814  52.556 0.0000000000
78259  29.046  -18.797  51.595 0.0000000000
78276  27.993  -19.217  50.329 0.0000000000
100130  52.649  -3.006  37.389 0.0000000000
100129  53.140  -2.715  38.113 0.0000000000
104053  53.425  0.146  35.983 0.0000000000
102764  53.045  -0.826  35.745 0.0000000000
102772  52.126  -1.602  34.564 0.0000000000
86555  39.182  -14.186  47.308 0.0000000000
86556  38.830  -13.662  46.962 0.0000000000
86567  38.709  -14.624  47.295 0.0000000000
85316  38.362  -15.084  47.328 0.0000000000
83938  37.189  -15.929  46.691 0.0000000000
78387  36.631  -18.160  46.669 0.0000000000
81154  36.521  -17.428  46.284 0.0000000000
79817  36.379  -18.005  46.312 0.0000000000
79835  35.261  -18.005  45.149 0.0000000000
83905  41.622  -16.045  48.863 0.0000000000
85302  41.611  -15.021  48.343 0.0000000000
86540  41.567  -14.421  48.319 0.0000000000
87833  41.200  -13.428  47.988 0.0000000000
86541  40.887  -14.538  47.968 0.0000000000
86542  40.063  -14.336  47.599 0.0000000000
61105  16.125  -33.542  57.435 0.0000000000
56440  15.847  -37.803  57.361 0.0000000000
66172  25.767  -28.127  65.444 0.0000000000
66185  25.943  -28.187  64.701 0.0000000000
66186  25.351  -27.384  64.316 0.0000000000
66201  25.192  -27.263  63.282 0.0000000000
70238  21.789  -25.233  60.411 0.0000000000
70248  22.733  -25.416  59.480 0.0000000000
69005  23.565  -25.824  58.666 0.0000000000
70292  21.942  -25.741  55.448 0.0000000000
70283  21.071  -25.751  56.076 0.0000000000
70284  19.969  -26.272  55.740 0.0000000000
92748  47.699  -7.605  41.255 0.0000000000
93916  48.747  -7.308  41.528 0.0000000000
93930  47.650  -7.023  40.837 0.0000000000
95097  48.085  -6.454  40.605 0.0000000000
96414  48.076  -5.914  39.981 0.0000000000
97679  47.490  -5.028  37.650 0.0000000000
97687  47.747  -5.009  36.935 0.0000000000
98887  49.024  -4.307  37.053 0.0000000000
98897  49.465  -4.380  36.304 0.0000000000
98906  50.168  -4.501  35.516 0.0000000000
97692  50.723  -4.926  34.866 0.0000000000
66187  18.623  -27.647  65.299 0.0000000000
66174  18.761  -27.683  66.322 0.0000000000
66167  18.456  -28.311  67.002 0.0000000000
70166  21.580  -25.835  67.081 0.0000000000
70201  20.700  -25.957  65.323 0.0000000000
70182  20.859  -26.116  66.440 0.0000000000
91474  46.899  -9.452  43.494 0.0000000000
91491  46.510  -9.379  42.600 0.0000000000
91507  45.743  -9.390  42.012 0.0000000000
63582  16.008  -30.739  62.666 0.0000000000
62301  15.182  -32.503  62.649 0.0000000000
57616  14.947  -35.693  63.548 0.0000000000
57632  15.235  -35.792  62.655 0.0000000000
56381  15.208  -36.469  62.007 0.0000000000
55066  14.962  -36.758  61.381 0.0000000000
55080  15.211  -36.677  60.750 0.0000000000
55081  14.905  -36.869  60.372 0.0000000000
54968  11.819  -35.585  66.256 0.0000000000
56326  11.532  -35.474  64.714 0.0000000000
56355  9.931  -36.042  63.049 0.0000000000
56384  10.350  -37.158  61.315 0.0000000000
56397  10.072  -37.477  60.069 0.0000000000
78226  31.478  -18.731  55.282 0.0000000000
78218  29.572  -19.735  55.469 0.0000000000
73958  29.651  -23.843  58.476 0.0000000000
73959  29.543  -22.744  58.898 0.0000000000
73971  29.246  -23.029  58.059 0.0000000000
75454  28.590  -22.219  56.885 0.0000000000
75473  28.277  -22.802  56.076 0.0000000000
70320  31.136  -27.534  53.764 0.0000000000
70304  30.743  -27.228  54.138 0.0000000000
69094  31.507  -27.670  53.284 0.0000000000
69095  31.318  -27.781  52.578 0.0000000000
67808  31.358  -28.004  50.908 0.0000000000
67780  31.251  -28.632  51.039 0.0000000000
63581  28.266  -29.519  62.342 0.0000000000
64912  27.826  -29.435  61.648 0.0000000000
64911  28.206  -29.636  61.094 0.0000000000
64931  28.123  -29.728  60.593 0.0000000000
63688  27.271  -30.331  57.258 0.0000000000
63667  27.817  -30.340  57.936 0.0000000000
63666  28.490  -30.606  57.710 0.0000000000
62380  29.436  -30.553  58.109 0.0000000000
63647  30.305  -30.308  58.494 0.0000000000
63683  30.714  -29.736  56.654 0.0000000000
65006  30.826  -29.860  56.191 0.0000000000
63707  30.072  -30.102  55.448 0.0000000000
63733  29.154  -30.624  54.417 0.0000000000
65106  27.317  -29.129  52.430 0.0000000000
65105  27.561  -29.386  52.669 0.0000000000
66406  27.658  -29.011  51.897 0.0000000000
66434  27.654  -29.280  50.560 0.0000000000
65132  27.584  -29.644  49.623 0.0000000000
79706  35.529  -18.024  50.932 0.0000000000
79707  34.905  -17.909  50.513 0.0000000000
79728  33.613  -18.275  49.405 0.0000000000
79777  30.384  -19.196  47.771 0.0000000000
79776  31.273  -19.018  47.669 0.0000000000
106372  52.974  1.658  34.126 0.0000000000
82554  40.152  -16.574  48.045 0.0000000000
82562  39.397  -16.671  47.698 0.0000000000
81141  39.186  -17.315  47.745 0.0000000000
81142  38.545  -17.484  47.541 0.0000000000
81143  38.067  -17.759  47.421 0.0000000000
79772  38.049  -18.419  48.028 0.0000000000
79795  37.740  -18.077  47.462 0.0000000000
78360  36.852  -18.292  47.051 0.0000000000
78361  36.220  -18.544  47.003 0.0000000000
78362  35.365  -18.685  46.722 0.0000000000
82507  40.957  -15.836  49.860 0.0000000000
82518  41.502  -15.742  49.752 0.0000000000
82536  41.532  -15.944  49.382 0.0000000000
82553  40.672  -16.332  48.383 0.0000000000
62385  16.539  -32.056  57.285 0.0000000000
62370  16.409  -31.827  57.854 0.0000000000
61089  16.014  -33.420  58.549 0.0000000000
59964  16.010  -34.128  58.936 0.0000000000
70199  22.953  -25.661  64.164 0.0000000000
70208  23.713  -26.100  63.398 0.0000000000
71381  22.557  -25.646  63.099 0.0000000000
71389  22.312  -25.558  62.739 0.0000000000
70230  20.845  -25.437  61.540 0.0000000000
70251  19.597  -26.146  58.579 0.0000000000
70261  19.541  -26.270  57.544 0.0000000000
95100  45.556  -7.296  39.559 0.0000000000
95109  45.820  -6.575  38.452 0.0000000000
67564  20.062  -27.370  68.835 0.0000000000
91422  44.106  -10.051  46.370 0.0000000000
91424  42.015  -10.562  46.234 0.0000000000
91423  43.024  -10.340  46.304 0.0000000000
91477  43.994  -9.615  43.558 0.0000000000
91479  42.069  -10.326  43.438 0.0000000000
91511  41.090  -10.206  41.483 0.0000000000
62256  15.443  -32.011  65.978 0.0000000000
62257  15.054  -32.420  65.039 0.0000000000
60961  15.072  -33.300  64.969 0.0000000000
58775  14.926  -35.007  64.200 0.0000000000
58762  14.898  -34.831  65.228 0.0000000000
56351  14.695  -36.197  63.754 0.0000000000
55034  14.217  -36.690  63.473 0.0000000000
55052  13.728  -37.426  62.844 0.0000000000
56372  8.372  -36.955  62.686 0.0000000000
55072  8.102  -38.073  60.900 0.0000000000
53790  7.607  -39.104  60.303 0.0000000000
72607  30.533  -24.578  59.908 0.0000000000
72630  29.875  -24.737  57.727 0.0000000000
72641  29.914  -25.012  56.722 0.0000000000
71445  30.700  -26.905  55.013 0.0000000000
70291  31.219  -27.321  55.483 0.0000000000
70303  31.137  -27.471  54.546 0.0000000000
67737  32.094  -28.339  54.286 0.0000000000
67738  31.737  -28.647  53.577 0.0000000000
66249  26.213  -28.388  59.118 0.0000000000
66263  26.475  -28.935  58.653 0.0000000000
66282  26.452  -29.202  57.948 0.0000000000
66297  26.301  -29.482  57.080 0.0000000000
66298  25.727  -29.081  56.650 0.0000000000
65007  26.738  -30.115  56.663 0.0000000000
63711  27.074  -30.836  56.362 0.0000000000
63736  27.136  -30.884  55.314 0.0000000000
63735  27.932  -31.062  54.950 0.0000000000
65073  27.026  -29.943  53.710 0.0000000000
66381  26.363  -29.096  53.055 0.0000000000
66407  26.804  -28.794  52.113 0.0000000000
79692  31.831  -18.053  51.145 0.0000000000
79694  29.890  -18.558  50.841 0.0000000000
79731  30.305  -18.752  49.253 0.0000000000
79757  29.930  -19.069  48.494 0.0000000000
106359  54.007  1.686  35.227 0.0000000000
105260  53.107  1.433  34.548 0.0000000000
105272  52.048  0.284  32.834 0.0000000000
89055  37.809  -12.533  45.620 0.0000000000
87850  36.863  -13.300  45.930 0.0000000000
82574  38.576  -16.633  47.447 0.0000000000
82584  36.362  -16.748  46.046 0.0000000000
83951  36.136  -16.069  45.661 0.0000000000
85276  43.208  -14.860  49.247 0.0000000000
86524  43.892  -13.929  49.522 0.0000000000
90214  43.006  -11.629  48.537 0.0000000000
90224  41.525  -11.588  47.443 0.0000000000
89043  40.560  -11.719  46.686 0.0000000000
63505  28.501  -29.681  65.768 0.0000000000
63523  28.547  -29.834  65.076 0.0000000000
63524  28.047  -29.573  64.943 0.0000000000
63546  27.800  -29.225  64.187 0.0000000000
63565  27.812  -29.194  63.773 0.0000000000
64892  26.971  -28.611  63.646 0.0000000000
64891  27.191  -28.986  63.036 0.0000000000
66212  26.850  -28.929  62.468 0.0000000000
66226  26.687  -28.843  61.781 0.0000000000
66239  26.038  -28.186  60.220 0.0000000000
68972  24.141  -26.444  62.827 0.0000000000
67624  24.143  -26.489  62.582 0.0000000000
67635  24.509  -27.089  61.850 0.0000000000
67646  24.089  -26.709  61.496 0.0000000000
67634  24.938  -27.441  61.337 0.0000000000
67644  25.280  -27.618  60.442 0.0000000000
66240  25.761  -27.928  59.586 0.0000000000
66250  25.872  -28.030  58.774 0.0000000000
67675  25.427  -27.706  57.589 0.0000000000
69017  24.369  -26.283  57.909 0.0000000000
67685  25.028  -26.961  57.250 0.0000000000
67702  24.892  -27.078  56.389 0.0000000000
69061  23.571  -26.491  54.920 0.0000000000
70305  23.781  -26.536  54.551 0.0000000000
97655  51.408  -4.183  39.954 0.0000000000
95108  46.659  -6.125  39.154 0.0000000000
96421  47.569  -5.690  39.442 0.0000000000
97658  48.092  -5.536  39.507 0.0000000000
97671  47.930  -5.074  38.767 0.0000000000
97668  51.178  -3.756  39.186 0.0000000000
98872  51.822  -3.524  38.981 0.0000000000
98884  51.601  -3.462  37.832 0.0000000000
98894  52.152  -3.322  37.098 0.0000000000
100147  52.467  -3.201  36.193 0.0000000000
100153  52.591  -3.001  35.279 0.0000000000
66217  17.682  -28.612  62.293 0.0000000000
66204  17.732  -28.590  63.328 0.0000000000
66188  18.339  -28.382  64.707 0.0000000000
64853  18.032  -28.945  64.516 0.0000000000
64854  17.355  -29.268  64.234 0.0000000000
64855  16.581  -30.178  64.605 0.0000000000
64839  16.512  -30.500  65.347 0.0000000000
63527  16.203  -31.034  66.071 0.0000000000
64817  17.725  -28.994  67.582 0.0000000000
64809  17.810  -29.134  68.684 0.0000000000
64827  17.366  -29.865  67.038 0.0000000000
63526  16.830  -30.500  66.744 0.0000000000
62238  15.934  -31.624  66.853 0.0000000000
62222  15.949  -32.524  67.777 0.0000000000
60933  16.009  -32.603  68.008 0.0000000000
60925  15.666  -33.062  68.119 0.0000000000
62218  29.540  -30.072  66.520 0.0000000000
63491  27.406  -29.143  66.028 0.0000000000
64823  26.991  -28.856  65.869 0.0000000000
64824  26.348  -28.401  66.366 0.0000000000
64836  26.088  -28.270  65.821 0.0000000000
68942  24.426  -26.442  65.318 0.0000000000
68930  24.381  -26.635  66.276 0.0000000000
70179  23.769  -25.891  64.793 0.0000000000
70211  20.410  -25.882  64.039 0.0000000000
67626  18.664  -27.551  62.503 0.0000000000
92714  49.389  -8.498  42.789 0.0000000000
92703  47.985  -9.047  42.635 0.0000000000
92716  47.684  -8.627  42.133 0.0000000000
93918  46.649  -7.717  40.831 0.0000000000
95091  45.754  -7.527  40.173 0.0000000000
91508  44.846  -9.527  41.985 0.0000000000
92719  45.231  -9.082  41.458 0.0000000000
92721  43.478  -9.195  41.215 0.0000000000
92737  44.775  -8.626  40.897 0.0000000000
93920  45.191  -8.151  40.442 0.0000000000
93933  44.910  -7.715  39.805 0.0000000000
95110  44.891  -7.346  38.623 0.0000000000
64915  16.644  -29.752  61.249 0.0000000000
62338  15.533  -32.802  60.367 0.0000000000
59945  15.797  -34.327  59.675 0.0000000000
60982  15.036  -32.963  64.093 0.0000000000
61002  15.079  -33.187  63.334 0.0000000000
58798  15.264  -35.082  62.346 0.0000000000
59909  15.353  -34.362  62.155 0.0000000000
59920  15.573  -34.323  61.329 0.0000000000
58820  15.752  -34.931  60.814 0.0000000000
58832  15.845  -35.085  60.014 0.0000000000
56424  15.750  -37.510  58.479 0.0000000000
55098  15.044  -37.484  59.067 0.0000000000
55117  15.128  -38.057  57.946 0.0000000000
55001  13.381  -36.680  65.381 0.0000000000
55019  13.351  -36.762  64.285 0.0000000000
55036  13.414  -37.054  63.482 0.0000000000
56327  10.300  -35.569  65.023 0.0000000000
56339  11.731  -35.753  63.799 0.0000000000
56354  11.110  -35.814  62.987 0.0000000000
56353  12.110  -36.008  63.094 0.0000000000
56368  12.492  -36.536  62.731 0.0000000000
55070  12.970  -36.962  62.510 0.0000000000
55069  13.516  -37.215  62.326 0.0000000000
55101  12.935  -36.726  60.852 0.0000000000
56410  12.981  -37.180  59.462 0.0000000000
51168  3.545  -39.862  63.445 0.0000000000
51193  3.399  -40.222  62.471 0.0000000000
51170  2.491  -40.051  63.051 0.0000000000
79668  34.022  -17.685  52.486 0.0000000000
79669  33.040  -17.783  52.349 0.0000000000
78244  30.250  -18.504  53.054 0.0000000000
76914  27.434  -20.315  53.240 0.0000000000
76888  28.594  -20.761  55.680 0.0000000000
76904  27.499  -20.762  54.116 0.0000000000
76905  26.908  -21.289  53.475 0.0000000000
75519  26.943  -22.622  53.155 0.0000000000
74053  27.317  -23.421  52.604 0.0000000000
74069  28.201  -24.513  52.244 0.0000000000
72707  29.051  -25.882  51.892 0.0000000000
71506  29.388  -26.589  51.584 0.0000000000
72662  29.836  -25.561  54.599 0.0000000000
70321  30.657  -27.132  53.552 0.0000000000
71471  30.023  -26.716  53.309 0.0000000000
72693  29.555  -26.258  53.075 0.0000000000
71505  29.727  -26.980  51.806 0.0000000000
70363  29.873  -26.997  50.639 0.0000000000
69135  30.438  -27.011  50.085 0.0000000000
67842  30.330  -28.184  48.578 0.0000000000
67843  29.944  -28.828  48.254 0.0000000000
69003  31.517  -27.940  59.728 0.0000000000
62267  29.235  -30.226  64.356 0.0000000000
62282  29.947  -30.441  63.457 0.0000000000
63580  28.790  -29.718  62.801 0.0000000000
62330  30.899  -30.447  61.305 0.0000000000
63631  27.499  -29.768  59.662 0.0000000000
63615  28.460  -29.920  60.507 0.0000000000
63629  28.401  -30.297  59.519 0.0000000000
62333  29.064  -30.277  60.091 0.0000000000
62332  29.700  -30.389  60.591 0.0000000000
63596  31.505  -30.415  61.500 0.0000000000
63613  31.776  -30.216  60.722 0.0000000000
63646  30.975  -30.090  58.793 0.0000000000
63645  31.417  -29.824  59.250 0.0000000000
64970  31.765  -29.343  59.931 0.0000000000
66261  31.710  -29.052  59.590 0.0000000000
66280  31.586  -28.822  58.916 0.0000000000
67673  31.540  -28.422  58.470 0.0000000000
67674  31.738  -28.381  57.519 0.0000000000
66318  32.145  -28.997  55.733 0.0000000000
65026  31.282  -29.873  55.822 0.0000000000
66336  31.976  -29.222  54.846 0.0000000000
63757  28.752  -30.656  54.028 0.0000000000
65070  29.088  -30.267  54.018 0.0000000000
65090  28.521  -30.004  53.329 0.0000000000
66357  29.515  -29.839  53.563 0.0000000000
66454  28.916  -29.762  49.258 0.0000000000
79705  37.925  -17.914  50.410 0.0000000000
78292  37.636  -18.321  49.873 0.0000000000
78293  36.733  -18.441  49.509 0.0000000000
78273  35.904  -18.323  50.159 0.0000000000
78294  35.878  -18.330  49.186 0.0000000000
78340  35.060  -18.689  47.402 0.0000000000
78363  34.533  -18.915  46.452 0.0000000000
79709  32.749  -18.094  50.221 0.0000000000
79753  33.544  -18.615  48.275 0.0000000000
79775  32.146  -18.849  47.534 0.0000000000
79774  33.012  -18.841  47.399 0.0000000000
79773  33.531  -18.787  47.584 0.0000000000
101405  52.500  -2.466  34.808 0.0000000000
101406  52.222  -2.276  34.340 0.0000000000
101407  51.752  -2.363  33.147 0.0000000000
54986  12.128  -35.541  65.393 0.0000000000
55017  14.216  -36.428  64.726 0.0000000000
55021  12.805  -36.528  64.079 0.0000000000
55037  13.183  -36.922  63.594 0.0000000000
55053  13.317  -37.268  63.016 0.0000000000
56324  14.514  -36.127  65.799 0.0000000000
56338  12.451  -36.232  63.707 0.0000000000
56352  12.596  -36.498  63.264 0.0000000000
59870  15.139  -34.388  64.882 0.0000000000
60924  15.882  -32.710  68.491 0.0000000000
60934  15.591  -32.999  67.730 0.0000000000
61023  15.118  -33.190  62.765 0.0000000000
62255  15.873  -31.547  66.323 0.0000000000
62271  15.239  -31.845  65.057 0.0000000000
62272  15.041  -32.240  64.368 0.0000000000
62284  15.180  -32.138  63.197 0.0000000000
62285  15.087  -32.483  63.490 0.0000000000
62302  15.068  -32.854  63.058 0.0000000000
62331  30.299  -30.541  60.994 0.0000000000
62365  29.530  -30.487  58.813 0.0000000000
62379  29.918  -30.443  58.436 0.0000000000
62381  29.002  -30.625  57.915 0.0000000000
63506  27.968  -29.480  65.552 0.0000000000
63549  15.132  -31.914  63.782 0.0000000000
63564  28.167  -29.406  63.448 0.0000000000
63614  31.303  -30.363  60.794 0.0000000000
63616  28.054  -29.783  60.326 0.0000000000
63630  27.856  -29.936  59.795 0.0000000000
63756  28.991  -30.588  54.128 0.0000000000
63775  28.418  -30.415  53.741 0.0000000000
64852  26.179  -28.430  65.327 0.0000000000
64871  27.457  -28.931  63.893 0.0000000000
64872  26.939  -28.648  64.322 0.0000000000
64890  27.747  -29.287  62.681 0.0000000000
64950  27.586  -29.681  59.923 0.0000000000
64971  31.631  -29.534  59.510 0.0000000000
65051  29.709  -30.182  54.595 0.0000000000
65071  28.708  -30.295  53.722 0.0000000000
65089  28.995  -29.986  53.427 0.0000000000
66164  25.637  -27.786  66.038 0.0000000000
66166  18.892  -27.718  66.987 0.0000000000
66184  26.511  -28.473  64.536 0.0000000000
66229  24.868  -27.414  61.846 0.0000000000
66264  26.180  -28.644  58.268 0.0000000000
66380  27.836  -29.474  52.637 0.0000000000
67623  24.471  -26.805  62.786 0.0000000000
67633  25.398  -27.757  61.184 0.0000000000
67636  24.111  -26.583  62.184 0.0000000000
67660  31.565  -28.499  59.292 0.0000000000
67759  24.728  -27.908  52.860 0.0000000000
67829  30.260  -28.666  48.829 0.0000000000
68931  20.965  -26.217  67.286 0.0000000000
68963  23.735  -26.113  63.149 0.0000000000
68973  23.768  -26.212  62.669 0.0000000000
68988  24.373  -26.776  60.389 0.0000000000
70198  23.687  -26.082  63.878 0.0000000000
70209  23.261  -25.887  63.276 0.0000000000
70247  31.393  -26.762  59.633 0.0000000000
70306  23.290  -26.351  54.445 0.0000000000
70322  23.796  -26.558  54.136 0.0000000000
70352  29.770  -27.177  51.363 0.0000000000
71372  22.672  -25.665  63.612 0.0000000000
71382  22.150  -25.540  63.597 0.0000000000
78256  36.920  -17.754  51.269 0.0000000000
78271  37.204  -17.886  50.700 0.0000000000
78291  38.211  -18.275  49.698 0.0000000000
78321  33.913  -18.751  47.628 0.0000000000
78342  33.525  -18.903  47.053 0.0000000000
79712  29.655  -18.641  50.007 0.0000000000
79794  38.294  -17.907  47.573 0.0000000000
79796  32.898  -18.994  46.899 0.0000000000
79816  37.006  -17.953  46.769 0.0000000000
81129  39.145  -17.705  47.822 0.0000000000
81152  38.125  -17.068  47.302 0.0000000000
82509  39.589  -16.744  50.125 0.0000000000
82519  40.759  -16.290  49.485 0.0000000000
82520  40.281  -16.565  49.585 0.0000000000
82573  39.031  -16.267  47.525 0.0000000000
83926  41.417  -15.349  48.334 0.0000000000
83936  38.727  -15.818  47.437 0.0000000000
83950  36.676  -16.276  46.224 0.0000000000
85275  43.747  -14.512  49.671 0.0000000000
85291  41.962  -14.962  48.452 0.0000000000
85303  41.254  -15.123  48.210 0.0000000000
86553  41.449  -14.878  48.267 0.0000000000
86554  41.261  -14.749  48.182 0.0000000000
90248  41.792  -10.541  45.248 0.0000000000
90262  42.445  -10.349  44.621 0.0000000000
90294  41.610  -10.476  43.339 0.0000000000
91444  41.716  -10.627  45.798 0.0000000000
91458  42.394  -10.446  45.104 0.0000000000
93917  48.117  -7.386  41.283 0.0000000000
93929  48.253  -6.942  41.087 0.0000000000
93932  45.442  -7.686  40.155 0.0000000000
95090  46.182  -7.353  40.248 0.0000000000
95101  44.998  -7.464  39.292 0.0000000000
95107  47.107  -5.877  39.394 0.0000000000
98903  52.410  -3.274  35.827 0.0000000000
101400  52.342  -1.753  34.810 0.0000000000
102773  51.766  -1.534  33.954 0.0000000000
104067  51.768  -0.893  34.158 0.0000000000
105262  51.946  0.200  33.551 0.0000000000
107481  53.456  2.565  33.109 0.0000000000
