#!ascii label  , from subject 3001 vox2ras=TkReg
400
29810  37.442  -58.670  -2.815 0.0000000000
18846  34.597  -67.497  -11.882 0.0000000000
26007  44.416  -61.378  -5.735 0.0000000000
23633  36.417  -64.004  -7.100 0.0000000000
21288  42.543  -65.818  -10.699 0.0000000000
24860  43.436  -63.644  -8.140 0.0000000000
19964  43.588  -66.211  -6.596 0.0000000000
19993  35.685  -66.108  -9.200 0.0000000000
26072  35.752  -61.177  -8.873 0.0000000000
27294  41.916  -60.463  -4.359 0.0000000000
24816  40.490  -62.704  -6.354 0.0000000000
22403  40.315  -65.215  -8.645 0.0000000000
20053  38.595  -67.085  -10.970 0.0000000000
20112  41.197  -67.602  -13.123 0.0000000000
33872  37.415  -55.237  -1.918 0.0000000000
31152  42.711  -57.260  -3.469 0.0000000000
29825  45.543  -59.054  -3.952 0.0000000000
28579  35.445  -59.154  -6.989 0.0000000000
21174  45.016  -65.030  -5.764 0.0000000000
20035  34.904  -67.039  -10.428 0.0000000000
22450  34.631  -64.622  -10.528 0.0000000000
27293  43.176  -60.608  -4.735 0.0000000000
26034  43.001  -62.017  -6.128 0.0000000000
23683  43.421  -64.568  -9.191 0.0000000000
23671  41.745  -64.419  -8.789 0.0000000000
22447  41.410  -65.448  -9.950 0.0000000000
20011  39.074  -66.648  -9.818 0.0000000000
21291  40.918  -66.162  -11.673 0.0000000000
20116  39.215  -66.952  -13.904 0.0000000000
32536  44.338  -56.465  -3.210 0.0000000000
29804  44.141  -58.108  -3.803 0.0000000000
31148  46.507  -57.676  -3.172 0.0000000000
24819  37.491  -62.698  -6.167 0.0000000000
24797  34.599  -61.600  -6.256 0.0000000000
26091  37.885  -60.837  -9.890 0.0000000000
27344  38.145  -59.817  -8.753 0.0000000000
24810  45.670  -62.813  -6.065 0.0000000000
24812  44.012  -62.595  -6.863 0.0000000000
23624  44.942  -63.820  -6.591 0.0000000000
22401  44.267  -64.681  -7.886 0.0000000000
20010  43.296  -66.079  -8.937 0.0000000000
22407  36.522  -65.038  -8.095 0.0000000000
23635  34.531  -63.392  -7.630 0.0000000000
23655  34.376  -63.668  -8.594 0.0000000000
24874  35.586  -62.558  -9.883 0.0000000000
20099  34.152  -67.160  -13.743 0.0000000000
28543  39.349  -59.840  -3.906 0.0000000000
24792  39.064  -62.184  -5.717 0.0000000000
23608  39.011  -63.294  -6.719 0.0000000000
24842  42.508  -63.051  -7.233 0.0000000000
23629  40.785  -63.725  -7.303 0.0000000000
22383  37.900  -64.489  -7.708 0.0000000000
21204  37.702  -65.623  -8.767 0.0000000000
20033  37.131  -66.835  -10.165 0.0000000000
18844  36.107  -67.682  -11.281 0.0000000000
20073  42.249  -66.363  -12.151 0.0000000000
20097  39.722  -66.767  -13.078 0.0000000000
18881  37.823  -67.688  -13.008 0.0000000000
17625  35.357  -68.308  -12.661 0.0000000000
33874  35.573  -55.358  -2.737 0.0000000000
31133  37.424  -57.070  -2.345 0.0000000000
31130  40.217  -56.523  -2.759 0.0000000000
29808  39.845  -58.382  -3.270 0.0000000000
28518  41.747  -58.845  -3.584 0.0000000000
28539  43.885  -59.597  -4.438 0.0000000000
28563  45.570  -60.303  -4.748 0.0000000000
28560  47.635  -60.210  -4.276 0.0000000000
27320  46.907  -61.065  -5.044 0.0000000000
27347  35.371  -60.606  -8.211 0.0000000000
29789  36.908  -57.934  -2.463 0.0000000000
31157  35.153  -57.288  -3.734 0.0000000000
29811  36.385  -58.724  -2.817 0.0000000000
18829  34.870  -67.276  -10.927 0.0000000000
20036  34.552  -66.539  -10.692 0.0000000000
27309  43.979  -60.888  -5.302 0.0000000000
26009  42.757  -61.507  -5.419 0.0000000000
26008  43.582  -61.496  -5.682 0.0000000000
22473  42.821  -65.088  -9.973 0.0000000000
23701  41.929  -65.007  -9.758 0.0000000000
22475  41.836  -65.398  -10.519 0.0000000000
21262  41.286  -65.886  -10.796 0.0000000000
22499  41.946  -65.535  -11.276 0.0000000000
18935  39.932  -67.799  -15.180 0.0000000000
32535  45.440  -56.918  -3.151 0.0000000000
23610  36.949  -63.341  -6.613 0.0000000000
24821  35.454  -62.542  -6.287 0.0000000000
23611  35.937  -63.276  -6.688 0.0000000000
27355  39.304  -59.822  -9.651 0.0000000000
23605  45.420  -63.691  -5.760 0.0000000000
19973  44.028  -65.756  -6.589 0.0000000000
22372  44.501  -65.022  -6.637 0.0000000000
21183  44.047  -65.279  -7.022 0.0000000000
21200  43.505  -65.674  -8.267 0.0000000000
19974  43.387  -65.777  -7.285 0.0000000000
21186  35.664  -65.216  -8.195 0.0000000000
22386  34.882  -64.686  -7.992 0.0000000000
22408  34.635  -65.166  -8.546 0.0000000000
23672  34.987  -63.500  -10.084 0.0000000000
24891  36.211  -62.741  -10.563 0.0000000000
24889  37.736  -61.940  -10.811 0.0000000000
28542  40.295  -59.809  -3.934 0.0000000000
27296  39.770  -60.463  -4.327 0.0000000000
27295  40.789  -60.476  -4.323 0.0000000000
24818  38.522  -62.686  -6.245 0.0000000000
23607  39.994  -63.262  -6.753 0.0000000000
24840  44.075  -63.191  -7.491 0.0000000000
24841  43.232  -63.209  -7.571 0.0000000000
23626  42.934  -63.486  -7.859 0.0000000000
22402  41.165  -64.817  -8.714 0.0000000000
23653  41.462  -64.195  -8.100 0.0000000000
22381  39.963  -64.526  -7.854 0.0000000000
22382  38.931  -64.493  -7.765 0.0000000000
22404  39.346  -65.111  -8.356 0.0000000000
22405  38.329  -65.056  -8.284 0.0000000000
21203  38.788  -65.667  -8.827 0.0000000000
20031  39.164  -66.850  -10.249 0.0000000000
20012  38.598  -66.616  -9.792 0.0000000000
18825  38.040  -67.141  -10.872 0.0000000000
18827  36.500  -67.131  -10.384 0.0000000000
18842  37.947  -67.316  -11.461 0.0000000000
14340  40.539  -69.434  -10.671 0.0000000000
17646  41.241  -68.426  -12.491 0.0000000000
16496  41.532  -68.405  -11.636 0.0000000000
17645  41.640  -68.101  -11.946 0.0000000000
20094  41.656  -66.949  -12.552 0.0000000000
21312  40.976  -66.126  -12.535 0.0000000000
20096  40.408  -66.647  -13.106 0.0000000000
18898  38.515  -67.187  -14.424 0.0000000000
18880  38.455  -67.272  -13.447 0.0000000000
18899  37.743  -67.654  -13.914 0.0000000000
17647  37.025  -68.074  -13.052 0.0000000000
17648  36.098  -68.456  -13.346 0.0000000000
33873  36.307  -55.320  -2.042 0.0000000000
32522  36.869  -56.223  -2.083 0.0000000000
32521  37.983  -56.131  -2.155 0.0000000000
32538  42.321  -56.439  -3.294 0.0000000000
32539  41.375  -56.433  -2.991 0.0000000000
31153  41.690  -57.221  -3.284 0.0000000000
31154  40.477  -57.157  -2.994 0.0000000000
29807  41.099  -58.125  -3.344 0.0000000000
28519  40.695  -59.046  -3.562 0.0000000000
29806  42.129  -58.061  -3.490 0.0000000000
29803  45.124  -58.213  -3.658 0.0000000000
29827  43.589  -58.845  -3.969 0.0000000000
29826  44.550  -58.935  -4.063 0.0000000000
28538  44.992  -59.784  -4.579 0.0000000000
28537  46.004  -59.733  -4.332 0.0000000000
24759  48.135  -61.225  -3.067 0.0000000000
27303  48.035  -60.507  -4.039 0.0000000000
27305  47.301  -60.631  -4.588 0.0000000000
26073  35.068  -61.753  -8.714 0.0000000000
27348  34.719  -61.248  -7.959 0.0000000000
29895  38.314  -58.849  -8.168 0.0000000000
20015  35.211  -66.667  -9.837 0.0000000000
21225  34.392  -65.315  -9.446 0.0000000000
25993  41.211  -61.179  -4.787 0.0000000000
25992  42.154  -61.176  -4.883 0.0000000000
24815  41.468  -62.489  -6.259 0.0000000000
24888  43.357  -64.252  -8.838 0.0000000000
23669  42.898  -64.059  -8.731 0.0000000000
23685  42.354  -64.465  -9.314 0.0000000000
22426  41.441  -64.923  -9.291 0.0000000000
22427  40.966  -65.435  -9.413 0.0000000000
21220  40.240  -65.748  -9.243 0.0000000000
21240  40.722  -66.153  -10.155 0.0000000000
20030  39.965  -66.735  -10.590 0.0000000000
20052  39.420  -66.979  -11.182 0.0000000000
20114  40.432  -67.110  -13.581 0.0000000000
20132  40.090  -67.417  -14.418 0.0000000000
20134  39.126  -66.941  -14.715 0.0000000000
31151  43.727  -57.282  -3.524 0.0000000000
29805  43.079  -58.291  -3.692 0.0000000000
31150  44.755  -57.367  -3.470 0.0000000000
29802  46.053  -58.349  -3.513 0.0000000000
26017  34.620  -61.049  -5.873 0.0000000000
26036  34.505  -61.228  -6.638 0.0000000000
27358  36.878  -61.117  -9.420 0.0000000000
27346  36.472  -60.686  -8.849 0.0000000000
27356  38.528  -60.284  -9.550 0.0000000000
28621  39.664  -58.915  -9.556 0.0000000000
26031  45.610  -61.867  -6.065 0.0000000000
26032  44.709  -61.933  -6.274 0.0000000000
24811  44.824  -62.660  -6.685 0.0000000000
24839  44.600  -63.494  -7.220 0.0000000000
22379  44.577  -64.378  -7.101 0.0000000000
24871  44.157  -64.168  -8.271 0.0000000000
22425  44.089  -64.914  -8.588 0.0000000000
21238  43.657  -65.387  -9.317 0.0000000000
22384  36.915  -64.548  -7.642 0.0000000000
23634  35.419  -63.891  -7.283 0.0000000000
22387  34.399  -64.134  -8.213 0.0000000000
24861  34.775  -62.559  -9.035 0.0000000000
23673  34.526  -63.927  -9.582 0.0000000000
24875  34.935  -62.993  -9.612 0.0000000000
26093  36.231  -61.728  -9.649 0.0000000000
26092  37.325  -61.227  -9.897 0.0000000000
26113  38.322  -61.281  -10.580 0.0000000000
20077  34.322  -66.898  -12.616 0.0000000000
28521  38.998  -59.170  -3.472 0.0000000000
28522  37.987  -59.295  -3.274 0.0000000000
28544  38.416  -59.851  -3.776 0.0000000000
23609  37.986  -63.313  -6.671 0.0000000000
24843  41.686  -63.084  -6.930 0.0000000000
23652  42.172  -63.919  -8.233 0.0000000000
23606  40.577  -63.193  -6.759 0.0000000000
23630  39.531  -63.847  -7.277 0.0000000000
23631  38.475  -63.915  -7.182 0.0000000000
23632  37.444  -63.963  -7.111 0.0000000000
22406  37.287  -65.021  -8.257 0.0000000000
21224  36.664  -66.103  -9.218 0.0000000000
21222  38.218  -66.178  -9.276 0.0000000000
20013  37.613  -66.530  -9.742 0.0000000000
20014  36.439  -66.514  -9.641 0.0000000000
18811  35.955  -66.967  -10.030 0.0000000000
18828  35.494  -67.275  -10.558 0.0000000000
18845  35.280  -67.682  -11.330 0.0000000000
18823  42.915  -66.567  -9.425 0.0000000000
15410  40.862  -69.091  -11.393 0.0000000000
18840  42.527  -67.280  -10.629 0.0000000000
21289  42.176  -65.852  -11.747 0.0000000000
21290  41.568  -65.808  -11.677 0.0000000000
20074  40.327  -66.542  -12.346 0.0000000000
20075  39.436  -66.888  -12.178 0.0000000000
20098  39.010  -66.958  -12.936 0.0000000000
18861  38.404  -67.288  -12.438 0.0000000000
18862  37.245  -67.721  -12.213 0.0000000000
17624  36.247  -68.049  -12.241 0.0000000000
17603  34.890  -68.113  -12.272 0.0000000000
17626  34.714  -68.140  -12.842 0.0000000000
36699  36.047  -53.657  -4.409 0.0000000000
35301  35.469  -54.462  -3.270 0.0000000000
33885  35.411  -55.404  -3.725 0.0000000000
32523  35.944  -56.288  -2.460 0.0000000000
31134  36.433  -57.125  -2.416 0.0000000000
29788  37.872  -57.820  -2.641 0.0000000000
32518  41.050  -55.828  -2.595 0.0000000000
32520  39.065  -55.990  -2.413 0.0000000000
31131  39.619  -56.699  -2.701 0.0000000000
31155  39.286  -57.559  -2.892 0.0000000000
29809  38.564  -58.313  -2.969 0.0000000000
28520  39.830  -59.252  -3.644 0.0000000000
28541  41.366  -59.708  -3.877 0.0000000000
28540  42.719  -59.341  -3.961 0.0000000000
27292  44.315  -60.299  -4.868 0.0000000000
27308  44.946  -60.663  -5.191 0.0000000000
28562  46.386  -60.297  -4.617 0.0000000000
27307  45.874  -60.824  -5.077 0.0000000000
26005  46.058  -61.294  -5.437 0.0000000000
24822  34.596  -62.256  -6.743 0.0000000000
26054  34.491  -61.591  -7.371 0.0000000000
28595  35.709  -59.560  -7.579 0.0000000000
28608  36.643  -59.786  -8.290 0.0000000000
28594  36.713  -59.155  -7.758 0.0000000000
14357  40.467  -69.439  -11.228 0.0000000000
16483  41.726  -68.402  -11.230 0.0000000000
16497  41.227  -68.624  -11.858 0.0000000000
17601  35.694  -67.893  -11.678 0.0000000000
17602  35.274  -68.048  -11.937 0.0000000000
17621  41.803  -68.202  -11.543 0.0000000000
17622  41.454  -68.359  -11.903 0.0000000000
17623  36.836  -67.954  -12.500 0.0000000000
18808  42.909  -66.479  -8.902 0.0000000000
18810  36.284  -66.886  -10.010 0.0000000000
18826  37.461  -67.170  -10.740 0.0000000000
18841  38.784  -67.084  -11.744 0.0000000000
18843  36.989  -67.504  -11.288 0.0000000000
18860  38.872  -67.020  -12.212 0.0000000000
18863  36.640  -67.746  -11.751 0.0000000000
18864  34.332  -67.668  -13.109 0.0000000000
18878  41.654  -67.741  -12.232 0.0000000000
18879  41.306  -67.945  -12.907 0.0000000000
18914  39.320  -66.977  -15.125 0.0000000000
19990  43.087  -66.085  -8.341 0.0000000000
19992  36.157  -66.100  -9.209 0.0000000000
19994  34.942  -66.046  -9.190 0.0000000000
20016  34.534  -65.991  -9.675 0.0000000000
20032  38.101  -66.956  -10.327 0.0000000000
20034  36.683  -66.822  -10.070 0.0000000000
20050  42.675  -66.713  -10.591 0.0000000000
20051  40.338  -66.650  -11.334 0.0000000000
20071  42.696  -66.173  -10.758 0.0000000000
20072  42.421  -66.621  -11.348 0.0000000000
20076  38.916  -66.985  -12.457 0.0000000000
20095  41.067  -66.559  -13.176 0.0000000000
20113  40.916  -67.372  -13.415 0.0000000000
20115  39.931  -66.971  -13.822 0.0000000000
20133  39.666  -66.995  -14.753 0.0000000000
20154  39.849  -67.279  -15.056 0.0000000000
20155  39.671  -67.155  -15.155 0.0000000000
21175  44.624  -65.413  -6.162 0.0000000000
21184  43.624  -65.514  -7.790 0.0000000000
21185  36.113  -65.198  -8.152 0.0000000000
21199  44.021  -65.165  -7.801 0.0000000000
21201  40.111  -65.567  -8.905 0.0000000000
21202  39.712  -65.635  -8.887 0.0000000000
21205  36.403  -65.690  -8.776 0.0000000000
21206  35.191  -65.550  -8.631 0.0000000000
21207  34.549  -65.515  -8.990 0.0000000000
21218  43.975  -65.186  -8.429 0.0000000000
21219  43.665  -65.578  -8.920 0.0000000000
21221  39.400  -66.289  -9.539 0.0000000000
21223  37.173  -66.117  -9.225 0.0000000000
21237  43.930  -65.209  -8.868 0.0000000000
21239  41.176  -65.825  -10.311 0.0000000000
21241  39.860  -66.565  -10.092 0.0000000000
21261  42.713  -65.422  -10.244 0.0000000000
21263  40.914  -66.270  -11.030 0.0000000000
21287  42.974  -66.122  -10.591 0.0000000000
21310  42.163  -66.183  -12.514 0.0000000000
21311  41.704  -65.949  -12.681 0.0000000000
22380  44.363  -64.823  -7.119 0.0000000000
22385  35.953  -64.734  -7.676 0.0000000000
22400  44.467  -64.319  -7.498 0.0000000000
22409  34.344  -64.684  -8.836 0.0000000000
22428  34.365  -64.828  -9.688 0.0000000000
22445  43.986  -64.875  -9.075 0.0000000000
22446  43.604  -64.984  -9.437 0.0000000000
22448  41.087  -65.666  -9.848 0.0000000000
22472  43.255  -64.936  -9.693 0.0000000000
22474  42.137  -65.096  -9.902 0.0000000000
22497  42.442  -65.383  -10.310 0.0000000000
22498  42.142  -65.548  -10.762 0.0000000000
23612  35.114  -63.109  -6.869 0.0000000000
23625  44.716  -63.812  -7.106 0.0000000000
23627  42.628  -63.509  -7.781 0.0000000000
23628  41.898  -63.591  -7.589 0.0000000000
23649  44.640  -64.094  -7.223 0.0000000000
23650  44.405  -64.132  -7.748 0.0000000000
23651  42.834  -63.702  -8.197 0.0000000000
23654  40.769  -64.529  -8.087 0.0000000000
23667  43.993  -64.512  -8.596 0.0000000000
23668  43.724  -64.388  -8.797 0.0000000000
23670  42.322  -64.192  -8.804 0.0000000000
23682  43.776  -64.728  -9.081 0.0000000000
23684  42.943  -64.380  -9.179 0.0000000000
23686  41.838  -64.678  -9.377 0.0000000000
23689  34.889  -63.964  -10.316 0.0000000000
23698  43.058  -64.769  -9.654 0.0000000000
23699  42.810  -64.735  -9.664 0.0000000000
23700  42.329  -64.854  -9.722 0.0000000000
24742  48.101  -61.122  -2.781 0.0000000000
24743  47.771  -61.288  -2.763 0.0000000000
24796  34.972  -61.821  -5.867 0.0000000000
24817  39.519  -62.700  -6.282 0.0000000000
24820  36.445  -62.663  -6.149 0.0000000000
24838  44.963  -63.476  -6.728 0.0000000000
24844  41.009  -63.042  -6.711 0.0000000000
24845  34.467  -62.370  -7.614 0.0000000000
24858  44.236  -63.925  -8.015 0.0000000000
24859  43.981  -63.705  -8.062 0.0000000000
24862  34.473  -62.674  -8.378 0.0000000000
24872  43.829  -64.129  -8.547 0.0000000000
24873  43.411  -63.993  -8.598 0.0000000000
24876  34.516  -63.156  -9.041 0.0000000000
24887  43.536  -64.337  -8.837 0.0000000000
24890  37.181  -62.313  -10.804 0.0000000000
24892  35.408  -63.069  -10.174 0.0000000000
25987  48.289  -60.865  -3.365 0.0000000000
25990  48.067  -60.992  -3.992 0.0000000000
26003  48.013  -60.838  -4.223 0.0000000000
26006  45.306  -61.320  -5.645 0.0000000000
26029  47.001  -61.284  -5.112 0.0000000000
26033  43.838  -61.999  -6.253 0.0000000000
26035  42.259  -62.134  -5.917 0.0000000000
26074  34.510  -61.911  -8.022 0.0000000000
26094  35.275  -62.306  -9.386 0.0000000000
26114  37.239  -61.745  -10.384 0.0000000000
26115  36.702  -62.111  -10.377 0.0000000000
27291  44.843  -60.277  -4.862 0.0000000000
27304  47.722  -60.623  -4.297 0.0000000000
27306  46.707  -60.861  -4.951 0.0000000000
27310  43.401  -61.147  -5.263 0.0000000000
27319  46.959  -60.939  -4.946 0.0000000000
27334  35.171  -60.143  -7.639 0.0000000000
27335  34.733  -60.545  -7.327 0.0000000000
27345  37.495  -60.133  -8.800 0.0000000000
27357  37.441  -60.731  -9.384 0.0000000000
27375  38.892  -60.633  -10.333 0.0000000000
28517  42.426  -58.644  -3.648 0.0000000000
28535  47.475  -59.747  -4.089 0.0000000000
28559  48.030  -60.197  -4.041 0.0000000000
28561  47.010  -60.165  -4.485 0.0000000000
28564  45.093  -60.281  -4.838 0.0000000000
28580  34.992  -59.569  -6.868 0.0000000000
28596  35.084  -59.927  -7.376 0.0000000000
28606  38.736  -59.293  -8.762 0.0000000000
28607  37.670  -59.293  -8.188 0.0000000000
28609  35.994  -60.112  -8.292 0.0000000000
28622  39.119  -59.644  -9.304 0.0000000000
29787  38.404  -57.735  -2.767 0.0000000000
29790  36.042  -57.912  -2.585 0.0000000000
29824  46.463  -59.128  -3.822 0.0000000000
29828  43.137  -58.829  -3.850 0.0000000000
29894  38.835  -58.450  -8.305 0.0000000000
31132  38.547  -57.097  -2.561 0.0000000000
31149  45.671  -57.566  -3.344 0.0000000000
31156  38.688  -57.681  -2.821 0.0000000000
32534  46.029  -57.223  -3.117 0.0000000000
32540  40.660  -56.358  -2.762 0.0000000000
33871  38.545  -55.150  -2.006 0.0000000000
