#!ascii label  , from subject 4109 vox2ras=TkReg
1086
119661  -52.187  13.470  23.200 0.0000000000
129744  -39.521  26.047  24.569 0.0000000000
127606  -40.162  23.775  27.591 0.0000000000
126056  -50.510  21.436  19.688 0.0000000000
130539  -45.851  27.672  19.653 0.0000000000
130500  -45.794  27.041  23.526 0.0000000000
128348  -47.847  24.501  21.714 0.0000000000
122787  -45.665  17.701  18.871 0.0000000000
116348  -45.038  9.563  29.525 0.0000000000
119627  -48.582  13.481  28.731 0.0000000000
131849  -33.420  29.413  22.305 0.0000000000
129813  -39.557  25.959  18.953 0.0000000000
129905  -47.216  26.135  14.842 0.0000000000
122706  -47.486  17.648  26.278 0.0000000000
132370  -41.076  30.069  30.273 0.0000000000
126799  -46.494  22.823  27.197 0.0000000000
122053  -49.137  16.892  20.659 0.0000000000
121356  -46.660  15.660  16.761 0.0000000000
120522  -41.070  15.142  18.212 0.0000000000
119696  -50.831  13.007  21.391 0.0000000000
130564  -47.496  27.169  17.830 0.0000000000
131214  -48.121  28.155  20.603 0.0000000000
129093  -46.468  25.483  19.887 0.0000000000
126841  -46.103  22.649  22.100 0.0000000000
117977  -47.426  11.365  29.925 0.0000000000
119615  -45.438  12.931  29.187 0.0000000000
132911  -29.398  31.535  24.252 0.0000000000
129856  -43.005  25.832  16.951 0.0000000000
122714  -43.605  17.545  25.582 0.0000000000
125113  -44.003  20.513  25.752 0.0000000000
130457  -35.990  27.617  25.507 0.0000000000
131130  -39.827  28.502  27.061 0.0000000000
128335  -48.586  24.465  23.972 0.0000000000
129051  -46.381  24.619  25.606 0.0000000000
126826  -48.798  22.222  24.373 0.0000000000
124307  -48.664  19.535  24.131 0.0000000000
124347  -50.201  19.872  20.736 0.0000000000
122078  -49.940  16.504  17.824 0.0000000000
123630  -49.241  18.133  16.154 0.0000000000
122101  -42.924  16.568  16.290 0.0000000000
129794  -43.342  26.230  21.856 0.0000000000
131170  -43.597  27.840  24.674 0.0000000000
132441  -46.034  29.544  22.490 0.0000000000
129784  -48.253  26.479  22.792 0.0000000000
126862  -48.788  22.190  20.533 0.0000000000
124359  -48.129  19.879  18.663 0.0000000000
125159  -47.148  20.387  21.386 0.0000000000
123571  -44.853  18.595  21.357 0.0000000000
118006  -46.924  11.065  27.172 0.0000000000
118003  -49.592  12.025  27.244 0.0000000000
119644  -50.542  13.626  26.725 0.0000000000
130449  -28.693  27.567  25.138 0.0000000000
130494  -31.601  27.673  23.777 0.0000000000
129758  -35.676  26.533  23.129 0.0000000000
129071  -39.080  25.496  21.903 0.0000000000
129816  -42.917  25.906  19.650 0.0000000000
130583  -46.240  27.134  17.516 0.0000000000
129860  -48.552  25.886  16.069 0.0000000000
127731  -49.602  23.956  14.719 0.0000000000
120429  -44.667  13.935  26.167 0.0000000000
121211  -47.891  15.508  26.579 0.0000000000
121224  -49.599  15.407  25.909 0.0000000000
129677  -40.351  26.728  29.406 0.0000000000
130439  -44.091  27.726  26.349 0.0000000000
129018  -43.388  25.453  27.949 0.0000000000
127620  -43.205  23.463  27.039 0.0000000000
125102  -46.644  20.700  26.504 0.0000000000
122023  -48.570  16.968  24.681 0.0000000000
121265  -50.959  14.643  22.026 0.0000000000
120527  -49.859  14.678  19.510 0.0000000000
120512  -47.324  14.696  19.587 0.0000000000
120489  -44.476  14.322  20.146 0.0000000000
122853  -46.136  16.984  16.103 0.0000000000
121314  -43.657  15.287  17.857 0.0000000000
119686  -42.008  13.488  20.288 0.0000000000
118841  -51.492  12.322  24.073 0.0000000000
118860  -52.097  12.601  22.517 0.0000000000
119677  -52.055  13.403  22.101 0.0000000000
129831  -47.360  26.311  18.259 0.0000000000
129819  -47.538  26.549  19.243 0.0000000000
129100  -46.383  25.367  19.129 0.0000000000
128354  -45.987  24.819  20.442 0.0000000000
126806  -41.678  22.683  26.255 0.0000000000
130481  -38.069  26.924  25.195 0.0000000000
126844  -49.684  21.930  21.221 0.0000000000
127627  -48.589  23.337  24.367 0.0000000000
125990  -49.685  21.421  21.942 0.0000000000
125129  -49.366  20.632  22.431 0.0000000000
125174  -50.567  20.704  19.863 0.0000000000
123612  -50.357  18.736  17.382 0.0000000000
125197  -49.980  20.423  17.957 0.0000000000
130532  -44.917  27.524  21.047 0.0000000000
130523  -44.906  27.903  22.015 0.0000000000
131203  -46.206  28.252  21.317 0.0000000000
129095  -47.649  26.061  20.985 0.0000000000
130526  -48.195  27.683  21.595 0.0000000000
129085  -48.107  25.573  21.660 0.0000000000
129075  -48.702  24.801  22.377 0.0000000000
127648  -48.367  23.252  21.709 0.0000000000
126034  -48.303  21.562  20.373 0.0000000000
126006  -47.634  22.234  21.633 0.0000000000
125157  -45.195  20.458  21.886 0.0000000000
118823  -47.713  12.478  29.499 0.0000000000
117993  -48.645  11.758  29.198 0.0000000000
118825  -49.020  12.625  29.002 0.0000000000
118833  -50.205  12.465  26.977 0.0000000000
119629  -49.924  13.756  28.385 0.0000000000
132422  -31.510  30.206  22.838 0.0000000000
131840  -30.158  29.478  23.350 0.0000000000
131183  -32.578  28.017  22.917 0.0000000000
129756  -33.898  26.781  23.687 0.0000000000
130497  -34.166  27.304  22.771 0.0000000000
129089  -38.005  26.063  20.096 0.0000000000
129790  -37.153  26.123  21.299 0.0000000000
129091  -39.508  25.611  20.439 0.0000000000
129803  -42.041  25.667  20.484 0.0000000000
129815  -41.751  25.750  19.470 0.0000000000
129877  -44.822  25.851  15.977 0.0000000000
129858  -45.949  26.801  16.916 0.0000000000
129879  -46.872  26.616  15.671 0.0000000000
130608  -47.569  26.852  16.268 0.0000000000
129880  -48.065  26.504  15.519 0.0000000000
129131  -49.070  24.973  15.148 0.0000000000
129152  -48.271  25.445  14.768 0.0000000000
122709  -38.843  16.973  25.879 0.0000000000
121216  -39.755  15.552  26.496 0.0000000000
121218  -41.287  15.364  25.593 0.0000000000
120428  -43.494  13.926  26.315 0.0000000000
121220  -43.017  15.577  25.315 0.0000000000
123514  -45.442  17.926  25.778 0.0000000000
121991  -45.780  16.352  25.941 0.0000000000
121993  -47.686  16.585  26.189 0.0000000000
121213  -48.993  15.702  26.696 0.0000000000
121995  -48.573  16.164  26.148 0.0000000000
132368  -39.313  29.769  30.199 0.0000000000
131084  -39.092  28.546  30.378 0.0000000000
130380  -41.006  28.365  30.493 0.0000000000
131172  -44.678  27.998  24.483 0.0000000000
131133  -43.241  28.612  26.098 0.0000000000
130464  -44.453  27.630  25.107 0.0000000000
128322  -46.699  23.798  26.770 0.0000000000
128319  -44.716  24.813  26.860 0.0000000000
127611  -45.040  23.780  27.660 0.0000000000
127595  -43.551  24.326  27.929 0.0000000000
126797  -44.926  23.179  27.453 0.0000000000
125964  -45.310  21.957  26.583 0.0000000000
125966  -46.851  21.526  26.842 0.0000000000
122742  -48.699  18.132  22.691 0.0000000000
123538  -48.580  18.616  24.678 0.0000000000
122036  -48.361  17.081  22.992 0.0000000000
121252  -48.854  15.663  23.657 0.0000000000
121275  -49.392  15.668  21.509 0.0000000000
121277  -50.561  14.657  21.775 0.0000000000
122054  -49.476  16.359  20.174 0.0000000000
121340  -48.346  15.790  17.220 0.0000000000
121319  -48.737  15.219  18.284 0.0000000000
121318  -47.635  15.330  17.994 0.0000000000
120511  -46.242  14.787  19.561 0.0000000000
121316  -45.640  15.560  17.956 0.0000000000
123599  -46.991  17.974  18.668 0.0000000000
122824  -47.444  17.660  17.390 0.0000000000
122822  -45.282  17.289  17.252 0.0000000000
121333  -41.518  15.791  17.223 0.0000000000
121352  -43.363  15.867  16.429 0.0000000000
121313  -42.498  15.100  18.039 0.0000000000
121292  -43.028  15.050  18.559 0.0000000000
120506  -41.461  14.657  19.083 0.0000000000
119685  -41.037  13.390  20.151 0.0000000000
118023  -49.775  11.528  24.424 0.0000000000
118892  -49.763  12.318  21.389 0.0000000000
131229  -47.293  28.186  18.754 0.0000000000
131212  -46.857  28.525  20.258 0.0000000000
130549  -47.744  27.785  18.906 0.0000000000
129807  -47.710  26.669  19.903 0.0000000000
129084  -47.386  25.445  21.238 0.0000000000
127637  -46.676  23.191  22.112 0.0000000000
128346  -46.074  24.362  21.243 0.0000000000
117118  -46.270  10.399  30.280 0.0000000000
117955  -45.574  11.573  30.649 0.0000000000
119625  -46.786  13.213  28.676 0.0000000000
132919  -32.632  31.493  23.128 0.0000000000
129827  -41.469  25.876  18.495 0.0000000000
129149  -45.601  25.131  14.851 0.0000000000
128390  -46.956  24.868  14.087 0.0000000000
122713  -42.527  17.384  25.446 0.0000000000
123525  -43.738  18.556  25.696 0.0000000000
123527  -45.587  19.345  25.912 0.0000000000
131801  -40.537  29.804  28.339 0.0000000000
129066  -47.799  25.957  23.948 0.0000000000
129056  -46.232  25.376  24.387 0.0000000000
128331  -48.022  24.242  24.796 0.0000000000
127625  -47.991  23.326  25.332 0.0000000000
126811  -47.648  22.549  26.439 0.0000000000
125968  -48.196  21.293  25.983 0.0000000000
125119  -48.788  20.483  24.164 0.0000000000
124329  -49.428  19.778  22.003 0.0000000000
123588  -49.625  18.523  20.634 0.0000000000
122061  -49.953  16.405  19.194 0.0000000000
122806  -50.035  17.623  18.615 0.0000000000
122843  -49.862  17.321  16.585 0.0000000000
122107  -48.580  16.905  16.132 0.0000000000
122072  -43.668  17.156  16.887 0.0000000000
128280  -38.162  25.129  28.732 0.0000000000
129763  -41.530  25.931  23.588 0.0000000000
129746  -41.931  26.582  24.634 0.0000000000
130512  -43.658  27.380  23.517 0.0000000000
131184  -44.621  27.979  23.426 0.0000000000
131844  -46.060  29.272  23.273 0.0000000000
131204  -46.942  28.522  21.240 0.0000000000
130516  -47.654  27.671  22.444 0.0000000000
130502  -47.420  27.077  23.076 0.0000000000
129067  -48.377  25.587  23.723 0.0000000000
128341  -48.954  24.347  22.715 0.0000000000
126863  -49.697  22.111  20.451 0.0000000000
126080  -49.296  21.231  17.969 0.0000000000
126055  -48.502  21.265  19.594 0.0000000000
125172  -47.953  20.378  19.720 0.0000000000
124351  -47.069  18.946  20.656 0.0000000000
126032  -46.882  21.262  21.872 0.0000000000
124344  -46.548  19.318  21.301 0.0000000000
117136  -47.366  10.973  28.620 0.0000000000
118007  -47.876  11.355  26.898 0.0000000000
118015  -48.853  11.561  25.628 0.0000000000
118009  -49.806  12.031  26.250 0.0000000000
118837  -50.709  12.484  25.440 0.0000000000
119647  -51.401  13.566  25.080 0.0000000000
129729  -30.070  26.995  25.612 0.0000000000
131169  -30.208  27.978  24.305 0.0000000000
130453  -32.073  27.382  25.129 0.0000000000
130455  -33.850  27.277  25.315 0.0000000000
130478  -35.517  26.993  24.758 0.0000000000
129760  -37.777  26.007  23.575 0.0000000000
131193  -34.723  28.663  22.043 0.0000000000
129776  -36.327  26.358  22.202 0.0000000000
129777  -37.389  25.965  22.461 0.0000000000
129762  -40.189  25.680  23.366 0.0000000000
129780  -41.088  25.653  22.365 0.0000000000
129804  -43.178  25.982  20.723 0.0000000000
129818  -44.647  27.000  19.988 0.0000000000
129828  -42.634  25.931  18.657 0.0000000000
129841  -44.987  26.676  17.959 0.0000000000
131227  -46.511  27.708  18.389 0.0000000000
131269  -47.068  27.739  17.762 0.0000000000
129844  -47.754  26.272  17.311 0.0000000000
128372  -48.430  24.445  16.449 0.0000000000
127705  -48.893  23.848  15.880 0.0000000000
128391  -47.762  24.766  14.353 0.0000000000
119633  -45.100  13.078  27.860 0.0000000000
119635  -47.197  13.605  27.866 0.0000000000
121221  -44.214  15.635  25.305 0.0000000000
120431  -46.938  14.423  26.888 0.0000000000
120421  -48.619  14.344  27.849 0.0000000000
120423  -49.756  14.465  27.816 0.0000000000
120434  -50.551  14.077  26.236 0.0000000000
120450  -51.247  14.343  24.606 0.0000000000
128295  -39.860  24.767  28.672 0.0000000000
130438  -41.222  27.840  26.278 0.0000000000
131825  -42.306  28.957  27.019 0.0000000000
131803  -42.474  29.496  28.400 0.0000000000
129043  -43.787  26.068  26.000 0.0000000000
129709  -43.309  26.670  27.394 0.0000000000
130397  -42.279  27.856  29.272 0.0000000000
128999  -41.712  25.843  29.226 0.0000000000
128297  -41.589  24.913  28.598 0.0000000000
127619  -42.113  23.565  26.867 0.0000000000
125962  -43.428  21.952  26.379 0.0000000000
125114  -44.897  20.735  25.976 0.0000000000
123517  -47.525  18.633  26.495 0.0000000000
124287  -48.321  19.486  26.036 0.0000000000
123518  -48.039  18.614  26.168 0.0000000000
122707  -47.848  17.677  26.098 0.0000000000
121231  -48.774  16.377  25.353 0.0000000000
121243  -49.896  15.177  24.143 0.0000000000
121245  -51.473  14.525  23.104 0.0000000000
121278  -51.333  14.388  21.922 0.0000000000
120494  -50.289  13.945  21.145 0.0000000000
119703  -49.540  13.920  20.385 0.0000000000
121321  -50.041  15.296  19.020 0.0000000000
120513  -48.670  14.492  19.539 0.0000000000
120493  -48.264  14.037  20.425 0.0000000000
120491  -46.533  14.184  20.232 0.0000000000
119689  -44.785  13.487  20.523 0.0000000000
123611  -48.410  18.782  17.315 0.0000000000
122841  -47.800  17.523  16.669 0.0000000000
122105  -46.250  16.307  16.170 0.0000000000
122103  -44.011  16.685  16.161 0.0000000000
121367  -45.121  16.074  16.373 0.0000000000
121337  -45.381  15.631  17.174 0.0000000000
121293  -43.941  15.110  18.627 0.0000000000
120488  -43.518  14.307  20.021 0.0000000000
118842  -51.840  12.909  24.126 0.0000000000
118851  -52.017  12.404  23.345 0.0000000000
119668  -52.309  12.981  22.882 0.0000000000
118861  -52.135  13.130  22.268 0.0000000000
119669  -52.241  13.522  22.458 0.0000000000
129104  -47.121  25.581  18.009 0.0000000000
129101  -46.920  25.920  19.038 0.0000000000
129103  -46.658  25.364  18.572 0.0000000000
126805  -40.411  22.239  26.163 0.0000000000
127618  -40.908  23.346  26.876 0.0000000000
129731  -39.057  26.706  25.273 0.0000000000
130459  -38.343  27.311  25.694 0.0000000000
129732  -40.115  26.414  25.410 0.0000000000
126834  -49.438  22.307  22.493 0.0000000000
126845  -50.080  21.570  20.615 0.0000000000
125142  -50.064  21.023  21.029 0.0000000000
126035  -50.390  21.321  20.348 0.0000000000
125186  -50.405  20.760  19.025 0.0000000000
125198  -50.227  20.880  18.392 0.0000000000
130538  -45.172  27.427  20.181 0.0000000000
130524  -45.492  27.918  21.468 0.0000000000
130533  -45.702  27.772  20.607 0.0000000000
126861  -47.977  22.594  21.516 0.0000000000
127647  -47.401  23.525  21.944 0.0000000000
116349  -45.852  9.843  29.591 0.0000000000
119618  -48.077  12.933  29.077 0.0000000000
118824  -48.299  12.373  29.324 0.0000000000
119619  -48.688  12.976  28.968 0.0000000000
118827  -49.657  12.861  28.482 0.0000000000
119628  -49.226  13.484  28.725 0.0000000000
132423  -32.203  30.145  22.645 0.0000000000
131847  -31.890  29.391  22.684 0.0000000000
131848  -32.588  29.429  22.462 0.0000000000
130509  -33.681  27.846  22.672 0.0000000000
131192  -33.919  28.600  22.319 0.0000000000
129812  -38.453  26.204  19.065 0.0000000000
129097  -39.059  25.909  19.416 0.0000000000
129090  -38.672  25.842  20.005 0.0000000000
129098  -39.588  25.780  19.700 0.0000000000
129099  -40.145  25.661  20.093 0.0000000000
129814  -40.551  25.784  19.319 0.0000000000
129130  -46.016  25.770  15.413 0.0000000000
129878  -45.564  26.131  16.045 0.0000000000
129906  -47.828  26.200  14.946 0.0000000000
129907  -48.612  26.074  15.026 0.0000000000
129151  -47.491  25.562  14.560 0.0000000000
123513  -38.309  17.871  25.936 0.0000000000
122710  -39.726  16.952  25.619 0.0000000000
121998  -39.511  16.105  25.995 0.0000000000
121999  -40.429  16.124  25.588 0.0000000000
121219  -42.062  15.657  25.442 0.0000000000
122705  -46.893  17.563  26.326 0.0000000000
122704  -46.107  17.361  26.018 0.0000000000
121994  -48.127  16.539  26.129 0.0000000000
132378  -39.614  30.047  29.598 0.0000000000
132369  -40.251  29.828  30.153 0.0000000000
131781  -39.959  29.340  30.438 0.0000000000
131782  -40.812  29.539  30.662 0.0000000000
131173  -45.153  27.838  24.174 0.0000000000
130485  -44.809  27.487  24.439 0.0000000000
127613  -46.658  23.308  27.083 0.0000000000
128313  -45.747  23.937  27.197 0.0000000000
127612  -45.978  23.407  27.206 0.0000000000
126798  -45.749  23.031  27.272 0.0000000000
125947  -46.349  22.317  27.105 0.0000000000
125948  -47.001  22.191  27.159 0.0000000000
122755  -48.797  17.851  21.946 0.0000000000
122754  -48.513  17.570  22.629 0.0000000000
122044  -48.857  16.650  21.397 0.0000000000
121263  -48.903  15.660  22.332 0.0000000000
122045  -49.402  16.153  20.939 0.0000000000
122076  -47.597  15.900  16.822 0.0000000000
121317  -46.614  15.382  17.938 0.0000000000
121338  -46.275  15.544  17.184 0.0000000000
123593  -46.500  18.024  19.320 0.0000000000
122804  -46.108  17.677  18.181 0.0000000000
121312  -41.594  15.299  17.731 0.0000000000
121334  -42.476  15.664  17.111 0.0000000000
120523  -41.506  14.946  18.386 0.0000000000
120524  -41.943  14.805  18.578 0.0000000000
120485  -40.746  14.208  19.792 0.0000000000
120505  -40.549  14.939  18.960 0.0000000000
118024  -50.485  11.662  24.118 0.0000000000
118893  -50.440  12.142  21.340 0.0000000000
130548  -47.496  27.975  18.596 0.0000000000
131230  -47.588  28.225  19.235 0.0000000000
129094  -47.252  26.105  20.236 0.0000000000
129083  -46.629  25.237  20.831 0.0000000000
128353  -45.635  24.155  20.871 0.0000000000
118784  -45.255  12.390  30.431 0.0000000000
119616  -46.351  12.935  29.307 0.0000000000
133465  -32.323  31.776  23.502 0.0000000000
129128  -44.165  25.412  15.725 0.0000000000
129148  -44.612  24.947  14.942 0.0000000000
128387  -43.973  24.361  14.314 0.0000000000
125977  -42.108  20.979  25.849 0.0000000000
124294  -42.862  19.333  25.476 0.0000000000
124295  -43.896  19.550  25.675 0.0000000000
123526  -44.905  18.784  25.763 0.0000000000
124296  -44.913  19.842  25.871 0.0000000000
130456  -34.914  27.486  25.447 0.0000000000
131110  -40.607  29.014  27.325 0.0000000000
129058  -48.181  24.930  24.333 0.0000000000
129057  -47.368  25.182  24.535 0.0000000000
127628  -48.929  22.805  23.880 0.0000000000
126819  -47.873  22.878  25.835 0.0000000000
126820  -48.273  22.344  25.497 0.0000000000
125981  -48.642  21.167  24.960 0.0000000000
125986  -48.984  21.370  23.899 0.0000000000
125161  -50.093  20.323  21.014 0.0000000000
124346  -49.877  19.829  21.250 0.0000000000
123573  -49.474  18.840  21.469 0.0000000000
123589  -50.090  19.100  20.318 0.0000000000
123595  -49.751  18.340  20.004 0.0000000000
123596  -50.110  18.729  19.444 0.0000000000
123623  -50.174  18.711  16.534 0.0000000000
122844  -50.241  17.899  16.700 0.0000000000
122857  -49.616  17.612  16.256 0.0000000000
122108  -49.167  17.134  16.122 0.0000000000
122856  -48.919  17.506  16.080 0.0000000000
129781  -42.439  25.977  22.711 0.0000000000
129764  -42.576  26.521  23.700 0.0000000000
129782  -43.433  26.866  22.920 0.0000000000
131202  -45.545  28.474  22.143 0.0000000000
131196  -45.086  28.440  22.803 0.0000000000
131852  -45.344  29.390  23.105 0.0000000000
131843  -45.664  29.371  23.553 0.0000000000
132420  -46.144  30.041  23.358 0.0000000000
131213  -47.530  28.467  20.449 0.0000000000
130517  -48.151  27.313  22.266 0.0000000000
130525  -48.040  27.919  21.988 0.0000000000
130515  -46.999  27.693  22.731 0.0000000000
130503  -47.961  27.068  22.850 0.0000000000
129769  -47.939  26.501  23.451 0.0000000000
128349  -48.591  24.198  22.068 0.0000000000
127649  -49.069  22.709  21.432 0.0000000000
126884  -49.183  21.937  19.343 0.0000000000
126033  -47.782  21.540  21.145 0.0000000000
126054  -48.043  21.060  20.291 0.0000000000
125160  -47.687  20.390  20.638 0.0000000000
124352  -47.542  19.398  20.080 0.0000000000
126842  -46.887  22.600  22.195 0.0000000000
126004  -46.609  21.992  22.124 0.0000000000
124343  -45.529  19.451  21.657 0.0000000000
117976  -46.869  11.027  30.312 0.0000000000
117131  -47.128  10.815  29.421 0.0000000000
117997  -48.821  11.542  28.458 0.0000000000
118002  -48.810  11.558  27.566 0.0000000000
118008  -48.835  11.654  26.603 0.0000000000
118016  -49.736  11.740  25.288 0.0000000000
118831  -50.441  13.080  27.270 0.0000000000
118834  -50.639  12.797  26.115 0.0000000000
118835  -51.072  13.138  25.535 0.0000000000
119645  -50.794  13.525  25.848 0.0000000000
129726  -27.668  26.801  25.925 0.0000000000
129719  -28.093  26.219  26.095 0.0000000000
129727  -28.413  26.883  25.711 0.0000000000
129728  -29.292  26.949  25.636 0.0000000000
130450  -29.641  27.452  25.205 0.0000000000
132907  -28.370  31.518  25.194 0.0000000000
132414  -28.716  30.232  24.055 0.0000000000
131181  -30.583  28.306  23.706 0.0000000000
130493  -31.031  27.654  24.082 0.0000000000
130473  -30.725  27.665  24.581 0.0000000000
130474  -31.510  27.502  24.547 0.0000000000
130454  -32.857  27.250  25.149 0.0000000000
130475  -32.280  27.219  24.354 0.0000000000
129757  -34.538  26.770  23.146 0.0000000000
129740  -35.074  26.466  23.960 0.0000000000
129741  -36.128  26.595  24.066 0.0000000000
129742  -37.181  26.561  24.291 0.0000000000
129759  -36.746  26.327  23.289 0.0000000000
129775  -35.306  27.130  22.209 0.0000000000
129788  -35.573  27.619  21.449 0.0000000000
129791  -38.120  25.752  21.670 0.0000000000
129778  -38.433  25.710  22.681 0.0000000000
129062  -39.438  25.553  22.744 0.0000000000
129779  -40.339  25.552  22.631 0.0000000000
129073  -40.712  25.530  21.727 0.0000000000
129817  -43.889  26.486  19.866 0.0000000000
129839  -42.291  25.879  17.745 0.0000000000
129840  -43.518  26.178  17.796 0.0000000000
129842  -45.889  26.901  17.640 0.0000000000
130560  -45.467  27.007  18.684 0.0000000000
130562  -46.526  27.442  17.754 0.0000000000
131246  -46.818  27.713  17.905 0.0000000000
131268  -46.949  27.670  17.556 0.0000000000
130609  -48.236  26.536  15.954 0.0000000000
130586  -47.752  26.692  16.711 0.0000000000
129108  -48.290  25.352  16.738 0.0000000000
129116  -48.682  25.061  16.157 0.0000000000
128381  -49.632  24.526  15.074 0.0000000000
127706  -49.182  24.108  15.620 0.0000000000
127719  -49.454  23.953  15.226 0.0000000000
127718  -48.571  23.129  15.236 0.0000000000
127730  -49.025  23.712  14.808 0.0000000000
119631  -42.991  13.705  27.773 0.0000000000
119640  -44.353  13.318  26.999 0.0000000000
119641  -45.492  13.383  26.975 0.0000000000
119634  -46.184  13.234  27.887 0.0000000000
119642  -46.488  13.724  27.182 0.0000000000
122002  -43.397  16.541  25.362 0.0000000000
122003  -44.768  16.652  25.570 0.0000000000
121210  -46.958  15.459  26.322 0.0000000000
120432  -47.639  14.847  26.926 0.0000000000
121202  -48.212  14.741  27.258 0.0000000000
120422  -49.141  14.478  27.921 0.0000000000
121203  -48.649  14.942  27.269 0.0000000000
121214  -49.631  15.197  26.537 0.0000000000
121205  -49.541  14.957  27.121 0.0000000000
120442  -50.206  14.710  25.959 0.0000000000
120443  -50.867  14.135  25.524 0.0000000000
120449  -50.571  14.595  25.172 0.0000000000
130394  -39.908  27.647  29.837 0.0000000000
128996  -39.053  25.683  29.036 0.0000000000
130482  -42.488  27.271  24.883 0.0000000000
130462  -41.854  27.495  25.516 0.0000000000
131155  -42.442  28.085  25.527 0.0000000000
131134  -43.811  28.377  26.420 0.0000000000
131826  -42.810  28.787  26.739 0.0000000000
131816  -43.144  28.719  27.013 0.0000000000
131815  -42.603  29.048  27.397 0.0000000000
131804  -42.908  28.859  27.673 0.0000000000
129050  -45.303  25.097  25.292 0.0000000000
129049  -44.316  25.986  25.158 0.0000000000
129019  -44.052  24.839  27.762 0.0000000000
129033  -43.726  25.807  26.923 0.0000000000
129693  -42.851  26.681  28.288 0.0000000000
130407  -42.743  27.752  28.617 0.0000000000
129680  -42.634  26.410  28.802 0.0000000000
129679  -42.082  26.779  29.164 0.0000000000
129000  -42.584  25.693  28.725 0.0000000000
127609  -43.479  23.882  27.643 0.0000000000
128298  -42.632  24.928  28.259 0.0000000000
127608  -42.624  24.155  27.421 0.0000000000
127607  -41.451  24.322  27.788 0.0000000000
126807  -42.783  22.719  26.554 0.0000000000
126808  -43.782  22.707  26.791 0.0000000000
125980  -44.923  21.439  26.227 0.0000000000
125101  -45.737  20.952  26.285 0.0000000000
124284  -46.229  19.729  26.227 0.0000000000
124285  -47.085  19.620  26.652 0.0000000000
125115  -48.702  20.175  24.863 0.0000000000
125104  -48.026  20.456  26.406 0.0000000000
124298  -48.595  19.442  25.198 0.0000000000
122733  -48.541  17.769  24.230 0.0000000000
123528  -48.403  18.603  25.528 0.0000000000
122725  -48.487  17.748  25.072 0.0000000000
122716  -48.185  17.712  25.701 0.0000000000
122014  -48.552  16.738  25.428 0.0000000000
121241  -48.812  16.378  25.034 0.0000000000
121253  -49.909  15.036  23.091 0.0000000000
121254  -50.938  14.673  22.697 0.0000000000
121244  -50.854  14.723  23.703 0.0000000000
121256  -52.398  14.709  22.129 0.0000000000
121266  -51.766  14.623  22.084 0.0000000000
121298  -50.022  15.228  20.405 0.0000000000
121299  -50.425  14.501  21.395 0.0000000000
120515  -49.972  14.366  20.487 0.0000000000
119704  -49.809  13.785  20.756 0.0000000000
121342  -49.917  15.631  18.061 0.0000000000
121297  -47.888  15.016  18.841 0.0000000000
120525  -49.224  14.874  18.744 0.0000000000
120492  -47.581  14.177  20.339 0.0000000000
119691  -46.821  13.406  20.718 0.0000000000
120510  -45.204  14.941  19.589 0.0000000000
120490  -45.493  14.243  20.177 0.0000000000
119688  -43.849  13.502  20.343 0.0000000000
125185  -48.451  20.565  18.745 0.0000000000
125196  -48.810  20.632  17.966 0.0000000000
124368  -48.421  19.697  18.047 0.0000000000
122840  -46.722  17.365  16.595 0.0000000000
122854  -47.081  17.083  16.149 0.0000000000
122837  -43.426  17.046  16.286 0.0000000000
122102  -43.326  16.645  15.966 0.0000000000
121335  -43.444  15.573  17.130 0.0000000000
121366  -44.202  16.176  16.238 0.0000000000
121353  -44.284  15.812  16.544 0.0000000000
121354  -45.165  15.822  16.627 0.0000000000
121336  -44.426  15.599  17.147 0.0000000000
121315  -44.642  15.488  17.903 0.0000000000
120487  -42.600  14.264  19.868 0.0000000000
120508  -43.245  14.817  19.311 0.0000000000
119687  -42.953  13.497  20.267 0.0000000000
118018  -51.006  12.120  24.413 0.0000000000
118850  -51.555  11.962  23.607 0.0000000000
118063  -51.535  11.635  22.105 0.0000000000
129832  -47.671  26.936  18.506 0.0000000000
128358  -45.896  24.995  19.570 0.0000000000
126818  -41.374  21.763  25.824 0.0000000000
125961  -42.422  21.874  26.135 0.0000000000
130458  -37.066  27.490  25.662 0.0000000000
130437  -40.264  27.756  26.489 0.0000000000
127632  -49.109  23.333  23.287 0.0000000000
127631  -48.774  23.852  23.727 0.0000000000
126827  -49.156  22.269  23.491 0.0000000000
125987  -49.278  21.456  22.925 0.0000000000
125162  -50.286  20.702  20.677 0.0000000000
124353  -50.438  19.834  20.076 0.0000000000
124360  -50.301  19.805  19.187 0.0000000000
124370  -50.040  19.834  18.162 0.0000000000
124390  -49.386  19.292  16.858 0.0000000000
130531  -44.444  27.373  21.674 0.0000000000
129795  -44.001  26.963  22.071 0.0000000000
131860  -45.911  28.999  22.352 0.0000000000
129808  -47.858  26.762  20.651 0.0000000000
130534  -48.174  27.551  20.970 0.0000000000
129796  -48.200  26.729  21.787 0.0000000000
129074  -48.555  25.456  22.559 0.0000000000
129086  -48.557  25.043  22.160 0.0000000000
126031  -45.868  21.496  22.012 0.0000000000
117142  -46.704  10.702  27.786 0.0000000000
118805  -47.738  12.016  29.682 0.0000000000
117978  -47.980  11.753  29.470 0.0000000000
117994  -49.270  12.109  28.775 0.0000000000
117998  -49.473  12.052  28.108 0.0000000000
118830  -49.991  12.617  27.735 0.0000000000
118828  -50.165  13.244  27.994 0.0000000000
119637  -50.326  13.824  27.640 0.0000000000
131145  -27.588  28.466  25.538 0.0000000000
132917  -30.306  31.030  23.654 0.0000000000
132416  -29.912  30.341  23.474 0.0000000000
132417  -30.711  30.300  23.174 0.0000000000
131841  -31.069  29.314  23.008 0.0000000000
131182  -31.897  28.406  23.012 0.0000000000
130495  -32.604  27.534  23.451 0.0000000000
130508  -33.041  27.766  22.895 0.0000000000
130496  -33.602  27.209  23.243 0.0000000000
129800  -37.361  26.549  19.974 0.0000000000
129079  -37.974  25.883  20.657 0.0000000000
129080  -38.816  25.570  20.977 0.0000000000
129081  -39.684  25.427  21.206 0.0000000000
129082  -40.463  25.489  21.210 0.0000000000
129802  -40.900  25.636  20.350 0.0000000000
129857  -44.415  26.142  16.676 0.0000000000
129859  -46.687  27.100  16.566 0.0000000000
130607  -47.038  27.249  16.538 0.0000000000
129881  -48.620  26.165  15.473 0.0000000000
129861  -48.830  25.435  15.501 0.0000000000
129908  -48.907  26.204  15.002 0.0000000000
129153  -49.011  25.237  15.006 0.0000000000
128393  -49.392  24.472  14.816 0.0000000000
123512  -37.428  18.028  26.420 0.0000000000
122702  -38.008  17.034  26.315 0.0000000000
121997  -38.770  16.487  26.356 0.0000000000
120427  -42.380  13.964  26.785 0.0000000000
120438  -42.450  14.721  25.731 0.0000000000
120439  -43.790  14.682  25.582 0.0000000000
122715  -44.617  17.775  25.744 0.0000000000
121990  -45.314  16.747  25.741 0.0000000000
122703  -45.346  17.155  25.787 0.0000000000
121992  -46.935  16.506  26.179 0.0000000000
121212  -48.482  15.676  26.632 0.0000000000
121223  -49.130  15.852  26.177 0.0000000000
131780  -38.972  29.304  30.584 0.0000000000
130379  -40.254  28.280  30.367 0.0000000000
130395  -40.716  27.658  29.906 0.0000000000
131171  -44.184  27.937  24.388 0.0000000000
131156  -43.187  28.140  25.273 0.0000000000
131157  -43.936  28.287  25.389 0.0000000000
131158  -44.313  28.102  25.588 0.0000000000
131135  -44.291  28.078  26.105 0.0000000000
128325  -46.486  24.151  26.416 0.0000000000
129045  -45.517  24.640  26.317 0.0000000000
129035  -45.616  24.300  26.951 0.0000000000
128311  -44.474  24.529  27.601 0.0000000000
128300  -44.133  24.524  27.913 0.0000000000
129017  -43.067  25.153  28.350 0.0000000000
127596  -44.208  24.178  28.005 0.0000000000
127610  -44.237  23.721  27.835 0.0000000000
126796  -44.077  23.252  27.390 0.0000000000
126809  -44.708  22.661  26.982 0.0000000000
126810  -45.589  22.542  27.037 0.0000000000
125965  -46.139  21.688  26.783 0.0000000000
125103  -47.316  20.563  26.610 0.0000000000
123548  -48.785  18.966  23.196 0.0000000000
123547  -48.640  18.622  23.753 0.0000000000
123557  -48.702  18.485  23.090 0.0000000000
122741  -48.524  17.799  23.314 0.0000000000
122029  -48.433  16.826  23.774 0.0000000000
121251  -48.677  16.281  24.399 0.0000000000
122030  -48.373  16.328  22.993 0.0000000000
121264  -50.008  15.015  22.081 0.0000000000
121276  -49.913  15.255  21.192 0.0000000000
122077  -49.627  16.304  17.281 0.0000000000
121341  -49.437  15.814  17.466 0.0000000000
121296  -46.947  15.086  18.780 0.0000000000
121295  -45.950  15.326  18.818 0.0000000000
123600  -47.681  18.443  18.336 0.0000000000
123601  -48.208  18.885  17.970 0.0000000000
122805  -46.976  17.653  18.004 0.0000000000
122823  -46.345  17.547  17.239 0.0000000000
122839  -45.696  17.223  16.576 0.0000000000
121351  -42.556  16.157  16.574 0.0000000000
121364  -42.994  16.376  16.109 0.0000000000
121291  -42.606  14.952  18.506 0.0000000000
120507  -42.361  14.762  18.979 0.0000000000
120486  -41.688  14.193  19.765 0.0000000000
119684  -40.016  13.361  20.239 0.0000000000
118032  -49.132  11.171  23.850 0.0000000000
131219  -46.414  27.983  19.055 0.0000000000
131211  -46.323  28.163  19.980 0.0000000000
131220  -46.817  28.433  19.277 0.0000000000
131222  -47.821  28.217  19.774 0.0000000000
130540  -48.039  27.650  20.054 0.0000000000
129820  -47.875  27.105  19.528 0.0000000000
128347  -46.936  24.591  21.594 0.0000000000
127646  -46.429  23.811  21.827 0.0000000000
127636  -46.147  23.315  21.971 0.0000000000
128345  -45.724  24.013  21.220 0.0000000000
127645  -45.547  23.464  21.462 0.0000000000
116332  -45.573  9.823  30.091 0.0000000000
117100  -45.797  10.850  30.587 0.0000000000
117956  -46.359  11.343  30.470 0.0000000000
118786  -46.644  11.924  30.259 0.0000000000
119578  -45.523  12.694  30.026 0.0000000000
118785  -46.031  12.178  30.313 0.0000000000
118804  -47.152  12.168  29.922 0.0000000000
119617  -47.256  12.894  29.355 0.0000000000
119626  -47.813  13.382  28.552 0.0000000000
132912  -30.596  31.792  24.020 0.0000000000
132918  -31.561  31.290  23.331 0.0000000000
132424  -32.985  30.235  22.526 0.0000000000
129826  -40.380  25.994  18.265 0.0000000000
129129  -45.150  25.525  15.522 0.0000000000
129150  -46.614  25.598  14.741 0.0000000000
128389  -46.067  24.600  14.222 0.0000000000
123515  -46.108  18.504  25.969 0.0000000000
132389  -39.922  29.931  28.842 0.0000000000
132390  -41.018  30.096  28.946 0.0000000000
129767  -46.274  26.017  23.625 0.0000000000
129064  -45.692  25.891  23.792 0.0000000000
129750  -46.486  25.681  24.043 0.0000000000
129052  -47.045  24.530  25.326 0.0000000000
128330  -47.400  24.345  25.201 0.0000000000
128326  -47.083  24.030  25.982 0.0000000000
127624  -47.593  23.337  25.991 0.0000000000
127621  -47.226  23.349  26.677 0.0000000000
126800  -47.136  22.760  27.088 0.0000000000
125967  -47.552  21.582  26.668 0.0000000000
126812  -47.992  21.940  26.254 0.0000000000
124308  -48.790  20.084  23.680 0.0000000000
125120  -48.975  20.630  23.350 0.0000000000
124320  -48.911  19.712  23.081 0.0000000000
123558  -49.036  18.820  22.514 0.0000000000
122771  -49.123  17.776  20.997 0.0000000000
122788  -49.339  17.611  20.245 0.0000000000
122789  -49.628  17.537  19.499 0.0000000000
123602  -50.231  18.755  18.386 0.0000000000
122826  -50.255  17.779  17.607 0.0000000000
122095  -50.010  17.212  17.013 0.0000000000
122094  -49.353  16.630  16.723 0.0000000000
122093  -48.174  16.331  16.622 0.0000000000
122092  -47.031  15.975  16.511 0.0000000000
122803  -45.083  17.523  18.112 0.0000000000
122802  -44.182  17.267  18.105 0.0000000000
122820  -43.508  17.076  17.225 0.0000000000
122836  -42.968  16.896  16.535 0.0000000000
122087  -42.305  16.434  16.986 0.0000000000
121311  -40.686  15.499  18.012 0.0000000000
129745  -40.768  25.982  24.568 0.0000000000
129747  -42.710  26.982  24.360 0.0000000000
130498  -43.568  27.487  24.021 0.0000000000
130513  -44.167  27.567  23.035 0.0000000000
130499  -44.000  27.684  23.796 0.0000000000
130484  -43.720  27.710  24.308 0.0000000000
131185  -45.323  28.451  23.358 0.0000000000
131186  -45.608  28.147  23.546 0.0000000000
131861  -46.234  28.735  22.129 0.0000000000
131205  -47.800  28.252  21.397 0.0000000000
131197  -46.974  28.255  22.127 0.0000000000
131853  -46.218  28.937  22.607 0.0000000000
131187  -46.394  28.286  22.913 0.0000000000
130501  -46.519  27.203  23.227 0.0000000000
129768  -47.206  26.255  23.725 0.0000000000
128340  -48.770  24.857  23.286 0.0000000000
128336  -48.892  24.204  23.396 0.0000000000
127639  -49.254  23.195  22.170 0.0000000000
126886  -50.203  21.930  19.693 0.0000000000
126069  -50.313  21.610  18.801 0.0000000000
126904  -49.764  22.091  18.995 0.0000000000
126067  -48.935  21.464  18.620 0.0000000000
124358  -47.836  19.467  19.093 0.0000000000
123594  -47.331  18.613  19.272 0.0000000000
123587  -47.045  18.578  20.000 0.0000000000
127638  -47.121  23.032  22.129 0.0000000000
126005  -47.274  22.030  21.923 0.0000000000
125158  -46.219  20.370  21.785 0.0000000000
117130  -46.513  10.285  29.566 0.0000000000
117135  -46.528  10.373  28.714 0.0000000000
117143  -47.263  11.008  28.066 0.0000000000
117996  -48.169  11.305  28.759 0.0000000000
118001  -47.837  11.192  27.940 0.0000000000
118014  -47.915  11.408  25.933 0.0000000000
118022  -48.810  11.330  24.574 0.0000000000
118017  -50.532  12.042  24.950 0.0000000000
118010  -50.324  12.222  25.639 0.0000000000
118838  -51.298  12.734  24.982 0.0000000000
118839  -51.700  13.095  24.580 0.0000000000
119653  -51.766  13.546  24.219 0.0000000000
131167  -28.497  28.576  24.513 0.0000000000
131838  -28.963  29.698  23.791 0.0000000000
131179  -28.785  29.177  23.997 0.0000000000
130471  -29.259  27.849  24.680 0.0000000000
130472  -29.997  27.791  24.749 0.0000000000
130451  -30.607  27.397  25.401 0.0000000000
131122  -32.064  27.470  25.866 0.0000000000
131148  -32.480  27.542  25.680 0.0000000000
130476  -33.419  26.804  24.195 0.0000000000
130477  -34.472  26.819  24.653 0.0000000000
130479  -36.568  27.027  24.907 0.0000000000
129743  -38.307  26.522  24.768 0.0000000000
130510  -34.520  27.818  22.383 0.0000000000
129761  -38.907  25.761  23.667 0.0000000000
129792  -41.227  25.603  21.278 0.0000000000
129793  -42.245  25.721  21.573 0.0000000000
129805  -44.196  26.783  20.971 0.0000000000
129806  -44.709  27.213  20.528 0.0000000000
129829  -43.769  26.354  18.832 0.0000000000
129830  -44.688  26.770  19.106 0.0000000000
130546  -45.311  27.223  19.393 0.0000000000
131228  -46.801  28.100  18.507 0.0000000000
131247  -47.060  27.830  18.076 0.0000000000
130585  -47.200  27.451  17.329 0.0000000000
129843  -47.471  25.961  17.673 0.0000000000
128373  -48.920  24.473  15.858 0.0000000000
128392  -48.567  24.635  14.633 0.0000000000
119623  -44.702  13.080  28.590 0.0000000000
119639  -43.413  13.535  27.146 0.0000000000
119632  -43.993  13.328  27.877 0.0000000000
119624  -45.787  13.017  28.648 0.0000000000
122001  -42.298  16.437  25.395 0.0000000000
120440  -44.907  14.810  25.671 0.0000000000
122004  -45.282  16.253  25.673 0.0000000000
121209  -46.101  15.179  26.071 0.0000000000
120430  -45.779  14.285  26.328 0.0000000000
120420  -47.880  14.067  27.606 0.0000000000
120412  -48.406  13.819  28.265 0.0000000000
120413  -48.943  14.073  28.497 0.0000000000
120414  -49.457  14.133  28.418 0.0000000000
121204  -49.124  15.000  27.272 0.0000000000
120433  -50.202  14.477  26.958 0.0000000000
119652  -51.585  13.891  24.537 0.0000000000
120451  -51.639  14.082  24.073 0.0000000000
129014  -39.481  25.101  28.820 0.0000000000
127591  -39.466  24.040  28.169 0.0000000000
129733  -41.157  26.554  25.356 0.0000000000
131131  -40.963  28.409  26.864 0.0000000000
131132  -42.167  28.508  26.340 0.0000000000
131111  -41.481  29.011  27.147 0.0000000000
131813  -40.995  29.492  27.729 0.0000000000
131802  -41.527  29.912  28.278 0.0000000000
132392  -42.298  29.944  29.132 0.0000000000
129054  -44.682  26.343  24.552 0.0000000000
129735  -44.152  27.029  25.454 0.0000000000
129724  -44.089  27.274  26.025 0.0000000000
129044  -44.493  25.101  26.351 0.0000000000
129723  -43.729  26.880  26.498 0.0000000000
130420  -43.658  27.649  27.013 0.0000000000
131099  -42.917  28.511  28.176 0.0000000000
131098  -42.657  28.702  29.056 0.0000000000
131784  -42.104  29.627  30.182 0.0000000000
131086  -41.710  28.693  30.424 0.0000000000
129678  -41.176  26.804  29.268 0.0000000000
128283  -41.957  25.322  28.824 0.0000000000
128281  -41.006  25.277  29.256 0.0000000000
127593  -41.075  24.635  28.538 0.0000000000
127592  -40.464  24.434  28.342 0.0000000000
125978  -43.161  21.138  26.026 0.0000000000
125963  -44.392  22.064  26.443 0.0000000000
125979  -44.131  21.357  26.030 0.0000000000
124297  -45.588  19.798  26.002 0.0000000000
123516  -46.896  18.607  26.576 0.0000000000
124286  -47.751  19.554  26.534 0.0000000000
122005  -48.242  16.827  25.886 0.0000000000
122006  -48.678  16.307  25.853 0.0000000000
121232  -49.010  16.019  25.503 0.0000000000
121242  -49.148  15.734  24.675 0.0000000000
121233  -49.872  15.186  25.152 0.0000000000
121234  -50.527  14.778  24.563 0.0000000000
120460  -51.479  14.396  23.732 0.0000000000
120461  -51.848  14.144  23.146 0.0000000000
120469  -52.449  14.274  22.250 0.0000000000
121279  -51.835  14.107  21.928 0.0000000000
120496  -51.219  13.775  21.696 0.0000000000
121300  -50.847  14.172  21.697 0.0000000000
120495  -50.626  13.723  21.434 0.0000000000
119695  -50.094  13.390  21.277 0.0000000000
119694  -49.524  13.324  21.015 0.0000000000
121320  -49.590  15.201  18.356 0.0000000000
120526  -49.580  14.753  19.065 0.0000000000
119702  -49.198  14.125  20.052 0.0000000000
119693  -48.821  13.588  20.638 0.0000000000
119692  -47.808  13.398  20.794 0.0000000000
119690  -45.793  13.441  20.644 0.0000000000
126094  -49.504  21.161  17.756 0.0000000000
124380  -48.960  19.695  17.360 0.0000000000
123621  -48.863  18.588  16.619 0.0000000000
123610  -48.067  18.298  17.659 0.0000000000
122842  -48.410  18.079  16.830 0.0000000000
123620  -48.423  17.856  16.473 0.0000000000
122855  -48.173  17.328  16.270 0.0000000000
122106  -47.548  16.657  16.175 0.0000000000
122091  -46.464  16.001  16.316 0.0000000000
122821  -44.440  17.145  17.341 0.0000000000
121365  -43.382  16.299  16.091 0.0000000000
122104  -45.175  16.516  16.477 0.0000000000
121368  -45.659  15.961  16.326 0.0000000000
121355  -46.114  15.784  16.528 0.0000000000
121294  -44.912  15.302  18.754 0.0000000000
120509  -44.191  14.889  19.469 0.0000000000
116358  -46.043  9.964  29.047 0.0000000000
117117  -45.448  10.245  30.462 0.0000000000
117119  -46.931  10.702  30.002 0.0000000000
117957  -46.932  11.549  30.240 0.0000000000
117992  -47.836  11.302  29.292 0.0000000000
118000  -47.164  11.033  27.768 0.0000000000
118875  -51.938  12.857  22.086 0.0000000000
119636  -47.781  13.664  28.072 0.0000000000
119643  -47.011  13.920  27.355 0.0000000000
119648  -51.615  13.232  24.776 0.0000000000
119662  -52.254  13.926  22.577 0.0000000000
120411  -48.029  13.708  28.117 0.0000000000
120419  -47.302  13.976  27.427 0.0000000000
120441  -45.549  14.960  25.836 0.0000000000
120462  -52.224  14.154  22.636 0.0000000000
120468  -52.273  14.454  22.388 0.0000000000
120476  -52.222  13.964  22.035 0.0000000000
120514  -49.544  14.372  19.764 0.0000000000
120516  -50.476  14.130  21.342 0.0000000000
120517  -50.810  13.945  21.597 0.0000000000
121222  -45.257  15.693  25.638 0.0000000000
121255  -51.867  14.650  22.439 0.0000000000
121267  -52.178  14.463  21.984 0.0000000000
121339  -47.192  15.591  17.077 0.0000000000
121357  -48.762  16.156  16.803 0.0000000000
121358  -49.026  16.047  16.967 0.0000000000
122015  -48.731  16.360  25.617 0.0000000000
122037  -48.390  16.841  22.282 0.0000000000
122075  -47.275  15.795  16.761 0.0000000000
122825  -48.160  17.949  17.202 0.0000000000
122850  -43.219  16.883  16.091 0.0000000000
122851  -43.576  16.919  16.029 0.0000000000
122852  -43.931  16.953  15.852 0.0000000000
122858  -50.019  18.135  16.333 0.0000000000
123574  -49.893  19.264  20.878 0.0000000000
123622  -49.564  18.753  16.426 0.0000000000
123629  -48.711  17.899  16.214 0.0000000000
123631  -49.784  18.291  16.254 0.0000000000
123632  -50.008  18.383  16.327 0.0000000000
124283  -45.508  20.216  26.052 0.0000000000
124319  -48.720  19.201  23.543 0.0000000000
124367  -48.109  19.268  18.449 0.0000000000
124369  -50.006  19.748  17.928 0.0000000000
124381  -49.697  19.894  17.527 0.0000000000
124382  -50.117  19.288  17.156 0.0000000000
124391  -49.885  19.231  16.803 0.0000000000
124392  -50.140  19.136  16.748 0.0000000000
125105  -48.477  20.326  25.649 0.0000000000
125112  -42.992  20.286  25.642 0.0000000000
125141  -49.860  20.677  21.410 0.0000000000
125173  -48.249  20.626  19.289 0.0000000000
125184  -48.078  20.214  19.092 0.0000000000
125209  -49.314  20.567  17.690 0.0000000000
125210  -49.755  20.694  17.734 0.0000000000
125949  -47.362  22.262  26.942 0.0000000000
126007  -49.915  21.308  21.229 0.0000000000
126008  -50.088  21.339  20.807 0.0000000000
126068  -49.621  21.687  18.479 0.0000000000
126081  -49.961  21.199  18.036 0.0000000000
126082  -50.238  21.264  18.399 0.0000000000
126095  -49.738  21.199  17.804 0.0000000000
126843  -47.432  22.686  21.946 0.0000000000
126864  -50.131  21.728  20.277 0.0000000000
126885  -49.695  22.075  19.681 0.0000000000
126903  -49.356  21.941  18.863 0.0000000000
126905  -50.113  22.078  19.257 0.0000000000
127594  -42.973  24.437  27.820 0.0000000000
127597  -44.481  23.938  28.221 0.0000000000
127720  -49.910  24.206  14.875 0.0000000000
128282  -41.322  25.282  29.152 0.0000000000
128294  -38.897  24.635  28.568 0.0000000000
128296  -40.747  24.999  29.065 0.0000000000
128299  -43.491  24.728  28.027 0.0000000000
128301  -44.667  24.202  27.782 0.0000000000
128309  -41.982  24.807  28.116 0.0000000000
128310  -42.339  24.610  27.852 0.0000000000
128312  -45.079  24.254  27.382 0.0000000000
128314  -46.252  23.675  27.030 0.0000000000
128320  -45.097  24.527  26.858 0.0000000000
128321  -46.194  23.996  26.864 0.0000000000
128327  -47.606  23.849  25.462 0.0000000000
128380  -49.264  24.502  15.402 0.0000000000
128998  -40.859  25.687  29.339 0.0000000000
129001  -42.854  26.020  28.493 0.0000000000
129015  -39.955  25.255  29.135 0.0000000000
129034  -44.146  25.026  27.334 0.0000000000
129036  -45.911  24.123  26.936 0.0000000000
129038  -27.855  25.683  26.556 0.0000000000
129046  -46.038  24.305  26.579 0.0000000000
129048  -43.988  26.459  25.597 0.0000000000
129055  -45.215  25.808  24.275 0.0000000000
129063  -40.009  25.510  22.712 0.0000000000
129065  -45.870  25.627  23.940 0.0000000000
129072  -40.103  25.397  22.072 0.0000000000
129092  -40.144  25.542  20.659 0.0000000000
129117  -48.822  24.749  15.799 0.0000000000
129132  -49.654  24.919  15.010 0.0000000000
129154  -49.410  24.881  14.969 0.0000000000
129692  -42.537  27.075  28.878 0.0000000000
129730  -38.550  26.836  25.254 0.0000000000
129734  -43.915  26.763  25.910 0.0000000000
129738  -33.820  26.704  23.934 0.0000000000
129739  -34.180  26.634  23.927 0.0000000000
129748  -44.455  26.915  24.756 0.0000000000
129749  -44.921  26.738  24.207 0.0000000000
129751  -46.757  25.752  24.127 0.0000000000
129765  -43.221  27.110  23.867 0.0000000000
129766  -45.488  26.458  23.795 0.0000000000
129774  -34.627  27.214  22.622 0.0000000000
129783  -43.969  27.250  22.585 0.0000000000
129799  -36.641  27.106  20.238 0.0000000000
129801  -38.103  26.129  19.776 0.0000000000
129882  -48.827  25.661  15.331 0.0000000000
130381  -41.424  28.528  30.468 0.0000000000
130396  -41.559  27.967  29.892 0.0000000000
130408  -43.143  27.622  27.824 0.0000000000
130440  -44.329  27.715  25.812 0.0000000000
130448  -27.848  27.462  25.517 0.0000000000
130452  -31.492  27.446  25.354 0.0000000000
130461  -40.738  27.081  25.983 0.0000000000
130463  -42.636  27.752  25.163 0.0000000000
130480  -37.577  26.953  25.104 0.0000000000
130483  -43.161  27.553  24.581 0.0000000000
130486  -45.285  27.333  23.941 0.0000000000
130511  -35.110  27.997  21.801 0.0000000000
130514  -44.660  27.856  22.656 0.0000000000
130522  -44.341  27.508  22.336 0.0000000000
130547  -45.975  27.446  18.882 0.0000000000
130561  -46.091  27.148  18.117 0.0000000000
130563  -47.330  27.759  18.256 0.0000000000
130584  -46.684  27.422  17.231 0.0000000000
131071  -39.600  28.801  30.550 0.0000000000
131072  -40.529  28.890  30.680 0.0000000000
131073  -41.335  28.980  30.766 0.0000000000
131074  -41.866  29.168  30.536 0.0000000000
131085  -39.589  28.267  30.232 0.0000000000
131087  -42.195  28.786  29.947 0.0000000000
131112  -41.987  29.007  27.009 0.0000000000
131113  -43.315  28.342  27.359 0.0000000000
131146  -28.048  27.951  25.018 0.0000000000
131147  -32.002  27.445  25.546 0.0000000000
131168  -29.624  28.206  24.230 0.0000000000
131180  -29.385  28.963  23.739 0.0000000000
131190  -32.275  28.902  22.575 0.0000000000
131191  -32.881  28.495  22.498 0.0000000000
131195  -44.665  27.950  23.000 0.0000000000
131198  -47.674  28.086  21.995 0.0000000000
131206  -48.284  28.018  21.155 0.0000000000
131221  -47.355  28.460  19.581 0.0000000000
131245  -46.560  27.543  18.041 0.0000000000
131783  -41.569  29.676  30.645 0.0000000000
131792  -42.397  29.516  29.440 0.0000000000
131800  -39.950  29.772  28.346 0.0000000000
131814  -41.952  29.426  27.511 0.0000000000
131827  -43.277  28.656  26.570 0.0000000000
131834  -45.192  30.033  23.887 0.0000000000
131835  -45.581  29.942  24.040 0.0000000000
131836  -46.060  29.830  23.803 0.0000000000
131839  -29.502  29.786  23.548 0.0000000000
131842  -45.267  29.655  23.608 0.0000000000
131859  -45.521  29.247  22.664 0.0000000000
132371  -41.738  30.096  30.190 0.0000000000
132379  -40.575  30.049  29.592 0.0000000000
132380  -41.434  30.223  29.630 0.0000000000
132381  -42.119  30.122  29.658 0.0000000000
132391  -41.925  30.270  28.969 0.0000000000
132398  -39.168  29.963  28.333 0.0000000000
132399  -39.673  29.831  28.335 0.0000000000
132409  -28.778  30.831  24.121 0.0000000000
132410  -45.150  30.077  23.606 0.0000000000
132411  -45.441  30.157  23.676 0.0000000000
132412  -45.859  30.228  23.767 0.0000000000
132415  -29.240  30.497  23.768 0.0000000000
132418  -45.218  30.067  23.313 0.0000000000
132419  -45.675  30.195  23.321 0.0000000000
132430  -45.402  30.021  22.832 0.0000000000
132431  -45.937  30.074  22.839 0.0000000000
132432  -46.139  29.633  22.849 0.0000000000
132440  -45.733  29.722  22.555 0.0000000000
132442  -46.150  29.304  22.500 0.0000000000
132910  -28.628  31.161  24.461 0.0000000000
132916  -29.699  30.871  23.749 0.0000000000
132925  -31.897  30.661  22.826 0.0000000000
132926  -32.422  30.878  22.773 0.0000000000
133454  -30.128  32.199  24.440 0.0000000000
