#!ascii label  , from subject 4109 vox2ras=TkReg
294
91244  -27.472  -15.229  -19.575 0.0000000000
95993  -25.369  -11.399  -21.544 0.0000000000
110721  -24.383  2.690  -19.588 0.0000000000
107802  -26.238  -0.968  -19.816 0.0000000000
102312  -27.074  -5.693  -19.595 0.0000000000
97057  -28.758  -10.283  -18.138 0.0000000000
112589  -24.145  4.528  -21.140 0.0000000000
104372  -26.428  -3.548  -19.592 0.0000000000
101262  -25.655  -6.317  -20.608 0.0000000000
93690  -26.379  -12.915  -20.938 0.0000000000
97082  -27.461  -10.645  -19.817 0.0000000000
93659  -28.433  -13.095  -19.199 0.0000000000
86635  -24.304  -19.610  -19.904 0.0000000000
91262  -25.228  -15.386  -21.217 0.0000000000
116802  -20.711  9.248  -23.376 0.0000000000
116785  -22.374  9.141  -23.077 0.0000000000
115988  -24.170  8.462  -21.285 0.0000000000
115141  -25.370  7.089  -19.100 0.0000000000
112560  -26.044  4.514  -18.555 0.0000000000
108810  -25.622  0.375  -19.782 0.0000000000
110714  -27.658  2.373  -18.713 0.0000000000
107772  -27.232  -0.223  -17.672 0.0000000000
105536  -28.084  -2.839  -17.800 0.0000000000
103263  -28.801  -5.184  -17.984 0.0000000000
99195  -26.028  -8.453  -20.442 0.0000000000
100214  -27.690  -7.532  -18.793 0.0000000000
102321  -25.155  -5.519  -20.750 0.0000000000
101271  -24.481  -6.699  -21.610 0.0000000000
92462  -26.484  -14.297  -20.469 0.0000000000
93677  -27.527  -13.027  -20.147 0.0000000000
93658  -27.817  -13.471  -19.733 0.0000000000
83008  -24.888  -23.238  -18.032 0.0000000000
83024  -25.116  -22.444  -18.211 0.0000000000
84168  -25.496  -21.477  -18.407 0.0000000000
92475  -25.056  -14.778  -21.929 0.0000000000
90080  -23.967  -16.297  -22.003 0.0000000000
115996  -23.622  8.698  -21.866 0.0000000000
111645  -24.454  3.767  -19.842 0.0000000000
114286  -24.744  5.933  -20.395 0.0000000000
113418  -25.322  5.157  -19.529 0.0000000000
113406  -25.682  5.456  -18.836 0.0000000000
111646  -25.201  3.508  -19.335 0.0000000000
107801  -25.731  -0.651  -20.431 0.0000000000
109798  -26.228  1.109  -19.400 0.0000000000
108812  -26.783  0.669  -18.938 0.0000000000
108795  -27.296  0.580  -18.400 0.0000000000
107787  -26.540  -0.659  -19.179 0.0000000000
103294  -26.637  -4.715  -19.435 0.0000000000
104364  -27.219  -3.602  -18.808 0.0000000000
103281  -27.218  -4.802  -18.970 0.0000000000
103283  -28.811  -4.108  -18.268 0.0000000000
102305  -28.031  -5.870  -18.413 0.0000000000
98168  -24.263  -10.034  -22.640 0.0000000000
99194  -25.163  -8.687  -21.163 0.0000000000
98149  -25.735  -9.513  -20.784 0.0000000000
97074  -28.446  -10.603  -18.809 0.0000000000
98134  -27.681  -9.327  -19.485 0.0000000000
98119  -28.435  -9.560  -18.403 0.0000000000
100201  -28.899  -7.477  -17.660 0.0000000000
99165  -29.401  -8.552  -17.513 0.0000000000
86636  -25.574  -19.455  -19.461 0.0000000000
86649  -24.724  -18.805  -20.332 0.0000000000
86650  -25.559  -18.565  -20.272 0.0000000000
87806  -25.956  -17.851  -20.461 0.0000000000
105558  -25.838  -2.476  -20.164 0.0000000000
105547  -26.287  -2.424  -19.527 0.0000000000
104383  -25.705  -3.505  -20.283 0.0000000000
103293  -26.081  -4.541  -19.883 0.0000000000
102323  -26.664  -5.980  -20.095 0.0000000000
94840  -25.641  -12.298  -21.550 0.0000000000
95982  -25.703  -11.124  -20.892 0.0000000000
94826  -26.669  -12.302  -20.540 0.0000000000
95976  -27.695  -11.527  -19.772 0.0000000000
95963  -28.755  -11.581  -18.744 0.0000000000
85392  -25.266  -20.146  -19.010 0.0000000000
94857  -24.516  -12.126  -22.421 0.0000000000
92496  -25.394  -13.552  -22.103 0.0000000000
92476  -25.591  -14.334  -21.522 0.0000000000
91263  -25.872  -15.404  -20.317 0.0000000000
119197  -20.941  11.514  -23.285 0.0000000000
115185  -21.260  7.713  -24.006 0.0000000000
116791  -21.676  9.111  -23.406 0.0000000000
117585  -23.175  10.251  -22.870 0.0000000000
117579  -24.073  10.312  -21.955 0.0000000000
117568  -24.780  10.271  -20.963 0.0000000000
114294  -24.238  6.181  -20.941 0.0000000000
115162  -24.646  7.874  -20.548 0.0000000000
115978  -24.870  8.511  -19.882 0.0000000000
116753  -25.707  8.781  -18.825 0.0000000000
115127  -26.376  6.921  -17.924 0.0000000000
113391  -26.957  5.555  -17.936 0.0000000000
109797  -25.327  1.644  -19.553 0.0000000000
110712  -25.864  2.853  -18.825 0.0000000000
111632  -26.537  3.617  -18.462 0.0000000000
111620  -27.895  3.853  -18.049 0.0000000000
111634  -28.237  3.082  -18.482 0.0000000000
108771  -28.052  0.528  -17.025 0.0000000000
105534  -26.726  -2.446  -18.903 0.0000000000
105512  -27.504  -1.788  -17.552 0.0000000000
100239  -24.790  -7.592  -21.337 0.0000000000
100229  -25.605  -7.377  -20.640 0.0000000000
101264  -26.880  -6.818  -19.901 0.0000000000
98150  -26.636  -9.313  -20.349 0.0000000000
99187  -27.115  -8.550  -19.916 0.0000000000
101248  -27.708  -6.475  -18.674 0.0000000000
101249  -28.069  -6.762  -18.005 0.0000000000
101235  -29.513  -6.579  -17.406 0.0000000000
90060  -24.627  -16.124  -21.334 0.0000000000
90062  -25.823  -16.373  -20.179 0.0000000000
90044  -26.621  -16.054  -19.802 0.0000000000
92445  -26.809  -14.512  -20.064 0.0000000000
92463  -27.232  -13.664  -20.186 0.0000000000
92446  -27.271  -14.338  -19.874 0.0000000000
92447  -28.324  -14.250  -19.171 0.0000000000
83009  -25.716  -23.127  -17.882 0.0000000000
112575  -25.001  4.428  -19.748 0.0000000000
112559  -25.546  4.476  -19.168 0.0000000000
106707  -25.681  -1.580  -20.794 0.0000000000
107786  -25.988  -0.417  -19.633 0.0000000000
108794  -26.630  0.092  -18.729 0.0000000000
103282  -28.234  -4.769  -18.417 0.0000000000
102304  -27.607  -5.687  -18.915 0.0000000000
97097  -24.988  -10.526  -21.816 0.0000000000
98148  -25.143  -9.770  -21.356 0.0000000000
97089  -25.476  -10.464  -21.143 0.0000000000
99164  -28.702  -8.590  -18.053 0.0000000000
98120  -29.009  -9.535  -17.783 0.0000000000
98121  -29.730  -9.568  -17.264 0.0000000000
97058  -29.423  -10.605  -17.784 0.0000000000
104382  -25.031  -3.569  -20.652 0.0000000000
103305  -25.418  -4.534  -20.349 0.0000000000
102322  -25.952  -5.582  -20.166 0.0000000000
102311  -26.480  -5.352  -19.779 0.0000000000
94841  -26.082  -12.350  -20.999 0.0000000000
94812  -28.041  -12.461  -19.741 0.0000000000
94827  -27.354  -12.331  -20.193 0.0000000000
95977  -28.247  -11.521  -19.286 0.0000000000
94813  -28.516  -12.245  -19.134 0.0000000000
94794  -28.965  -12.559  -18.567 0.0000000000
81871  -23.927  -23.542  -18.228 0.0000000000
81857  -23.687  -24.032  -18.026 0.0000000000
85373  -24.973  -20.718  -18.754 0.0000000000
85374  -25.887  -20.360  -18.692 0.0000000000
93708  -24.933  -13.009  -22.503 0.0000000000
91279  -25.160  -14.992  -21.655 0.0000000000
92461  -25.743  -14.827  -20.839 0.0000000000
117590  -21.002  10.125  -23.300 0.0000000000
118378  -20.916  10.844  -23.140 0.0000000000
118384  -21.044  10.902  -23.558 0.0000000000
119206  -21.023  11.679  -23.929 0.0000000000
117602  -21.235  10.138  -23.534 0.0000000000
116000  -22.177  8.255  -23.278 0.0000000000
116010  -21.839  8.223  -23.593 0.0000000000
116792  -22.295  9.029  -23.297 0.0000000000
117592  -22.306  10.140  -23.540 0.0000000000
117584  -22.663  9.711  -23.059 0.0000000000
117593  -22.731  10.648  -23.526 0.0000000000
116781  -23.851  9.377  -21.752 0.0000000000
116773  -24.442  9.442  -21.184 0.0000000000
113423  -24.469  5.260  -20.797 0.0000000000
114287  -25.269  6.195  -19.668 0.0000000000
114295  -24.892  6.810  -20.544 0.0000000000
115152  -25.118  7.441  -19.814 0.0000000000
115965  -25.298  8.123  -18.995 0.0000000000
113407  -26.251  5.251  -18.245 0.0000000000
114277  -26.213  6.190  -18.294 0.0000000000
114263  -26.786  6.413  -17.884 0.0000000000
112544  -26.716  4.576  -18.124 0.0000000000
108829  -25.127  0.129  -20.395 0.0000000000
109784  -25.648  2.224  -19.138 0.0000000000
109786  -26.979  1.463  -18.956 0.0000000000
110713  -26.788  2.559  -18.721 0.0000000000
111633  -27.416  3.246  -18.470 0.0000000000
111619  -27.197  3.943  -18.095 0.0000000000
108796  -28.074  0.994  -18.078 0.0000000000
108785  -27.741  0.526  -17.585 0.0000000000
108786  -28.487  0.959  -17.430 0.0000000000
104363  -26.660  -3.016  -19.222 0.0000000000
105535  -27.385  -2.466  -18.073 0.0000000000
106660  -27.631  -1.065  -17.127 0.0000000000
105513  -28.072  -2.196  -17.346 0.0000000000
103264  -29.311  -4.594  -17.845 0.0000000000
100238  -24.324  -7.743  -22.101 0.0000000000
100230  -26.432  -7.532  -20.185 0.0000000000
100231  -26.892  -7.762  -19.973 0.0000000000
97091  -26.861  -10.476  -20.236 0.0000000000
97090  -26.083  -10.395  -20.591 0.0000000000
99180  -27.545  -8.725  -19.331 0.0000000000
100221  -27.208  -7.660  -19.557 0.0000000000
87807  -26.525  -17.737  -19.996 0.0000000000
88913  -26.237  -17.045  -20.128 0.0000000000
88898  -26.960  -17.100  -19.673 0.0000000000
103304  -24.780  -4.485  -20.830 0.0000000000
102337  -24.681  -5.917  -21.261 0.0000000000
101272  -25.026  -6.566  -20.992 0.0000000000
92477  -26.232  -13.553  -20.988 0.0000000000
93676  -26.892  -13.163  -20.550 0.0000000000
81858  -24.493  -23.809  -18.028 0.0000000000
84167  -24.409  -21.618  -18.623 0.0000000000
92495  -24.724  -14.319  -22.568 0.0000000000
92494  -23.624  -14.601  -23.052 0.0000000000
91278  -24.666  -15.384  -21.836 0.0000000000
116019  -20.834  8.629  -23.499 0.0000000000
116001  -22.588  8.346  -22.805 0.0000000000
116786  -22.855  9.230  -22.710 0.0000000000
115995  -23.174  8.467  -22.342 0.0000000000
115169  -23.573  7.807  -21.764 0.0000000000
115161  -24.207  7.274  -21.142 0.0000000000
113417  -24.922  5.232  -20.122 0.0000000000
114276  -25.616  6.434  -18.812 0.0000000000
111631  -25.863  3.792  -18.893 0.0000000000
109799  -26.609  0.892  -19.178 0.0000000000
109787  -27.873  1.554  -18.526 0.0000000000
107771  -26.967  -0.495  -18.444 0.0000000000
104373  -26.838  -4.168  -19.159 0.0000000000
104365  -28.261  -3.494  -18.202 0.0000000000
99205  -24.545  -8.507  -21.822 0.0000000000
98158  -24.541  -9.602  -22.030 0.0000000000
97083  -27.929  -10.682  -19.421 0.0000000000
98142  -27.773  -10.136  -19.635 0.0000000000
98135  -27.988  -9.647  -19.253 0.0000000000
99181  -28.071  -8.649  -18.644 0.0000000000
100215  -28.319  -7.796  -18.255 0.0000000000
99166  -30.021  -8.589  -16.847 0.0000000000
87805  -25.089  -17.947  -20.667 0.0000000000
105557  -25.212  -2.487  -20.860 0.0000000000
106708  -25.949  -1.571  -19.999 0.0000000000
95994  -25.763  -11.766  -21.068 0.0000000000
95983  -26.258  -11.445  -20.536 0.0000000000
95984  -27.038  -11.472  -20.134 0.0000000000
97075  -28.967  -10.929  -18.368 0.0000000000
95964  -29.319  -11.617  -18.236 0.0000000000
93638  -28.849  -13.566  -18.755 0.0000000000
80698  -24.187  -24.748  -17.677 0.0000000000
84183  -24.293  -20.802  -19.073 0.0000000000
85391  -24.703  -20.181  -19.293 0.0000000000
86615  -25.935  -19.785  -18.936 0.0000000000
96007  -24.810  -11.349  -22.178 0.0000000000
94858  -25.045  -12.206  -21.952 0.0000000000
93709  -25.411  -12.856  -21.951 0.0000000000
93689  -25.935  -13.132  -21.545 0.0000000000
91243  -26.696  -14.940  -19.906 0.0000000000
118369  -21.132  10.958  -22.635 0.0000000000
115194  -20.620  8.066  -23.561 0.0000000000
116020  -21.111  8.497  -23.700 0.0000000000
116009  -21.473  8.321  -23.692 0.0000000000
116803  -21.349  9.236  -23.438 0.0000000000
117603  -21.695  10.257  -23.683 0.0000000000
118397  -22.001  10.914  -24.249 0.0000000000
117578  -23.605  9.848  -22.198 0.0000000000
117586  -23.742  10.760  -22.628 0.0000000000
118380  -24.110  11.244  -22.438 0.0000000000
118362  -25.077  10.807  -20.761 0.0000000000
115989  -24.588  8.758  -20.636 0.0000000000
116774  -24.899  9.460  -20.329 0.0000000000
117569  -25.483  10.317  -20.069 0.0000000000
116766  -25.485  9.312  -19.374 0.0000000000
115966  -25.950  8.311  -18.400 0.0000000000
115142  -25.782  7.254  -18.382 0.0000000000
109796  -24.308  1.527  -20.016 0.0000000000
110722  -25.259  2.568  -19.239 0.0000000000
109785  -26.142  1.933  -19.040 0.0000000000
112545  -27.458  4.637  -17.792 0.0000000000
110715  -28.293  2.283  -18.410 0.0000000000
109776  -28.499  1.705  -17.977 0.0000000000
108787  -28.981  0.999  -17.015 0.0000000000
106695  -26.421  -1.570  -19.368 0.0000000000
106679  -26.904  -1.484  -18.678 0.0000000000
106680  -27.332  -1.250  -17.964 0.0000000000
107757  -27.560  0.078  -17.209 0.0000000000
104344  -28.761  -2.924  -17.775 0.0000000000
101263  -26.254  -6.593  -20.254 0.0000000000
101254  -27.335  -6.628  -19.275 0.0000000000
98141  -27.470  -9.591  -19.832 0.0000000000
99196  -26.676  -8.309  -20.175 0.0000000000
102286  -28.489  -5.763  -17.997 0.0000000000
101234  -28.779  -6.437  -17.661 0.0000000000
102287  -29.161  -5.690  -17.712 0.0000000000
88912  -25.460  -17.102  -20.452 0.0000000000
90061  -25.208  -16.235  -20.659 0.0000000000
91261  -24.827  -15.638  -21.456 0.0000000000
108811  -26.297  0.289  -19.224 0.0000000000
114330  -20.717  7.537  -23.462 0.0000000000
114331  -20.872  7.633  -23.827 0.0000000000
115195  -20.874  8.092  -23.873 0.0000000000
116008  -20.605  8.680  -23.100 0.0000000000
116754  -26.162  9.304  -18.592 0.0000000000
116780  -23.369  9.331  -22.276 0.0000000000
116790  -20.840  9.376  -23.166 0.0000000000
117591  -22.260  9.827  -23.514 0.0000000000
117604  -22.028  10.443  -23.877 0.0000000000
118395  -21.214  10.892  -23.974 0.0000000000
119186  -20.994  11.328  -22.913 0.0000000000
119218  -21.268  11.408  -24.230 0.0000000000
