#!ascii label  , from subject 4109 vox2ras=TkReg
712
94722  23.021  -10.829  -18.809 0.2500000000
94732  23.223  -10.548  -19.158 0.2500000000
94731  23.468  -11.006  -19.457 0.7500000000
99032  22.491  -7.591  -18.630 0.2500000000
98058  22.833  -8.442  -18.886 0.1250000000
99048  22.764  -7.663  -19.707 0.3750000000
97037  22.857  -9.295  -18.416 0.2500000000
95931  22.866  -10.238  -18.153 0.2500000000
95955  23.862  -10.191  -19.864 0.7500000000
95945  23.122  -10.032  -18.924 0.3750000000
94730  24.179  -11.302  -20.273 0.8750000000
94743  24.813  -11.000  -20.914 0.8750000000
97051  23.265  -9.197  -19.103 0.3750000000
97050  23.549  -9.273  -19.787 0.8750000000
95981  24.890  -10.096  -21.720 1.0000000000
97060  24.500  -9.687  -21.114 1.0000000000
97061  24.003  -9.375  -20.555 0.8750000000
94742  25.206  -11.140  -21.505 1.0000000000
95954  24.489  -10.293  -20.618 0.8750000000
94755  25.820  -10.895  -22.007 1.0000000000
99047  23.044  -8.146  -20.114 0.7500000000
99067  23.295  -7.647  -20.635 0.8750000000
98085  23.776  -8.537  -21.050 0.8750000000
98069  23.424  -8.600  -20.311 0.7500000000
97080  25.110  -9.365  -22.083 1.0000000000
97069  24.692  -9.392  -21.700 1.0000000000
98096  24.344  -8.557  -21.620 1.0000000000
95965  26.298  -10.009  -21.431 1.0000000000
95980  25.538  -10.133  -21.697 1.0000000000
95979  26.113  -10.307  -21.785 1.0000000000
95966  25.284  -10.471  -21.650 1.0000000000
99068  22.983  -7.168  -20.243 0.6250000000
100102  23.650  -6.794  -21.337 1.0000000000
99084  23.890  -7.716  -21.492 1.0000000000
98105  25.891  -8.498  -21.497 1.0000000000
98106  25.539  -8.376  -21.791 1.0000000000
98107  25.150  -8.527  -22.116 1.0000000000
99083  24.642  -7.828  -21.834 1.0000000000
97068  26.122  -9.253  -21.310 1.0000000000
97078  26.082  -9.074  -21.519 1.0000000000
97058  26.859  -9.432  -20.526 1.0000000000
103164  22.690  -3.635  -18.661 0.2500000000
100070  22.665  -6.769  -19.239 0.2500000000
100069  23.101  -6.111  -19.790 0.3750000000
101170  23.653  -5.724  -21.459 1.0000000000
100114  24.729  -6.768  -21.858 1.0000000000
100101  24.166  -6.873  -21.792 1.0000000000
99081  26.104  -7.789  -21.015 1.0000000000
99096  25.667  -7.941  -21.550 1.0000000000
100113  25.129  -6.713  -21.762 1.0000000000
99066  26.325  -7.733  -20.738 1.0000000000
98084  26.593  -8.567  -20.620 1.0000000000
99065  26.806  -7.732  -20.204 1.0000000000
103176  22.973  -3.739  -19.600 0.5000000000
102172  22.982  -4.695  -18.882 0.3750000000
101145  23.236  -5.174  -19.662 0.5000000000
102181  23.300  -4.536  -20.331 0.5000000000
102195  23.495  -4.581  -21.233 0.8750000000
102194  23.945  -4.299  -21.864 1.0000000000
101178  24.973  -5.904  -22.313 1.0000000000
101180  23.873  -5.378  -21.971 1.0000000000
101167  25.833  -6.005  -21.235 1.0000000000
101168  25.427  -5.855  -21.866 1.0000000000
101154  26.705  -6.356  -20.010 1.0000000000
100084  26.438  -6.932  -20.270 1.0000000000
99046  27.272  -7.741  -19.591 0.8750000000
104148  22.971  -2.897  -19.405 0.5000000000
103175  23.200  -3.974  -20.112 0.5000000000
104167  23.468  -3.208  -20.460 0.6250000000
104176  24.161  -2.999  -21.508 0.6250000000
103196  23.831  -3.586  -21.410 1.0000000000
103208  24.507  -4.367  -22.079 1.0000000000
103181  26.446  -3.614  -20.564 1.0000000000
102192  25.659  -4.850  -21.650 1.0000000000
102193  25.140  -4.992  -22.093 1.0000000000
102170  26.745  -4.576  -20.113 1.0000000000
101144  26.661  -5.261  -20.299 1.0000000000
102169  27.308  -4.488  -19.564 0.8750000000
101143  27.178  -5.712  -19.675 0.8750000000
104158  23.306  -3.066  -20.082 0.5000000000
104166  23.926  -2.594  -20.814 0.8750000000
104174  25.557  -2.563  -21.414 1.0000000000
104173  26.228  -2.550  -20.943 1.0000000000
103194  25.128  -3.832  -21.914 1.0000000000
105154  27.145  -1.488  -20.074 1.0000000000
103174  26.883  -3.603  -19.818 1.0000000000
104164  26.804  -2.530  -20.193 1.0000000000
103173  27.416  -3.589  -19.258 1.0000000000
104157  23.449  -2.496  -19.956 0.5000000000
105156  24.613  -1.711  -21.019 1.0000000000
106226  25.928  -0.511  -21.335 1.0000000000
105162  25.400  -1.465  -21.378 1.0000000000
105163  24.935  -1.393  -21.378 1.0000000000
107197  27.475  0.274  -20.360 1.0000000000
106213  27.007  -0.578  -20.457 1.0000000000
106201  28.063  -0.917  -19.476 1.0000000000
106202  27.670  -0.713  -20.014 1.0000000000
105155  26.554  -1.504  -20.604 1.0000000000
105148  27.881  -1.507  -18.881 1.0000000000
104155  27.577  -2.521  -18.991 0.8750000000
109088  25.449  3.072  -19.930 1.0000000000
108174  24.729  1.313  -19.204 0.3750000000
109107  25.757  2.635  -20.698 0.8750000000
108211  26.449  1.457  -21.395 1.0000000000
107209  26.990  0.299  -20.985 1.0000000000
109967  25.806  3.637  -19.880 0.8750000000
109987  26.378  3.652  -20.271 1.0000000000
109106  26.325  2.872  -21.143 1.0000000000
109986  26.738  3.240  -20.900 1.0000000000
109116  27.001  2.290  -21.501 1.0000000000
108203  27.238  1.283  -20.846 1.0000000000
109087  27.636  2.126  -20.683 1.0000000000
108191  27.700  1.213  -20.086 1.0000000000
110875  25.349  4.514  -19.446 0.7500000000
110893  26.713  4.387  -20.516 1.0000000000
110892  27.329  4.180  -20.662 1.0000000000
109984  27.975  3.416  -20.485 1.0000000000
109985  27.431  3.032  -21.066 1.0000000000
109966  27.785  2.838  -20.404 1.0000000000
110891  28.060  4.123  -20.587 1.0000000000
115740  25.912  10.157  -18.589 0.1250000000
115728  26.352  10.407  -17.777 0.1250000000
115741  25.576  9.991  -19.700 0.2500000000
116497  25.669  11.048  -19.479 0.1250000000
116508  25.433  10.873  -20.481 0.3750000000
117297  25.452  11.635  -21.059 0.5000000000
118139  25.817  12.228  -21.316 0.3750000000
117274  25.588  12.017  -19.260 0.2500000000
117284  25.458  11.866  -20.225 0.2500000000
118117  25.550  12.768  -19.995 0.2500000000
118906  25.857  13.510  -19.756 0.2500000000
118130  25.540  12.592  -20.819 0.2500000000
118911  26.140  14.144  -20.985 0.2500000000
118919  25.963  13.210  -21.111 0.3750000000
118912  25.735  13.473  -20.572 0.2500000000
118918  26.501  13.823  -21.192 0.3750000000
97026  22.649  -9.449  -17.534 0.1250000000
95952  26.838  -10.246  -21.168 1.0000000000
104165  24.439  -2.248  -21.142 0.8750000000
94706  22.856  -11.384  -18.005 0.1250000000
93569  23.506  -12.068  -19.736 0.6250000000
93568  23.924  -12.494  -20.549 0.7500000000
98048  22.428  -8.492  -18.007 0.1250000000
92372  24.693  -12.985  -21.079 1.0000000000
93598  25.845  -11.601  -22.160 1.0000000000
94741  26.690  -11.292  -22.070 1.0000000000
94720  27.420  -11.101  -20.754 1.0000000000
100054  22.599  -6.644  -18.301 0.3750000000
101132  22.736  -5.597  -18.043 0.2500000000
101131  27.669  -5.046  -19.339 0.8750000000
100067  27.465  -6.846  -19.205 0.8750000000
102160  27.744  -4.467  -18.974 0.8750000000
107182  24.682  0.564  -19.275 0.1250000000
104147  23.410  -2.210  -19.373 0.3750000000
106216  24.639  -0.575  -20.653 0.6250000000
105149  27.579  -1.526  -19.508 1.0000000000
109089  25.084  2.483  -19.638 0.5000000000
108192  24.893  1.434  -19.899 0.3750000000
107212  24.752  0.593  -20.246 0.8750000000
108190  28.215  1.211  -19.255 1.0000000000
109086  27.880  2.185  -19.814 1.0000000000
110894  25.961  4.640  -20.213 1.0000000000
111789  25.768  5.484  -20.502 0.8750000000
112621  26.733  6.265  -20.925 1.0000000000
111786  27.803  5.150  -20.724 1.0000000000
114907  26.854  8.855  -16.735 0.1250000000
114928  25.891  8.956  -18.760 0.1250000000
114950  24.765  9.377  -21.528 0.6250000000
116517  25.471  10.639  -21.284 0.6250000000
117308  26.149  11.628  -21.432 0.5000000000
116496  25.893  11.202  -18.489 0.2500000000
118138  26.429  12.746  -21.193 0.5000000000
117273  25.969  12.145  -18.374 0.2500000000
118103  25.830  12.850  -19.146 0.2500000000
118894  26.135  13.361  -19.173 0.1250000000
119730  26.556  14.810  -21.441 0.2500000000
118917  27.088  14.279  -21.435 0.3750000000
119729  26.967  15.310  -22.007 0.2500000000
118905  26.044  14.261  -20.310 0.1250000000
94721  23.131  -11.744  -18.919 0.5000000000
93584  24.653  -11.850  -21.084 0.7500000000
93599  25.547  -11.328  -21.907 1.0000000000
97070  24.270  -9.107  -21.234 1.0000000000
95967  24.901  -10.283  -21.357 1.0000000000
94754  26.256  -11.119  -22.121 1.0000000000
95964  26.694  -10.653  -21.791 1.0000000000
100086  23.270  -6.528  -20.567 0.8750000000
98094  26.202  -8.523  -21.119 1.0000000000
99098  24.841  -7.621  -21.869 1.0000000000
97059  26.436  -9.347  -20.980 1.0000000000
101146  22.860  -5.834  -18.974 0.3750000000
101156  23.339  -5.434  -20.518 0.8750000000
101169  23.896  -6.309  -21.733 1.0000000000
101179  24.211  -5.879  -22.085 1.0000000000
99082  25.527  -7.439  -21.358 1.0000000000
99097  25.330  -7.519  -21.581 1.0000000000
100100  25.395  -6.737  -21.455 1.0000000000
100085  25.995  -6.894  -20.796 1.0000000000
100068  26.843  -6.892  -19.684 1.0000000000
103182  23.451  -3.697  -20.688 0.6250000000
102208  23.725  -4.966  -21.832 1.0000000000
103195  24.376  -3.564  -21.802 1.0000000000
103207  24.864  -4.555  -22.146 1.0000000000
101155  26.429  -5.977  -20.464 1.0000000000
102180  26.279  -4.836  -20.881 1.0000000000
103193  25.921  -3.685  -21.334 1.0000000000
105161  26.029  -1.502  -21.181 1.0000000000
104175  24.708  -2.442  -21.521 1.0000000000
104163  27.226  -2.166  -19.657 1.0000000000
104156  27.191  -2.874  -19.599 1.0000000000
105150  23.891  -1.807  -20.027 0.6250000000
105157  24.327  -1.607  -20.532 0.7500000000
106228  24.810  -1.007  -21.171 1.0000000000
106227  25.276  -0.478  -21.232 1.0000000000
106214  26.460  -0.540  -20.972 1.0000000000
107217  25.922  0.439  -21.328 1.0000000000
107210  26.438  0.382  -21.288 1.0000000000
107196  28.136  0.083  -19.638 1.0000000000
109108  25.194  2.023  -20.207 0.7500000000
108206  25.264  1.438  -20.447 1.0000000000
108210  27.006  1.646  -21.358 1.0000000000
107218  25.542  0.515  -21.089 1.0000000000
109118  25.976  1.884  -21.349 1.0000000000
109117  26.527  2.557  -21.373 1.0000000000
109997  26.953  2.984  -21.400 1.0000000000
109105  27.315  2.100  -21.212 1.0000000000
109996  27.008  2.748  -21.482 1.0000000000
111787  27.062  5.168  -20.893 1.0000000000
111788  26.322  5.323  -20.778 1.0000000000
114918  26.472  9.267  -17.537 0.1250000000
114163  26.063  8.150  -17.703 0.1250000000
115752  25.216  9.815  -20.819 0.5000000000
117309  25.770  11.207  -21.492 0.7500000000
93543  22.775  -12.566  -17.574 0.1250000000
94705  22.914  -12.315  -18.367 0.1250000000
93583  25.298  -12.053  -21.724 1.0000000000
106188  24.626  0.051  -19.425 0.5000000000
106204  24.180  -0.994  -19.894 0.6250000000
106215  25.130  0.028  -20.990 0.8750000000
106203  24.463  -0.152  -19.850 0.8750000000
107211  25.187  0.561  -20.727 1.0000000000
108205  25.619  1.377  -20.970 1.0000000000
112607  26.999  6.874  -20.762 1.0000000000
114174  25.895  8.023  -18.438 0.3750000000
115769  25.470  9.573  -22.197 0.7500000000
115761  25.302  9.809  -21.655 0.7500000000
116526  26.067  10.620  -21.725 0.7500000000
118916  27.353  14.999  -21.771 0.2500000000
118910  27.717  13.898  -20.696 0.3750000000
89048  25.309  -16.312  -20.483 0.7500000000
89046  26.828  -16.457  -20.642 0.7500000000
89039  24.609  -16.331  -19.987 0.7500000000
90120  24.437  -15.407  -19.844 0.7500000000
89047  26.010  -16.403  -20.841 0.7500000000
90135  25.120  -15.379  -20.479 0.7500000000
90133  26.590  -15.440  -20.796 0.7500000000
90134  25.839  -15.428  -20.883 0.7500000000
92359  24.011  -13.651  -20.202 0.7500000000
91209  25.634  -14.490  -20.908 0.7500000000
91220  25.550  -13.634  -21.087 0.8750000000
91221  25.128  -13.448  -21.090 0.8750000000
91207  26.994  -14.399  -20.451 0.7500000000
91208  26.359  -14.339  -20.898 0.7500000000
92370  26.098  -12.913  -21.326 0.8750000000
92371  25.477  -12.891  -21.405 0.8750000000
92357  26.806  -13.210  -20.715 0.7500000000
92369  26.567  -12.693  -21.206 0.8750000000
93582  25.946  -12.340  -22.067 0.8750000000
93555  27.382  -12.251  -20.348 0.7500000000
93567  27.068  -12.125  -21.197 0.8750000000
94729  27.087  -11.252  -21.637 0.8750000000
94719  27.742  -11.340  -19.772 0.8750000000
95942  27.581  -10.362  -19.908 0.8750000000
95943  27.214  -10.142  -20.494 0.8750000000
97036  28.527  -9.579  -18.799 0.3750000000
97048  27.926  -9.528  -19.387 0.7500000000
97049  27.346  -9.465  -19.949 0.7500000000
97035  29.159  -9.592  -18.251 0.5000000000
98067  28.177  -8.670  -18.888 0.7500000000
98068  27.575  -8.634  -19.439 0.7500000000
99018  29.690  -7.735  -17.718 0.1250000000
99030  29.074  -7.802  -18.176 0.3750000000
99031  28.447  -7.821  -18.490 0.6250000000
99045  27.786  -7.755  -18.944 0.6250000000
99017  30.145  -7.810  -17.190 0.1250000000
100034  29.110  -6.706  -17.992 0.1250000000
101114  29.604  -5.543  -17.235 0.1250000000
100035  28.430  -6.176  -18.271 0.6250000000
102159  28.100  -4.557  -18.188 0.6250000000
101113  30.177  -6.064  -16.851 0.1250000000
101096  29.942  -4.907  -16.854 0.1250000000
102148  28.805  -4.528  -17.497 0.1250000000
103163  27.824  -3.596  -18.585 0.7500000000
103152  29.091  -3.499  -17.437 0.5000000000
103162  28.344  -3.587  -17.920 0.5000000000
104146  28.131  -2.885  -18.424 0.6250000000
111773  25.391  5.377  -19.972 0.6250000000
112609  25.228  6.197  -19.785 0.5000000000
112623  25.438  5.964  -20.409 0.7500000000
105127  28.789  -1.576  -17.556 0.6250000000
106185  28.310  -0.710  -18.884 0.6250000000
106165  28.834  -0.623  -17.383 0.5000000000
106174  28.506  -0.612  -18.066 0.6250000000
107181  28.524  0.254  -18.714 0.7500000000
112608  25.593  6.668  -20.394 0.7500000000
109965  28.205  3.235  -19.737 0.8750000000
109070  28.288  2.308  -18.726 0.8750000000
109949  28.645  3.117  -18.946 0.8750000000
109964  28.785  3.664  -19.289 0.8750000000
110873  28.549  4.194  -19.995 0.8750000000
107165  29.036  -0.101  -17.205 0.3750000000
107175  28.900  0.355  -17.763 0.5000000000
108173  28.630  1.220  -18.432 0.6250000000
107164  29.415  0.402  -16.913 0.2500000000
108162  28.992  1.356  -17.842 0.5000000000
113437  25.662  7.452  -20.515 0.6250000000
114198  25.827  8.371  -21.554 0.7500000000
112622  25.891  6.120  -20.829 0.8750000000
113448  25.937  7.133  -20.979 0.7500000000
111785  28.305  4.781  -20.326 0.8750000000
111772  28.306  5.528  -20.414 0.7500000000
111771  28.738  5.253  -19.801 0.8750000000
109069  28.815  2.812  -18.538 0.7500000000
108161  29.403  1.459  -17.276 0.3750000000
110861  29.132  4.381  -19.106 0.7500000000
108151  30.128  1.298  -16.672 0.2500000000
114199  25.211  8.363  -21.449 0.6250000000
113447  26.417  7.391  -20.825 0.8750000000
112606  27.809  6.446  -20.573 0.8750000000
113436  27.040  7.472  -20.622 0.7500000000
112605  28.510  5.960  -20.189 0.8750000000
111758  29.418  5.416  -18.846 0.7500000000
109948  29.182  3.413  -18.523 0.5000000000
109931  30.394  3.218  -17.081 0.2500000000
109938  29.721  3.255  -17.666 0.5000000000
109058  29.037  2.384  -17.905 0.5000000000
114187  25.226  8.257  -20.570 0.5000000000
114220  24.906  8.848  -22.439 0.5000000000
114959  25.949  8.986  -22.409 0.6250000000
114949  26.326  9.052  -21.823 0.7500000000
114185  27.037  8.369  -20.470 0.7500000000
114948  26.777  9.187  -21.139 0.7500000000
114184  27.525  8.411  -19.762 0.7500000000
113435  27.573  7.522  -20.118 0.7500000000
114938  27.189  9.290  -20.357 0.7500000000
113426  28.133  7.560  -19.522 0.7500000000
112592  28.677  6.474  -19.536 0.7500000000
111740  29.925  5.472  -17.880 0.5000000000
112576  29.405  6.454  -18.333 0.3750000000
110834  30.497  4.307  -17.064 0.2500000000
110849  30.193  4.868  -17.572 0.3750000000
115768  25.944  9.640  -22.214 0.6250000000
115759  26.834  10.118  -20.946 0.7500000000
114173  28.171  8.458  -19.080 0.7500000000
114172  28.869  8.507  -18.384 0.6250000000
113413  29.482  7.507  -17.890 0.3750000000
111722  30.973  5.133  -16.846 0.1250000000
112574  31.098  6.769  -17.108 0.1250000000
112575  30.223  6.361  -17.324 0.2500000000
115760  26.428  9.942  -21.645 0.6250000000
115751  27.262  10.235  -20.155 0.6250000000
114937  27.630  9.362  -19.532 0.7500000000
114927  28.172  9.427  -18.734 0.3750000000
113412  30.366  7.630  -17.454 0.2500000000
113425  28.765  7.488  -18.744 0.6250000000
112573  32.073  6.664  -17.326 0.1250000000
116516  26.445  10.885  -21.310 0.6250000000
116507  27.422  11.185  -20.048 0.3750000000
115750  27.641  10.336  -19.280 0.3750000000
114916  29.773  9.640  -17.837 0.2500000000
114926  28.878  9.514  -18.080 0.3750000000
114160  31.579  8.860  -17.899 0.1250000000
114162  29.633  8.594  -17.800 0.3750000000
118128  27.162  13.025  -20.860 0.3750000000
117296  26.579  11.816  -21.089 0.3750000000
116515  26.844  11.054  -20.682 0.3750000000
116506  27.805  11.341  -19.193 0.3750000000
116494  29.237  11.602  -17.819 0.3750000000
116495  28.391  11.496  -18.390 0.3750000000
115726  29.914  10.662  -17.759 0.3750000000
115739  28.110  10.437  -18.389 0.3750000000
114925  32.049  9.461  -18.326 0.1250000000
114161  30.551  8.713  -17.667 0.1250000000
114915  30.667  9.796  -17.784 0.2500000000
114159  32.241  8.456  -18.088 0.1250000000
118115  28.288  13.313  -19.417 0.2500000000
117272  28.778  12.510  -18.553 0.2500000000
117282  28.094  12.327  -19.271 0.3750000000
117283  27.641  12.148  -20.090 0.3750000000
117261  30.288  12.143  -17.373 0.1250000000
116483  30.083  11.587  -17.501 0.1250000000
115737  31.971  10.534  -18.419 0.1250000000
115725  30.729  10.819  -17.645 0.1250000000
118116  27.803  13.087  -20.078 0.3750000000
118100  29.025  13.560  -18.838 0.2500000000
117270  30.618  13.223  -17.922 0.1250000000
118099  29.878  13.817  -18.497 0.1250000000
118098  30.737  14.030  -18.581 0.1250000000
115736  32.383  11.061  -19.156 0.1250000000
116492  32.296  12.330  -19.121 0.1250000000
118889  30.894  14.998  -18.850 0.1250000000
117268  32.115  13.464  -19.230 0.1250000000
118097  31.540  14.189  -19.064 0.1250000000
116505  32.767  11.714  -20.015 0.1250000000
93581  26.671  -12.125  -21.860 0.8750000000
104145  28.600  -2.543  -17.936 0.6250000000
109051  29.888  2.337  -17.118 0.3750000000
114186  25.636  7.957  -21.010 0.6250000000
114197  26.479  8.337  -21.013 0.7500000000
110850  29.717  4.378  -17.962 0.5000000000
110835  29.997  3.806  -17.351 0.5000000000
114914  31.427  10.099  -17.938 0.1250000000
117271  29.740  12.687  -17.812 0.2500000000
100053  28.264  -6.785  -18.691 0.6250000000
101142  27.647  -6.227  -19.006 0.7500000000
104138  29.274  -2.559  -17.311 0.3750000000
106163  29.668  -0.578  -16.243 0.2500000000
116482  30.777  11.714  -17.472 0.1250000000
107163  30.129  0.313  -16.085 0.1250000000
86783  25.310  -17.743  -20.434 0.7500000000
86778  24.688  -17.917  -20.278 0.7500000000
89040  23.894  -16.372  -19.499 0.7500000000
87936  26.434  -17.778  -20.276 0.7500000000
87945  25.392  -17.204  -20.490 0.7500000000
89038  27.177  -16.854  -20.228 0.7500000000
91210  24.804  -14.230  -20.645 0.7500000000
90132  27.234  -15.424  -20.322 0.6250000000
92345  27.370  -13.353  -19.927 0.6250000000
94704  28.371  -11.447  -19.053 0.5000000000
95929  28.845  -10.536  -18.645 0.3750000000
95930  28.166  -10.468  -19.247 0.5000000000
98043  29.849  -8.639  -17.281 0.1250000000
99009  30.439  -7.556  -16.581 0.1250000000
100019  30.367  -6.550  -16.352 0.1250000000
101095  30.426  -5.344  -16.355 0.1250000000
102134  30.156  -4.378  -16.750 0.1250000000
102147  29.596  -4.381  -17.107 0.1250000000
104137  29.712  -2.475  -16.725 0.1250000000
105126  29.277  -1.881  -17.059 0.2500000000
105118  29.046  -1.254  -17.043 0.2500000000
113438  25.520  7.183  -19.683 0.5000000000
109050  30.892  2.268  -16.421 0.1250000000
109930  31.052  3.384  -16.527 0.1250000000
111721  31.661  5.263  -16.647 0.1250000000
114939  24.637  8.995  -20.828 0.3750000000
111720  32.322  5.632  -16.743 0.1250000000
112572  33.012  6.952  -17.791 0.1250000000
114924  32.485  9.733  -19.097 0.1250000000
114936  33.038  9.310  -19.803 0.1250000000
116485  26.349  11.313  -17.709 0.1250000000
118903  28.428  14.448  -20.035 0.2500000000
118902  29.116  15.035  -19.579 0.1250000000
119709  29.897  15.598  -19.361 0.1250000000
118114  31.944  14.284  -19.426 0.1250000000
118888  31.403  15.062  -19.200 0.1250000000
117281  32.635  12.992  -19.989 0.1250000000
116514  33.176  11.132  -20.844 0.1250000000
98083  27.106  -8.591  -20.081 0.7500000000
104154  28.009  -2.177  -18.419 0.7500000000
109968  25.271  3.512  -19.422 0.3750000000
93597  26.329  -11.725  -22.201 0.8750000000
101130  27.906  -5.566  -18.720 0.6250000000
112620  27.392  5.765  -20.905 0.8750000000
118129  26.778  12.420  -20.987 0.3750000000
118909  27.771  14.783  -21.273 0.1250000000
87937  24.765  -17.044  -20.209 0.7500000000
87944  26.108  -17.305  -20.600 0.7500000000
87943  26.769  -17.237  -20.430 0.7500000000
92360  23.505  -13.004  -19.864 0.6250000000
91219  26.031  -13.761  -21.019 0.8750000000
92358  26.348  -13.370  -20.968 0.8750000000
93554  27.927  -12.374  -19.526 0.6250000000
98057  28.800  -8.683  -18.403 0.5000000000
98056  29.374  -8.654  -17.922 0.2500000000
97022  29.604  -9.532  -17.657 0.1250000000
100052  28.785  -7.269  -18.388 0.3750000000
100033  30.032  -6.841  -17.216 0.1250000000
101115  28.578  -5.548  -17.877 0.5000000000
105137  28.318  -1.506  -18.277 0.6250000000
112593  28.140  7.047  -20.019 0.7500000000
111739  30.437  5.314  -17.281 0.1250000000
112557  30.633  5.692  -16.979 0.1250000000
112556  31.023  5.919  -16.830 0.1250000000
113410  32.213  7.758  -17.837 0.1250000000
112555  31.642  6.103  -16.790 0.1250000000
113411  31.293  7.702  -17.620 0.1250000000
117295  27.078  11.961  -20.674 0.3750000000
115738  28.962  10.548  -17.836 0.3750000000
114171  32.126  8.867  -18.194 0.1250000000
113424  32.586  8.058  -18.153 0.1250000000
114170  32.569  8.662  -18.568 0.1250000000
118891  29.226  14.406  -19.104 0.2500000000
118904  28.046  13.702  -20.077 0.2500000000
116481  31.253  12.146  -17.822 0.1250000000
116493  31.825  11.704  -18.422 0.1250000000
115724  31.399  11.161  -17.851 0.1250000000
118890  29.946  14.921  -19.076 0.1250000000
117269  31.491  13.005  -18.403 0.1250000000
115749  32.809  10.376  -20.043 0.1250000000
120598  30.701  16.158  -19.332 0.1250000000
86782  25.602  -17.614  -20.475 0.7500000000
86777  25.638  -18.157  -20.344 0.7500000000
87938  23.912  -17.386  -19.702 0.7500000000
86779  23.992  -18.080  -19.926 0.7500000000
92346  23.873  -14.176  -19.620 0.5000000000
91196  24.146  -14.593  -19.733 0.6250000000
103138  30.301  -3.888  -16.634 0.1250000000
103137  30.455  -3.415  -16.310 0.1250000000
103151  29.867  -3.444  -16.889 0.1250000000
110833  31.496  4.248  -16.333 0.1250000000
114183  32.940  8.853  -19.229 0.1250000000
87926  23.492  -17.781  -19.368 0.7500000000
90121  23.575  -15.545  -19.196 0.5000000000
85577  25.706  -19.176  -19.971 0.6250000000
86775  27.012  -18.014  -19.495 0.3750000000
89028  27.850  -16.746  -18.580 0.2500000000
89037  27.549  -16.639  -19.561 0.3750000000
114175  25.721  8.109  -19.342 0.2500000000
114929  25.193  9.029  -19.928 0.2500000000
90119  27.804  -15.505  -19.620 0.5000000000
91195  27.633  -14.451  -19.785 0.5000000000
86767  27.039  -18.434  -18.968 0.5000000000
86776  26.479  -18.425  -19.761 0.6250000000
85568  24.964  -19.917  -19.701 0.6250000000
90122  23.080  -16.075  -18.844 0.3750000000
87927  23.177  -17.596  -18.932 0.3750000000
85578  24.791  -18.978  -20.209 0.6250000000
86769  23.535  -18.366  -19.389 0.6250000000
84335  26.794  -19.850  -18.428 0.3750000000
85566  26.522  -19.330  -18.858 0.5000000000
85567  25.793  -19.721  -19.218 0.6250000000
90109  22.827  -15.574  -18.493 0.2500000000
86766  27.786  -18.427  -18.407 0.3750000000
87925  27.619  -17.735  -18.638 0.2500000000
90107  28.084  -15.977  -19.088 0.2500000000
91194  28.471  -14.534  -19.308 0.3750000000
93541  28.663  -12.404  -18.969 0.2500000000
94703  29.141  -11.528  -18.568 0.2500000000
106189  24.176  -0.706  -19.238 0.3750000000
105140  23.723  -1.518  -19.375 0.2500000000
102161  22.695  -4.508  -17.834 0.1250000000
93556  23.173  -12.830  -19.022 0.2500000000
87939  23.527  -16.973  -19.325 0.5000000000
87935  27.051  -17.557  -19.927 0.5000000000
89045  27.349  -16.192  -20.134 0.5000000000
90108  23.316  -15.094  -18.893 0.3750000000
85579  24.134  -18.596  -19.951 0.6250000000
91185  23.200  -14.586  -18.716 0.3750000000
92344  28.268  -13.438  -19.345 0.2500000000
85576  26.197  -19.110  -19.427 0.6250000000
87934  27.384  -17.538  -19.214 0.2500000000
86768  26.537  -18.823  -19.246 0.5000000000
85565  27.317  -19.341  -18.393 0.3750000000
89041  23.307  -16.534  -19.071 0.3750000000
90118  28.473  -15.342  -19.168 0.2500000000
92343  28.853  -13.788  -19.032 0.2500000000
100040  22.602  -6.487  -17.422 0.1250000000
84339  23.333  -20.346  -18.933 0.5000000000
84336  26.250  -20.185  -18.583 0.2500000000
84327  25.514  -21.178  -18.442 0.3750000000
84337  25.306  -20.666  -18.822 0.5000000000
84338  24.241  -20.561  -19.133 0.5000000000
83139  22.887  -20.858  -18.543 0.3750000000
85570  22.913  -19.467  -18.698 0.5000000000
85569  23.934  -19.490  -19.511 0.5000000000
83126  21.917  -21.567  -17.405 0.1250000000
86770  23.096  -18.499  -18.769 0.2500000000
82030  22.353  -22.667  -17.398 0.1250000000
83125  22.752  -21.676  -18.080 0.2500000000
83124  23.501  -21.975  -18.151 0.3750000000
84326  26.041  -21.007  -18.314 0.2500000000
82043  24.511  -21.980  -18.222 0.3750000000
83137  24.528  -21.364  -18.596 0.5000000000
83107  21.456  -21.849  -16.762 0.1250000000
83138  23.557  -21.274  -18.641 0.3750000000
85559  22.118  -20.365  -17.265 0.1250000000
86745  22.419  -18.873  -17.102 0.1250000000
105117  29.485  -1.511  -16.543 0.1250000000
89029  22.880  -16.655  -18.495 0.2500000000
84325  27.127  -20.549  -17.882 0.2500000000
84340  22.806  -20.317  -18.606 0.5000000000
83136  25.170  -21.342  -18.477 0.3750000000
85558  22.390  -19.580  -17.589 0.1250000000
84329  21.980  -20.850  -17.349 0.2500000000
84310  21.594  -20.873  -16.754 0.1250000000
84328  22.366  -20.581  -17.998 0.1250000000
86759  22.692  -18.589  -18.180 0.1250000000
82005  21.700  -22.460  -16.966 0.1250000000
83123  24.958  -21.776  -18.316 0.2500000000
82029  23.185  -22.649  -17.873 0.2500000000
82028  24.077  -22.567  -18.060 0.2500000000
83122  25.561  -21.686  -18.160 0.2500000000
82044  24.019  -21.811  -18.295 0.2500000000
92334  23.033  -13.756  -18.512 0.1250000000
110876  24.921  4.046  -18.982 0.1250000000
111759  25.099  5.478  -19.181 0.1250000000
110862  24.950  4.760  -18.664 0.1250000000
111742  25.211  5.562  -18.316 0.1250000000
112594  25.225  6.382  -18.839 0.1250000000
111741  25.503  5.569  -17.734 0.1250000000
113427  25.796  7.762  -18.010 0.1250000000
112578  25.367  6.392  -17.796 0.1250000000
112560  25.469  6.690  -17.312 0.1250000000
112558  26.896  6.381  -16.898 0.1250000000
109071  24.904  2.393  -18.769 0.1250000000
109950  24.984  3.311  -18.871 0.1250000000
104141  23.109  -2.552  -18.553 0.1250000000
91186  22.642  -14.593  -18.102 0.1250000000
109941  25.001  3.301  -18.219 0.1250000000
110853  24.943  3.928  -17.766 0.1250000000
110837  25.923  4.667  -17.161 0.1250000000
111723  26.552  5.532  -17.123 0.1250000000
113398  26.024  7.292  -16.908 0.1250000000
92347  23.531  -13.809  -19.305 0.1250000000
113428  25.478  7.347  -18.366 0.1250000000
105130  23.605  -1.562  -18.772 0.1250000000
93542  22.866  -13.029  -18.260 0.1250000000
92335  22.671  -13.664  -17.798 0.1250000000
110852  25.131  4.755  -17.762 0.1250000000
112577  25.729  5.991  -17.609 0.1250000000
113399  25.602  6.880  -17.098 0.1250000000
112559  25.930  6.356  -17.251 0.1250000000
109932  26.618  3.875  -17.216 0.1250000000
112545  27.767  6.242  -16.394 0.1250000000
85564  28.081  -19.072  -18.198 0.1250000000
87924  28.113  -17.571  -18.069 0.1250000000
89027  28.584  -16.627  -17.833 0.1250000000
90106  28.752  -15.683  -18.501 0.1250000000
91184  28.909  -14.908  -18.944 0.1250000000
91174  29.784  -14.768  -17.649 0.1250000000
91183  29.420  -14.629  -18.446 0.1250000000
91193  29.032  -14.281  -18.880 0.1250000000
92324  29.825  -13.735  -17.815 0.1250000000
92333  28.921  -13.134  -18.899 0.1250000000
93529  30.453  -12.857  -17.305 0.1250000000
93530  29.953  -12.678  -18.058 0.1250000000
94692  29.828  -11.699  -18.141 0.1250000000
82026  25.825  -22.357  -17.729 0.1250000000
82027  25.031  -22.449  -18.031 0.1250000000
83121  26.389  -21.622  -17.710 0.1250000000
85557  27.938  -19.732  -18.021 0.1250000000
86758  28.525  -18.422  -18.053 0.1250000000
87916  28.959  -17.568  -17.730 0.1250000000
90096  29.197  -15.991  -17.850 0.1250000000
90105  29.461  -15.373  -18.052 0.1250000000
90095  29.858  -15.778  -17.514 0.1250000000
92323  30.145  -14.042  -16.874 0.1250000000
94691  30.434  -11.771  -17.586 0.1250000000
95915  29.631  -10.600  -17.985 0.1250000000
93540  29.332  -12.495  -18.531 0.1250000000
92332  29.369  -13.535  -18.555 0.1250000000
83120  27.005  -21.374  -17.373 0.1250000000
80935  26.023  -22.823  -17.453 0.1250000000
83106  26.824  -21.943  -17.198 0.1250000000
94690  30.831  -12.067  -17.049 0.1250000000
91197  23.638  -14.642  -19.230 0.3750000000
94756  25.533  -10.814  -21.778 1.0000000000
95944  23.437  -9.802  -19.401 0.3750000000
95953  26.401  -9.780  -21.214 1.0000000000
95956  23.409  -10.318  -19.364 0.2500000000
95978  26.513  -10.839  -22.023 1.0000000000
97079  25.556  -9.303  -21.878 1.0000000000
98070  23.155  -8.539  -19.632 0.7500000000
98095  24.754  -8.733  -22.045 1.0000000000
100087  22.867  -6.837  -19.939 0.5000000000
100099  25.629  -6.972  -21.154 1.0000000000
102171  23.154  -4.413  -19.706 0.5000000000
102206  24.636  -5.087  -22.239 1.0000000000
102207  24.095  -4.968  -22.158 1.0000000000
103183  23.282  -3.531  -20.183 0.6250000000
104140  23.476  -1.983  -18.990 0.1250000000
106164  29.177  -0.603  -16.843 0.2500000000
106217  24.274  -1.248  -20.267 0.6250000000
107174  29.297  0.880  -17.523 0.3750000000
107198  24.608  0.655  -19.647 0.3750000000
108166  24.866  0.718  -18.888 0.1250000000
108175  24.735  0.694  -19.085 0.1250000000
108204  26.789  1.057  -21.161 1.0000000000
108212  25.896  1.157  -21.306 1.0000000000
109059  28.586  1.822  -18.112 0.5000000000
110851  25.558  5.151  -17.456 0.1250000000
110863  24.812  4.032  -18.342 0.1250000000
110874  28.267  3.737  -20.279 0.8750000000
110890  28.326  4.387  -20.325 0.8750000000
111724  25.858  5.556  -17.370 0.1250000000
113409  32.727  7.627  -18.029 0.1250000000
113415  25.365  7.126  -17.413 0.1250000000
114188  24.677  8.594  -20.942 0.5000000000
114200  24.737  8.524  -21.257 0.5000000000
114208  25.587  8.792  -22.460 0.6250000000
114209  25.255  8.591  -22.156 0.5000000000
114210  24.796  8.646  -21.863 0.5000000000
114218  25.537  8.918  -22.703 0.5000000000
114219  25.344  8.857  -22.640 0.5000000000
114940  24.539  8.747  -21.169 0.5000000000
114951  24.550  8.873  -21.475 0.6250000000
114960  24.959  9.426  -22.159 0.6250000000
114961  24.645  9.065  -22.050 0.6250000000
114969  25.678  9.098  -22.732 0.6250000000
114970  25.229  9.203  -22.575 0.5000000000
114971  24.862  9.152  -22.393 0.5000000000
115779  25.800  9.248  -22.576 0.6250000000
115780  25.643  9.315  -22.531 0.7500000000
116527  25.738  10.218  -21.733 0.7500000000
117259  31.077  12.763  -17.774 0.1250000000
117260  30.655  12.495  -17.506 0.1250000000
118096  31.989  14.017  -19.381 0.1250000000
118137  26.764  13.507  -21.208 0.5000000000
119708  30.395  15.753  -19.240 0.1250000000
119716  31.634  15.615  -19.558 0.1250000000
119717  29.835  16.018  -19.539 0.1250000000
120599  30.460  16.108  -19.365 0.1250000000
