#!ascii label  , from subject 4109 vox2ras=TkReg
191
100053  28.264  -6.785  -18.691 0.0000000000
89028  27.850  -16.746  -18.580 0.0000000000
105149  27.579  -1.526  -19.508 0.0000000000
114948  26.777  9.187  -21.139 0.0000000000
85576  26.197  -19.110  -19.427 0.0000000000
108162  28.992  1.356  -17.842 0.0000000000
110861  29.132  4.381  -19.106 0.0000000000
97049  27.346  -9.465  -19.949 0.0000000000
93554  27.927  -12.374  -19.526 0.0000000000
97035  29.159  -9.592  -18.251 0.0000000000
102147  29.596  -4.381  -17.107 0.0000000000
99017  30.145  -7.810  -17.190 0.0000000000
102160  27.744  -4.467  -18.974 0.0000000000
105127  28.789  -1.576  -17.556 0.0000000000
112606  27.809  6.446  -20.573 0.0000000000
113425  28.765  7.488  -18.744 0.0000000000
91184  28.909  -14.908  -18.944 0.0000000000
109949  28.645  3.117  -18.946 0.0000000000
110873  28.549  4.194  -19.995 0.0000000000
98068  27.575  -8.634  -19.439 0.0000000000
97036  28.527  -9.579  -18.799 0.0000000000
98057  28.800  -8.683  -18.403 0.0000000000
86775  27.012  -18.014  -19.495 0.0000000000
104155  27.577  -2.521  -18.991 0.0000000000
104146  28.131  -2.885  -18.424 0.0000000000
105137  28.318  -1.506  -18.277 0.0000000000
109051  29.888  2.337  -17.118 0.0000000000
108151  30.128  1.298  -16.672 0.0000000000
114198  25.827  8.371  -21.554 0.0000000000
112621  26.733  6.265  -20.925 0.0000000000
113436  27.040  7.472  -20.622 0.0000000000
116494  29.237  11.602  -17.819 0.0000000000
114926  28.878  9.514  -18.080 0.0000000000
114172  28.869  8.507  -18.384 0.0000000000
114162  29.633  8.594  -17.800 0.0000000000
113413  29.482  7.507  -17.890 0.0000000000
93540  29.332  -12.495  -18.531 0.0000000000
92343  28.853  -13.788  -19.032 0.0000000000
85567  25.793  -19.721  -19.218 0.0000000000
107181  28.524  0.254  -18.714 0.0000000000
108190  28.215  1.211  -19.255 0.0000000000
109069  28.815  2.812  -18.538 0.0000000000
110835  29.997  3.806  -17.351 0.0000000000
93555  27.382  -12.251  -20.348 0.0000000000
94719  27.742  -11.340  -19.772 0.0000000000
95929  28.845  -10.536  -18.645 0.0000000000
94692  29.828  -11.699  -18.141 0.0000000000
101115  28.578  -5.548  -17.877 0.0000000000
99018  29.690  -7.735  -17.718 0.0000000000
101113  30.177  -6.064  -16.851 0.0000000000
100067  27.465  -6.846  -19.205 0.0000000000
101143  27.178  -5.712  -19.675 0.0000000000
101130  27.906  -5.566  -18.720 0.0000000000
102159  28.100  -4.557  -18.188 0.0000000000
103152  29.091  -3.499  -17.437 0.0000000000
104128  29.903  -2.158  -16.229 0.0000000000
107165  29.036  -0.101  -17.205 0.0000000000
106163  29.668  -0.578  -16.243 0.0000000000
111786  27.803  5.150  -20.724 0.0000000000
114938  27.189  9.290  -20.357 0.0000000000
114184  27.525  8.411  -19.762 0.0000000000
112592  28.677  6.474  -19.536 0.0000000000
111771  28.738  5.253  -19.801 0.0000000000
111758  29.418  5.416  -18.846 0.0000000000
111740  29.925  5.472  -17.880 0.0000000000
90119  27.804  -15.505  -19.620 0.0000000000
92345  27.370  -13.353  -19.927 0.0000000000
98043  29.849  -8.639  -17.281 0.0000000000
95898  30.221  -10.666  -17.127 0.0000000000
109965  28.205  3.235  -19.737 0.0000000000
99045  27.786  -7.755  -18.944 0.0000000000
98067  28.177  -8.670  -18.888 0.0000000000
99031  28.447  -7.821  -18.490 0.0000000000
84337  25.306  -20.666  -18.822 0.0000000000
87934  27.384  -17.538  -19.214 0.0000000000
105148  27.881  -1.507  -18.881 0.0000000000
104154  28.009  -2.177  -18.419 0.0000000000
109931  30.394  3.218  -17.081 0.0000000000
114949  26.326  9.052  -21.823 0.0000000000
113447  26.417  7.391  -20.825 0.0000000000
114185  27.037  8.369  -20.470 0.0000000000
114916  29.773  9.640  -17.837 0.0000000000
93530  29.953  -12.678  -18.058 0.0000000000
92332  29.369  -13.535  -18.555 0.0000000000
87943  26.769  -17.237  -20.430 0.0000000000
109948  29.182  3.413  -18.523 0.0000000000
109938  29.721  3.255  -17.666 0.0000000000
110850  29.717  4.378  -17.962 0.0000000000
115768  25.944  9.640  -22.214 0.0000000000
95942  27.581  -10.362  -19.908 0.0000000000
94703  29.141  -11.528  -18.568 0.0000000000
95915  29.631  -10.600  -17.985 0.0000000000
101114  29.604  -5.543  -17.235 0.0000000000
99046  27.272  -7.741  -19.591 0.0000000000
102169  27.308  -4.488  -19.564 0.0000000000
101131  27.669  -5.046  -19.339 0.0000000000
104145  28.600  -2.543  -17.936 0.0000000000
103162  28.344  -3.587  -17.920 0.0000000000
104138  29.274  -2.559  -17.311 0.0000000000
104137  29.712  -2.475  -16.725 0.0000000000
105126  29.277  -1.881  -17.059 0.0000000000
106174  28.506  -0.612  -18.066 0.0000000000
107175  28.900  0.355  -17.763 0.0000000000
107164  29.415  0.402  -16.913 0.0000000000
112607  26.999  6.874  -20.762 0.0000000000
111787  27.062  5.168  -20.893 0.0000000000
112620  27.392  5.765  -20.905 0.0000000000
115739  28.110  10.437  -18.389 0.0000000000
116495  28.391  11.496  -18.390 0.0000000000
114937  27.630  9.362  -19.532 0.0000000000
114173  28.171  8.458  -19.080 0.0000000000
113426  28.133  7.560  -19.522 0.0000000000
112576  29.405  6.454  -18.333 0.0000000000
113412  30.366  7.630  -17.454 0.0000000000
112575  30.223  6.361  -17.324 0.0000000000
111739  30.437  5.314  -17.281 0.0000000000
90132  27.234  -15.424  -20.322 0.0000000000
91193  29.032  -14.281  -18.880 0.0000000000
91194  28.471  -14.534  -19.308 0.0000000000
90118  28.473  -15.342  -19.168 0.0000000000
109086  27.880  2.185  -19.814 0.0000000000
109964  28.785  3.664  -19.289 0.0000000000
97048  27.926  -9.528  -19.387 0.0000000000
86776  26.479  -18.425  -19.761 0.0000000000
86768  26.537  -18.823  -19.246 0.0000000000
86767  27.039  -18.434  -18.968 0.0000000000
86766  27.786  -18.427  -18.407 0.0000000000
101096  29.942  -4.907  -16.854 0.0000000000
103173  27.416  -3.589  -19.258 0.0000000000
103163  27.824  -3.596  -18.585 0.0000000000
108161  29.403  1.459  -17.276 0.0000000000
115738  28.962  10.548  -17.836 0.0000000000
114927  28.172  9.427  -18.734 0.0000000000
93541  28.663  -12.404  -18.969 0.0000000000
92333  28.921  -13.134  -18.899 0.0000000000
85568  24.964  -19.917  -19.701 0.0000000000
85577  25.706  -19.176  -19.971 0.0000000000
87936  26.434  -17.778  -20.276 0.0000000000
87935  27.051  -17.557  -19.927 0.0000000000
89037  27.549  -16.639  -19.561 0.0000000000
106201  28.063  -0.917  -19.476 0.0000000000
106185  28.310  -0.710  -18.884 0.0000000000
107196  28.136  0.083  -19.638 0.0000000000
108173  28.630  1.220  -18.432 0.0000000000
109070  28.288  2.308  -18.726 0.0000000000
109058  29.037  2.384  -17.905 0.0000000000
110834  30.497  4.307  -17.064 0.0000000000
114959  25.949  8.986  -22.409 0.0000000000
115760  26.428  9.942  -21.645 0.0000000000
94704  28.371  -11.447  -19.053 0.0000000000
95930  28.166  -10.468  -19.247 0.0000000000
100035  28.430  -6.176  -18.271 0.0000000000
100052  28.785  -7.269  -18.388 0.0000000000
100034  29.110  -6.706  -17.992 0.0000000000
100033  30.032  -6.841  -17.216 0.0000000000
99009  30.439  -7.556  -16.581 0.0000000000
101142  27.647  -6.227  -19.006 0.0000000000
102148  28.805  -4.528  -17.497 0.0000000000
103151  29.867  -3.444  -16.889 0.0000000000
104136  30.090  -2.724  -16.323 0.0000000000
106165  28.834  -0.623  -17.383 0.0000000000
105118  29.046  -1.254  -17.043 0.0000000000
105117  29.485  -1.511  -16.543 0.0000000000
111785  28.305  4.781  -20.326 0.0000000000
115759  26.834  10.118  -20.946 0.0000000000
115751  27.262  10.235  -20.155 0.0000000000
113435  27.573  7.522  -20.118 0.0000000000
112593  28.140  7.047  -20.019 0.0000000000
112605  28.510  5.960  -20.189 0.0000000000
111772  28.306  5.528  -20.414 0.0000000000
110849  30.193  4.868  -17.572 0.0000000000
89045  27.349  -16.192  -20.134 0.0000000000
92344  28.268  -13.438  -19.345 0.0000000000
91195  27.633  -14.451  -19.785 0.0000000000
90107  28.084  -15.977  -19.088 0.0000000000
99030  29.074  -7.802  -18.176 0.0000000000
98056  29.374  -8.654  -17.922 0.0000000000
97022  29.604  -9.532  -17.657 0.0000000000
98031  30.080  -8.940  -16.639 0.0000000000
97012  29.943  -9.603  -17.073 0.0000000000
95899  29.824  -10.108  -17.459 0.0000000000
95914  30.021  -11.201  -17.704 0.0000000000
103150  30.026  -3.024  -16.567 0.0000000000
106164  29.177  -0.603  -16.843 0.0000000000
107174  29.297  0.880  -17.523 0.0000000000
109059  28.586  1.822  -18.112 0.0000000000
110874  28.267  3.737  -20.279 0.0000000000
110890  28.326  4.387  -20.325 0.0000000000
114208  25.587  8.792  -22.460 0.0000000000
114969  25.678  9.098  -22.732 0.0000000000
115779  25.800  9.248  -22.576 0.0000000000
