#!ascii label  , from subject 4109 vox2ras=TkReg
506
78630  23.527  -25.762  -17.045 0.1428571492
77549  23.168  -26.825  -17.381 0.1428571492
79769  23.877  -24.821  -17.231 0.1428571492
77548  24.081  -26.674  -17.042 0.1428571492
78629  24.378  -25.616  -16.799 0.1428571492
80938  23.725  -23.428  -17.749 0.5714285970
79768  24.789  -24.438  -17.105 0.1428571492
80913  26.333  -23.401  -17.116 0.2857142985
80914  25.346  -23.788  -17.257 0.2857142985
82004  27.082  -22.630  -16.999 0.1428571492
84325  27.127  -20.549  -17.882 0.2857142985
83120  27.005  -21.374  -17.373 0.2857142985
86758  28.525  -18.422  -18.053 0.2857142985
85557  27.938  -19.732  -18.021 0.2857142985
87924  28.113  -17.571  -18.069 0.2857142985
90105  29.461  -15.373  -18.052 0.2857142985
92332  29.369  -13.535  -18.555 0.8571428657
91183  29.420  -14.629  -18.446 0.4285714328
90096  29.197  -15.991  -17.850 0.2857142985
94692  29.828  -11.699  -18.141 0.7142857313
93530  29.953  -12.678  -18.058 0.7142857313
95898  30.221  -10.666  -17.127 0.8571428657
95914  30.021  -11.201  -17.704 0.5714285970
95915  29.631  -10.600  -17.985 0.8571428657
93540  29.332  -12.495  -18.531 0.7142857313
98042  30.257  -8.295  -16.789 0.4285714328
97012  29.943  -9.603  -17.073 0.7142857313
95899  29.824  -10.108  -17.459 0.8571428657
100019  30.367  -6.550  -16.352 0.2857142985
101113  30.177  -6.064  -16.851 0.5714285970
98043  29.849  -8.639  -17.281 0.8571428657
99017  30.145  -7.810  -17.190 0.7142857313
101072  30.800  -4.749  -16.062 0.1428571492
100018  30.791  -6.014  -15.811 0.1428571492
101095  30.426  -5.344  -16.355 0.4285714328
100033  30.032  -6.841  -17.216 0.5714285970
99018  29.690  -7.735  -17.718 0.8571428657
103118  31.053  -3.298  -15.578 0.1428571492
101071  31.280  -5.161  -15.589 0.1428571492
105107  30.787  -1.524  -15.501 0.1428571492
104114  31.365  -2.343  -15.493 0.1428571492
104127  30.477  -2.448  -15.832 0.1428571492
103137  30.455  -3.415  -16.310 0.1428571492
103138  30.301  -3.888  -16.634 0.4285714328
101096  29.942  -4.907  -16.854 0.5714285970
101114  29.604  -5.543  -17.235 0.7142857313
100034  29.110  -6.706  -17.992 0.8571428657
106151  30.212  -0.630  -15.499 0.1428571492
104128  29.903  -2.158  -16.229 0.1428571492
104136  30.090  -2.724  -16.323 0.5714285970
102147  29.596  -4.381  -17.107 0.8571428657
107153  30.648  0.240  -15.299 0.1428571492
105116  30.013  -1.499  -15.892 0.1428571492
105117  29.485  -1.511  -16.543 0.8571428657
103151  29.867  -3.444  -16.889 0.8571428657
103152  29.091  -3.499  -17.437 0.8571428657
109050  30.892  2.268  -16.421 0.1428571492
109049  31.309  2.883  -16.148 0.1428571492
107163  30.129  0.313  -16.085 0.4285714328
107165  29.036  -0.101  -17.205 0.8571428657
105118  29.046  -1.254  -17.043 0.8571428657
104138  29.274  -2.559  -17.311 0.8571428657
103162  28.344  -3.587  -17.920 0.8571428657
108151  30.128  1.298  -16.672 0.4285714328
106165  28.834  -0.623  -17.383 0.8571428657
105127  28.789  -1.576  -17.556 0.8571428657
109930  31.052  3.384  -16.527 0.2857142985
109051  29.888  2.337  -17.118 0.8571428657
107164  29.415  0.402  -16.913 0.8571428657
107175  28.900  0.355  -17.763 0.8571428657
106174  28.506  -0.612  -18.066 0.8571428657
110834  30.497  4.307  -17.064 0.2857142985
109931  30.394  3.218  -17.081 0.7142857313
108162  28.992  1.356  -17.842 0.8571428657
108173  28.630  1.220  -18.432 0.8571428657
109938  29.721  3.255  -17.666 0.8571428657
109058  29.037  2.384  -17.905 0.8571428657
109069  28.815  2.812  -18.538 0.7142857313
109070  28.288  2.308  -18.726 0.7142857313
110835  29.997  3.806  -17.351 0.8571428657
110850  29.717  4.378  -17.962 0.8571428657
110861  29.132  4.381  -19.106 0.8571428657
109949  28.645  3.117  -18.946 0.7142857313
112575  30.223  6.361  -17.324 0.7142857313
111740  29.925  5.472  -17.880 0.8571428657
112576  29.405  6.454  -18.333 0.8571428657
113425  28.765  7.488  -18.744 0.7142857313
109948  29.182  3.413  -18.523 0.8571428657
111758  29.418  5.416  -18.846 0.8571428657
114914  31.427  10.099  -17.938 0.1428571492
113413  29.482  7.507  -17.890 0.7142857313
114172  28.869  8.507  -18.384 0.7142857313
116482  30.777  11.714  -17.472 0.1428571492
114916  29.773  9.640  -17.837 0.5714285970
114926  28.878  9.514  -18.080 0.5714285970
115739  28.110  10.437  -18.389 0.5714285970
115726  29.914  10.662  -17.759 0.1428571492
117269  31.491  13.005  -18.403 0.1428571492
116495  28.391  11.496  -18.390 0.5714285970
118098  30.737  14.030  -18.581 0.1428571492
118097  31.540  14.189  -19.064 0.1428571492
117271  29.740  12.687  -17.812 0.1428571492
118888  31.403  15.062  -19.200 0.1428571492
116494  29.237  11.602  -17.819 0.5714285970
118889  30.894  14.998  -18.850 0.1428571492
118890  29.946  14.921  -19.076 0.1428571492
119707  31.098  15.757  -19.143 0.1428571492
76285  23.804  -27.621  -17.342 0.1428571492
77566  22.985  -27.308  -17.533 0.1428571492
78628  25.370  -25.450  -16.482 0.1428571492
79767  25.834  -24.435  -16.717 0.2857142985
80915  24.929  -23.904  -17.344 0.2857142985
84308  27.865  -20.966  -17.047 0.2857142985
84309  27.356  -21.146  -17.306 0.2857142985
83106  26.824  -21.943  -17.198 0.1428571492
90106  28.752  -15.683  -18.501 0.2857142985
89027  28.584  -16.627  -17.833 0.2857142985
92324  29.825  -13.735  -17.815 0.4285714328
91184  28.909  -14.908  -18.944 0.5714285970
92333  28.921  -13.134  -18.899 0.7142857313
99009  30.439  -7.556  -16.581 0.1428571492
98056  29.374  -8.654  -17.922 0.8571428657
106150  31.044  -0.680  -15.145 0.1428571492
104137  29.712  -2.475  -16.725 0.8571428657
104145  28.600  -2.543  -17.936 0.8571428657
114162  29.633  8.594  -17.800 0.7142857313
117270  30.618  13.223  -17.922 0.1428571492
119722  32.412  15.967  -20.656 0.1428571492
76300  22.786  -27.553  -17.502 0.1428571492
80935  26.023  -22.823  -17.453 0.2857142985
80937  24.692  -23.491  -17.650 0.2857142985
84324  28.307  -20.242  -17.511 0.2857142985
85556  28.807  -19.398  -17.957 0.2857142985
85565  27.317  -19.341  -18.393 0.2857142985
85564  28.081  -19.072  -18.198 0.2857142985
91193  29.032  -14.281  -18.880 0.7142857313
106149  31.895  -0.634  -15.237 0.1428571492
108140  31.244  0.931  -15.266 0.1428571492
108150  30.750  1.100  -15.919 0.2857142985
109038  31.326  1.622  -15.649 0.1428571492
106163  29.668  -0.578  -16.243 0.8571428657
102148  28.805  -4.528  -17.497 0.8571428657
101115  28.578  -5.548  -17.877 1.0000000000
110833  31.496  4.248  -16.333 0.1428571492
111722  30.973  5.133  -16.846 0.2857142985
108190  28.215  1.211  -19.255 0.8571428657
111739  30.437  5.314  -17.281 0.5714285970
113412  30.366  7.630  -17.454 0.5714285970
114161  30.551  8.713  -17.667 0.2857142985
114915  30.667  9.796  -17.784 0.1428571492
115725  30.729  10.819  -17.645 0.1428571492
116483  30.083  11.587  -17.501 0.1428571492
117272  28.778  12.510  -18.553 0.2857142985
116481  31.253  12.146  -17.822 0.1428571492
118099  29.878  13.817  -18.497 0.1428571492
118100  29.025  13.560  -18.838 0.1428571492
118891  29.226  14.406  -19.104 0.1428571492
120598  30.701  16.158  -19.332 0.1428571492
119709  29.897  15.598  -19.361 0.1428571492
120606  31.176  16.611  -19.704 0.1428571492
112557  30.633  5.692  -16.979 0.4285714328
112574  31.098  6.769  -17.108 0.4285714328
77567  22.768  -27.184  -17.382 0.1428571492
79770  23.081  -24.753  -17.043 0.2857142985
79797  24.108  -24.110  -17.560 0.5714285970
80936  25.544  -23.063  -17.571 0.1428571492
82025  26.409  -22.464  -17.372 0.1428571492
94703  29.141  -11.528  -18.568 0.7142857313
98031  30.080  -8.940  -16.639 0.8571428657
97022  29.604  -9.532  -17.657 0.8571428657
102113  30.974  -4.191  -15.891 0.1428571492
102134  30.156  -4.378  -16.750 0.1428571492
105126  29.277  -1.881  -17.059 0.8571428657
108161  29.403  1.459  -17.276 0.8571428657
107181  28.524  0.254  -18.714 0.8571428657
110849  30.193  4.868  -17.572 0.8571428657
115738  28.962  10.548  -17.836 0.5714285970
117268  32.115  13.464  -19.230 0.1428571492
118901  31.845  14.765  -19.506 0.1428571492
118114  31.944  14.284  -19.426 0.1428571492
117261  30.288  12.143  -17.373 0.1428571492
83104  28.438  -21.799  -16.836 0.1428571492
82027  25.031  -22.449  -18.031 0.4285714328
86766  27.786  -18.427  -18.407 0.5714285970
86768  26.537  -18.823  -19.246 0.5714285970
85576  26.197  -19.110  -19.427 0.5714285970
85568  24.964  -19.917  -19.701 0.2857142985
86775  27.012  -18.014  -19.495 0.5714285970
86776  26.479  -18.425  -19.761 0.5714285970
84338  24.241  -20.561  -19.133 0.4285714328
85578  24.791  -18.978  -20.209 0.2857142985
86777  25.638  -18.157  -20.344 0.4285714328
89028  27.850  -16.746  -18.580 0.4285714328
89037  27.549  -16.639  -19.561 0.5714285970
87943  26.769  -17.237  -20.430 0.5714285970
87944  26.108  -17.305  -20.600 0.4285714328
90107  28.084  -15.977  -19.088 0.5714285970
90119  27.804  -15.505  -19.620 0.5714285970
89038  27.177  -16.854  -20.228 0.4285714328
90132  27.234  -15.424  -20.322 0.4285714328
91194  28.471  -14.534  -19.308 0.4285714328
86778  24.688  -17.917  -20.278 0.2857142985
85579  24.134  -18.596  -19.951 0.2857142985
89046  26.828  -16.457  -20.642 0.4285714328
90118  28.473  -15.342  -19.168 0.7142857313
92344  28.268  -13.438  -19.345 0.7142857313
92345  27.370  -13.353  -19.927 0.4285714328
93554  27.927  -12.374  -19.526 0.7142857313
93555  27.382  -12.251  -20.348 0.5714285970
94719  27.742  -11.340  -19.772 0.7142857313
94720  27.420  -11.101  -20.754 0.2857142985
92343  28.853  -13.788  -19.032 0.5714285970
93541  28.663  -12.404  -18.969 0.5714285970
95930  28.166  -10.468  -19.247 0.7142857313
95942  27.581  -10.362  -19.908 0.7142857313
97048  27.926  -9.528  -19.387 0.7142857313
97049  27.346  -9.465  -19.949 0.7142857313
95943  27.214  -10.142  -20.494 0.4285714328
98083  27.106  -8.591  -20.081 0.4285714328
94704  28.371  -11.447  -19.053 0.5714285970
95929  28.845  -10.536  -18.645 0.5714285970
97036  28.527  -9.579  -18.799 0.5714285970
98067  28.177  -8.670  -18.888 0.7142857313
98068  27.575  -8.634  -19.439 0.7142857313
100067  27.465  -6.846  -19.205 0.7142857313
99046  27.272  -7.741  -19.591 0.7142857313
101143  27.178  -5.712  -19.675 0.5714285970
98057  28.800  -8.683  -18.403 0.5714285970
99031  28.447  -7.821  -18.490 0.7142857313
100053  28.264  -6.785  -18.691 0.8571428657
99065  26.806  -7.732  -20.204 0.4285714328
101130  27.906  -5.566  -18.720 0.7142857313
101131  27.669  -5.046  -19.339 0.7142857313
99030  29.074  -7.802  -18.176 0.5714285970
99045  27.786  -7.755  -18.944 0.7142857313
100035  28.430  -6.176  -18.271 0.8571428657
102159  28.100  -4.557  -18.188 0.8571428657
102160  27.744  -4.467  -18.974 0.7142857313
102169  27.308  -4.488  -19.564 0.5714285970
104156  27.191  -2.874  -19.599 0.2857142985
105149  27.579  -1.526  -19.508 0.7142857313
103163  27.824  -3.596  -18.585 0.8571428657
103173  27.416  -3.589  -19.258 0.8571428657
106185  28.310  -0.710  -18.884 0.8571428657
104146  28.131  -2.885  -18.424 0.8571428657
105148  27.881  -1.507  -18.881 0.5714285970
106201  28.063  -0.917  -19.476 0.7142857313
105137  28.318  -1.506  -18.277 0.8571428657
107196  28.136  0.083  -19.638 0.8571428657
110873  28.549  4.194  -19.995 0.7142857313
111771  28.738  5.253  -19.801 0.7142857313
112592  28.677  6.474  -19.536 0.8571428657
111772  28.306  5.528  -20.414 0.7142857313
113435  27.573  7.522  -20.118 0.7142857313
113436  27.040  7.472  -20.622 0.5714285970
113426  28.133  7.560  -19.522 0.7142857313
114184  27.525  8.411  -19.762 0.7142857313
114185  27.037  8.369  -20.470 0.5714285970
114173  28.171  8.458  -19.080 0.5714285970
113447  26.417  7.391  -20.825 0.5714285970
114938  27.189  9.290  -20.357 0.5714285970
114948  26.777  9.187  -21.139 0.5714285970
114197  26.479  8.337  -21.013 0.4285714328
114198  25.827  8.371  -21.554 0.5714285970
114949  26.326  9.052  -21.823 0.5714285970
115751  27.262  10.235  -20.155 0.5714285970
114186  25.636  7.957  -21.010 0.4285714328
112623  25.438  5.964  -20.409 0.4285714328
114959  25.949  8.986  -22.409 0.5714285970
115752  25.216  9.815  -20.819 0.4285714328
97035  29.159  -9.592  -18.251 0.5714285970
115761  25.302  9.809  -21.655 0.2857142985
114950  24.765  9.377  -21.528 0.4285714328
114939  24.637  8.995  -20.828 0.2857142985
85567  25.793  -19.721  -19.218 0.5714285970
84337  25.306  -20.666  -18.822 0.5714285970
87925  27.619  -17.735  -18.638 0.2857142985
86782  25.602  -17.614  -20.475 0.4285714328
87945  25.392  -17.204  -20.490 0.2857142985
93529  30.453  -12.857  -17.305 0.2857142985
93567  27.068  -12.125  -21.197 0.2857142985
104155  27.577  -2.521  -18.991 0.7142857313
109964  28.785  3.664  -19.289 0.7142857313
109965  28.205  3.235  -19.737 0.7142857313
112593  28.140  7.047  -20.019 0.7142857313
112607  26.999  6.874  -20.762 0.5714285970
114927  28.172  9.427  -18.734 0.5714285970
114937  27.630  9.362  -19.532 0.5714285970
115760  26.428  9.942  -21.645 0.5714285970
90133  26.590  -15.440  -20.796 0.4285714328
100052  28.785  -7.269  -18.388 0.7142857313
104154  28.009  -2.177  -18.419 0.7142857313
86767  27.039  -18.434  -18.968 0.5714285970
85566  26.522  -19.330  -18.858 0.4285714328
85577  25.706  -19.176  -19.971 0.5714285970
87934  27.384  -17.538  -19.214 0.5714285970
87936  26.434  -17.778  -20.276 0.5714285970
87935  27.051  -17.557  -19.927 0.5714285970
86783  25.310  -17.743  -20.434 0.4285714328
89045  27.349  -16.192  -20.134 0.5714285970
89047  26.010  -16.403  -20.841 0.4285714328
91195  27.633  -14.451  -19.785 0.5714285970
91207  26.994  -14.399  -20.451 0.4285714328
92357  26.806  -13.210  -20.715 0.4285714328
101142  27.647  -6.227  -19.006 0.7142857313
101154  26.705  -6.356  -20.010 0.2857142985
103174  26.883  -3.603  -19.818 0.2857142985
115759  26.834  10.118  -20.946 0.7142857313
115768  25.944  9.640  -22.214 0.5714285970
114220  24.906  8.848  -22.439 0.4285714328
89048  25.309  -16.312  -20.483 0.1428571492
79798  23.460  -24.111  -17.394 0.4285714328
86757  29.397  -18.482  -17.815 0.1428571492
87916  28.959  -17.568  -17.730 0.1428571492
91174  29.784  -14.768  -17.649 0.1428571492
89019  29.471  -16.703  -17.640 0.1428571492
87915  29.887  -17.599  -17.630 0.1428571492
91173  30.168  -15.087  -17.084 0.1428571492
94690  30.831  -12.067  -17.049 0.2857142985
121515  29.291  17.585  -20.342 0.1428571492
108191  27.700  1.213  -20.086 0.4285714328
118902  29.116  15.035  -19.579 0.1428571492
109966  27.785  2.838  -20.404 0.4285714328
110891  28.060  4.123  -20.587 0.4285714328
118917  27.088  14.279  -21.435 0.2857142985
117295  27.078  11.961  -20.674 0.2857142985
116507  27.422  11.185  -20.048 0.2857142985
109997  26.953  2.984  -21.400 0.1428571492
111785  28.305  4.781  -20.326 0.5714285970
112605  28.510  5.960  -20.189 0.5714285970
118138  26.429  12.746  -21.193 0.2857142985
115750  27.641  10.336  -19.280 0.4285714328
110892  27.329  4.180  -20.662 0.4285714328
112620  27.392  5.765  -20.905 0.5714285970
117296  26.579  11.816  -21.089 0.2857142985
110893  26.713  4.387  -20.516 0.4285714328
111788  26.322  5.323  -20.778 0.2857142985
117309  25.770  11.207  -21.492 0.1428571492
116526  26.067  10.620  -21.725 0.1428571492
117308  26.149  11.628  -21.432 0.1428571492
110894  25.961  4.640  -20.213 0.1428571492
112622  25.891  6.120  -20.829 0.4285714328
116517  25.471  10.639  -21.284 0.1428571492
117297  25.452  11.635  -21.059 0.1428571492
118139  25.817  12.228  -21.316 0.1428571492
111789  25.768  5.484  -20.502 0.2857142985
114928  25.891  8.956  -18.760 0.1428571492
116508  25.433  10.873  -20.481 0.1428571492
115741  25.576  9.991  -19.700 0.1428571492
116497  25.669  11.048  -19.479 0.1428571492
117284  25.458  11.866  -20.225 0.1428571492
116496  25.893  11.202  -18.489 0.1428571492
83125  22.752  -21.676  -18.080 0.2857142985
90095  29.858  -15.778  -17.514 0.1428571492
92323  30.145  -14.042  -16.874 0.1428571492
109086  27.880  2.185  -19.814 0.2857142985
116506  27.805  11.341  -19.193 0.2857142985
118128  27.162  13.025  -20.860 0.2857142985
118130  25.540  12.592  -20.819 0.2857142985
82029  23.185  -22.649  -17.873 0.2857142985
83105  27.490  -21.770  -16.989 0.1428571492
84323  29.303  -20.173  -17.416 0.1428571492
109986  26.738  3.240  -20.900 0.2857142985
118918  26.501  13.823  -21.192 0.2857142985
117283  27.641  12.148  -20.090 0.2857142985
118116  27.803  13.087  -20.078 0.2857142985
118910  27.717  13.898  -20.696 0.2857142985
118909  27.771  14.783  -21.273 0.1428571492
119728  27.526  15.576  -21.717 0.1428571492
119718  29.369  15.707  -19.662 0.1428571492
118919  25.963  13.210  -21.111 0.2857142985
119719  28.712  15.580  -20.201 0.1428571492
120609  28.902  16.114  -20.119 0.1428571492
118903  28.428  14.448  -20.035 0.1428571492
97011  30.478  -9.699  -16.440 0.2857142985
117282  28.094  12.327  -19.271 0.4285714328
118115  28.288  13.313  -19.417 0.2857142985
118904  28.046  13.702  -20.077 0.1428571492
82028  24.077  -22.567  -18.060 0.4285714328
94691  30.434  -11.771  -17.586 0.4285714328
109984  27.975  3.416  -20.485 0.4285714328
111786  27.803  5.150  -20.724 0.5714285970
112606  27.809  6.446  -20.573 0.5714285970
115769  25.470  9.573  -22.197 0.4285714328
114929  25.193  9.029  -19.928 0.2857142985
112621  26.733  6.265  -20.925 0.5714285970
116516  26.445  10.885  -21.310 0.2857142985
118129  26.778  12.420  -20.987 0.2857142985
116515  26.844  11.054  -20.682 0.2857142985
111787  27.062  5.168  -20.893 0.4285714328
82030  22.353  -22.667  -17.398 0.2857142985
108203  27.238  1.283  -20.846 0.2857142985
119723  28.144  15.559  -21.021 0.1428571492
100068  26.843  -6.892  -19.684 0.4285714328
118905  26.044  14.261  -20.310 0.1428571492
119720  26.363  15.100  -19.999 0.1428571492
117273  25.969  12.145  -18.374 0.1428571492
118893  26.506  13.994  -19.295 0.1428571492
118912  25.735  13.473  -20.572 0.1428571492
118911  26.140  14.144  -20.985 0.1428571492
118103  25.830  12.850  -19.146 0.1428571492
118102  26.501  12.991  -18.489 0.1428571492
118906  25.857  13.510  -19.756 0.1428571492
119712  26.940  14.981  -19.199 0.1428571492
118894  26.135  13.361  -19.173 0.1428571492
118084  27.337  13.143  -17.820 0.1428571492
118085  26.953  12.584  -17.890 0.1428571492
118892  27.213  14.145  -18.564 0.1428571492
120618  26.528  15.946  -20.620 0.1428571492
119730  26.556  14.810  -21.441 0.1428571492
119724  26.167  15.102  -20.946 0.1428571492
120624  26.626  15.942  -21.597 0.1428571492
118101  26.861  13.593  -18.522 0.1428571492
84327  25.514  -21.178  -18.442 0.4285714328
84326  26.041  -21.007  -18.314 0.2857142985
83121  26.389  -21.622  -17.710 0.1428571492
84336  26.250  -20.185  -18.583 0.2857142985
84335  26.794  -19.850  -18.428 0.2857142985
83123  24.958  -21.776  -18.316 0.2857142985
83136  25.170  -21.342  -18.477 0.4285714328
83122  25.561  -21.686  -18.160 0.2857142985
82044  24.019  -21.811  -18.295 0.2857142985
83124  23.501  -21.975  -18.151 0.2857142985
82043  24.511  -21.980  -18.222 0.2857142985
83138  23.557  -21.274  -18.641 0.2857142985
83137  24.528  -21.364  -18.596 0.2857142985
95952  26.838  -10.246  -21.168 0.1428571492
97058  26.859  -9.432  -20.526 0.2857142985
103181  26.446  -3.614  -20.564 0.1428571492
104164  26.804  -2.530  -20.193 0.1428571492
105154  27.145  -1.488  -20.074 0.1428571492
106202  27.670  -0.713  -20.014 0.1428571492
106213  27.007  -0.578  -20.457 0.1428571492
109105  27.315  2.100  -21.212 0.1428571492
109985  27.431  3.032  -21.066 0.1428571492
109996  27.008  2.748  -21.482 0.1428571492
109116  27.001  2.290  -21.501 0.1428571492
113448  25.937  7.133  -20.979 0.1428571492
113437  25.662  7.452  -20.515 0.1428571492
114199  25.211  8.363  -21.449 0.1428571492
113438  25.520  7.183  -19.683 0.1428571492
114187  25.226  8.257  -20.570 0.1428571492
80939  22.954  -23.469  -17.423 0.2857142985
107197  27.475  0.274  -20.360 0.1428571492
80940  22.451  -23.360  -17.084 0.2857142985
91208  26.359  -14.339  -20.898 0.2857142985
97059  26.436  -9.347  -20.980 0.1428571492
100084  26.438  -6.932  -20.270 0.1428571492
101155  26.429  -5.977  -20.464 0.1428571492
101144  26.661  -5.261  -20.299 0.1428571492
105155  26.554  -1.504  -20.604 0.1428571492
112609  25.228  6.197  -19.785 0.1428571492
112608  25.593  6.668  -20.394 0.1428571492
98084  26.593  -8.567  -20.620 0.1428571492
104163  27.226  -2.166  -19.657 0.1428571492
111773  25.391  5.377  -19.972 0.1428571492
90134  25.839  -15.428  -20.883 0.1428571492
109087  27.636  2.126  -20.683 0.1428571492
92358  26.348  -13.370  -20.968 0.1428571492
103193  25.921  -3.685  -21.334 0.1428571492
82006  21.384  -22.739  -16.333 0.1428571492
97010  31.184  -9.614  -15.769 0.1428571492
112556  31.023  5.919  -16.830 0.1428571492
80916  22.656  -23.941  -16.912 0.1428571492
85569  23.934  -19.490  -19.511 0.1428571492
111721  31.661  5.263  -16.647 0.1428571492
98030  30.658  -8.567  -16.109 0.1428571492
82005  21.700  -22.460  -16.966 0.1428571492
84339  23.333  -20.346  -18.933 0.1428571492
76286  23.153  -27.627  -17.573 0.1428571492
79799  23.069  -24.057  -17.174 0.1428571492
101094  30.854  -5.665  -15.748 0.1428571492
102133  30.577  -4.326  -16.401 0.1428571492
103150  30.026  -3.024  -16.567 0.5714285970
106164  29.177  -0.603  -16.843 0.8571428657
107174  29.297  0.880  -17.523 0.8571428657
109059  28.586  1.822  -18.112 0.8571428657
110874  28.267  3.737  -20.279 0.7142857313
110890  28.326  4.387  -20.325 0.5714285970
114188  24.677  8.594  -20.942 0.1428571492
114200  24.737  8.524  -21.257 0.1428571492
114208  25.587  8.792  -22.460 0.5714285970
114209  25.255  8.591  -22.156 0.4285714328
114210  24.796  8.646  -21.863 0.4285714328
114218  25.537  8.918  -22.703 0.4285714328
114219  25.344  8.857  -22.640 0.4285714328
114940  24.539  8.747  -21.169 0.1428571492
114951  24.550  8.873  -21.475 0.4285714328
114960  24.959  9.426  -22.159 0.4285714328
114961  24.645  9.065  -22.050 0.4285714328
114969  25.678  9.098  -22.732 0.5714285970
114970  25.229  9.203  -22.575 0.4285714328
114971  24.862  9.152  -22.393 0.4285714328
115779  25.800  9.248  -22.576 0.5714285970
115780  25.643  9.315  -22.531 0.4285714328
116527  25.738  10.218  -21.733 0.2857142985
117259  31.077  12.763  -17.774 0.1428571492
117260  30.655  12.495  -17.506 0.1428571492
118096  31.989  14.017  -19.381 0.1428571492
118137  26.764  13.507  -21.208 0.2857142985
118900  32.197  15.287  -20.007 0.1428571492
119708  30.395  15.753  -19.240 0.1428571492
119716  31.634  15.615  -19.558 0.1428571492
119717  29.835  16.018  -19.539 0.1428571492
120599  30.460  16.108  -19.365 0.1428571492
120615  31.557  16.873  -20.174 0.1428571492
