#!ascii label  , from subject 4030 vox2ras=TkReg
1980
52874  -47.191  -42.375  25.875 0.0000000000
30966  -34.447  -56.169  34.248 0.0000000000
65426  -48.102  -33.021  18.995 0.0000000000
60698  -41.006  -36.278  18.323 0.0000000000
59478  -52.616  -37.691  23.019 0.0000000000
41651  -42.614  -50.518  29.214 0.0000000000
43129  -30.599  -49.709  24.376 0.0000000000
50139  -36.456  -44.595  19.653 0.0000000000
38738  -23.891  -52.485  37.299 0.0000000000
78255  -54.874  -22.568  20.834 0.0000000000
38929  -26.467  -52.748  24.351 0.0000000000
57068  -43.559  -39.377  22.952 0.0000000000
60655  -45.950  -36.132  20.825 0.0000000000
55747  -49.910  -40.012  25.528 0.0000000000
45821  -46.417  -47.334  26.957 0.0000000000
44518  -40.125  -48.031  23.812 0.0000000000
52905  -41.537  -43.174  23.616 0.0000000000
55845  -38.034  -40.427  18.686 0.0000000000
83062  -56.971  -18.828  18.421 0.0000000000
30945  -28.593  -55.778  35.421 0.0000000000
40319  -24.338  -51.569  29.839 0.0000000000
40285  -29.054  -51.489  31.675 0.0000000000
61830  -53.161  -35.539  21.408 0.0000000000
37246  -39.103  -53.613  31.520 0.0000000000
38870  -34.383  -52.626  29.464 0.0000000000
43053  -37.141  -49.557  27.333 0.0000000000
45890  -34.539  -47.676  21.977 0.0000000000
40157  -19.215  -51.156  39.170 0.0000000000
65352  -53.431  -32.368  26.593 0.0000000000
66667  -48.735  -31.121  23.119 0.0000000000
72814  -50.635  -25.409  21.868 0.0000000000
72897  -47.699  -26.158  19.046 0.0000000000
79536  -49.670  -21.535  15.222 0.0000000000
43019  -20.970  -48.867  29.682 0.0000000000
37321  -28.669  -52.765  26.149 0.0000000000
54308  -45.847  -41.642  24.558 0.0000000000
57058  -46.647  -39.363  24.362 0.0000000000
55722  -48.599  -40.663  26.200 0.0000000000
50046  -46.601  -44.621  26.430 0.0000000000
48673  -44.146  -45.376  25.445 0.0000000000
52891  -44.685  -42.765  24.729 0.0000000000
54337  -42.338  -41.282  22.843 0.0000000000
66734  -50.940  -31.321  17.682 0.0000000000
68014  -47.431  -30.723  16.800 0.0000000000
29377  -30.941  -56.338  34.576 0.0000000000
37224  -28.667  -54.108  33.549 0.0000000000
34172  -32.048  -54.776  33.007 0.0000000000
63085  -41.797  -34.634  17.313 0.0000000000
59508  -49.082  -36.557  22.211 0.0000000000
61854  -47.841  -35.406  19.182 0.0000000000
60644  -51.225  -36.282  20.984 0.0000000000
60680  -52.979  -36.590  19.221 0.0000000000
59498  -54.234  -37.262  21.363 0.0000000000
40288  -41.302  -51.670  30.560 0.0000000000
40331  -38.796  -51.950  29.496 0.0000000000
41687  -40.397  -50.440  28.168 0.0000000000
48693  -38.535  -45.851  21.502 0.0000000000
44534  -37.798  -47.448  23.026 0.0000000000
47240  -35.155  -46.557  20.033 0.0000000000
58346  -39.303  -38.355  18.293 0.0000000000
66613  -50.830  -31.477  24.990 0.0000000000
72876  -49.634  -26.127  20.430 0.0000000000
75647  -50.904  -23.728  19.118 0.0000000000
75680  -48.952  -23.911  17.008 0.0000000000
78305  -52.640  -22.087  18.100 0.0000000000
83112  -54.325  -18.623  15.375 0.0000000000
40174  -21.606  -51.581  38.291 0.0000000000
40238  -19.417  -50.631  34.609 0.0000000000
40258  -22.578  -51.326  34.067 0.0000000000
41733  -25.604  -50.217  26.505 0.0000000000
43127  -24.906  -48.890  24.217 0.0000000000
41785  -25.966  -50.584  21.885 0.0000000000
40404  -32.683  -50.948  26.410 0.0000000000
41682  -31.277  -50.712  27.660 0.0000000000
40415  -29.038  -51.446  25.277 0.0000000000
58330  -42.435  -37.836  20.846 0.0000000000
60689  -42.918  -36.006  19.211 0.0000000000
59506  -44.546  -37.297  21.891 0.0000000000
59474  -48.309  -37.675  23.464 0.0000000000
58253  -51.608  -39.074  25.375 0.0000000000
44415  -44.817  -48.764  27.895 0.0000000000
43114  -42.190  -49.436  25.973 0.0000000000
47184  -42.797  -47.283  25.485 0.0000000000
50097  -40.532  -45.313  23.432 0.0000000000
51533  -38.577  -43.665  20.849 0.0000000000
52964  -37.193  -42.287  19.050 0.0000000000
54361  -39.916  -41.632  20.875 0.0000000000
57083  -40.461  -39.517  20.267 0.0000000000
80629  -56.333  -20.588  19.690 0.0000000000
80611  -59.913  -19.180  20.916 0.0000000000
35592  -25.935  -54.088  36.299 0.0000000000
38793  -23.864  -52.448  33.467 0.0000000000
37235  -25.558  -53.554  33.094 0.0000000000
40298  -26.858  -51.780  30.720 0.0000000000
38889  -27.275  -50.714  27.959 0.0000000000
61872  -45.153  -34.966  18.631 0.0000000000
61880  -53.269  -35.164  18.599 0.0000000000
63052  -49.868  -34.436  20.536 0.0000000000
35642  -36.715  -54.423  32.698 0.0000000000
35656  -35.002  -54.857  31.535 0.0000000000
37278  -36.695  -53.614  30.487 0.0000000000
40358  -35.483  -51.304  28.322 0.0000000000
41755  -34.141  -50.088  25.938 0.0000000000
44439  -39.188  -48.497  26.115 0.0000000000
44490  -35.872  -47.868  24.495 0.0000000000
44510  -32.326  -48.430  23.715 0.0000000000
56977  -47.374  -39.865  28.685 0.0000000000
38785  -34.461  -52.692  33.847 0.0000000000
41616  -39.419  -50.324  32.552 0.0000000000
44381  -41.651  -48.921  31.697 0.0000000000
60546  -47.876  -36.569  27.828 0.0000000000
61736  -50.121  -35.442  27.363 0.0000000000
60587  -52.814  -36.486  27.029 0.0000000000
65321  -53.200  -32.705  28.054 0.0000000000
60604  -54.373  -35.835  24.880 0.0000000000
63025  -52.907  -35.002  24.220 0.0000000000
62999  -49.479  -34.147  24.196 0.0000000000
64234  -47.154  -33.202  22.253 0.0000000000
70261  -48.682  -28.542  22.235 0.0000000000
69122  -47.338  -29.153  20.722 0.0000000000
67983  -45.608  -30.507  19.056 0.0000000000
72920  -45.586  -27.156  16.637 0.0000000000
80686  -53.101  -19.883  16.681 0.0000000000
40237  -18.263  -51.007  34.485 0.0000000000
44503  -20.176  -48.224  23.601 0.0000000000
41661  -22.780  -50.230  29.481 0.0000000000
45869  -22.541  -47.293  23.209 0.0000000000
38823  -32.282  -52.513  31.320 0.0000000000
40352  -29.537  -50.632  28.319 0.0000000000
37318  -27.133  -53.945  26.110 0.0000000000
32669  -27.570  -56.347  26.328 0.0000000000
52893  -46.601  -42.310  25.105 0.0000000000
52895  -47.930  -41.297  25.290 0.0000000000
54291  -47.803  -41.690  26.010 0.0000000000
51463  -46.741  -43.439  26.092 0.0000000000
50084  -46.101  -44.030  25.415 0.0000000000
52873  -46.556  -42.957  25.794 0.0000000000
54307  -44.751  -41.764  24.486 0.0000000000
65428  -49.949  -33.020  18.914 0.0000000000
65440  -49.678  -32.426  18.222 0.0000000000
68001  -48.920  -31.154  17.120 0.0000000000
65452  -48.226  -32.055  17.866 0.0000000000
30964  -32.901  -56.211  34.517 0.0000000000
30988  -31.756  -56.334  33.808 0.0000000000
32606  -33.391  -55.838  33.072 0.0000000000
61887  -40.126  -35.427  17.426 0.0000000000
61888  -40.867  -35.262  17.516 0.0000000000
59494  -50.698  -37.210  22.656 0.0000000000
60643  -50.152  -36.094  21.160 0.0000000000
59511  -51.957  -37.102  21.422 0.0000000000
59512  -52.893  -37.180  21.029 0.0000000000
59479  -53.507  -37.733  22.640 0.0000000000
40305  -42.353  -51.567  29.727 0.0000000000
38877  -41.392  -52.351  29.530 0.0000000000
38898  -42.474  -51.954  28.957 0.0000000000
48725  -36.997  -45.579  20.053 0.0000000000
47254  -36.850  -46.217  20.276 0.0000000000
48724  -36.020  -45.597  19.778 0.0000000000
47262  -33.918  -46.193  19.246 0.0000000000
59550  -39.706  -37.314  17.969 0.0000000000
59562  -38.722  -37.272  17.327 0.0000000000
60711  -39.267  -36.647  17.433 0.0000000000
75603  -52.144  -24.485  20.598 0.0000000000
76975  -53.339  -23.255  19.712 0.0000000000
78287  -52.013  -22.845  18.627 0.0000000000
78289  -53.588  -22.504  18.759 0.0000000000
38725  -22.735  -52.096  38.449 0.0000000000
40220  -21.910  -51.335  36.077 0.0000000000
40221  -22.602  -51.657  35.840 0.0000000000
41764  -26.411  -51.043  24.672 0.0000000000
41771  -25.652  -50.400  23.784 0.0000000000
40442  -26.448  -51.889  22.985 0.0000000000
38970  -25.644  -52.653  20.862 0.0000000000
37345  -25.705  -53.667  22.733 0.0000000000
41752  -31.932  -50.396  25.614 0.0000000000
40417  -30.824  -50.659  25.993 0.0000000000
41766  -29.883  -50.384  24.593 0.0000000000
58307  -43.137  -38.563  22.160 0.0000000000
59505  -43.709  -37.594  21.705 0.0000000000
58308  -44.137  -38.534  22.997 0.0000000000
57039  -48.751  -39.770  24.679 0.0000000000
58290  -47.249  -38.798  24.064 0.0000000000
58269  -48.936  -39.092  24.323 0.0000000000
58293  -49.752  -38.095  23.928 0.0000000000
57042  -50.973  -39.353  25.398 0.0000000000
45820  -45.836  -47.872  27.362 0.0000000000
44444  -44.911  -48.486  26.620 0.0000000000
47178  -44.649  -47.243  26.355 0.0000000000
51481  -42.674  -44.277  24.553 0.0000000000
50080  -42.441  -45.192  24.683 0.0000000000
51501  -41.149  -43.968  23.658 0.0000000000
50115  -40.040  -44.173  22.048 0.0000000000
51526  -40.192  -43.387  21.953 0.0000000000
52940  -38.919  -42.738  20.675 0.0000000000
52934  -40.281  -42.488  21.936 0.0000000000
55801  -43.124  -39.898  22.819 0.0000000000
55814  -41.765  -40.213  21.857 0.0000000000
57076  -42.259  -39.472  21.672 0.0000000000
58328  -40.909  -38.492  20.102 0.0000000000
34133  -26.934  -54.608  36.242 0.0000000000
35622  -25.932  -54.165  34.351 0.0000000000
34157  -27.283  -54.400  34.118 0.0000000000
37239  -29.541  -53.060  33.267 0.0000000000
38805  -27.823  -52.919  32.520 0.0000000000
40284  -27.849  -51.909  31.509 0.0000000000
40322  -27.356  -51.119  29.523 0.0000000000
40299  -28.110  -51.381  30.579 0.0000000000
60654  -44.870  -36.433  20.877 0.0000000000
61871  -44.136  -35.503  18.927 0.0000000000
61852  -45.797  -35.355  19.308 0.0000000000
61875  -48.392  -35.165  18.565 0.0000000000
61894  -47.190  -34.632  17.965 0.0000000000
63091  -47.887  -34.453  17.433 0.0000000000
60663  -53.631  -36.456  20.286 0.0000000000
60693  -53.217  -36.253  18.528 0.0000000000
61842  -53.252  -35.568  20.327 0.0000000000
63054  -52.108  -34.820  20.044 0.0000000000
61828  -51.184  -35.225  21.314 0.0000000000
37245  -38.362  -53.672  31.844 0.0000000000
35658  -37.058  -54.887  31.549 0.0000000000
35680  -38.406  -54.188  30.785 0.0000000000
41685  -38.228  -50.618  28.607 0.0000000000
40359  -36.814  -51.599  28.921 0.0000000000
41715  -36.673  -50.271  27.695 0.0000000000
41713  -35.018  -50.462  27.164 0.0000000000
43078  -35.369  -49.756  26.496 0.0000000000
44495  -41.172  -48.342  24.737 0.0000000000
44441  -40.929  -49.089  26.071 0.0000000000
44494  -40.175  -48.390  24.420 0.0000000000
45892  -35.959  -47.757  22.181 0.0000000000
44514  -36.406  -47.485  23.680 0.0000000000
44531  -34.897  -47.672  22.751 0.0000000000
44488  -33.877  -48.335  24.405 0.0000000000
54383  -37.251  -41.327  18.505 0.0000000000
42994  -40.718  -49.773  31.788 0.0000000000
47134  -44.737  -46.620  30.537 0.0000000000
58208  -47.523  -38.730  28.468 0.0000000000
62931  -49.143  -34.317  28.433 0.0000000000
62943  -50.643  -34.520  28.414 0.0000000000
60567  -51.630  -36.032  27.515 0.0000000000
61711  -51.855  -34.996  28.462 0.0000000000
65330  -53.813  -32.576  27.028 0.0000000000
61740  -54.205  -34.749  26.987 0.0000000000
62965  -53.986  -33.902  26.390 0.0000000000
63004  -54.244  -34.691  24.962 0.0000000000
62982  -53.112  -33.854  25.386 0.0000000000
66642  -50.205  -31.199  24.369 0.0000000000
64195  -50.594  -33.181  25.106 0.0000000000
65387  -48.725  -32.679  23.985 0.0000000000
63020  -47.827  -33.996  23.252 0.0000000000
66666  -47.825  -31.745  23.071 0.0000000000
74205  -49.715  -26.029  21.349 0.0000000000
72874  -48.101  -26.479  19.722 0.0000000000
72851  -48.612  -26.788  20.391 0.0000000000
71545  -47.244  -27.549  19.631 0.0000000000
67970  -46.811  -29.699  20.108 0.0000000000
70327  -45.964  -28.302  18.722 0.0000000000
69186  -45.460  -28.908  17.803 0.0000000000
72922  -46.530  -26.314  17.521 0.0000000000
78324  -48.807  -22.942  16.070 0.0000000000
75695  -47.325  -24.318  15.571 0.0000000000
78329  -47.766  -22.960  14.690 0.0000000000
81830  -56.850  -19.788  19.188 0.0000000000
80670  -54.560  -20.199  17.966 0.0000000000
81863  -54.998  -19.644  17.349 0.0000000000
41636  -20.353  -49.888  31.941 0.0000000000
41625  -19.306  -50.017  32.648 0.0000000000
43018  -19.788  -49.050  29.548 0.0000000000
44433  -19.197  -48.286  26.190 0.0000000000
44434  -20.531  -48.095  26.314 0.0000000000
38838  -23.985  -51.880  31.031 0.0000000000
40294  -23.350  -51.440  31.016 0.0000000000
41662  -23.520  -50.904  29.720 0.0000000000
44505  -23.707  -47.857  24.080 0.0000000000
43197  -25.180  -49.865  17.313 0.0000000000
37276  -34.641  -53.552  30.609 0.0000000000
37256  -33.515  -53.630  31.313 0.0000000000
38869  -33.486  -52.489  29.682 0.0000000000
40383  -30.337  -50.761  26.955 0.0000000000
40353  -30.691  -50.722  28.522 0.0000000000
40382  -29.393  -50.784  27.071 0.0000000000
38907  -27.920  -51.651  27.036 0.0000000000
38915  -28.367  -52.685  26.378 0.0000000000
32677  -26.528  -56.376  25.327 0.0000000000
55785  -44.622  -40.253  24.161 0.0000000000
57057  -45.632  -39.448  24.341 0.0000000000
55764  -46.951  -40.599  24.849 0.0000000000
54311  -48.362  -40.871  25.109 0.0000000000
55723  -49.442  -40.206  26.002 0.0000000000
48644  -46.461  -45.906  27.051 0.0000000000
47187  -45.591  -46.464  26.211 0.0000000000
50062  -45.735  -45.288  25.690 0.0000000000
51483  -44.491  -43.686  25.079 0.0000000000
52906  -42.383  -42.658  23.866 0.0000000000
52922  -42.151  -42.001  23.051 0.0000000000
52907  -43.191  -42.124  24.183 0.0000000000
54326  -44.326  -40.945  24.113 0.0000000000
69212  -47.096  -29.306  15.485 0.0000000000
29353  -29.817  -56.575  35.288 0.0000000000
34153  -28.599  -54.936  34.456 0.0000000000
32602  -30.318  -55.702  34.246 0.0000000000
35628  -30.921  -54.693  33.515 0.0000000000
37240  -30.693  -53.278  32.943 0.0000000000
60641  -47.759  -36.315  21.295 0.0000000000
60656  -47.035  -35.932  20.664 0.0000000000
60657  -48.103  -35.972  20.473 0.0000000000
60658  -49.303  -35.783  20.240 0.0000000000
61839  -50.281  -35.874  19.721 0.0000000000
61878  -51.462  -35.968  18.428 0.0000000000
60661  -52.087  -36.614  19.924 0.0000000000
59523  -53.136  -37.063  20.313 0.0000000000
61832  -54.326  -36.352  21.295 0.0000000000
38827  -40.066  -52.805  31.277 0.0000000000
37281  -39.549  -53.482  30.536 0.0000000000
37300  -40.385  -52.992  30.008 0.0000000000
40362  -40.019  -51.017  29.092 0.0000000000
43032  -39.131  -49.822  28.195 0.0000000000
47215  -39.159  -46.664  22.618 0.0000000000
45872  -38.959  -47.621  23.353 0.0000000000
45913  -37.805  -46.992  21.910 0.0000000000
45926  -36.321  -47.013  21.283 0.0000000000
45924  -34.839  -46.973  20.463 0.0000000000
45922  -33.002  -47.340  20.201 0.0000000000
45936  -33.696  -47.011  19.756 0.0000000000
57103  -38.662  -39.421  18.635 0.0000000000
58351  -37.338  -38.329  17.300 0.0000000000
67863  -52.512  -30.641  26.348 0.0000000000
66615  -52.267  -31.441  25.965 0.0000000000
67861  -51.426  -30.352  25.326 0.0000000000
67883  -50.279  -30.440  24.508 0.0000000000
67901  -49.591  -30.383  23.812 0.0000000000
74185  -52.469  -25.053  22.150 0.0000000000
72854  -50.200  -25.522  21.019 0.0000000000
75580  -51.674  -24.707  21.169 0.0000000000
75623  -50.108  -24.661  19.924 0.0000000000
75645  -49.347  -24.535  18.831 0.0000000000
75662  -48.438  -24.567  18.026 0.0000000000
77008  -49.781  -23.678  18.178 0.0000000000
77021  -49.970  -22.915  17.204 0.0000000000
78317  -51.296  -21.875  17.170 0.0000000000
84303  -57.855  -17.937  17.494 0.0000000000
83093  -55.647  -18.699  16.710 0.0000000000
84342  -56.348  -17.540  15.785 0.0000000000
40158  -20.376  -51.483  39.377 0.0000000000
40201  -19.806  -50.528  36.707 0.0000000000
40202  -20.914  -50.685  36.945 0.0000000000
40257  -21.542  -50.941  33.865 0.0000000000
40280  -21.470  -50.626  31.974 0.0000000000
41676  -25.121  -50.628  28.267 0.0000000000
41731  -23.961  -49.687  26.632 0.0000000000
43105  -25.323  -49.742  25.033 0.0000000000
43137  -25.368  -49.403  23.392 0.0000000000
43151  -25.639  -49.694  21.379 0.0000000000
41816  -25.759  -50.616  18.824 0.0000000000
40461  -26.174  -51.516  20.255 0.0000000000
40356  -33.588  -51.602  28.263 0.0000000000
40328  -33.316  -51.700  28.990 0.0000000000
40385  -32.609  -51.326  27.270 0.0000000000
40402  -30.547  -50.746  26.501 0.0000000000
38916  -28.964  -51.984  26.015 0.0000000000
59546  -41.199  -37.007  18.988 0.0000000000
60688  -41.823  -36.414  18.932 0.0000000000
59534  -42.411  -37.189  19.868 0.0000000000
60653  -43.989  -36.799  21.158 0.0000000000
60639  -45.567  -36.604  21.786 0.0000000000
58289  -45.982  -38.545  23.862 0.0000000000
59490  -46.405  -37.334  23.009 0.0000000000
60627  -46.570  -36.720  22.358 0.0000000000
59492  -48.523  -36.768  22.864 0.0000000000
59476  -50.329  -37.587  23.576 0.0000000000
58295  -52.443  -38.126  23.963 0.0000000000
43034  -43.425  -49.656  28.211 0.0000000000
41722  -43.015  -50.398  28.058 0.0000000000
43086  -43.737  -49.212  26.899 0.0000000000
44469  -42.655  -48.802  25.876 0.0000000000
45856  -42.217  -47.540  24.771 0.0000000000
48663  -43.663  -46.325  25.618 0.0000000000
48670  -41.510  -46.319  24.448 0.0000000000
47202  -40.645  -46.716  23.860 0.0000000000
50106  -39.569  -45.391  22.579 0.0000000000
50122  -38.340  -44.780  20.866 0.0000000000
50140  -37.305  -44.455  20.031 0.0000000000
51567  -36.635  -43.165  19.101 0.0000000000
51545  -37.839  -43.338  20.060 0.0000000000
52945  -38.612  -42.325  20.081 0.0000000000
55837  -38.436  -40.693  19.190 0.0000000000
54352  -41.390  -41.004  21.908 0.0000000000
54370  -40.217  -41.021  20.425 0.0000000000
55838  -39.138  -40.431  19.564 0.0000000000
58327  -40.273  -38.984  19.874 0.0000000000
58339  -40.773  -38.097  19.493 0.0000000000
78272  -55.257  -21.778  19.956 0.0000000000
80585  -57.593  -20.671  21.223 0.0000000000
81806  -57.935  -19.727  20.274 0.0000000000
83037  -58.545  -19.063  19.363 0.0000000000
83064  -59.198  -18.300  18.726 0.0000000000
84305  -59.284  -17.437  17.255 0.0000000000
38754  -24.543  -52.904  36.576 0.0000000000
38769  -23.779  -52.579  35.698 0.0000000000
37213  -24.758  -53.258  34.394 0.0000000000
37234  -24.858  -53.226  33.059 0.0000000000
38840  -25.106  -52.566  30.985 0.0000000000
35636  -27.326  -53.956  33.414 0.0000000000
38818  -26.345  -52.739  31.971 0.0000000000
40297  -25.637  -51.844  30.491 0.0000000000
40348  -25.710  -50.898  28.771 0.0000000000
41707  -26.766  -50.595  26.725 0.0000000000
40400  -27.156  -51.080  25.984 0.0000000000
61890  -42.991  -35.083  18.259 0.0000000000
63087  -43.718  -34.565  17.735 0.0000000000
61853  -46.852  -35.399  19.189 0.0000000000
63062  -51.016  -34.088  19.332 0.0000000000
64247  -49.274  -33.889  20.201 0.0000000000
32607  -35.355  -55.522  33.189 0.0000000000
32643  -34.986  -55.681  32.558 0.0000000000
34192  -36.209  -55.318  31.862 0.0000000000
35677  -35.366  -54.265  31.070 0.0000000000
38848  -35.984  -52.900  30.236 0.0000000000
37298  -38.367  -53.042  29.994 0.0000000000
38872  -36.583  -52.529  29.561 0.0000000000
38893  -35.382  -51.994  28.877 0.0000000000
40387  -34.437  -50.812  27.345 0.0000000000
41736  -33.789  -50.517  26.269 0.0000000000
43107  -32.843  -49.938  25.413 0.0000000000
43057  -41.398  -49.963  27.156 0.0000000000
43055  -40.090  -49.558  27.569 0.0000000000
43081  -38.611  -48.651  26.748 0.0000000000
44492  -38.023  -48.252  24.416 0.0000000000
44464  -37.506  -48.454  25.460 0.0000000000
43111  -36.871  -48.936  25.832 0.0000000000
44462  -35.321  -48.554  25.180 0.0000000000
44460  -33.650  -48.761  24.949 0.0000000000
52961  -35.251  -42.542  18.126 0.0000000000
52814  -46.627  -42.305  28.160 0.0000000000
55704  -46.977  -41.080  27.315 0.0000000000
38696  -21.140  -51.693  40.541 0.0000000000
37153  -24.591  -53.335  38.928 0.0000000000
35566  -25.782  -53.687  38.120 0.0000000000
34119  -26.577  -54.407  37.696 0.0000000000
32551  -30.667  -55.319  35.816 0.0000000000
30937  -32.169  -55.474  35.270 0.0000000000
32577  -33.865  -55.499  34.764 0.0000000000
35608  -34.507  -54.561  34.033 0.0000000000
37217  -35.785  -53.741  33.364 0.0000000000
37228  -37.345  -53.353  32.699 0.0000000000
38809  -38.359  -52.990  32.374 0.0000000000
41615  -38.641  -50.707  32.854 0.0000000000
38811  -39.634  -52.139  31.710 0.0000000000
40287  -40.521  -51.562  31.039 0.0000000000
41639  -41.439  -50.795  30.455 0.0000000000
43011  -42.007  -49.569  30.073 0.0000000000
44404  -42.602  -48.605  30.371 0.0000000000
44406  -44.114  -47.827  29.448 0.0000000000
45817  -45.006  -47.865  28.585 0.0000000000
51419  -46.549  -43.877  27.383 0.0000000000
56989  -47.198  -39.845  27.468 0.0000000000
56990  -48.014  -39.362  26.787 0.0000000000
58234  -48.892  -38.206  26.580 0.0000000000
61708  -48.299  -35.591  28.668 0.0000000000
61735  -49.282  -35.865  27.134 0.0000000000
58236  -50.529  -38.359  26.559 0.0000000000
58237  -51.324  -38.018  26.622 0.0000000000
58239  -52.635  -37.650  26.381 0.0000000000
59456  -53.643  -37.467  25.531 0.0000000000
62945  -52.938  -34.490  27.978 0.0000000000
60588  -53.563  -36.146  26.783 0.0000000000
59465  -53.963  -37.527  24.690 0.0000000000
60611  -54.398  -36.142  23.783 0.0000000000
61809  -54.190  -35.891  23.123 0.0000000000
61807  -52.402  -35.246  23.347 0.0000000000
64196  -51.769  -33.566  25.155 0.0000000000
63024  -51.841  -34.867  24.150 0.0000000000
61806  -51.328  -35.227  23.255 0.0000000000
61816  -49.980  -35.194  22.284 0.0000000000
63043  -48.761  -34.251  21.624 0.0000000000
64257  -47.634  -33.374  19.903 0.0000000000
70251  -48.749  -28.460  22.914 0.0000000000
69085  -48.651  -29.597  22.630 0.0000000000
72830  -48.793  -26.883  20.941 0.0000000000
70268  -48.211  -28.337  21.505 0.0000000000
67936  -48.135  -29.831  22.141 0.0000000000
66690  -46.752  -31.219  21.316 0.0000000000
66688  -45.834  -31.486  20.340 0.0000000000
65437  -46.371  -32.419  18.705 0.0000000000
67999  -45.756  -30.509  17.709 0.0000000000
69210  -45.536  -28.929  16.437 0.0000000000
70381  -46.471  -28.226  15.207 0.0000000000
74307  -47.069  -24.976  16.375 0.0000000000
74325  -45.773  -25.908  15.638 0.0000000000
72980  -46.356  -26.198  13.895 0.0000000000
79501  -54.557  -21.308  18.846 0.0000000000
80668  -52.762  -20.912  17.468 0.0000000000
80684  -51.311  -20.892  16.429 0.0000000000
81879  -53.829  -19.448  16.229 0.0000000000
80699  -52.248  -19.817  15.839 0.0000000000
79542  -49.993  -21.064  14.567 0.0000000000
40217  -18.426  -50.930  35.495 0.0000000000
40271  -23.283  -51.813  33.210 0.0000000000
40281  -22.345  -51.182  32.011 0.0000000000
41660  -21.998  -49.393  29.261 0.0000000000
43075  -23.528  -49.236  26.620 0.0000000000
44422  -22.687  -48.749  27.084 0.0000000000
44435  -21.678  -48.177  26.350 0.0000000000
45868  -21.439  -47.323  23.353 0.0000000000
34174  -33.696  -55.105  32.384 0.0000000000
37242  -32.268  -53.746  32.218 0.0000000000
38822  -30.919  -52.090  31.565 0.0000000000
40327  -32.605  -51.588  29.393 0.0000000000
40302  -31.217  -51.372  30.178 0.0000000000
40300  -29.203  -51.232  30.503 0.0000000000
41678  -28.045  -50.832  27.772 0.0000000000
38913  -27.360  -52.349  26.329 0.0000000000
37333  -26.468  -53.640  24.691 0.0000000000
37334  -28.698  -53.305  24.633 0.0000000000
35704  -28.692  -54.146  25.819 0.0000000000
35703  -28.512  -54.510  26.156 0.0000000000
35698  -27.320  -54.546  26.381 0.0000000000
35710  -26.365  -54.729  24.811 0.0000000000
37332  -26.012  -54.244  24.118 0.0000000000
54267  -47.263  -41.930  26.694 0.0000000000
52844  -46.573  -43.033  26.614 0.0000000000
65427  -49.123  -32.990  18.917 0.0000000000
65439  -48.666  -32.284  18.336 0.0000000000
66713  -48.853  -31.881  18.034 0.0000000000
30965  -33.669  -56.414  34.478 0.0000000000
29399  -33.232  -56.471  33.949 0.0000000000
29401  -34.437  -56.404  33.305 0.0000000000
60697  -40.043  -36.109  17.789 0.0000000000
59495  -51.767  -37.453  22.347 0.0000000000
59496  -52.751  -37.679  21.949 0.0000000000
40306  -42.438  -51.434  29.431 0.0000000000
38879  -42.523  -51.901  29.287 0.0000000000
40335  -42.574  -51.254  28.979 0.0000000000
59551  -40.314  -36.786  18.200 0.0000000000
61908  -39.506  -35.336  16.912 0.0000000000
76959  -54.210  -23.276  20.659 0.0000000000
76958  -53.707  -23.685  20.449 0.0000000000
76976  -53.919  -22.869  19.882 0.0000000000
78270  -53.901  -22.858  19.407 0.0000000000
78271  -54.443  -22.379  19.829 0.0000000000
38737  -23.091  -51.967  37.508 0.0000000000
38751  -22.528  -51.704  36.678 0.0000000000
38752  -23.377  -52.232  36.519 0.0000000000
40425  -26.455  -51.819  24.193 0.0000000000
40434  -26.412  -51.798  23.525 0.0000000000
38935  -26.408  -52.451  23.610 0.0000000000
38942  -26.227  -52.584  22.888 0.0000000000
38934  -26.127  -53.203  23.536 0.0000000000
43106  -32.067  -49.990  25.380 0.0000000000
41767  -31.160  -50.252  25.192 0.0000000000
55746  -49.401  -40.247  25.322 0.0000000000
57040  -49.505  -39.721  24.767 0.0000000000
57022  -49.881  -39.845  25.286 0.0000000000
57041  -50.266  -39.394  25.080 0.0000000000
57023  -50.387  -39.697  25.672 0.0000000000
45819  -46.285  -47.294  27.767 0.0000000000
45824  -45.514  -47.751  26.616 0.0000000000
45838  -45.876  -47.058  26.212 0.0000000000
51502  -42.075  -43.684  24.029 0.0000000000
51515  -41.023  -43.281  23.113 0.0000000000
51514  -40.476  -43.845  22.778 0.0000000000
52920  -40.625  -42.915  22.566 0.0000000000
55815  -42.288  -39.839  22.151 0.0000000000
57067  -42.753  -39.477  22.330 0.0000000000
58306  -42.655  -39.086  21.831 0.0000000000
34144  -27.607  -55.221  35.641 0.0000000000
34143  -27.297  -54.890  35.412 0.0000000000
32586  -27.984  -55.217  34.961 0.0000000000
40273  -29.044  -51.889  32.340 0.0000000000
40272  -28.517  -51.912  32.143 0.0000000000
60672  -45.246  -35.791  20.141 0.0000000000
61876  -49.345  -35.383  18.588 0.0000000000
61895  -48.110  -34.763  17.978 0.0000000000
61843  -53.841  -36.221  20.711 0.0000000000
61860  -53.542  -35.916  19.735 0.0000000000
61841  -52.547  -35.315  20.651 0.0000000000
61829  -52.259  -35.283  21.475 0.0000000000
35659  -38.137  -54.343  31.275 0.0000000000
37257  -38.913  -54.186  31.306 0.0000000000
41716  -37.710  -50.139  28.015 0.0000000000
41684  -37.238  -50.761  28.447 0.0000000000
43052  -36.099  -49.814  27.113 0.0000000000
45854  -40.664  -48.011  24.220 0.0000000000
45891  -35.437  -47.717  22.096 0.0000000000
44532  -35.872  -47.484  22.741 0.0000000000
44530  -33.916  -47.913  22.688 0.0000000000
45889  -33.562  -47.666  21.840 0.0000000000
55844  -37.431  -40.488  18.261 0.0000000000
61709  -51.097  -35.025  28.950 0.0000000000
66618  -53.482  -31.741  26.808 0.0000000000
66578  -53.678  -31.878  27.288 0.0000000000
65337  -53.652  -32.491  26.780 0.0000000000
64157  -53.700  -33.234  26.585 0.0000000000
64174  -53.458  -32.970  26.419 0.0000000000
62983  -53.931  -34.027  25.748 0.0000000000
64173  -53.148  -33.170  25.964 0.0000000000
66656  -49.578  -31.375  23.521 0.0000000000
65388  -49.286  -32.056  23.929 0.0000000000
66655  -48.735  -31.863  23.517 0.0000000000
66654  -48.189  -32.412  23.428 0.0000000000
74168  -51.056  -25.066  22.873 0.0000000000
74183  -50.074  -25.289  22.105 0.0000000000
74182  -49.466  -25.900  21.768 0.0000000000
74206  -49.868  -25.624  21.457 0.0000000000
74244  -48.027  -25.799  19.307 0.0000000000
72873  -47.380  -26.728  19.164 0.0000000000
71544  -46.494  -27.823  18.990 0.0000000000
71566  -46.770  -27.138  18.832 0.0000000000
71565  -46.093  -27.631  18.352 0.0000000000
72896  -47.144  -26.372  18.459 0.0000000000
78325  -49.387  -22.244  15.866 0.0000000000
77038  -47.978  -23.132  15.108 0.0000000000
78331  -49.141  -22.049  14.840 0.0000000000
81851  -57.361  -19.279  18.937 0.0000000000
80672  -56.098  -19.704  17.984 0.0000000000
81865  -56.177  -19.360  17.889 0.0000000000
40171  -19.320  -50.828  38.301 0.0000000000
43009  -20.282  -49.391  30.211 0.0000000000
41645  -19.886  -49.523  31.008 0.0000000000
43029  -20.278  -48.634  28.784 0.0000000000
43047  -20.652  -48.722  27.846 0.0000000000
40295  -24.069  -51.782  30.549 0.0000000000
40318  -23.748  -51.458  30.084 0.0000000000
40346  -23.963  -51.293  29.383 0.0000000000
43180  -24.981  -49.226  17.750 0.0000000000
37295  -34.248  -53.083  29.933 0.0000000000
37294  -33.904  -53.267  30.203 0.0000000000
38909  -28.804  -51.813  26.330 0.0000000000
37313  -28.649  -52.495  26.232 0.0000000000
38908  -28.480  -52.090  26.483 0.0000000000
37320  -28.423  -53.202  26.308 0.0000000000
55762  -45.103  -41.050  24.337 0.0000000000
55763  -45.787  -40.534  24.648 0.0000000000
54292  -48.369  -41.145  25.647 0.0000000000
54310  -47.579  -41.098  25.016 0.0000000000
54293  -48.788  -40.645  25.280 0.0000000000
55745  -48.893  -40.522  25.645 0.0000000000
50045  -46.474  -45.229  26.682 0.0000000000
48655  -46.176  -45.807  26.562 0.0000000000
50063  -46.303  -44.871  25.925 0.0000000000
51484  -45.422  -43.436  25.239 0.0000000000
52890  -43.632  -43.003  24.399 0.0000000000
54306  -43.950  -42.169  24.467 0.0000000000
65455  -51.197  -32.144  17.668 0.0000000000
66748  -48.660  -31.188  17.103 0.0000000000
69199  -47.885  -29.880  16.199 0.0000000000
29354  -30.227  -56.732  35.108 0.0000000000
29395  -29.996  -56.662  34.847 0.0000000000
29396  -30.623  -56.444  34.724 0.0000000000
34162  -31.702  -55.193  33.377 0.0000000000
34161  -30.646  -55.227  33.790 0.0000000000
35639  -31.449  -54.300  33.100 0.0000000000
35638  -30.681  -54.085  33.455 0.0000000000
63106  -41.598  -34.185  16.708 0.0000000000
60642  -48.939  -36.207  21.331 0.0000000000
60659  -50.409  -35.997  20.252 0.0000000000
61838  -49.888  -35.884  19.876 0.0000000000
60677  -50.834  -35.999  19.780 0.0000000000
60660  -51.349  -36.272  20.168 0.0000000000
59497  -53.654  -37.638  21.645 0.0000000000
59513  -53.656  -37.260  20.829 0.0000000000
60647  -54.330  -36.795  21.090 0.0000000000
60630  -54.632  -36.808  21.799 0.0000000000
38828  -40.872  -52.506  30.675 0.0000000000
37260  -40.518  -53.122  30.731 0.0000000000
37283  -40.779  -52.863  30.312 0.0000000000
40363  -41.022  -51.421  28.757 0.0000000000
40333  -40.505  -51.766  29.264 0.0000000000
47230  -38.745  -46.455  22.168 0.0000000000
45914  -38.361  -46.952  22.210 0.0000000000
47229  -38.324  -46.435  21.677 0.0000000000
47253  -36.337  -46.245  20.004 0.0000000000
47242  -36.530  -46.585  20.781 0.0000000000
47241  -35.716  -46.642  20.274 0.0000000000
45925  -35.781  -47.041  20.961 0.0000000000
45937  -34.248  -46.995  20.008 0.0000000000
47251  -34.515  -46.415  19.642 0.0000000000
58337  -39.231  -38.874  18.887 0.0000000000
58345  -38.347  -38.900  18.209 0.0000000000
58352  -38.377  -38.195  17.737 0.0000000000
69014  -52.006  -29.661  26.321 0.0000000000
67862  -51.993  -30.463  25.882 0.0000000000
70240  -50.130  -28.849  24.675 0.0000000000
69055  -50.684  -29.853  24.869 0.0000000000
69054  -50.001  -29.742  24.625 0.0000000000
69071  -49.519  -29.863  24.174 0.0000000000
75565  -54.323  -24.627  22.704 0.0000000000
75553  -54.221  -24.765  23.108 0.0000000000
74187  -53.874  -24.943  22.784 0.0000000000
74209  -52.855  -24.883  21.757 0.0000000000
74208  -51.851  -25.091  21.666 0.0000000000
74228  -52.305  -24.700  21.336 0.0000000000
75624  -51.369  -24.241  19.588 0.0000000000
75622  -49.423  -25.008  19.730 0.0000000000
75646  -50.409  -24.119  19.120 0.0000000000
76994  -50.524  -23.628  18.608 0.0000000000
78288  -52.573  -22.629  18.597 0.0000000000
77010  -50.938  -22.710  18.158 0.0000000000
78304  -51.563  -22.444  17.968 0.0000000000
78316  -50.499  -22.433  16.926 0.0000000000
84324  -57.323  -17.789  16.806 0.0000000000
40173  -21.055  -51.475  38.655 0.0000000000
40188  -20.800  -51.237  37.824 0.0000000000
40240  -21.675  -51.149  34.950 0.0000000000
40269  -21.455  -50.876  32.849 0.0000000000
41705  -24.787  -50.321  27.426 0.0000000000
41750  -25.335  -49.892  25.662 0.0000000000
41779  -25.680  -50.516  22.863 0.0000000000
43144  -25.619  -49.669  22.333 0.0000000000
41794  -26.276  -50.878  20.105 0.0000000000
40450  -26.072  -51.621  21.387 0.0000000000
37358  -25.532  -53.709  21.509 0.0000000000
37377  -25.336  -53.656  20.374 0.0000000000
40386  -33.544  -51.231  27.292 0.0000000000
40416  -29.461  -50.964  25.759 0.0000000000
59533  -41.417  -37.515  19.516 0.0000000000
60669  -42.107  -36.979  19.413 0.0000000000
59521  -42.089  -37.648  20.388 0.0000000000
60637  -44.249  -37.166  21.547 0.0000000000
60638  -44.688  -36.874  21.518 0.0000000000
59507  -44.967  -36.967  21.927 0.0000000000
58288  -44.971  -38.785  23.669 0.0000000000
58291  -48.182  -38.424  24.077 0.0000000000
59472  -46.578  -38.091  23.517 0.0000000000
59473  -47.369  -37.927  23.480 0.0000000000
59491  -47.429  -37.038  23.012 0.0000000000
58271  -50.998  -38.757  24.722 0.0000000000
59463  -50.359  -38.187  24.241 0.0000000000
59464  -50.987  -37.939  24.162 0.0000000000
58294  -51.648  -38.208  24.241 0.0000000000
58272  -52.071  -38.527  24.853 0.0000000000
44414  -44.133  -49.333  28.112 0.0000000000
43060  -44.425  -49.214  27.293 0.0000000000
45822  -43.975  -48.009  26.343 0.0000000000
44470  -43.306  -48.566  26.258 0.0000000000
45837  -43.341  -47.929  26.065 0.0000000000
45836  -42.591  -47.973  25.397 0.0000000000
48665  -45.091  -45.670  25.700 0.0000000000
48664  -44.110  -46.125  25.661 0.0000000000
48680  -41.724  -45.377  24.249 0.0000000000
48671  -41.915  -46.064  24.707 0.0000000000
48679  -41.100  -46.030  24.151 0.0000000000
47203  -41.083  -46.682  24.190 0.0000000000
48678  -40.171  -46.088  23.530 0.0000000000
48677  -39.828  -46.307  23.350 0.0000000000
48684  -39.964  -45.500  23.083 0.0000000000
51525  -39.416  -43.770  21.551 0.0000000000
50114  -39.319  -44.785  22.002 0.0000000000
51524  -38.823  -44.447  21.368 0.0000000000
51532  -37.923  -44.271  20.470 0.0000000000
51546  -38.433  -42.982  20.447 0.0000000000
52946  -39.262  -42.069  20.542 0.0000000000
54368  -38.442  -41.415  19.523 0.0000000000
54369  -39.363  -41.312  20.167 0.0000000000
54336  -41.529  -41.623  22.447 0.0000000000
55799  -41.945  -40.913  22.300 0.0000000000
55828  -41.201  -39.987  21.301 0.0000000000
55813  -40.990  -40.667  21.417 0.0000000000
55827  -40.628  -40.290  20.767 0.0000000000
55839  -39.961  -40.384  20.138 0.0000000000
57095  -39.809  -39.530  19.755 0.0000000000
58329  -41.976  -38.468  20.781 0.0000000000
59520  -41.551  -37.977  20.262 0.0000000000
59532  -40.708  -37.890  19.199 0.0000000000
80608  -58.484  -20.027  20.836 0.0000000000
80632  -59.005  -19.851  20.050 0.0000000000
81832  -58.548  -19.419  19.782 0.0000000000
81833  -59.237  -19.189  20.025 0.0000000000
84286  -59.723  -17.629  18.121 0.0000000000
83081  -59.085  -17.996  17.804 0.0000000000
37189  -25.446  -53.655  36.780 0.0000000000
38770  -24.530  -52.795  35.900 0.0000000000
37202  -25.107  -53.354  35.393 0.0000000000
35634  -26.006  -53.994  33.740 0.0000000000
37223  -25.495  -53.630  33.941 0.0000000000
37250  -25.000  -53.113  32.572 0.0000000000
37251  -25.463  -53.112  32.342 0.0000000000
34159  -28.709  -54.722  34.242 0.0000000000
34171  -28.164  -54.367  33.800 0.0000000000
35637  -28.055  -54.084  33.411 0.0000000000
38819  -27.258  -52.484  31.903 0.0000000000
38804  -27.051  -53.056  32.370 0.0000000000
38842  -26.693  -52.313  31.423 0.0000000000
38841  -25.994  -52.436  31.166 0.0000000000
40321  -26.233  -51.232  29.639 0.0000000000
40349  -26.920  -50.855  28.315 0.0000000000
40378  -26.296  -50.751  27.955 0.0000000000
40379  -26.856  -50.651  26.958 0.0000000000
61869  -42.574  -35.689  18.676 0.0000000000
61892  -44.474  -35.020  18.475 0.0000000000
61891  -43.888  -35.057  18.349 0.0000000000
60674  -47.407  -35.796  19.817 0.0000000000
63090  -46.917  -34.186  17.467 0.0000000000
60691  -51.757  -36.315  18.852 0.0000000000
60692  -52.391  -36.324  18.323 0.0000000000
61881  -53.399  -35.535  18.587 0.0000000000
63078  -53.382  -35.058  18.296 0.0000000000
63053  -50.934  -34.539  20.091 0.0000000000
63063  -51.666  -34.463  19.032 0.0000000000
64248  -50.009  -34.045  19.856 0.0000000000
35630  -36.513  -54.820  32.751 0.0000000000
31030  -35.920  -55.340  32.340 0.0000000000
34193  -36.649  -55.392  32.132 0.0000000000
35679  -37.431  -54.260  30.899 0.0000000000
35678  -36.388  -54.369  30.934 0.0000000000
37277  -35.681  -53.578  30.636 0.0000000000
38851  -39.619  -53.190  30.212 0.0000000000
38850  -39.094  -53.043  30.273 0.0000000000
38874  -38.595  -52.576  29.827 0.0000000000
40329  -37.247  -52.188  29.415 0.0000000000
38894  -36.069  -51.964  28.806 0.0000000000
40357  -34.466  -51.519  28.166 0.0000000000
43077  -34.681  -49.924  26.200 0.0000000000
41737  -34.579  -50.349  26.577 0.0000000000
41754  -33.374  -50.330  25.757 0.0000000000
43108  -33.612  -49.459  25.369 0.0000000000
41740  -42.391  -50.076  27.214 0.0000000000
41720  -41.882  -50.484  27.511 0.0000000000
43084  -41.850  -49.786  26.670 0.0000000000
44440  -40.302  -48.792  26.374 0.0000000000
43082  -40.508  -49.363  26.963 0.0000000000
44423  -39.527  -48.857  27.016 0.0000000000
44516  -38.470  -47.856  23.661 0.0000000000
44515  -37.473  -47.502  23.767 0.0000000000
44491  -36.982  -47.846  24.568 0.0000000000
43112  -37.299  -48.787  25.885 0.0000000000
44463  -36.404  -48.370  25.279 0.0000000000
43110  -35.852  -49.064  25.852 0.0000000000
44511  -33.365  -48.230  23.586 0.0000000000
44487  -33.010  -48.838  24.623 0.0000000000
51566  -36.102  -43.089  18.622 0.0000000000
52962  -35.836  -42.499  18.336 0.0000000000
38708  -20.494  -51.736  40.083 0.0000000000
35558  -25.151  -53.436  38.939 0.0000000000
32550  -30.005  -55.296  36.418 0.0000000000
37216  -34.728  -53.770  33.755 0.0000000000
35617  -35.263  -54.552  33.595 0.0000000000
37229  -37.975  -53.287  32.476 0.0000000000
38797  -37.951  -52.312  33.104 0.0000000000
42982  -39.646  -49.556  33.021 0.0000000000
41603  -38.752  -49.983  33.367 0.0000000000
40261  -39.036  -51.481  32.708 0.0000000000
41627  -39.910  -50.955  32.090 0.0000000000
40275  -39.992  -51.550  31.634 0.0000000000
42995  -41.095  -49.444  32.240 0.0000000000
43001  -40.882  -49.934  31.558 0.0000000000
43002  -41.340  -49.766  31.148 0.0000000000
43010  -41.599  -50.043  30.394 0.0000000000
43003  -41.749  -49.402  30.794 0.0000000000
45798  -42.980  -47.643  30.672 0.0000000000
44405  -43.391  -48.387  29.523 0.0000000000
45799  -44.102  -47.319  30.229 0.0000000000
45800  -44.884  -46.895  29.818 0.0000000000
45811  -45.567  -47.195  29.121 0.0000000000
52815  -46.503  -42.783  27.647 0.0000000000
59403  -47.628  -37.757  27.650 0.0000000000
58219  -47.675  -38.686  27.297 0.0000000000
59420  -47.886  -37.914  26.900 0.0000000000
58220  -48.480  -38.651  26.773 0.0000000000
60563  -48.157  -37.379  26.721 0.0000000000
62942  -49.779  -34.555  28.090 0.0000000000
62941  -49.013  -34.772  27.998 0.0000000000
60586  -49.833  -37.165  26.686 0.0000000000
59423  -50.605  -37.248  26.770 0.0000000000
58222  -50.807  -37.789  26.648 0.0000000000
59424  -51.322  -37.108  27.048 0.0000000000
60568  -52.268  -36.258  27.522 0.0000000000
59425  -51.886  -36.888  27.276 0.0000000000
58255  -52.864  -37.938  25.885 0.0000000000
59445  -53.146  -37.130  26.363 0.0000000000
64136  -52.545  -34.065  28.338 0.0000000000
64137  -52.827  -33.552  28.139 0.0000000000
61757  -54.518  -34.781  26.061 0.0000000000
61756  -54.193  -35.369  26.705 0.0000000000
60589  -54.106  -35.940  25.898 0.0000000000
59457  -54.219  -36.837  25.172 0.0000000000
59466  -54.326  -37.047  23.882 0.0000000000
63003  -53.596  -34.691  24.774 0.0000000000
61790  -54.091  -35.412  24.357 0.0000000000
63026  -53.459  -35.163  24.242 0.0000000000
61808  -53.470  -35.458  23.551 0.0000000000
65349  -51.874  -32.267  25.779 0.0000000000
65348  -51.064  -32.263  25.391 0.0000000000
63000  -50.072  -34.179  24.462 0.0000000000
63001  -51.226  -34.192  24.722 0.0000000000
63023  -50.661  -34.836  23.965 0.0000000000
61805  -50.261  -35.352  23.127 0.0000000000
61817  -50.871  -35.116  22.330 0.0000000000
61804  -49.604  -35.211  22.880 0.0000000000
64226  -47.665  -33.872  22.540 0.0000000000
64235  -47.791  -33.847  21.770 0.0000000000
64246  -48.327  -33.781  20.702 0.0000000000
64245  -47.054  -33.247  20.937 0.0000000000
71507  -48.963  -27.607  22.245 0.0000000000
70262  -49.009  -29.180  22.974 0.0000000000
72853  -49.873  -26.049  20.762 0.0000000000
72852  -49.297  -26.453  20.616 0.0000000000
70282  -47.803  -28.445  20.964 0.0000000000
71529  -48.206  -27.634  20.740 0.0000000000
69123  -47.894  -28.953  21.304 0.0000000000
69100  -48.251  -29.144  21.865 0.0000000000
69099  -47.743  -29.642  21.433 0.0000000000
67935  -47.641  -30.516  21.883 0.0000000000
67955  -47.020  -30.268  20.801 0.0000000000
69144  -46.219  -29.547  19.495 0.0000000000
67969  -46.062  -30.397  20.053 0.0000000000
67982  -45.398  -30.965  19.802 0.0000000000
65423  -45.613  -31.975  19.554 0.0000000000
66711  -45.895  -31.520  18.459 0.0000000000
66712  -46.713  -31.948  18.066 0.0000000000
71590  -45.444  -27.537  17.097 0.0000000000
69196  -45.349  -28.975  17.109 0.0000000000
70366  -45.343  -28.276  16.715 0.0000000000
69211  -46.116  -29.154  15.908 0.0000000000
71619  -45.775  -27.416  15.608 0.0000000000
75679  -48.289  -24.194  17.043 0.0000000000
74287  -47.849  -24.965  17.300 0.0000000000
74308  -47.703  -24.596  16.815 0.0000000000
75708  -47.092  -24.174  14.966 0.0000000000
74326  -46.347  -25.105  15.283 0.0000000000
74343  -46.308  -25.340  14.208 0.0000000000
72979  -45.892  -26.060  14.498 0.0000000000
79484  -55.986  -21.037  20.071 0.0000000000
79482  -54.814  -21.608  19.423 0.0000000000
79502  -55.014  -21.143  19.218 0.0000000000
80669  -53.417  -20.708  17.735 0.0000000000
80685  -52.279  -20.701  16.903 0.0000000000
83113  -54.947  -18.260  15.777 0.0000000000
83092  -54.710  -18.730  16.121 0.0000000000
81898  -54.257  -19.064  15.902 0.0000000000
81896  -52.687  -19.300  15.160 0.0000000000
80706  -50.823  -20.528  14.916 0.0000000000
40218  -19.574  -50.639  35.622 0.0000000000
41635  -19.043  -49.972  31.745 0.0000000000
41614  -18.527  -50.203  33.170 0.0000000000
43045  -18.171  -49.048  27.690 0.0000000000
44481  -19.837  -48.254  24.519 0.0000000000
44454  -19.209  -48.496  25.150 0.0000000000
44522  -19.579  -48.789  23.059 0.0000000000
44538  -20.804  -48.572  21.558 0.0000000000
38782  -23.770  -52.531  34.680 0.0000000000
40259  -23.390  -51.843  34.248 0.0000000000
41647  -22.916  -50.656  30.442 0.0000000000
40282  -23.307  -51.617  32.191 0.0000000000
40293  -22.242  -50.684  31.262 0.0000000000
41673  -22.138  -49.252  28.598 0.0000000000
43076  -24.206  -49.471  26.148 0.0000000000
41704  -23.684  -49.875  27.345 0.0000000000
43103  -23.855  -49.032  25.867 0.0000000000
45853  -23.070  -47.508  23.950 0.0000000000
44483  -23.138  -47.698  24.813 0.0000000000
44482  -22.584  -47.577  24.919 0.0000000000
44421  -22.129  -48.537  27.118 0.0000000000
45852  -22.236  -47.432  24.389 0.0000000000
45835  -21.530  -47.517  24.951 0.0000000000
40498  -25.720  -51.739  18.690 0.0000000000
40520  -25.516  -52.030  17.974 0.0000000000
34190  -34.518  -55.321  32.115 0.0000000000
34175  -34.159  -55.517  32.469 0.0000000000
35655  -34.286  -54.632  31.737 0.0000000000
38824  -33.168  -52.928  31.091 0.0000000000
37255  -32.779  -53.494  31.712 0.0000000000
37254  -31.779  -53.172  31.823 0.0000000000
38844  -31.771  -51.797  30.774 0.0000000000
40355  -32.589  -51.342  28.242 0.0000000000
40354  -31.647  -50.870  28.335 0.0000000000
40325  -30.439  -51.111  29.383 0.0000000000
40301  -30.341  -51.307  30.492 0.0000000000
40324  -29.399  -51.033  29.428 0.0000000000
40323  -28.378  -50.952  29.475 0.0000000000
40351  -28.531  -50.776  28.337 0.0000000000
38914  -28.055  -52.638  26.452 0.0000000000
37326  -26.738  -53.696  25.584 0.0000000000
35712  -28.768  -54.418  25.033 0.0000000000
37328  -28.735  -53.240  25.692 0.0000000000
32670  -28.271  -56.554  26.273 0.0000000000
34223  -28.099  -55.511  26.329 0.0000000000
35699  -27.991  -54.496  26.570 0.0000000000
34222  -27.438  -55.393  26.418 0.0000000000
34238  -26.332  -55.714  24.739 0.0000000000
34227  -26.582  -55.486  25.523 0.0000000000
34237  -25.970  -55.351  24.068 0.0000000000
54309  -46.731  -41.352  24.873 0.0000000000
52894  -47.346  -41.688  25.257 0.0000000000
52875  -47.747  -41.608  25.611 0.0000000000
54268  -48.072  -41.347  26.224 0.0000000000
51442  -46.709  -44.027  26.552 0.0000000000
50064  -46.838  -44.227  26.054 0.0000000000
51462  -46.592  -43.834  25.732 0.0000000000
51485  -46.157  -43.162  25.414 0.0000000000
52892  -45.637  -42.531  24.848 0.0000000000
64271  -51.061  -33.265  18.706 0.0000000000
65441  -50.621  -32.825  18.351 0.0000000000
65454  -50.445  -32.126  17.738 0.0000000000
66733  -49.844  -31.546  17.671 0.0000000000
66714  -49.150  -31.873  18.039 0.0000000000
66732  -48.756  -31.561  17.568 0.0000000000
66731  -47.487  -31.607  17.514 0.0000000000
29357  -32.347  -56.209  34.495 0.0000000000
29397  -31.485  -56.527  34.023 0.0000000000
29398  -32.382  -56.527  33.978 0.0000000000
30989  -32.637  -56.174  33.565 0.0000000000
34173  -32.636  -55.164  32.773 0.0000000000
59509  -49.880  -36.814  21.914 0.0000000000
59510  -50.938  -36.910  21.713 0.0000000000
60645  -52.069  -36.682  20.657 0.0000000000
59480  -54.314  -37.406  22.459 0.0000000000
40304  -41.976  -51.650  30.132 0.0000000000
38852  -41.604  -52.351  30.091 0.0000000000
38878  -42.120  -52.276  29.411 0.0000000000
38896  -41.682  -52.137  28.927 0.0000000000
40364  -41.815  -51.448  28.508 0.0000000000
48707  -38.079  -45.728  20.980 0.0000000000
47244  -37.841  -46.242  21.161 0.0000000000
47252  -35.525  -46.251  19.820 0.0000000000
48722  -34.679  -45.816  19.449 0.0000000000
48734  -34.152  -45.635  19.072 0.0000000000
59544  -39.957  -37.857  18.290 0.0000000000
58353  -39.077  -37.804  17.659 0.0000000000
59563  -39.134  -37.370  17.550 0.0000000000
75581  -53.347  -24.537  21.472 0.0000000000
74229  -52.829  -24.569  21.180 0.0000000000
75604  -53.206  -24.050  20.632 0.0000000000
75625  -52.398  -24.165  19.806 0.0000000000
76973  -51.973  -23.938  19.340 0.0000000000
76995  -51.428  -23.260  18.850 0.0000000000
76996  -52.495  -23.113  19.019 0.0000000000
76997  -53.029  -22.874  19.004 0.0000000000
38736  -22.103  -51.719  37.829 0.0000000000
40203  -21.600  -51.377  37.219 0.0000000000
38767  -22.521  -51.700  36.094 0.0000000000
40241  -22.904  -51.410  35.206 0.0000000000
41751  -26.347  -50.550  25.549 0.0000000000
41763  -25.823  -50.314  24.733 0.0000000000
40424  -26.194  -51.082  24.006 0.0000000000
40433  -26.022  -51.227  23.262 0.0000000000
40441  -26.026  -51.601  22.455 0.0000000000
38953  -25.705  -52.655  21.995 0.0000000000
35733  -25.471  -54.673  22.166 0.0000000000
40419  -32.394  -50.701  26.049 0.0000000000
40418  -31.821  -50.647  25.912 0.0000000000
40429  -31.044  -50.519  25.639 0.0000000000
40428  -30.238  -50.556  25.382 0.0000000000
58319  -42.777  -38.098  21.287 0.0000000000
59487  -43.755  -38.019  22.389 0.0000000000
59488  -44.386  -37.760  22.449 0.0000000000
57038  -47.938  -39.726  24.877 0.0000000000
58267  -47.667  -39.239  24.584 0.0000000000
58268  -48.137  -39.103  24.598 0.0000000000
58292  -49.047  -38.293  23.933 0.0000000000
58270  -49.803  -38.744  24.534 0.0000000000
44416  -45.470  -48.298  27.595 0.0000000000
44425  -44.997  -49.009  27.262 0.0000000000
44445  -45.297  -48.489  26.779 0.0000000000
45823  -44.555  -47.984  26.370 0.0000000000
47177  -44.007  -47.564  26.351 0.0000000000
50081  -43.325  -44.853  25.162 0.0000000000
50099  -41.906  -44.591  24.098 0.0000000000
51500  -40.640  -44.556  23.311 0.0000000000
50107  -40.118  -44.800  22.686 0.0000000000
51534  -39.243  -43.094  21.102 0.0000000000
52933  -39.778  -42.887  21.476 0.0000000000
54350  -39.926  -42.133  21.464 0.0000000000
55800  -42.573  -40.361  22.639 0.0000000000
57075  -41.683  -39.618  21.377 0.0000000000
57084  -41.231  -39.342  20.870 0.0000000000
57085  -42.045  -39.236  21.106 0.0000000000
58318  -42.606  -38.934  21.321 0.0000000000
35593  -26.404  -54.334  36.452 0.0000000000
35605  -25.835  -54.152  35.531 0.0000000000
35606  -26.497  -54.409  35.795 0.0000000000
35615  -26.462  -54.511  34.926 0.0000000000
35635  -26.514  -53.909  33.457 0.0000000000
37225  -29.310  -53.907  33.571 0.0000000000
37238  -28.477  -53.446  33.195 0.0000000000
38806  -28.729  -52.466  32.692 0.0000000000
38820  -27.997  -52.298  32.192 0.0000000000
40283  -27.157  -52.128  31.376 0.0000000000
60671  -43.758  -36.160  19.994 0.0000000000
60690  -43.518  -35.787  19.227 0.0000000000
61851  -44.807  -35.513  19.421 0.0000000000
61874  -47.431  -34.986  18.568 0.0000000000
59537  -53.290  -36.624  19.686 0.0000000000
60681  -53.456  -36.269  19.342 0.0000000000
61859  -53.160  -35.410  19.146 0.0000000000
63064  -52.629  -35.082  19.496 0.0000000000
63055  -52.672  -35.165  20.128 0.0000000000
61840  -51.793  -35.152  20.657 0.0000000000
63045  -50.351  -34.956  20.926 0.0000000000
37244  -37.654  -53.954  32.270 0.0000000000
35643  -37.169  -54.804  32.376 0.0000000000
35644  -37.685  -54.329  31.812 0.0000000000
37279  -37.673  -53.691  30.471 0.0000000000
40330  -37.856  -52.020  29.461 0.0000000000
40360  -37.975  -51.359  29.010 0.0000000000
41683  -36.172  -50.781  28.129 0.0000000000
40388  -35.325  -50.712  27.683 0.0000000000
41714  -35.694  -50.309  27.382 0.0000000000
43051  -35.570  -50.023  26.963 0.0000000000
44468  -41.735  -48.799  25.471 0.0000000000
43113  -41.445  -49.310  25.958 0.0000000000
44467  -40.812  -48.679  25.474 0.0000000000
44466  -39.725  -48.478  25.296 0.0000000000
44545  -36.327  -47.618  22.291 0.0000000000
44533  -36.858  -47.355  22.850 0.0000000000
44513  -35.362  -47.713  23.578 0.0000000000
44489  -34.849  -48.201  24.355 0.0000000000
44512  -34.341  -47.897  23.566 0.0000000000
38786  -35.555  -52.493  33.465 0.0000000000
38773  -35.761  -51.441  34.444 0.0000000000
41617  -40.334  -49.583  33.086 0.0000000000
41628  -40.339  -50.223  31.818 0.0000000000
41629  -40.775  -49.630  32.614 0.0000000000
58196  -47.840  -38.715  29.314 0.0000000000
58209  -47.940  -38.182  29.198 0.0000000000
59404  -47.918  -37.533  28.615 0.0000000000
60533  -48.215  -36.516  29.052 0.0000000000
64134  -50.057  -34.167  28.532 0.0000000000
62951  -50.505  -34.827  27.854 0.0000000000
61737  -51.078  -35.232  27.782 0.0000000000
61721  -51.125  -35.150  28.487 0.0000000000
60534  -51.985  -35.348  28.226 0.0000000000
60548  -52.152  -35.480  28.084 0.0000000000
67807  -53.627  -31.123  27.745 0.0000000000
66566  -53.378  -32.236  28.119 0.0000000000
65329  -53.593  -32.650  27.423 0.0000000000
64145  -53.489  -33.407  27.415 0.0000000000
64146  -53.820  -33.286  26.899 0.0000000000
61776  -54.583  -34.835  25.119 0.0000000000
65374  -50.259  -32.055  24.899 0.0000000000
65373  -49.542  -32.651  24.488 0.0000000000
64193  -49.092  -33.498  24.195 0.0000000000
63021  -48.254  -34.156  23.329 0.0000000000
65386  -48.083  -33.136  23.537 0.0000000000
65397  -47.673  -32.735  22.948 0.0000000000
65404  -47.276  -32.309  22.410 0.0000000000
72812  -49.113  -26.743  22.258 0.0000000000
71508  -49.269  -27.077  21.888 0.0000000000
71516  -49.103  -27.189  21.736 0.0000000000
72875  -49.091  -26.205  20.173 0.0000000000
71546  -47.971  -27.192  20.166 0.0000000000
71528  -47.655  -27.601  20.278 0.0000000000
70281  -47.334  -28.175  20.397 0.0000000000
69145  -46.998  -28.958  19.860 0.0000000000
70299  -46.445  -28.517  19.341 0.0000000000
69170  -45.640  -29.241  18.479 0.0000000000
70326  -45.605  -28.432  18.126 0.0000000000
71564  -45.613  -27.786  17.770 0.0000000000
72921  -45.805  -26.822  16.958 0.0000000000
78314  -49.123  -23.241  16.604 0.0000000000
77018  -48.061  -23.862  16.525 0.0000000000
77029  -48.203  -23.296  15.526 0.0000000000
77037  -47.457  -23.431  14.871 0.0000000000
77036  -47.002  -23.717  14.079 0.0000000000
80651  -55.268  -20.632  18.886 0.0000000000
80652  -56.138  -20.044  18.622 0.0000000000
80671  -55.473  -19.888  18.068 0.0000000000
81862  -54.040  -19.690  17.204 0.0000000000
83129  -53.599  -18.466  14.389 0.0000000000
83111  -53.767  -18.641  14.849 0.0000000000
40256  -20.492  -50.591  33.723 0.0000000000
40267  -19.831  -50.086  32.922 0.0000000000
41626  -20.054  -50.018  32.598 0.0000000000
43008  -19.301  -49.452  30.207 0.0000000000
43028  -19.086  -48.930  28.715 0.0000000000
43046  -19.489  -48.604  27.876 0.0000000000
44419  -19.972  -48.347  27.095 0.0000000000
45833  -20.247  -47.725  24.795 0.0000000000
38802  -23.867  -52.383  32.454 0.0000000000
38815  -23.890  -52.164  31.535 0.0000000000
41648  -23.461  -51.133  30.315 0.0000000000
44507  -25.076  -48.657  23.196 0.0000000000
44484  -24.099  -48.382  24.764 0.0000000000
45887  -23.957  -47.544  22.266 0.0000000000
45886  -23.035  -47.382  22.254 0.0000000000
44571  -23.836  -48.197  18.466 0.0000000000
43196  -24.544  -49.261  17.200 0.0000000000
43218  -24.880  -49.786  16.639 0.0000000000
41859  -25.199  -50.696  16.515 0.0000000000
35676  -34.525  -54.181  31.212 0.0000000000
35675  -33.934  -54.143  31.364 0.0000000000
37275  -33.887  -53.676  30.784 0.0000000000
38846  -33.470  -53.005  30.469 0.0000000000
38845  -32.756  -52.237  30.328 0.0000000000
41712  -30.875  -50.714  27.359 0.0000000000
41681  -30.855  -50.538  27.806 0.0000000000
41711  -30.260  -50.595  27.334 0.0000000000
41680  -30.102  -50.458  27.737 0.0000000000
40381  -28.482  -50.971  27.389 0.0000000000
37319  -27.694  -53.568  26.443 0.0000000000
31051  -27.177  -56.824  26.257 0.0000000000
32668  -26.875  -56.156  26.138 0.0000000000
57055  -44.069  -39.677  23.638 0.0000000000
57069  -44.180  -39.191  23.379 0.0000000000
57056  -44.706  -39.443  23.886 0.0000000000
57036  -46.436  -39.965  24.701 0.0000000000
57037  -47.194  -39.937  24.782 0.0000000000
55766  -48.552  -40.342  24.906 0.0000000000
47175  -46.424  -46.584  26.737 0.0000000000
45839  -46.021  -46.761  26.204 0.0000000000
47180  -46.103  -46.455  26.385 0.0000000000
48666  -45.787  -45.826  26.191 0.0000000000
48674  -44.789  -45.085  25.347 0.0000000000
50083  -45.373  -44.623  25.348 0.0000000000
50082  -44.296  -44.577  25.265 0.0000000000
51482  -43.533  -43.947  24.866 0.0000000000
52889  -42.838  -43.483  24.388 0.0000000000
52921  -41.442  -42.538  22.986 0.0000000000
54324  -42.705  -41.693  23.603 0.0000000000
54325  -43.597  -41.385  24.017 0.0000000000
55783  -42.898  -40.970  23.367 0.0000000000
55784  -43.529  -40.312  23.538 0.0000000000
68002  -49.442  -30.976  17.214 0.0000000000
29352  -29.203  -56.183  35.506 0.0000000000
30961  -28.385  -55.483  34.877 0.0000000000
30984  -28.953  -56.158  34.687 0.0000000000
32601  -29.259  -55.576  34.465 0.0000000000
34160  -29.729  -54.969  34.282 0.0000000000
30987  -30.972  -55.967  33.822 0.0000000000
35627  -30.092  -54.434  33.826 0.0000000000
37226  -30.093  -53.707  33.560 0.0000000000
38807  -29.856  -52.271  32.376 0.0000000000
60640  -46.712  -36.346  21.506 0.0000000000
60675  -48.366  -35.689  19.727 0.0000000000
61855  -48.739  -35.497  19.174 0.0000000000
61856  -49.697  -35.633  19.410 0.0000000000
61897  -50.046  -35.183  17.942 0.0000000000
61857  -50.786  -35.824  19.247 0.0000000000
61858  -51.359  -36.107  18.987 0.0000000000
60679  -52.241  -36.502  19.246 0.0000000000
60646  -52.630  -36.901  20.332 0.0000000000
59536  -53.164  -36.851  19.830 0.0000000000
59525  -53.846  -36.778  20.480 0.0000000000
61831  -53.910  -35.853  21.335 0.0000000000
37258  -39.477  -53.846  31.048 0.0000000000
37259  -40.022  -53.379  30.782 0.0000000000
37299  -39.923  -53.262  30.137 0.0000000000
38875  -39.622  -52.737  29.872 0.0000000000
37301  -40.993  -52.681  29.914 0.0000000000
38876  -40.559  -52.430  29.597 0.0000000000
40332  -39.748  -51.852  29.448 0.0000000000
40361  -38.975  -51.229  28.980 0.0000000000
41717  -38.418  -50.076  28.299 0.0000000000
45873  -39.573  -47.508  23.449 0.0000000000
45895  -38.855  -47.217  22.761 0.0000000000
45894  -38.121  -47.274  22.516 0.0000000000
45893  -37.400  -47.357  22.304 0.0000000000
47228  -37.552  -46.566  21.372 0.0000000000
45912  -36.943  -47.028  21.585 0.0000000000
44546  -36.768  -47.529  22.109 0.0000000000
45911  -36.099  -47.480  21.721 0.0000000000
45910  -35.147  -47.366  21.413 0.0000000000
45909  -34.218  -47.418  21.165 0.0000000000
45908  -33.286  -47.503  20.984 0.0000000000
45923  -33.909  -47.296  20.360 0.0000000000
45935  -32.692  -46.908  19.399 0.0000000000
57102  -37.727  -39.693  18.253 0.0000000000
57112  -37.746  -38.940  17.847 0.0000000000
59548  -37.947  -37.818  17.511 0.0000000000
58364  -37.116  -37.744  16.744 0.0000000000
69016  -52.903  -30.679  26.912 0.0000000000
67864  -52.859  -30.986  26.551 0.0000000000
66616  -52.754  -31.657  26.333 0.0000000000
66614  -51.527  -31.265  25.452 0.0000000000
69036  -51.226  -29.665  25.309 0.0000000000
67884  -51.006  -30.176  24.877 0.0000000000
66643  -50.975  -30.781  24.827 0.0000000000
66657  -49.923  -30.836  23.558 0.0000000000
66668  -49.452  -30.833  23.067 0.0000000000
74184  -51.258  -25.311  22.223 0.0000000000
72833  -50.530  -25.328  21.523 0.0000000000
74207  -50.877  -25.208  21.482 0.0000000000
74227  -50.322  -25.307  20.977 0.0000000000
74226  -49.908  -25.780  20.571 0.0000000000
75602  -50.950  -24.751  20.631 0.0000000000
74246  -49.595  -25.576  20.204 0.0000000000
74245  -48.725  -25.439  19.543 0.0000000000
74266  -48.593  -24.958  18.925 0.0000000000
74265  -47.836  -25.339  18.536 0.0000000000
75644  -48.553  -24.804  18.584 0.0000000000
75663  -48.938  -23.868  17.777 0.0000000000
77009  -50.442  -23.097  17.823 0.0000000000
77020  -49.453  -23.424  17.196 0.0000000000
78315  -49.519  -22.835  16.692 0.0000000000
78326  -50.145  -21.734  16.004 0.0000000000
83079  -57.315  -18.286  17.739 0.0000000000
83078  -56.352  -18.873  17.714 0.0000000000
83094  -56.675  -18.337  17.069 0.0000000000
84322  -55.859  -18.288  16.414 0.0000000000
40187  -20.015  -50.648  37.707 0.0000000000
40219  -20.720  -50.894  35.802 0.0000000000
40239  -20.575  -50.759  34.743 0.0000000000
40279  -20.946  -50.243  32.086 0.0000000000
41646  -21.454  -49.932  30.638 0.0000000000
40347  -24.632  -51.231  29.017 0.0000000000
41675  -23.856  -50.647  28.559 0.0000000000
41732  -24.575  -49.934  26.497 0.0000000000
43104  -24.618  -49.295  25.272 0.0000000000
43128  -25.319  -49.647  24.416 0.0000000000
44526  -25.281  -48.871  22.557 0.0000000000
41803  -26.042  -50.415  19.751 0.0000000000
40478  -26.059  -51.325  19.482 0.0000000000
38988  -25.689  -52.532  19.648 0.0000000000
38891  -33.888  -52.063  29.096 0.0000000000
40384  -31.481  -51.038  27.304 0.0000000000
40403  -31.686  -51.020  26.527 0.0000000000
40401  -29.415  -50.918  26.397 0.0000000000
60687  -41.120  -36.766  18.743 0.0000000000
60670  -42.652  -36.597  19.564 0.0000000000
59535  -42.912  -36.759  20.056 0.0000000000
59522  -42.951  -37.183  20.742 0.0000000000
58309  -45.104  -38.129  23.097 0.0000000000
58310  -45.839  -37.803  23.282 0.0000000000
59489  -45.301  -37.306  22.497 0.0000000000
60626  -45.900  -36.859  22.498 0.0000000000
60628  -47.543  -36.584  22.163 0.0000000000
59493  -49.697  -36.750  22.952 0.0000000000
59475  -49.278  -37.496  23.475 0.0000000000
59477  -51.543  -37.594  23.499 0.0000000000
43020  -43.024  -49.540  28.930 0.0000000000
41664  -42.842  -50.192  28.795 0.0000000000
41691  -43.017  -50.195  28.159 0.0000000000
43059  -43.271  -49.778  27.522 0.0000000000
43085  -42.693  -49.588  26.664 0.0000000000
44442  -43.296  -48.990  26.430 0.0000000000
43115  -42.519  -49.331  26.121 0.0000000000
44496  -42.046  -48.281  24.928 0.0000000000
45855  -41.351  -47.694  24.383 0.0000000000
47179  -45.353  -47.013  26.281 0.0000000000
47186  -44.762  -46.504  26.123 0.0000000000
47185  -43.665  -46.803  25.955 0.0000000000
48672  -43.171  -46.025  25.310 0.0000000000
47194  -42.989  -46.728  25.437 0.0000000000
47193  -42.379  -46.755  25.071 0.0000000000
47192  -41.575  -46.803  24.466 0.0000000000
45875  -41.032  -47.100  24.163 0.0000000000
45874  -40.485  -47.457  23.863 0.0000000000
47201  -39.826  -46.761  23.374 0.0000000000
48683  -39.558  -46.062  23.021 0.0000000000
48694  -38.929  -45.853  22.148 0.0000000000
50113  -38.699  -45.268  21.420 0.0000000000
50121  -37.652  -45.083  20.522 0.0000000000
50159  -36.515  -43.880  19.321 0.0000000000
50158  -35.936  -43.958  19.064 0.0000000000
51544  -37.031  -43.765  19.534 0.0000000000
51568  -37.281  -42.974  19.460 0.0000000000
52944  -37.849  -42.342  19.531 0.0000000000
54367  -37.678  -41.658  19.188 0.0000000000
54384  -37.933  -41.081  19.055 0.0000000000
54335  -40.819  -42.165  22.385 0.0000000000
54351  -40.631  -41.556  21.689 0.0000000000
54362  -40.546  -41.077  20.932 0.0000000000
55846  -38.688  -40.101  19.052 0.0000000000
57094  -39.203  -39.446  19.227 0.0000000000
58338  -40.010  -38.460  19.257 0.0000000000
58347  -40.042  -38.104  18.510 0.0000000000
59545  -40.559  -37.418  18.668 0.0000000000
78256  -55.578  -22.143  20.637 0.0000000000
78257  -56.257  -21.748  20.822 0.0000000000
79465  -56.499  -21.079  20.529 0.0000000000
80606  -56.679  -20.698  20.321 0.0000000000
80607  -57.325  -20.536  20.667 0.0000000000
80630  -57.280  -20.136  19.809 0.0000000000
81831  -57.661  -19.586  19.546 0.0000000000
81852  -57.973  -19.313  19.239 0.0000000000
83063  -58.182  -18.902  18.798 0.0000000000
83016  -59.870  -18.606  20.343 0.0000000000
83039  -59.749  -18.574  19.858 0.0000000000
83080  -58.385  -18.229  17.957 0.0000000000
84304  -58.419  -17.716  17.331 0.0000000000
84325  -58.531  -17.334  16.432 0.0000000000
84326  -59.640  -16.809  16.397 0.0000000000
38739  -24.339  -52.784  36.992 0.0000000000
37201  -24.273  -53.007  35.101 0.0000000000
38783  -24.305  -52.877  34.329 0.0000000000
37214  -25.521  -53.650  34.698 0.0000000000
37222  -24.990  -53.363  33.577 0.0000000000
38803  -24.471  -52.824  32.797 0.0000000000
38816  -24.697  -52.696  31.892 0.0000000000
38839  -24.371  -52.277  31.012 0.0000000000
40296  -24.736  -51.894  30.453 0.0000000000
34152  -28.219  -54.826  34.371 0.0000000000
35624  -27.122  -54.199  33.810 0.0000000000
37237  -27.516  -53.561  32.869 0.0000000000
37236  -26.419  -53.447  32.657 0.0000000000
37252  -25.863  -53.039  32.184 0.0000000000
38817  -25.535  -52.768  31.757 0.0000000000
40320  -25.165  -51.454  29.702 0.0000000000
41706  -25.992  -50.506  27.351 0.0000000000
41734  -26.448  -50.481  26.425 0.0000000000
40414  -26.674  -51.637  25.016 0.0000000000
41774  -29.867  -50.009  23.713 0.0000000000
60699  -41.548  -36.027  18.499 0.0000000000
61889  -41.876  -35.429  18.201 0.0000000000
63086  -42.739  -34.624  17.502 0.0000000000
61870  -43.332  -35.544  18.755 0.0000000000
63108  -43.549  -34.110  16.937 0.0000000000
60673  -46.385  -35.774  19.977 0.0000000000
63075  -45.644  -34.896  18.103 0.0000000000
61873  -46.291  -35.042  18.310 0.0000000000
63074  -45.340  -34.768  18.065 0.0000000000
60700  -52.675  -36.027  17.806 0.0000000000
64261  -51.143  -33.751  18.981 0.0000000000
64260  -50.557  -33.582  19.258 0.0000000000
64259  -49.613  -33.475  19.496 0.0000000000
64258  -48.681  -33.465  19.690 0.0000000000
32590  -34.856  -55.609  33.501 0.0000000000
31015  -34.980  -56.376  33.187 0.0000000000
31016  -35.278  -56.117  32.947 0.0000000000
32644  -35.546  -55.467  32.277 0.0000000000
34191  -35.386  -55.383  31.908 0.0000000000
35657  -35.935  -54.938  31.415 0.0000000000
38847  -35.012  -52.971  30.144 0.0000000000
35681  -39.092  -54.129  30.695 0.0000000000
37280  -38.592  -53.565  30.411 0.0000000000
37297  -37.681  -53.214  29.926 0.0000000000
38873  -37.737  -52.660  29.624 0.0000000000
38849  -36.563  -53.135  30.035 0.0000000000
38871  -35.291  -52.528  29.519 0.0000000000
38892  -34.494  -52.009  28.941 0.0000000000
40405  -33.564  -50.796  26.674 0.0000000000
40406  -34.037  -50.598  26.697 0.0000000000
41735  -33.181  -50.679  26.154 0.0000000000
41753  -32.564  -50.553  25.796 0.0000000000
43130  -31.494  -49.395  24.659 0.0000000000
40390  -42.077  -50.745  28.016 0.0000000000
41689  -41.792  -50.892  28.155 0.0000000000
41719  -41.105  -50.340  27.586 0.0000000000
43083  -41.056  -49.484  26.610 0.0000000000
43056  -40.845  -49.804  27.269 0.0000000000
41718  -40.642  -50.083  27.631 0.0000000000
43033  -39.527  -49.869  28.108 0.0000000000
43054  -38.675  -49.494  27.702 0.0000000000
43080  -37.564  -48.890  26.461 0.0000000000
44517  -39.433  -48.112  23.733 0.0000000000
44493  -39.090  -48.387  24.368 0.0000000000
44465  -38.638  -48.402  25.243 0.0000000000
44438  -38.277  -48.455  26.017 0.0000000000
43079  -36.471  -49.368  26.495 0.0000000000
43109  -34.733  -49.370  25.761 0.0000000000
44461  -34.299  -48.692  25.088 0.0000000000
43132  -32.975  -49.457  25.124 0.0000000000
43131  -32.401  -49.415  25.007 0.0000000000
43139  -30.947  -49.247  24.164 0.0000000000
57101  -37.261  -40.164  17.977 0.0000000000
54251  -46.750  -41.944  27.629 0.0000000000
55684  -46.855  -40.880  28.593 0.0000000000
55664  -47.590  -40.437  29.365 0.0000000000
40159  -20.973  -51.553  39.271 0.0000000000
38723  -21.412  -51.556  39.242 0.0000000000
38697  -22.034  -51.694  40.297 0.0000000000
38724  -21.985  -51.585  38.788 0.0000000000
38711  -22.641  -52.156  39.329 0.0000000000
38726  -23.526  -52.466  38.233 0.0000000000
37152  -23.853  -53.049  39.087 0.0000000000
37163  -24.235  -52.889  37.947 0.0000000000
37177  -25.453  -53.561  37.563 0.0000000000
35567  -25.738  -53.728  37.760 0.0000000000
34118  -26.133  -53.988  38.067 0.0000000000
35579  -26.089  -54.088  37.236 0.0000000000
34120  -26.871  -54.635  36.920 0.0000000000
32562  -27.629  -55.251  36.801 0.0000000000
30931  -28.232  -55.538  36.302 0.0000000000
30920  -28.480  -55.298  37.069 0.0000000000
29338  -28.709  -55.600  36.141 0.0000000000
29340  -29.638  -56.185  35.725 0.0000000000
29341  -30.172  -56.431  35.467 0.0000000000
30947  -30.765  -56.358  35.165 0.0000000000
30936  -31.616  -55.630  35.285 0.0000000000
30949  -32.525  -55.812  34.809 0.0000000000
30950  -33.924  -56.055  35.110 0.0000000000
30951  -34.292  -55.893  34.774 0.0000000000
34146  -34.099  -54.935  34.298 0.0000000000
32579  -34.661  -55.445  33.848 0.0000000000
34154  -34.898  -55.083  33.754 0.0000000000
35629  -36.138  -54.537  33.190 0.0000000000
38795  -36.146  -53.149  33.110 0.0000000000
37227  -36.569  -53.718  32.897 0.0000000000
37243  -37.112  -54.078  32.544 0.0000000000
38810  -39.066  -52.631  32.113 0.0000000000
38798  -38.696  -52.014  32.885 0.0000000000
38826  -39.483  -53.306  31.461 0.0000000000
41638  -40.957  -50.653  31.044 0.0000000000
41649  -41.846  -50.757  29.864 0.0000000000
41650  -42.318  -50.644  29.548 0.0000000000
44397  -42.297  -48.682  31.264 0.0000000000
43012  -42.701  -49.585  29.621 0.0000000000
44411  -43.850  -48.995  28.541 0.0000000000
44412  -44.308  -48.210  28.840 0.0000000000
45810  -44.664  -47.516  29.296 0.0000000000
45818  -45.670  -47.824  28.118 0.0000000000
45812  -46.167  -47.171  28.529 0.0000000000
48605  -46.242  -46.059  29.184 0.0000000000
47156  -46.380  -46.562  28.266 0.0000000000
47167  -46.505  -46.609  27.409 0.0000000000
48629  -46.414  -45.717  27.861 0.0000000000
50009  -46.439  -45.152  27.551 0.0000000000
55721  -47.765  -41.008  26.590 0.0000000000
57005  -47.929  -40.173  26.611 0.0000000000
57006  -48.987  -39.673  26.526 0.0000000000
58221  -48.960  -39.134  26.767 0.0000000000
58235  -49.445  -38.655  26.583 0.0000000000
62930  -48.642  -34.715  28.569 0.0000000000
61719  -48.648  -35.587  27.747 0.0000000000
60564  -48.640  -36.740  26.731 0.0000000000
59440  -49.148  -37.668  26.512 0.0000000000
57007  -50.272  -39.539  26.296 0.0000000000
57024  -51.387  -39.449  25.990 0.0000000000
57025  -51.888  -39.030  26.355 0.0000000000
59443  -51.813  -37.518  26.880 0.0000000000
58238  -52.171  -38.216  26.442 0.0000000000
58254  -52.357  -38.892  25.742 0.0000000000
58273  -53.104  -38.031  24.798 0.0000000000
62934  -52.128  -34.151  28.789 0.0000000000
61723  -52.262  -35.022  28.364 0.0000000000
60569  -52.935  -35.874  27.802 0.0000000000
62953  -53.502  -34.273  27.443 0.0000000000
61739  -53.624  -35.213  27.539 0.0000000000
59446  -53.900  -36.800  26.016 0.0000000000
58274  -53.981  -37.921  24.058 0.0000000000
58297  -53.962  -37.667  23.312 0.0000000000
60619  -54.544  -36.580  22.826 0.0000000000
61821  -54.375  -36.124  22.080 0.0000000000
61820  -53.776  -35.673  22.295 0.0000000000
61819  -52.860  -35.412  22.405 0.0000000000
65350  -52.590  -32.400  26.079 0.0000000000
64172  -52.412  -33.326  25.515 0.0000000000
63002  -52.460  -34.141  24.970 0.0000000000
61818  -51.851  -35.137  22.360 0.0000000000
61827  -50.406  -35.075  21.646 0.0000000000
63044  -49.647  -34.758  21.433 0.0000000000
63035  -48.311  -34.374  22.612 0.0000000000
63051  -49.121  -34.314  20.846 0.0000000000
69070  -49.155  -29.800  23.677 0.0000000000
67919  -49.121  -30.375  23.309 0.0000000000
67918  -48.525  -30.414  22.743 0.0000000000
72832  -50.000  -25.815  21.159 0.0000000000
72831  -49.334  -26.541  21.342 0.0000000000
71515  -48.762  -27.510  21.536 0.0000000000
67917  -47.867  -30.896  22.775 0.0000000000
66677  -47.320  -31.498  22.162 0.0000000000
65414  -46.630  -32.314  21.592 0.0000000000
67954  -46.211  -31.001  20.630 0.0000000000
65413  -46.322  -32.612  20.736 0.0000000000
64244  -46.510  -32.924  20.389 0.0000000000
65425  -46.991  -33.039  19.191 0.0000000000
65438  -47.501  -32.424  18.313 0.0000000000
68000  -46.674  -30.967  17.293 0.0000000000
69187  -45.500  -29.497  17.569 0.0000000000
69197  -45.812  -29.682  16.804 0.0000000000
69198  -46.730  -29.940  16.269 0.0000000000
74264  -47.046  -25.786  18.056 0.0000000000
72947  -46.658  -25.791  16.778 0.0000000000
72946  -46.061  -26.211  16.625 0.0000000000
74306  -46.201  -25.642  16.151 0.0000000000
72945  -45.618  -26.678  16.144 0.0000000000
72964  -45.752  -26.492  15.173 0.0000000000
71620  -46.188  -27.264  14.885 0.0000000000
78290  -54.270  -21.930  18.957 0.0000000000
78306  -53.249  -21.795  18.156 0.0000000000
80650  -54.220  -20.899  18.354 0.0000000000
79519  -53.320  -21.384  17.967 0.0000000000
79517  -52.013  -21.756  17.492 0.0000000000
79529  -52.150  -21.290  17.258 0.0000000000
79527  -50.819  -21.356  16.462 0.0000000000
79537  -50.365  -21.143  15.510 0.0000000000
83077  -55.873  -18.950  17.318 0.0000000000
81880  -54.704  -19.261  16.611 0.0000000000
81897  -53.572  -19.030  15.403 0.0000000000
80700  -53.079  -19.453  15.866 0.0000000000
80698  -51.488  -20.431  15.858 0.0000000000
80697  -50.868  -20.787  15.954 0.0000000000
40186  -18.978  -50.844  37.512 0.0000000000
40200  -18.662  -50.824  36.533 0.0000000000
40255  -19.298  -50.173  33.603 0.0000000000
43101  -18.246  -49.693  25.290 0.0000000000
44432  -18.748  -48.587  26.528 0.0000000000
43102  -18.598  -49.174  24.806 0.0000000000
38781  -23.372  -51.965  35.190 0.0000000000
40242  -23.429  -51.908  34.857 0.0000000000
40270  -22.430  -51.275  32.998 0.0000000000
43030  -21.440  -48.925  28.596 0.0000000000
41703  -23.105  -49.500  27.659 0.0000000000
44458  -23.364  -48.490  25.552 0.0000000000
43074  -23.053  -48.917  27.061 0.0000000000
43049  -22.631  -49.081  27.592 0.0000000000
43031  -22.145  -49.171  28.182 0.0000000000
43048  -21.690  -48.803  27.770 0.0000000000
44420  -21.119  -48.367  27.132 0.0000000000
45834  -20.756  -47.550  24.912 0.0000000000
45867  -20.765  -47.633  23.753 0.0000000000
45903  -21.758  -47.863  21.097 0.0000000000
45902  -21.223  -48.172  21.362 0.0000000000
41834  -25.349  -50.942  17.832 0.0000000000
31014  -34.459  -56.046  33.006 0.0000000000
32624  -33.259  -55.475  32.703 0.0000000000
35641  -33.017  -54.626  32.418 0.0000000000
35654  -33.585  -54.273  32.012 0.0000000000
35653  -32.821  -54.083  32.266 0.0000000000
35640  -32.262  -54.374  32.603 0.0000000000
37241  -31.610  -53.651  32.495 0.0000000000
37253  -31.115  -53.026  32.165 0.0000000000
38821  -29.952  -51.761  31.753 0.0000000000
38868  -32.959  -52.134  29.794 0.0000000000
40303  -32.044  -51.489  30.078 0.0000000000
40326  -31.453  -51.230  29.321 0.0000000000
38843  -31.075  -51.614  30.783 0.0000000000
40286  -29.922  -51.449  31.257 0.0000000000
40380  -27.973  -51.110  27.421 0.0000000000
38890  -27.821  -50.899  27.507 0.0000000000
38906  -27.318  -50.847  26.940 0.0000000000
38921  -26.763  -52.579  25.386 0.0000000000
41765  -29.408  -50.769  24.418 0.0000000000
40427  -29.213  -51.146  24.767 0.0000000000
38931  -28.730  -52.179  24.337 0.0000000000
38922  -28.870  -51.677  25.187 0.0000000000
38923  -28.720  -52.044  25.321 0.0000000000
37327  -28.644  -53.622  26.101 0.0000000000
35711  -28.677  -54.789  25.647 0.0000000000
35697  -26.991  -54.598  26.153 0.0000000000
34221  -26.909  -55.155  26.157 0.0000000000
35702  -26.754  -54.630  25.768 0.0000000000
38928  -26.152  -53.573  24.053 0.0000000000
37337  -25.815  -53.888  23.597 0.0000000000
29339  -29.153  -55.804  35.848 0.0000000000
29342  -30.505  -56.511  35.212 0.0000000000
29351  -28.780  -55.730  35.843 0.0000000000
29355  -30.652  -56.700  35.212 0.0000000000
29356  -31.586  -56.138  34.642 0.0000000000
29374  -29.484  -56.509  35.135 0.0000000000
29375  -29.977  -56.867  35.043 0.0000000000
29376  -30.381  -56.657  34.909 0.0000000000
29378  -31.868  -56.374  34.312 0.0000000000
29379  -32.893  -56.395  34.251 0.0000000000
29380  -33.628  -56.501  34.161 0.0000000000
29394  -29.611  -56.583  34.941 0.0000000000
29400  -33.938  -56.523  33.817 0.0000000000
29408  -33.023  -56.367  33.760 0.0000000000
29409  -33.588  -56.371  33.653 0.0000000000
29410  -34.026  -56.376  33.426 0.0000000000
29411  -34.640  -56.458  33.214 0.0000000000
30918  -27.876  -55.404  36.918 0.0000000000
30919  -28.171  -55.446  36.915 0.0000000000
30921  -28.511  -55.021  37.316 0.0000000000
30922  -30.256  -55.781  36.049 0.0000000000
30923  -30.452  -55.623  35.946 0.0000000000
30930  -27.851  -55.437  36.624 0.0000000000
30932  -28.738  -55.504  36.465 0.0000000000
30933  -29.373  -55.732  36.140 0.0000000000
30934  -30.000  -56.040  36.021 0.0000000000
30935  -30.701  -55.957  35.536 0.0000000000
30944  -28.231  -55.470  35.128 0.0000000000
30946  -29.048  -56.285  35.238 0.0000000000
30948  -31.129  -56.081  35.138 0.0000000000
30962  -28.717  -55.906  34.812 0.0000000000
30963  -29.050  -56.363  34.991 0.0000000000
30967  -34.699  -56.050  33.843 0.0000000000
30985  -29.280  -56.258  34.709 0.0000000000
30986  -29.987  -56.164  34.556 0.0000000000
30990  -33.062  -55.896  33.244 0.0000000000
30991  -33.943  -56.562  34.089 0.0000000000
30992  -34.327  -56.383  33.721 0.0000000000
30993  -34.769  -56.027  33.079 0.0000000000
30994  -35.354  -55.895  32.846 0.0000000000
31012  -33.214  -56.195  33.482 0.0000000000
31013  -33.690  -56.093  33.215 0.0000000000
31017  -35.701  -55.443  32.840 0.0000000000
31027  -34.967  -56.077  32.986 0.0000000000
31028  -35.293  -56.036  32.889 0.0000000000
31029  -35.530  -55.541  32.649 0.0000000000
32545  -26.944  -54.563  37.936 0.0000000000
32547  -27.343  -55.001  36.769 0.0000000000
32548  -28.832  -55.360  36.757 0.0000000000
32549  -29.015  -55.137  36.993 0.0000000000
32563  -27.634  -55.293  36.404 0.0000000000
32564  -29.097  -55.442  36.529 0.0000000000
32566  -29.987  -55.739  36.222 0.0000000000
32574  -27.938  -55.354  35.370 0.0000000000
32575  -27.876  -55.432  35.851 0.0000000000
32576  -33.250  -55.562  34.841 0.0000000000
32578  -34.437  -55.587  34.282 0.0000000000
32587  -28.510  -55.284  34.644 0.0000000000
32588  -28.960  -54.993  34.466 0.0000000000
32589  -34.616  -55.802  33.860 0.0000000000
32600  -28.903  -55.916  34.604 0.0000000000
32603  -31.215  -55.869  33.730 0.0000000000
32604  -32.107  -55.840  33.477 0.0000000000
32605  -32.917  -55.699  33.097 0.0000000000
32608  -35.819  -55.311  33.030 0.0000000000
32625  -33.780  -55.745  32.773 0.0000000000
32626  -34.518  -55.745  32.699 0.0000000000
32627  -36.144  -55.294  32.462 0.0000000000
32645  -35.959  -55.238  31.983 0.0000000000
32646  -36.288  -55.374  32.104 0.0000000000
34121  -27.239  -54.895  36.458 0.0000000000
34134  -27.339  -54.977  36.082 0.0000000000
34137  -33.343  -54.854  34.748 0.0000000000
34145  -33.797  -54.852  34.451 0.0000000000
34147  -34.497  -54.957  33.963 0.0000000000
34151  -27.528  -54.736  34.551 0.0000000000
34158  -27.778  -54.427  33.987 0.0000000000
34163  -32.371  -55.474  33.224 0.0000000000
34164  -35.481  -55.118  33.444 0.0000000000
34165  -35.954  -55.044  33.093 0.0000000000
34170  -27.836  -54.224  33.633 0.0000000000
34176  -36.426  -55.130  32.605 0.0000000000
34189  -34.064  -54.847  32.101 0.0000000000
35557  -24.477  -53.323  39.190 0.0000000000
35578  -26.140  -54.075  37.822 0.0000000000
35580  -26.565  -54.445  36.713 0.0000000000
35591  -25.437  -53.744  35.985 0.0000000000
35604  -25.520  -53.742  35.544 0.0000000000
35609  -34.789  -54.772  33.802 0.0000000000
35614  -25.809  -54.155  34.932 0.0000000000
35616  -34.812  -54.480  33.789 0.0000000000
35623  -26.688  -54.286  34.122 0.0000000000
35625  -28.514  -54.360  33.783 0.0000000000
35626  -29.148  -54.448  33.882 0.0000000000
35660  -38.954  -54.488  30.956 0.0000000000
35709  -25.908  -54.794  24.120 0.0000000000
37165  -25.534  -53.537  37.964 0.0000000000
37175  -24.329  -52.836  37.387 0.0000000000
37176  -24.711  -53.265  37.231 0.0000000000
37188  -24.952  -53.287  36.311 0.0000000000
37203  -25.595  -53.785  35.225 0.0000000000
37212  -24.250  -52.919  34.617 0.0000000000
37282  -40.235  -53.285  30.376 0.0000000000
37296  -37.035  -53.342  29.995 0.0000000000
37312  -28.546  -52.686  26.285 0.0000000000
38709  -21.182  -51.674  39.794 0.0000000000
38710  -22.018  -51.615  39.617 0.0000000000
38753  -24.100  -52.562  36.479 0.0000000000
38768  -23.072  -52.056  35.738 0.0000000000
38794  -24.439  -52.926  33.704 0.0000000000
38808  -30.670  -52.662  32.272 0.0000000000
38825  -33.535  -53.305  30.903 0.0000000000
38853  -42.430  -52.055  29.815 0.0000000000
38854  -42.530  -51.849  29.622 0.0000000000
38895  -41.076  -52.098  29.193 0.0000000000
38897  -42.278  -52.006  28.874 0.0000000000
38930  -28.820  -51.691  24.929 0.0000000000
38943  -26.464  -52.229  23.220 0.0000000000
40172  -20.124  -51.110  38.536 0.0000000000
40189  -21.404  -51.507  37.949 0.0000000000
40268  -20.515  -50.375  32.717 0.0000000000
40274  -39.593  -51.562  32.201 0.0000000000
40292  -21.564  -50.442  31.347 0.0000000000
40334  -42.466  -51.229  28.758 0.0000000000
40350  -27.788  -50.781  28.282 0.0000000000
40365  -42.310  -51.345  28.620 0.0000000000
40366  -42.506  -51.702  28.974 0.0000000000
40389  -41.916  -51.044  28.313 0.0000000000
40426  -28.950  -51.473  25.052 0.0000000000
40462  -26.262  -51.143  19.996 0.0000000000
40479  -26.188  -51.283  19.816 0.0000000000
41637  -21.151  -50.313  31.563 0.0000000000
41663  -42.522  -50.848  28.623 0.0000000000
41674  -22.804  -49.667  28.337 0.0000000000
41677  -25.772  -50.694  28.114 0.0000000000
41679  -28.279  -50.850  27.717 0.0000000000
41686  -39.173  -50.287  28.477 0.0000000000
41688  -41.375  -50.815  28.138 0.0000000000
41690  -42.512  -50.634  28.183 0.0000000000
41708  -28.167  -51.122  27.556 0.0000000000
41709  -28.144  -50.971  27.539 0.0000000000
41710  -29.914  -50.566  27.350 0.0000000000
41721  -42.541  -50.320  27.637 0.0000000000
41738  -35.231  -50.210  26.879 0.0000000000
41739  -42.016  -49.911  26.797 0.0000000000
41749  -24.689  -49.641  25.906 0.0000000000
41793  -26.307  -50.481  20.752 0.0000000000
41804  -26.233  -50.989  19.795 0.0000000000
42981  -39.185  -49.654  32.982 0.0000000000
43027  -18.091  -49.278  28.801 0.0000000000
43035  -44.071  -49.425  27.785 0.0000000000
43050  -23.231  -49.317  27.282 0.0000000000
43058  -42.703  -49.935  27.268 0.0000000000
43061  -45.048  -49.097  27.008 0.0000000000
43073  -18.736  -49.002  25.577 0.0000000000
43087  -44.610  -48.936  26.891 0.0000000000
43088  -45.116  -48.821  26.858 0.0000000000
43125  -18.445  -49.935  24.647 0.0000000000
43136  -25.080  -48.714  23.639 0.0000000000
44396  -41.738  -49.168  31.228 0.0000000000
44418  -18.850  -48.404  27.003 0.0000000000
44424  -40.103  -49.165  26.962 0.0000000000
44426  -45.365  -48.627  27.129 0.0000000000
44436  -22.761  -48.649  26.400 0.0000000000
44437  -23.370  -48.887  26.105 0.0000000000
44443  -43.958  -48.503  26.574 0.0000000000
44455  -20.058  -47.817  25.389 0.0000000000
44456  -21.141  -47.734  25.596 0.0000000000
44457  -22.333  -47.819  25.434 0.0000000000
44459  -24.058  -48.708  25.449 0.0000000000
44480  -19.130  -48.842  24.454 0.0000000000
44504  -20.676  -47.748  23.145 0.0000000000
44523  -20.320  -48.381  22.457 0.0000000000
44524  -21.013  -47.598  22.566 0.0000000000
44535  -38.440  -47.444  23.082 0.0000000000
44580  -24.185  -48.632  17.670 0.0000000000
44581  -24.652  -48.892  17.728 0.0000000000
45825  -46.218  -47.064  26.377 0.0000000000
45850  -20.489  -47.758  24.320 0.0000000000
45851  -21.195  -47.487  24.289 0.0000000000
45870  -23.590  -47.651  23.177 0.0000000000
45884  -21.064  -47.804  21.789 0.0000000000
45896  -39.354  -47.088  23.029 0.0000000000
47155  -46.174  -46.474  29.136 0.0000000000
47188  -45.887  -46.417  26.264 0.0000000000
47214  -38.674  -46.765  22.271 0.0000000000
47227  -37.059  -46.524  21.163 0.0000000000
47243  -37.327  -46.167  20.739 0.0000000000
47250  -33.562  -46.513  19.347 0.0000000000
48579  -46.091  -45.778  29.492 0.0000000000
48706  -37.515  -45.662  20.543 0.0000000000
48723  -35.208  -45.771  19.587 0.0000000000
50028  -46.506  -45.360  27.217 0.0000000000
50098  -41.200  -44.980  23.779 0.0000000000
52941  -39.472  -42.396  21.040 0.0000000000
52963  -36.526  -42.257  18.580 0.0000000000
54250  -46.707  -41.960  28.172 0.0000000000
54312  -48.919  -40.572  25.007 0.0000000000
55703  -46.717  -41.536  28.097 0.0000000000
55724  -49.961  -40.070  25.785 0.0000000000
55765  -47.809  -40.479  24.960 0.0000000000
55767  -49.100  -40.244  24.834 0.0000000000
55786  -45.140  -39.897  24.368 0.0000000000
56991  -48.682  -39.261  26.787 0.0000000000
57004  -47.379  -40.516  26.894 0.0000000000
57008  -51.238  -38.950  26.429 0.0000000000
57009  -51.674  -38.614  26.488 0.0000000000
57059  -47.339  -39.418  24.545 0.0000000000
58223  -51.029  -37.531  26.740 0.0000000000
58287  -44.494  -38.982  23.466 0.0000000000
58296  -53.354  -37.948  23.619 0.0000000000
58365  -38.750  -37.718  17.518 0.0000000000
58366  -38.948  -37.588  17.462 0.0000000000
59421  -48.492  -37.762  26.591 0.0000000000
59422  -50.196  -37.209  26.743 0.0000000000
59441  -49.984  -37.574  26.677 0.0000000000
59442  -50.498  -37.755  26.643 0.0000000000
59444  -52.364  -37.175  26.834 0.0000000000
59514  -54.069  -37.034  20.687 0.0000000000
59524  -53.504  -36.778  20.247 0.0000000000
59549  -38.337  -37.656  17.458 0.0000000000
60535  -51.797  -35.263  28.363 0.0000000000
60545  -47.993  -37.261  27.145 0.0000000000
60547  -52.010  -35.771  27.772 0.0000000000
60549  -52.537  -35.406  28.108 0.0000000000
60565  -49.910  -36.715  26.784 0.0000000000
60566  -50.839  -36.257  27.104 0.0000000000
60585  -49.509  -37.148  26.575 0.0000000000
60629  -48.356  -36.490  21.959 0.0000000000
60662  -52.737  -36.805  19.796 0.0000000000
60664  -54.045  -36.667  20.681 0.0000000000
60676  -48.994  -35.639  19.622 0.0000000000
60678  -51.466  -36.252  19.448 0.0000000000
60694  -53.468  -35.932  18.432 0.0000000000
61710  -51.612  -34.922  28.498 0.0000000000
61720  -49.325  -35.193  27.611 0.0000000000
61722  -51.750  -35.300  28.019 0.0000000000
61724  -52.871  -35.122  28.110 0.0000000000
61738  -51.570  -35.499  27.753 0.0000000000
61789  -53.696  -35.246  24.266 0.0000000000
61844  -54.205  -36.501  20.927 0.0000000000
61877  -50.394  -35.512  18.633 0.0000000000
61879  -51.928  -36.204  17.999 0.0000000000
61909  -40.212  -35.033  17.274 0.0000000000
62921  -51.082  -34.092  28.988 0.0000000000
62932  -51.201  -34.470  28.869 0.0000000000
62944  -52.405  -34.488  28.394 0.0000000000
62952  -50.780  -34.807  28.001 0.0000000000
62954  -53.936  -34.074  26.815 0.0000000000
62981  -52.708  -33.781  25.300 0.0000000000
63022  -49.336  -34.573  23.566 0.0000000000
63034  -47.763  -34.155  23.011 0.0000000000
63036  -49.263  -34.714  22.396 0.0000000000
64123  -48.945  -34.128  28.759 0.0000000000
64135  -50.229  -33.991  28.719 0.0000000000
64170  -51.039  -32.784  25.375 0.0000000000
64171  -51.470  -32.895  25.430 0.0000000000
64194  -49.451  -33.601  24.392 0.0000000000
64197  -52.257  -33.674  25.201 0.0000000000
64213  -48.065  -33.748  23.434 0.0000000000
64214  -48.783  -33.647  23.887 0.0000000000
64215  -49.234  -34.020  24.046 0.0000000000
64225  -47.678  -33.605  23.007 0.0000000000
64256  -46.760  -33.192  20.020 0.0000000000
65351  -53.110  -32.409  26.344 0.0000000000
65372  -49.061  -33.232  24.276 0.0000000000
65424  -46.059  -32.490  19.843 0.0000000000
65436  -45.656  -32.116  19.080 0.0000000000
65453  -48.650  -31.944  17.971 0.0000000000
66567  -53.610  -31.523  27.966 0.0000000000
66577  -53.664  -32.222  27.404 0.0000000000
66579  -53.637  -31.630  27.130 0.0000000000
66591  -53.612  -32.159  26.794 0.0000000000
66592  -53.671  -31.827  27.036 0.0000000000
66617  -53.212  -31.948  26.544 0.0000000000
66641  -49.735  -31.816  24.258 0.0000000000
66669  -49.612  -30.771  23.320 0.0000000000
66689  -45.960  -31.822  20.665 0.0000000000
66701  -45.639  -31.679  20.012 0.0000000000
66702  -45.781  -32.049  20.203 0.0000000000
66710  -45.473  -31.469  19.300 0.0000000000
66730  -46.448  -31.379  17.732 0.0000000000
66747  -48.211  -31.222  17.075 0.0000000000
67806  -53.565  -31.118  28.253 0.0000000000
67821  -53.599  -31.478  27.317 0.0000000000
67837  -52.042  -30.003  26.240 0.0000000000
67838  -52.210  -29.965  26.455 0.0000000000
67839  -53.142  -30.950  26.881 0.0000000000
67840  -53.421  -31.358  26.947 0.0000000000
67865  -53.262  -31.413  26.745 0.0000000000
67900  -49.307  -30.212  23.595 0.0000000000
67920  -49.492  -30.620  23.424 0.0000000000
67953  -45.973  -31.337  20.477 0.0000000000
67968  -45.750  -31.108  20.269 0.0000000000
68013  -46.426  -30.412  16.933 0.0000000000
69015  -52.396  -29.730  26.688 0.0000000000
69038  -52.520  -30.095  26.815 0.0000000000
69039  -52.709  -30.489  26.774 0.0000000000
69086  -48.878  -29.743  23.173 0.0000000000
69169  -45.541  -28.869  18.137 0.0000000000
70300  -47.020  -28.312  19.792 0.0000000000
70351  -45.374  -28.320  17.445 0.0000000000
70380  -45.695  -28.283  15.985 0.0000000000
70393  -46.624  -27.628  14.712 0.0000000000
71591  -45.938  -27.137  17.671 0.0000000000
71592  -46.546  -26.952  18.138 0.0000000000
71607  -45.535  -27.557  16.365 0.0000000000
71635  -46.713  -27.101  14.190 0.0000000000
72813  -50.272  -25.406  21.531 0.0000000000
72965  -46.122  -26.628  14.519 0.0000000000
74210  -53.612  -24.576  22.208 0.0000000000
74286  -47.155  -25.508  17.418 0.0000000000
74305  -45.785  -26.063  16.158 0.0000000000
74327  -46.969  -24.805  15.542 0.0000000000
74342  -45.782  -25.714  14.930 0.0000000000
75579  -51.104  -24.940  21.270 0.0000000000
75601  -50.070  -25.179  20.581 0.0000000000
75605  -53.962  -23.955  20.726 0.0000000000
75626  -52.810  -23.758  19.922 0.0000000000
75678  -47.674  -24.245  16.407 0.0000000000
75694  -46.921  -24.583  15.111 0.0000000000
76974  -52.423  -23.638  19.421 0.0000000000
76993  -50.042  -23.966  18.692 0.0000000000
77019  -48.638  -23.622  16.464 0.0000000000
77028  -47.866  -23.758  15.915 0.0000000000
78303  -50.843  -22.672  17.658 0.0000000000
78330  -48.293  -22.697  14.920 0.0000000000
78334  -47.648  -22.864  14.257 0.0000000000
79446  -57.455  -21.014  21.486 0.0000000000
79464  -55.876  -21.541  20.245 0.0000000000
79466  -56.998  -21.032  20.991 0.0000000000
79483  -55.540  -21.155  19.604 0.0000000000
79500  -53.830  -21.528  18.322 0.0000000000
79518  -52.725  -21.352  17.638 0.0000000000
79528  -51.652  -21.340  16.938 0.0000000000
80609  -59.212  -19.754  20.859 0.0000000000
80610  -59.644  -19.328  21.037 0.0000000000
80628  -55.701  -20.786  19.408 0.0000000000
80631  -58.929  -19.954  20.255 0.0000000000
80649  -53.786  -21.064  18.190 0.0000000000
80683  -50.941  -20.956  16.321 0.0000000000
80707  -51.532  -20.011  15.134 0.0000000000
80708  -52.032  -19.605  14.996 0.0000000000
81807  -58.590  -19.839  20.254 0.0000000000
81808  -59.391  -19.322  20.540 0.0000000000
81809  -59.671  -18.875  20.606 0.0000000000
81810  -59.744  -18.865  20.763 0.0000000000
81834  -59.478  -18.939  20.265 0.0000000000
81850  -56.558  -19.406  18.342 0.0000000000
81864  -55.711  -19.299  17.517 0.0000000000
81881  -55.279  -19.271  17.010 0.0000000000
83038  -58.915  -18.858  19.484 0.0000000000
83061  -56.592  -19.028  18.190 0.0000000000
83095  -57.080  -18.111  17.204 0.0000000000
84323  -56.265  -18.139  16.453 0.0000000000
84341  -55.622  -17.974  16.109 0.0000000000
