#!ascii label  , from subject 4030 vox2ras=TkReg
1196
42834  -8.599  -47.854  40.822 0.0000000000
55740  -33.870  -39.189  27.067 0.0000000000
65382  -33.327  -32.106  25.150 0.0000000000
54173  -28.305  -39.881  32.586 0.0000000000
81844  -41.010  -18.630  20.054 0.0000000000
72820  -37.116  -24.460  20.974 0.0000000000
54203  -36.883  -39.708  31.124 0.0000000000
51435  -31.706  -40.881  28.361 0.0000000000
81775  -47.264  -17.614  22.341 0.0000000000
86904  -50.840  -13.960  20.101 0.0000000000
91900  -52.842  -10.736  18.546 0.0000000000
71409  -35.522  -27.631  29.088 0.0000000000
71494  -33.603  -27.017  23.844 0.0000000000
72710  -38.192  -24.570  26.991 0.0000000000
72770  -41.543  -25.054  25.134 0.0000000000
51330  -19.505  -40.619  32.137 0.0000000000
41468  -8.408  -49.886  44.578 0.0000000000
60599  -34.992  -35.965  26.229 0.0000000000
67777  -37.337  -31.513  30.263 0.0000000000
52777  -22.123  -39.861  28.802 0.0000000000
58244  -26.104  -37.905  25.049 0.0000000000
95417  -50.447  -8.473  14.090 0.0000000000
97821  -54.558  -7.128  17.733 0.0000000000
75639  -39.108  -22.962  19.902 0.0000000000
78206  -44.042  -21.242  24.043 0.0000000000
48445  -9.853  -44.933  37.514 0.0000000000
34061  -5.823  -54.010  40.918 0.0000000000
83032  -48.845  -16.846  20.476 0.0000000000
72668  -36.449  -25.431  28.804 0.0000000000
51328  -17.392  -41.391  31.271 0.0000000000
41507  -8.316  -48.875  42.648 0.0000000000
162666  -32.495  -36.893  23.537 0.0000000000
59450  -34.835  -37.157  26.754 0.0000000000
54199  -25.011  -39.357  30.791 0.0000000000
55693  -24.423  -38.838  27.785 0.0000000000
56971  -27.168  -37.936  29.582 0.0000000000
52867  -33.133  -41.213  26.388 0.0000000000
54317  -30.450  -39.439  24.839 0.0000000000
54320  -32.006  -39.214  24.521 0.0000000000
51307  -26.606  -40.651  34.315 0.0000000000
51360  -24.136  -41.309  32.597 0.0000000000
86953  -46.819  -13.675  16.265 0.0000000000
93077  -49.133  -10.384  14.907 0.0000000000
94212  -53.951  -9.096  18.382 0.0000000000
74175  -34.384  -25.182  21.970 0.0000000000
72869  -38.418  -24.301  20.336 0.0000000000
75546  -42.990  -22.964  24.543 0.0000000000
49858  -14.330  -42.525  34.651 0.0000000000
48479  -13.472  -43.431  36.637 0.0000000000
48421  -12.661  -44.233  37.934 0.0000000000
48510  -10.698  -44.440  34.763 0.0000000000
34068  -6.281  -54.520  39.964 0.0000000000
55697  -35.453  -39.707  28.861 0.0000000000
58230  -36.265  -37.695  28.376 0.0000000000
58205  -37.817  -37.852  30.106 0.0000000000
51311  -30.839  -41.714  33.119 0.0000000000
54201  -30.163  -39.855  30.236 0.0000000000
49960  -32.937  -41.326  31.597 0.0000000000
51397  -33.946  -41.336  29.757 0.0000000000
81795  -44.488  -18.449  21.472 0.0000000000
83053  -46.151  -17.063  19.813 0.0000000000
85585  -48.254  -15.128  18.396 0.0000000000
88174  -49.276  -13.568  17.337 0.0000000000
91898  -50.692  -11.072  17.809 0.0000000000
88177  -51.845  -13.108  19.084 0.0000000000
69011  -35.017  -29.863  27.110 0.0000000000
69063  -33.213  -29.222  24.584 0.0000000000
71438  -34.680  -27.215  26.866 0.0000000000
75497  -35.412  -25.031  25.496 0.0000000000
74160  -37.351  -24.433  24.318 0.0000000000
72803  -38.567  -24.643  22.761 0.0000000000
72739  -40.310  -25.303  25.588 0.0000000000
51259  -18.728  -42.054  34.446 0.0000000000
49916  -15.459  -42.092  32.494 0.0000000000
101651  -53.951  -3.296  13.866 0.0000000000
41454  -7.219  -49.259  44.517 0.0000000000
59483  -33.078  -36.045  22.995 0.0000000000
62995  -34.145  -34.582  25.484 0.0000000000
60582  -37.539  -35.592  28.146 0.0000000000
64150  -36.468  -33.378  28.580 0.0000000000
67828  -35.570  -31.223  27.704 0.0000000000
70164  -36.330  -30.007  30.430 0.0000000000
55713  -29.534  -38.485  27.260 0.0000000000
51303  -22.933  -41.612  33.752 0.0000000000
52727  -20.569  -40.091  30.584 0.0000000000
93079  -50.733  -9.374  16.788 0.0000000000
95405  -51.473  -7.199  15.727 0.0000000000
97833  -53.056  -5.522  14.888 0.0000000000
100322  -55.094  -5.042  18.218 0.0000000000
42895  -7.260  -49.231  37.534 0.0000000000
41548  -7.133  -50.098  39.133 0.0000000000
79494  -39.356  -20.688  19.730 0.0000000000
74200  -40.664  -23.133  22.244 0.0000000000
76954  -41.202  -21.969  22.302 0.0000000000
80599  -42.568  -19.798  22.229 0.0000000000
80561  -45.304  -19.670  23.331 0.0000000000
45628  -9.025  -46.059  38.891 0.0000000000
38677  -6.599  -51.430  40.818 0.0000000000
37090  -6.398  -51.929  42.503 0.0000000000
38644  -5.878  -51.857  42.743 0.0000000000
41527  -8.538  -48.590  41.184 0.0000000000
55779  -32.611  -38.381  24.689 0.0000000000
57052  -32.805  -37.989  24.636 0.0000000000
57033  -34.276  -38.380  26.891 0.0000000000
54171  -26.737  -39.279  32.283 0.0000000000
55657  -26.045  -38.817  30.838 0.0000000000
55644  -27.556  -38.649  31.608 0.0000000000
54285  -34.449  -40.699  25.892 0.0000000000
54301  -32.262  -39.401  25.779 0.0000000000
55756  -32.552  -39.078  25.939 0.0000000000
55777  -31.593  -38.825  23.197 0.0000000000
51309  -28.995  -40.763  33.948 0.0000000000
51283  -28.324  -40.944  34.832 0.0000000000
52695  -27.365  -40.240  33.468 0.0000000000
52710  -26.048  -39.891  32.785 0.0000000000
91908  -48.775  -11.162  15.233 0.0000000000
64208  -32.966  -33.561  24.153 0.0000000000
66646  -32.216  -32.296  23.466 0.0000000000
74194  -35.536  -24.761  21.367 0.0000000000
72843  -35.231  -25.241  19.534 0.0000000000
72845  -37.420  -24.392  20.188 0.0000000000
49887  -12.720  -43.392  33.798 0.0000000000
49829  -14.299  -43.085  35.639 0.0000000000
49856  -12.522  -43.429  34.625 0.0000000000
49813  -12.304  -43.763  36.323 0.0000000000
48511  -11.657  -43.922  34.589 0.0000000000
55678  -36.131  -39.724  29.532 0.0000000000
55699  -36.300  -38.727  29.282 0.0000000000
55661  -37.458  -39.232  30.975 0.0000000000
49925  -32.619  -42.186  33.355 0.0000000000
49942  -31.676  -41.361  32.022 0.0000000000
49944  -33.238  -41.510  32.629 0.0000000000
52736  -36.018  -40.847  31.882 0.0000000000
51382  -34.264  -41.081  31.012 0.0000000000
52784  -35.576  -40.280  30.721 0.0000000000
52809  -34.457  -40.423  29.123 0.0000000000
81797  -45.949  -17.942  21.511 0.0000000000
83029  -45.691  -17.489  20.348 0.0000000000
83030  -46.633  -17.250  20.746 0.0000000000
84280  -49.709  -15.573  20.422 0.0000000000
84278  -48.136  -15.783  19.802 0.0000000000
84297  -49.224  -15.125  19.695 0.0000000000
85606  -48.700  -14.476  18.261 0.0000000000
86920  -50.155  -13.884  19.260 0.0000000000
88176  -51.083  -13.302  18.594 0.0000000000
88160  -51.368  -13.430  19.358 0.0000000000
70193  -35.482  -28.878  27.979 0.0000000000
71462  -34.652  -28.398  26.947 0.0000000000
72693  -35.387  -27.002  27.902 0.0000000000
74093  -37.588  -24.663  27.917 0.0000000000
74106  -36.357  -24.841  27.313 0.0000000000
74124  -36.773  -24.439  26.436 0.0000000000
75522  -36.086  -24.555  25.020 0.0000000000
72737  -38.049  -24.470  26.276 0.0000000000
72766  -38.299  -24.461  24.849 0.0000000000
72738  -39.263  -24.787  25.909 0.0000000000
51278  -20.377  -42.259  33.774 0.0000000000
51260  -19.772  -42.445  34.469 0.0000000000
51277  -19.355  -41.699  33.825 0.0000000000
51297  -16.549  -41.452  32.255 0.0000000000
102814  -54.656  -2.711  16.365 0.0000000000
102815  -55.416  -2.267  15.912 0.0000000000
40052  -7.900  -50.034  44.999 0.0000000000
162668  -33.926  -36.733  24.959 0.0000000000
162665  -32.615  -36.670  23.327 0.0000000000
60615  -33.172  -35.983  24.588 0.0000000000
61784  -33.373  -35.096  24.631 0.0000000000
61786  -35.031  -35.199  25.616 0.0000000000
59416  -37.474  -36.995  28.949 0.0000000000
60558  -36.951  -36.685  28.349 0.0000000000
60560  -37.968  -35.611  29.488 0.0000000000
66561  -37.813  -32.624  30.051 0.0000000000
65326  -37.953  -33.167  29.379 0.0000000000
66571  -36.711  -32.377  29.373 0.0000000000
65334  -36.082  -32.731  28.191 0.0000000000
67794  -36.719  -31.166  28.855 0.0000000000
68999  -36.218  -30.510  28.239 0.0000000000
70183  -36.650  -30.733  29.793 0.0000000000
56994  -25.177  -38.478  26.598 0.0000000000
52781  -31.022  -40.642  29.682 0.0000000000
55676  -29.962  -39.068  28.651 0.0000000000
54261  -30.498  -39.581  27.541 0.0000000000
57030  -29.364  -39.075  24.450 0.0000000000
49894  -24.537  -42.091  34.788 0.0000000000
52755  -23.115  -40.114  30.707 0.0000000000
52729  -22.518  -40.443  31.440 0.0000000000
52753  -21.282  -39.733  29.781 0.0000000000
52775  -20.271  -40.841  28.383 0.0000000000
91899  -51.898  -11.037  17.975 0.0000000000
93065  -51.283  -10.166  17.524 0.0000000000
93066  -52.276  -10.079  17.922 0.0000000000
95392  -54.183  -8.132  17.819 0.0000000000
95390  -52.735  -8.068  16.967 0.0000000000
96624  -53.795  -7.322  17.061 0.0000000000
97825  -52.746  -6.016  15.253 0.0000000000
97827  -53.801  -6.106  16.229 0.0000000000
99070  -53.712  -5.447  16.192 0.0000000000
99035  -54.786  -5.779  18.191 0.0000000000
70248  -33.339  -28.108  23.696 0.0000000000
69061  -32.440  -30.091  23.005 0.0000000000
78299  -38.785  -21.452  18.144 0.0000000000
76989  -39.174  -22.181  19.644 0.0000000000
72788  -40.431  -24.594  24.080 0.0000000000
72824  -39.526  -23.794  22.348 0.0000000000
72806  -40.773  -24.081  23.506 0.0000000000
78186  -43.652  -21.941  24.565 0.0000000000
76927  -42.237  -22.237  23.360 0.0000000000
78219  -42.581  -21.699  23.439 0.0000000000
78249  -42.018  -20.993  22.517 0.0000000000
78231  -43.021  -20.760  23.267 0.0000000000
80560  -44.160  -19.739  23.328 0.0000000000
79413  -44.710  -20.565  23.920 0.0000000000
48420  -11.644  -44.706  37.963 0.0000000000
48392  -10.833  -44.886  38.763 0.0000000000
46996  -10.368  -45.683  39.463 0.0000000000
47014  -9.720  -45.481  38.145 0.0000000000
45630  -8.181  -46.913  37.589 0.0000000000
47020  -8.714  -46.194  36.367 0.0000000000
38719  -6.838  -52.318  38.210 0.0000000000
40136  -6.851  -50.907  40.397 0.0000000000
37147  -6.793  -52.576  39.238 0.0000000000
34062  -6.167  -54.051  40.686 0.0000000000
37118  -6.427  -52.638  41.391 0.0000000000
35509  -6.111  -52.604  42.156 0.0000000000
37081  -6.113  -51.672  43.124 0.0000000000
35507  -5.735  -53.076  41.753 0.0000000000
49946  -34.718  -41.867  32.756 0.0000000000
81756  -49.238  -17.869  22.933 0.0000000000
83010  -48.434  -17.187  21.062 0.0000000000
81801  -49.727  -17.531  21.891 0.0000000000
72648  -36.132  -26.176  29.220 0.0000000000
51354  -19.196  -40.948  30.908 0.0000000000
51329  -18.437  -40.771  31.647 0.0000000000
42776  -8.899  -48.526  44.219 0.0000000000
41493  -8.404  -49.886  43.132 0.0000000000
58283  -32.283  -37.546  23.354 0.0000000000
58263  -32.720  -37.225  24.235 0.0000000000
162669  -34.013  -36.653  25.718 0.0000000000
68953  -37.740  -30.693  31.293 0.0000000000
52779  -23.523  -39.888  30.072 0.0000000000
54220  -23.891  -39.478  29.122 0.0000000000
54221  -24.773  -39.371  29.665 0.0000000000
55694  -25.288  -38.363  28.230 0.0000000000
58211  -26.843  -37.615  27.328 0.0000000000
52838  -32.468  -40.715  27.437 0.0000000000
52864  -31.236  -40.219  27.068 0.0000000000
52883  -32.399  -39.748  26.280 0.0000000000
54318  -30.943  -39.360  24.495 0.0000000000
55793  -31.176  -39.546  21.876 0.0000000000
49921  -25.735  -41.040  34.914 0.0000000000
49920  -24.792  -41.364  34.491 0.0000000000
51306  -25.347  -40.873  33.735 0.0000000000
52731  -24.304  -40.541  32.178 0.0000000000
85623  -46.347  -14.352  16.440 0.0000000000
93090  -49.687  -9.629  14.339 0.0000000000
91886  -54.300  -10.817  19.566 0.0000000000
93068  -53.470  -9.891  18.482 0.0000000000
72800  -33.646  -26.056  22.873 0.0000000000
72892  -37.257  -24.538  19.020 0.0000000000
74239  -38.630  -24.112  20.095 0.0000000000
72743  -43.095  -24.638  26.282 0.0000000000
72791  -42.490  -24.185  24.833 0.0000000000
75500  -43.841  -23.595  25.925 0.0000000000
49831  -16.398  -42.539  35.662 0.0000000000
48482  -16.028  -42.575  36.644 0.0000000000
48423  -14.462  -43.574  38.377 0.0000000000
48448  -12.951  -43.726  37.107 0.0000000000
48447  -11.832  -44.307  36.883 0.0000000000
48477  -10.651  -44.432  36.019 0.0000000000
47042  -9.414  -46.002  35.449 0.0000000000
47054  -9.292  -45.782  34.490 0.0000000000
55715  -34.142  -39.786  27.667 0.0000000000
57017  -34.949  -38.660  27.307 0.0000000000
55717  -35.896  -39.062  28.020 0.0000000000
58204  -37.210  -37.950  29.520 0.0000000000
52713  -29.596  -41.060  32.498 0.0000000000
54185  -29.176  -39.544  31.584 0.0000000000
52734  -29.988  -41.071  31.257 0.0000000000
52760  -30.765  -40.989  30.573 0.0000000000
51393  -31.834  -41.086  29.641 0.0000000000
49962  -34.333  -41.283  31.860 0.0000000000
50004  -33.649  -41.494  30.280 0.0000000000
51414  -32.593  -41.376  28.778 0.0000000000
52807  -33.532  -41.137  28.345 0.0000000000
54262  -34.355  -40.449  27.873 0.0000000000
51285  -29.988  -41.713  34.316 0.0000000000
81820  -42.898  -18.249  20.667 0.0000000000
83050  -42.361  -17.077  19.136 0.0000000000
83027  -43.464  -17.110  20.076 0.0000000000
84260  -44.512  -17.168  19.214 0.0000000000
84293  -45.833  -15.948  18.576 0.0000000000
83031  -47.745  -16.794  20.697 0.0000000000
84277  -47.303  -15.963  19.549 0.0000000000
84317  -46.737  -14.919  18.082 0.0000000000
85604  -46.910  -14.179  17.385 0.0000000000
88173  -48.106  -13.240  16.935 0.0000000000
89482  -48.507  -12.543  16.911 0.0000000000
90715  -48.840  -12.050  16.654 0.0000000000
89483  -49.732  -12.958  17.515 0.0000000000
90718  -51.264  -11.968  18.213 0.0000000000
89486  -52.593  -12.592  19.015 0.0000000000
88150  -52.842  -12.997  20.088 0.0000000000
90704  -54.179  -11.976  19.356 0.0000000000
67851  -34.411  -30.555  26.149 0.0000000000
66648  -32.984  -30.883  25.157 0.0000000000
69029  -34.313  -29.448  25.809 0.0000000000
70236  -33.923  -28.537  25.278 0.0000000000
72783  -33.962  -26.895  24.776 0.0000000000
72692  -35.425  -26.254  28.111 0.0000000000
74122  -35.398  -25.627  26.322 0.0000000000
72764  -34.462  -26.228  24.787 0.0000000000
75520  -34.753  -24.789  24.162 0.0000000000
74158  -35.663  -24.566  23.341 0.0000000000
74177  -36.509  -24.766  22.616 0.0000000000
72821  -38.007  -24.378  21.394 0.0000000000
72785  -37.848  -24.755  23.476 0.0000000000
72767  -39.423  -24.765  24.805 0.0000000000
72769  -40.832  -25.185  24.828 0.0000000000
72713  -41.165  -25.536  26.706 0.0000000000
71464  -41.629  -25.093  26.206 0.0000000000
49861  -18.107  -42.375  35.014 0.0000000000
51298  -17.734  -41.069  32.556 0.0000000000
51275  -17.161  -41.382  33.386 0.0000000000
49860  -16.814  -42.287  34.708 0.0000000000
49889  -14.782  -42.373  33.592 0.0000000000
63016  -33.272  -34.412  24.303 0.0000000000
64188  -34.040  -33.194  25.763 0.0000000000
59435  -35.517  -37.528  27.415 0.0000000000
59451  -35.768  -36.341  27.205 0.0000000000
60600  -36.203  -35.650  27.111 0.0000000000
62960  -37.181  -34.793  27.924 0.0000000000
62976  -36.030  -34.606  27.088 0.0000000000
62996  -35.303  -34.343  26.404 0.0000000000
65368  -35.181  -32.732  27.080 0.0000000000
66604  -34.827  -31.685  27.076 0.0000000000
67827  -34.975  -30.740  27.340 0.0000000000
68985  -35.941  -29.846  28.545 0.0000000000
70163  -35.898  -28.567  30.190 0.0000000000
70127  -37.350  -29.649  31.856 0.0000000000
70143  -36.384  -28.597  31.103 0.0000000000
55659  -28.657  -38.716  30.579 0.0000000000
58213  -28.333  -37.837  28.431 0.0000000000
58227  -27.755  -37.525  26.559 0.0000000000
55736  -29.850  -39.208  25.858 0.0000000000
57014  -29.208  -38.325  25.301 0.0000000000
51263  -22.201  -41.626  35.152 0.0000000000
51301  -20.973  -41.565  33.314 0.0000000000
51334  -23.219  -41.983  32.693 0.0000000000
51333  -22.400  -41.583  32.740 0.0000000000
51355  -20.047  -40.626  31.325 0.0000000000
52726  -19.534  -40.314  30.182 0.0000000000
93063  -49.497  -10.744  16.028 0.0000000000
93078  -50.023  -9.766  15.746 0.0000000000
94230  -50.366  -8.388  15.327 0.0000000000
94224  -53.112  -8.910  17.597 0.0000000000
95388  -51.124  -7.745  16.308 0.0000000000
95418  -50.808  -7.898  14.237 0.0000000000
96631  -51.046  -6.749  14.409 0.0000000000
97831  -51.691  -5.827  13.848 0.0000000000
99096  -52.166  -4.805  12.844 0.0000000000
99082  -53.424  -5.057  14.492 0.0000000000
100354  -53.907  -4.297  15.957 0.0000000000
42873  -8.052  -48.315  38.883 0.0000000000
42852  -8.226  -48.595  39.790 0.0000000000
41560  -7.110  -50.013  38.214 0.0000000000
67888  -31.902  -31.210  23.248 0.0000000000
80642  -40.141  -19.957  19.916 0.0000000000
72847  -38.949  -24.448  21.108 0.0000000000
74221  -39.535  -24.128  20.943 0.0000000000
74241  -39.681  -23.084  20.767 0.0000000000
74201  -41.681  -23.172  22.856 0.0000000000
75574  -41.165  -22.629  22.280 0.0000000000
75619  -40.108  -22.124  21.331 0.0000000000
78264  -40.476  -21.425  21.023 0.0000000000
79475  -41.213  -20.609  21.444 0.0000000000
80620  -41.472  -19.824  21.356 0.0000000000
81794  -43.413  -18.742  21.532 0.0000000000
80577  -44.751  -19.372  22.459 0.0000000000
80579  -46.819  -18.390  22.755 0.0000000000
44208  -9.754  -47.065  41.301 0.0000000000
45626  -10.635  -46.150  40.093 0.0000000000
44231  -8.518  -47.254  39.293 0.0000000000
44251  -8.096  -47.668  38.271 0.0000000000
44279  -7.661  -48.505  36.388 0.0000000000
41526  -8.252  -49.619  40.921 0.0000000000
40121  -7.548  -50.508  41.160 0.0000000000
38646  -7.325  -50.671  42.397 0.0000000000
37135  -6.595  -52.645  40.115 0.0000000000
37103  -6.626  -51.914  41.883 0.0000000000
38631  -7.255  -50.723  43.309 0.0000000000
38622  -7.161  -50.837  43.538 0.0000000000
40059  -5.760  -50.918  44.083 0.0000000000
34059  -4.606  -54.246  40.582 0.0000000000
37101  -5.181  -52.871  41.257 0.0000000000
42817  -9.389  -47.950  41.686 0.0000000000
55757  -32.924  -38.789  25.978 0.0000000000
55758  -33.603  -38.724  26.447 0.0000000000
54172  -27.277  -39.689  32.868 0.0000000000
55631  -27.111  -38.923  32.025 0.0000000000
55645  -28.224  -39.200  31.934 0.0000000000
55739  -34.155  -39.810  26.000 0.0000000000
54303  -33.679  -39.934  25.820 0.0000000000
52696  -28.531  -40.659  33.088 0.0000000000
51308  -27.848  -40.606  34.140 0.0000000000
54157  -27.779  -39.892  33.118 0.0000000000
90726  -48.745  -12.006  15.897 0.0000000000
65381  -32.581  -32.789  24.491 0.0000000000
75593  -36.603  -24.432  21.107 0.0000000000
74216  -35.581  -24.729  20.544 0.0000000000
72844  -36.392  -24.693  19.969 0.0000000000
72867  -36.885  -24.749  19.307 0.0000000000
54202  -36.319  -39.881  30.746 0.0000000000
54226  -36.513  -39.857  30.248 0.0000000000
49926  -33.619  -41.918  33.667 0.0000000000
52763  -36.641  -40.073  31.682 0.0000000000
52761  -35.396  -40.546  31.191 0.0000000000
52762  -36.019  -39.992  31.319 0.0000000000
54225  -35.960  -40.233  30.145 0.0000000000
49902  -32.993  -42.434  34.585 0.0000000000
81774  -46.294  -18.053  22.156 0.0000000000
81824  -46.271  -17.618  21.149 0.0000000000
81798  -46.794  -17.485  21.476 0.0000000000
85569  -50.655  -14.886  20.602 0.0000000000
85568  -50.150  -14.603  19.857 0.0000000000
85587  -49.522  -14.468  19.167 0.0000000000
86903  -50.505  -13.949  19.729 0.0000000000
88148  -50.823  -13.694  19.475 0.0000000000
88149  -51.114  -13.591  19.749 0.0000000000
71431  -35.592  -27.810  28.146 0.0000000000
74108  -38.154  -24.560  27.398 0.0000000000
74107  -37.431  -24.535  27.191 0.0000000000
74147  -37.109  -24.276  25.316 0.0000000000
72711  -38.953  -24.840  27.147 0.0000000000
51300  -19.993  -41.130  33.246 0.0000000000
102801  -54.789  -2.827  17.249 0.0000000000
102802  -55.442  -2.354  16.854 0.0000000000
41456  -8.280  -49.936  45.004 0.0000000000
41450  -8.088  -48.934  44.923 0.0000000000
40062  -7.898  -50.343  45.117 0.0000000000
60607  -33.708  -36.094  25.287 0.0000000000
60608  -34.546  -35.676  25.451 0.0000000000
59417  -37.784  -36.309  29.636 0.0000000000
67796  -37.370  -32.083  30.153 0.0000000000
66560  -37.163  -32.373  29.769 0.0000000000
67795  -36.965  -31.620  29.697 0.0000000000
66559  -36.684  -31.815  29.347 0.0000000000
68987  -36.998  -31.058  29.591 0.0000000000
68972  -37.261  -30.947  30.376 0.0000000000
54218  -22.443  -39.799  28.265 0.0000000000
51434  -31.312  -40.821  28.624 0.0000000000
52835  -30.802  -40.029  28.150 0.0000000000
52836  -31.251  -40.450  27.995 0.0000000000
52778  -23.032  -40.012  29.554 0.0000000000
52754  -22.292  -40.191  30.211 0.0000000000
52776  -21.161  -40.351  28.649 0.0000000000
95433  -50.452  -8.436  13.248 0.0000000000
96625  -54.492  -7.619  17.869 0.0000000000
96635  -53.751  -6.512  16.345 0.0000000000
97820  -54.257  -6.643  16.967 0.0000000000
99054  -54.587  -5.922  17.229 0.0000000000
99036  -54.801  -6.590  18.316 0.0000000000
74260  -38.684  -23.880  19.952 0.0000000000
75638  -38.123  -23.374  19.052 0.0000000000
76988  -38.925  -22.231  19.439 0.0000000000
75640  -39.454  -22.451  20.064 0.0000000000
72789  -41.184  -24.618  24.301 0.0000000000
78205  -43.202  -21.706  23.925 0.0000000000
78220  -43.321  -21.168  23.510 0.0000000000
78221  -44.097  -20.794  23.632 0.0000000000
48446  -10.821  -44.910  37.121 0.0000000000
48419  -10.571  -44.976  38.240 0.0000000000
48418  -10.093  -45.166  37.949 0.0000000000
47021  -8.858  -45.609  37.057 0.0000000000
38704  -6.724  -51.705  39.094 0.0000000000
34055  -6.130  -53.502  41.455 0.0000000000
34054  -6.057  -53.294  41.610 0.0000000000
35508  -5.967  -52.823  42.008 0.0000000000
34053  -5.963  -53.152  41.754 0.0000000000
72620  -37.048  -25.670  31.644 0.0000000000
51353  -18.336  -41.542  30.113 0.0000000000
42805  -9.069  -48.058  42.530 0.0000000000
42790  -8.880  -48.186  43.427 0.0000000000
41494  -8.350  -49.263  43.469 0.0000000000
41506  -8.427  -49.847  42.765 0.0000000000
58282  -32.037  -37.747  22.977 0.0000000000
57031  -33.928  -38.001  25.810 0.0000000000
162662  -33.796  -37.097  26.006 0.0000000000
54198  -24.388  -39.502  30.129 0.0000000000
55658  -27.011  -38.190  30.485 0.0000000000
55673  -25.729  -38.763  29.338 0.0000000000
56970  -26.669  -37.909  29.014 0.0000000000
56982  -26.104  -38.072  28.113 0.0000000000
58201  -26.972  -37.483  28.281 0.0000000000
52839  -33.026  -41.029  27.309 0.0000000000
52865  -31.954  -40.176  26.755 0.0000000000
52884  -32.745  -40.256  25.947 0.0000000000
54319  -31.569  -39.266  24.427 0.0000000000
55775  -30.760  -39.702  23.351 0.0000000000
55776  -31.224  -39.344  23.244 0.0000000000
51282  -27.355  -40.773  34.925 0.0000000000
49897  -27.519  -41.518  35.430 0.0000000000
49922  -26.647  -40.984  35.175 0.0000000000
49896  -26.393  -41.722  35.389 0.0000000000
52732  -25.191  -40.023  31.939 0.0000000000
52757  -24.631  -39.999  31.434 0.0000000000
52756  -24.009  -39.890  30.830 0.0000000000
71503  -33.197  -26.677  21.894 0.0000000000
72799  -33.560  -25.783  21.770 0.0000000000
72868  -37.627  -24.296  19.883 0.0000000000
72893  -37.788  -24.086  19.681 0.0000000000
72744  -43.559  -24.371  26.228 0.0000000000
74149  -43.534  -24.045  25.611 0.0000000000
76897  -43.991  -22.265  25.369 0.0000000000
49859  -15.513  -42.216  34.788 0.0000000000
49830  -15.268  -42.660  35.691 0.0000000000
49828  -13.328  -43.342  35.703 0.0000000000
48481  -14.965  -42.696  36.698 0.0000000000
48480  -14.130  -43.167  36.635 0.0000000000
48449  -13.862  -43.330  37.487 0.0000000000
48478  -11.529  -43.945  35.713 0.0000000000
48509  -9.785  -45.007  35.116 0.0000000000
54263  -34.887  -39.929  28.118 0.0000000000
55716  -35.123  -39.323  27.809 0.0000000000
55698  -35.953  -39.055  28.836 0.0000000000
56973  -37.290  -38.543  29.873 0.0000000000
56986  -36.601  -38.325  29.345 0.0000000000
51310  -30.040  -41.548  33.376 0.0000000000
51337  -30.443  -41.240  32.068 0.0000000000
49959  -32.196  -41.513  31.265 0.0000000000
51362  -31.172  -41.436  31.248 0.0000000000
51363  -31.765  -41.580  31.092 0.0000000000
51380  -31.949  -41.383  30.497 0.0000000000
51381  -32.371  -41.343  30.350 0.0000000000
49947  -35.159  -42.105  32.829 0.0000000000
51398  -34.469  -40.927  30.280 0.0000000000
50005  -33.975  -41.556  30.462 0.0000000000
51395  -32.954  -41.351  29.452 0.0000000000
51415  -33.230  -41.277  28.638 0.0000000000
51416  -33.495  -40.979  28.820 0.0000000000
54246  -34.843  -40.159  28.876 0.0000000000
54245  -34.385  -40.418  28.597 0.0000000000
49923  -30.823  -41.760  33.517 0.0000000000
81821  -44.055  -17.812  20.944 0.0000000000
83052  -45.504  -17.357  19.669 0.0000000000
84261  -45.125  -17.302  19.447 0.0000000000
84275  -45.463  -16.934  18.935 0.0000000000
84276  -46.379  -16.303  19.360 0.0000000000
84296  -48.464  -15.396  19.315 0.0000000000
84295  -47.655  -15.606  18.725 0.0000000000
84294  -46.672  -15.693  18.737 0.0000000000
84318  -47.561  -14.989  17.977 0.0000000000
86938  -48.623  -14.044  17.452 0.0000000000
89484  -50.774  -12.921  18.050 0.0000000000
89485  -51.611  -12.686  18.729 0.0000000000
90719  -52.288  -11.822  18.673 0.0000000000
89471  -54.270  -12.731  18.982 0.0000000000
69030  -34.655  -30.090  26.634 0.0000000000
70223  -34.528  -29.000  26.625 0.0000000000
71461  -34.626  -27.782  26.332 0.0000000000
70222  -34.360  -28.490  25.877 0.0000000000
71481  -34.282  -27.740  25.358 0.0000000000
72765  -34.476  -26.847  25.501 0.0000000000
72667  -35.991  -25.875  28.755 0.0000000000
74091  -35.997  -25.421  27.985 0.0000000000
74123  -35.861  -24.743  26.681 0.0000000000
74145  -34.936  -25.826  25.343 0.0000000000
74144  -34.565  -25.375  24.456 0.0000000000
75521  -35.162  -24.826  24.696 0.0000000000
74146  -36.719  -24.431  24.490 0.0000000000
75543  -35.824  -24.514  24.154 0.0000000000
74159  -36.695  -24.626  23.650 0.0000000000
72784  -37.248  -25.059  22.774 0.0000000000
72768  -40.150  -24.830  24.697 0.0000000000
72697  -41.846  -25.447  27.797 0.0000000000
72714  -41.881  -25.538  27.162 0.0000000000
71463  -41.404  -25.385  26.442 0.0000000000
72716  -43.185  -25.117  26.999 0.0000000000
49862  -19.229  -42.501  35.162 0.0000000000
49917  -16.266  -41.477  33.283 0.0000000000
49891  -16.671  -41.580  34.000 0.0000000000
49890  -15.767  -41.628  33.959 0.0000000000
41453  -6.854  -49.023  44.233 0.0000000000
59482  -32.943  -36.422  22.383 0.0000000000
60623  -33.189  -35.723  22.562 0.0000000000
62994  -33.657  -34.894  24.936 0.0000000000
63017  -33.609  -34.194  25.264 0.0000000000
64209  -33.436  -33.442  25.327 0.0000000000
64189  -34.426  -33.518  25.997 0.0000000000
57018  -35.622  -38.416  27.611 0.0000000000
58229  -35.777  -37.868  27.817 0.0000000000
60581  -36.840  -36.149  27.789 0.0000000000
59436  -36.148  -37.097  27.739 0.0000000000
61752  -37.049  -35.368  27.746 0.0000000000
64140  -36.915  -33.437  29.009 0.0000000000
64152  -37.617  -34.076  28.550 0.0000000000
64151  -36.951  -34.119  28.384 0.0000000000
61772  -36.478  -35.042  27.333 0.0000000000
62977  -36.471  -34.519  27.751 0.0000000000
64166  -35.890  -33.852  27.746 0.0000000000
66584  -35.874  -31.887  27.748 0.0000000000
65346  -35.585  -32.676  27.401 0.0000000000
66605  -35.418  -32.027  27.311 0.0000000000
65367  -34.804  -32.585  26.679 0.0000000000
67852  -34.470  -30.870  26.917 0.0000000000
70182  -35.947  -30.382  29.606 0.0000000000
70181  -35.600  -29.085  29.158 0.0000000000
68970  -36.082  -29.493  30.389 0.0000000000
68930  -38.004  -30.054  32.044 0.0000000000
70145  -37.306  -29.951  31.111 0.0000000000
71336  -36.407  -27.531  31.821 0.0000000000
54243  -23.920  -39.493  27.956 0.0000000000
54242  -23.401  -39.721  27.475 0.0000000000
55692  -23.951  -39.505  27.437 0.0000000000
52733  -29.971  -40.068  31.143 0.0000000000
54200  -29.749  -39.543  30.542 0.0000000000
55695  -29.500  -38.552  28.243 0.0000000000
56972  -28.827  -38.304  28.677 0.0000000000
56984  -28.852  -37.889  27.725 0.0000000000
56983  -28.382  -37.651  27.054 0.0000000000
56996  -28.418  -37.569  26.642 0.0000000000
54298  -30.523  -39.390  25.678 0.0000000000
54282  -30.597  -39.636  26.666 0.0000000000
51280  -22.229  -41.659  34.471 0.0000000000
51302  -21.912  -41.687  33.479 0.0000000000
51335  -23.984  -41.795  32.807 0.0000000000
51304  -23.693  -41.927  33.385 0.0000000000
52728  -21.625  -40.389  30.964 0.0000000000
51357  -21.997  -41.025  31.935 0.0000000000
51356  -21.054  -40.748  31.671 0.0000000000
91897  -49.873  -11.342  17.001 0.0000000000
91896  -49.104  -11.550  16.353 0.0000000000
93064  -50.241  -10.318  16.972 0.0000000000
94221  -50.333  -8.760  16.008 0.0000000000
93082  -53.179  -9.521  18.004 0.0000000000
94225  -53.519  -8.893  17.969 0.0000000000
96622  -52.430  -7.420  16.563 0.0000000000
95389  -51.719  -7.619  16.456 0.0000000000
95404  -50.793  -7.632  15.567 0.0000000000
95419  -50.826  -7.273  14.681 0.0000000000
96632  -51.162  -6.841  14.921 0.0000000000
97824  -51.944  -6.202  14.725 0.0000000000
97832  -52.553  -5.459  14.144 0.0000000000
97838  -51.961  -5.360  13.475 0.0000000000
99081  -52.973  -4.951  13.689 0.0000000000
100339  -54.677  -5.022  17.405 0.0000000000
100374  -53.695  -4.746  16.005 0.0000000000
100338  -54.198  -4.236  16.742 0.0000000000
100321  -54.566  -4.207  17.683 0.0000000000
100298  -54.485  -4.632  18.827 0.0000000000
42896  -7.502  -48.442  37.891 0.0000000000
41561  -7.376  -49.032  38.381 0.0000000000
67890  -33.020  -29.809  24.800 0.0000000000
67889  -32.293  -30.381  24.227 0.0000000000
79493  -38.879  -20.820  18.751 0.0000000000
80640  -39.144  -20.472  18.599 0.0000000000
80641  -39.437  -20.191  18.821 0.0000000000
79495  -39.863  -20.654  20.305 0.0000000000
72822  -38.432  -24.411  21.750 0.0000000000
72823  -39.016  -24.314  22.093 0.0000000000
72825  -40.190  -23.359  22.784 0.0000000000
74198  -39.562  -23.864  21.649 0.0000000000
74199  -39.761  -23.381  21.854 0.0000000000
74222  -39.851  -23.250  21.305 0.0000000000
74161  -42.536  -23.452  24.524 0.0000000000
74179  -41.959  -23.174  23.816 0.0000000000
75545  -42.299  -22.860  24.129 0.0000000000
76938  -41.533  -22.271  22.553 0.0000000000
75575  -41.808  -22.525  22.836 0.0000000000
75597  -40.392  -22.345  21.712 0.0000000000
76969  -40.003  -21.874  20.935 0.0000000000
76970  -40.563  -21.729  21.663 0.0000000000
79457  -42.242  -20.515  22.417 0.0000000000
79456  -41.698  -20.582  21.997 0.0000000000
80598  -41.891  -20.102  21.931 0.0000000000
80621  -42.311  -18.876  21.486 0.0000000000
80578  -45.832  -18.861  22.635 0.0000000000
80562  -46.346  -19.082  23.278 0.0000000000
47006  -9.934  -45.559  39.080 0.0000000000
45625  -9.947  -46.278  39.831 0.0000000000
45621  -9.907  -46.585  40.658 0.0000000000
44252  -8.534  -46.847  38.396 0.0000000000
44307  -8.058  -47.509  36.092 0.0000000000
44280  -7.644  -47.937  36.914 0.0000000000
44306  -7.780  -48.434  35.779 0.0000000000
41537  -7.429  -49.489  39.929 0.0000000000
41536  -7.160  -50.112  39.570 0.0000000000
38678  -6.966  -50.901  41.119 0.0000000000
40109  -7.803  -50.303  42.178 0.0000000000
38662  -7.063  -50.818  41.590 0.0000000000
35538  -6.517  -53.677  39.639 0.0000000000
37134  -6.850  -53.104  39.540 0.0000000000
35539  -6.569  -53.141  40.276 0.0000000000
37102  -6.424  -52.332  41.952 0.0000000000
37091  -6.702  -51.543  42.516 0.0000000000
38645  -7.066  -50.958  42.471 0.0000000000
37083  -6.673  -51.339  42.881 0.0000000000
38630  -6.994  -50.949  43.258 0.0000000000
37082  -6.196  -51.762  42.851 0.0000000000
38628  -5.983  -51.556  43.269 0.0000000000
38629  -6.099  -51.419  43.662 0.0000000000
40075  -5.897  -50.923  43.573 0.0000000000
41480  -5.835  -50.356  43.378 0.0000000000
34058  -4.614  -54.005  40.738 0.0000000000
35513  -5.028  -53.410  40.908 0.0000000000
41516  -8.648  -48.820  41.810 0.0000000000
57051  -32.331  -38.079  23.704 0.0000000000
58247  -34.711  -38.056  26.790 0.0000000000
54184  -25.930  -39.342  31.744 0.0000000000
55643  -26.691  -38.730  31.599 0.0000000000
52868  -33.978  -41.305  26.284 0.0000000000
52885  -33.156  -40.653  25.818 0.0000000000
52886  -33.762  -40.608  25.795 0.0000000000
54302  -32.689  -39.586  25.992 0.0000000000
54321  -32.260  -39.081  24.752 0.0000000000
55778  -32.384  -38.676  24.428 0.0000000000
51284  -29.300  -41.407  34.491 0.0000000000
52694  -26.255  -40.365  33.486 0.0000000000
52711  -26.713  -40.060  33.189 0.0000000000
88194  -47.613  -13.149  15.994 0.0000000000
63015  -33.129  -33.826  23.516 0.0000000000
74174  -33.896  -25.549  21.239 0.0000000000
74193  -34.491  -25.347  20.774 0.0000000000
74215  -34.537  -24.914  19.976 0.0000000000
49857  -13.316  -42.925  34.642 0.0000000000
49814  -12.907  -43.549  36.264 0.0000000000
49827  -12.351  -43.571  35.546 0.0000000000
48529  -10.888  -44.466  33.471 0.0000000000
55679  -36.832  -39.227  29.945 0.0000000000
56974  -37.483  -38.587  30.429 0.0000000000
49924  -31.475  -42.077  33.081 0.0000000000
51338  -30.954  -41.520  32.488 0.0000000000
49943  -32.371  -41.547  32.347 0.0000000000
51364  -34.798  -41.214  31.454 0.0000000000
51383  -34.787  -40.852  31.041 0.0000000000
52782  -34.306  -40.732  29.559 0.0000000000
52783  -34.990  -40.409  30.069 0.0000000000
54224  -35.423  -40.105  29.458 0.0000000000
49901  -31.990  -42.343  34.262 0.0000000000
81796  -45.248  -18.125  21.530 0.0000000000
81822  -45.031  -17.653  21.036 0.0000000000
81823  -45.798  -17.671  21.048 0.0000000000
84262  -49.282  -16.457  20.370 0.0000000000
83056  -48.665  -16.253  20.254 0.0000000000
84279  -48.869  -15.801  20.062 0.0000000000
85607  -49.131  -14.403  18.713 0.0000000000
86939  -49.594  -14.026  18.289 0.0000000000
88175  -50.339  -13.583  17.880 0.0000000000
88159  -50.654  -13.643  18.686 0.0000000000
88161  -52.085  -13.210  19.547 0.0000000000
70204  -34.926  -28.972  27.318 0.0000000000
71439  -34.992  -27.872  27.330 0.0000000000
74070  -36.956  -25.006  28.607 0.0000000000
74092  -36.762  -24.943  27.893 0.0000000000
75499  -36.197  -24.545  26.228 0.0000000000
75523  -36.399  -24.483  25.790 0.0000000000
49864  -21.198  -41.885  35.734 0.0000000000
51261  -20.746  -42.100  34.806 0.0000000000
51327  -16.294  -41.806  30.982 0.0000000000
101632  -54.153  -3.480  15.066 0.0000000000
102829  -54.619  -2.756  15.464 0.0000000000
102830  -55.321  -2.378  15.030 0.0000000000
40051  -7.564  -49.691  44.586 0.0000000000
162663  -32.760  -36.789  24.123 0.0000000000
162667  -32.940  -36.359  24.171 0.0000000000
61800  -32.949  -35.475  23.848 0.0000000000
61801  -33.347  -35.781  24.797 0.0000000000
61785  -33.778  -35.384  25.159 0.0000000000
59415  -36.710  -37.180  28.507 0.0000000000
60559  -37.599  -36.133  28.676 0.0000000000
65318  -38.278  -33.073  29.595 0.0000000000
65317  -37.773  -32.907  29.655 0.0000000000
65325  -37.258  -33.034  29.479 0.0000000000
65324  -36.537  -32.872  29.012 0.0000000000
66570  -36.337  -31.942  28.699 0.0000000000
67812  -36.165  -31.191  28.105 0.0000000000
68986  -36.508  -30.591  29.019 0.0000000000
70095  -37.750  -29.139  34.066 0.0000000000
56981  -25.356  -38.335  27.554 0.0000000000
52780  -30.684  -40.200  29.408 0.0000000000
54223  -30.139  -39.610  29.508 0.0000000000
52805  -30.737  -39.911  28.854 0.0000000000
54244  -30.485  -39.472  28.415 0.0000000000
55696  -30.146  -38.943  27.827 0.0000000000
55753  -29.903  -39.373  24.933 0.0000000000
49918  -23.566  -41.620  33.980 0.0000000000
52730  -23.344  -40.323  31.854 0.0000000000
51358  -22.811  -40.927  32.415 0.0000000000
52752  -20.231  -39.966  29.403 0.0000000000
93080  -51.753  -9.305  17.300 0.0000000000
95391  -53.591  -8.340  17.553 0.0000000000
96623  -53.028  -7.428  16.675 0.0000000000
96633  -52.164  -6.777  15.922 0.0000000000
96634  -53.131  -6.534  16.236 0.0000000000
97826  -53.363  -5.742  15.645 0.0000000000
99069  -53.547  -5.179  15.331 0.0000000000
42913  -7.490  -49.063  36.515 0.0000000000
41572  -6.906  -50.153  36.921 0.0000000000
70249  -33.439  -28.667  24.540 0.0000000000
69062  -32.414  -29.041  24.006 0.0000000000
69077  -32.632  -29.328  22.866 0.0000000000
78298  -38.524  -22.097  18.155 0.0000000000
78281  -38.475  -21.624  19.013 0.0000000000
78282  -39.108  -21.462  19.666 0.0000000000
72804  -39.134  -24.119  23.088 0.0000000000
72805  -39.875  -23.904  23.359 0.0000000000
72826  -41.175  -23.603  23.038 0.0000000000
76914  -43.105  -22.307  24.256 0.0000000000
76913  -42.523  -22.488  23.924 0.0000000000
78204  -42.708  -22.071  23.757 0.0000000000
76955  -41.770  -21.525  22.576 0.0000000000
78248  -41.364  -21.359  22.121 0.0000000000
78230  -42.429  -21.236  23.048 0.0000000000
79438  -42.728  -20.501  22.793 0.0000000000
80575  -42.915  -20.078  22.681 0.0000000000
80559  -43.708  -19.913  23.310 0.0000000000
79426  -44.457  -20.130  23.683 0.0000000000
79427  -45.043  -20.124  23.774 0.0000000000
48393  -11.293  -44.822  38.883 0.0000000000
47007  -10.613  -45.149  39.091 0.0000000000
45641  -8.352  -46.240  37.326 0.0000000000
45640  -8.108  -46.620  36.594 0.0000000000
45664  -8.244  -47.020  35.902 0.0000000000
40165  -6.697  -51.006  38.643 0.0000000000
40150  -6.817  -50.723  39.561 0.0000000000
38691  -6.602  -51.696  39.833 0.0000000000
35523  -6.471  -53.320  40.630 0.0000000000
35515  -6.325  -53.129  41.431 0.0000000000
35503  -6.029  -52.114  42.710 0.0000000000
35502  -5.998  -52.361  42.544 0.0000000000
35501  -5.905  -52.568  42.308 0.0000000000
37089  -5.749  -52.280  42.364 0.0000000000
49927  -34.471  -41.995  33.736 0.0000000000
52714  -36.404  -40.910  32.347 0.0000000000
81776  -48.290  -17.585  22.363 0.0000000000
81799  -47.861  -17.300  21.711 0.0000000000
81800  -48.886  -17.508  21.697 0.0000000000
83011  -49.554  -17.279  21.075 0.0000000000
84281  -50.289  -15.589  20.939 0.0000000000
85570  -51.132  -14.883  20.918 0.0000000000
86905  -51.469  -14.286  20.591 0.0000000000
71385  -35.936  -26.792  29.698 0.0000000000
72632  -36.498  -26.203  30.678 0.0000000000
72649  -36.612  -25.547  29.504 0.0000000000
74051  -37.422  -25.020  29.138 0.0000000000
74071  -37.865  -24.809  28.592 0.0000000000
72694  -39.225  -24.742  28.234 0.0000000000
41482  -8.373  -49.495  44.138 0.0000000000
162661  -33.782  -36.988  24.865 0.0000000000
54219  -22.873  -39.719  28.441 0.0000000000
55672  -24.796  -39.383  28.950 0.0000000000
56995  -25.969  -38.079  26.979 0.0000000000
58226  -26.560  -37.674  26.211 0.0000000000
52837  -31.845  -40.528  27.643 0.0000000000
54283  -31.254  -39.614  26.279 0.0000000000
54299  -31.173  -39.406  25.447 0.0000000000
54300  -31.827  -39.383  25.332 0.0000000000
49895  -25.464  -41.939  35.039 0.0000000000
51305  -24.416  -41.596  33.522 0.0000000000
51336  -24.639  -41.313  32.830 0.0000000000
52693  -25.642  -40.384  33.259 0.0000000000
52709  -25.115  -40.481  32.840 0.0000000000
85603  -45.812  -14.586  17.076 0.0000000000
94229  -50.204  -8.724  14.495 0.0000000000
91901  -53.549  -10.637  19.068 0.0000000000
91902  -54.014  -10.481  19.354 0.0000000000
93069  -54.105  -9.861  19.004 0.0000000000
99018  -55.193  -6.453  19.029 0.0000000000
71504  -33.113  -27.308  22.856 0.0000000000
72771  -42.119  -24.616  25.505 0.0000000000
72790  -41.879  -24.482  24.555 0.0000000000
72772  -42.893  -24.330  25.617 0.0000000000
74148  -42.961  -23.922  25.102 0.0000000000
75524  -43.624  -23.393  25.192 0.0000000000
76896  -43.710  -22.758  24.796 0.0000000000
78187  -44.199  -21.420  25.005 0.0000000000
79400  -44.824  -20.707  24.548 0.0000000000
48476  -9.654  -45.023  36.344 0.0000000000
47031  -9.205  -46.011  36.196 0.0000000000
32487  -5.389  -54.723  40.379 0.0000000000
55741  -34.418  -38.957  27.479 0.0000000000
56998  -35.637  -38.867  27.709 0.0000000000
56999  -35.946  -38.451  28.257 0.0000000000
56985  -36.100  -38.469  28.949 0.0000000000
58214  -36.734  -37.561  29.076 0.0000000000
58215  -37.446  -37.468  29.453 0.0000000000
56959  -37.583  -38.147  31.128 0.0000000000
52712  -29.434  -40.283  32.145 0.0000000000
51361  -30.522  -41.339  31.390 0.0000000000
52735  -30.542  -41.372  31.031 0.0000000000
51392  -31.431  -40.893  29.504 0.0000000000
51412  -31.463  -41.200  28.973 0.0000000000
49945  -34.090  -41.468  32.793 0.0000000000
49961  -33.686  -41.211  31.802 0.0000000000
49983  -34.226  -41.553  30.946 0.0000000000
49982  -33.909  -41.557  30.995 0.0000000000
49981  -33.343  -41.477  30.889 0.0000000000
50002  -32.825  -41.334  29.951 0.0000000000
51413  -31.990  -41.336  28.898 0.0000000000
51436  -32.238  -41.033  28.162 0.0000000000
51437  -32.748  -41.355  27.961 0.0000000000
51438  -33.142  -41.376  27.818 0.0000000000
52840  -33.540  -41.265  27.520 0.0000000000
52808  -33.874  -40.717  28.533 0.0000000000
52841  -34.170  -41.149  27.342 0.0000000000
52869  -34.427  -40.978  26.786 0.0000000000
54286  -33.850  -40.203  27.001 0.0000000000
52697  -29.197  -41.175  33.184 0.0000000000
81819  -41.608  -18.476  20.576 0.0000000000
83049  -41.193  -17.955  19.462 0.0000000000
83026  -42.057  -17.499  20.247 0.0000000000
83028  -44.825  -17.477  20.083 0.0000000000
84274  -44.404  -16.724  18.317 0.0000000000
83009  -47.433  -17.314  21.059 0.0000000000
83054  -46.966  -16.400  20.229 0.0000000000
83055  -47.964  -16.178  20.311 0.0000000000
84316  -46.071  -15.235  18.141 0.0000000000
85624  -46.457  -14.200  16.795 0.0000000000
86936  -46.980  -13.785  17.053 0.0000000000
85605  -47.974  -14.557  17.676 0.0000000000
86937  -47.480  -13.692  17.226 0.0000000000
86954  -47.457  -13.393  16.651 0.0000000000
89481  -48.170  -12.830  16.097 0.0000000000
90716  -49.235  -12.058  17.184 0.0000000000
90717  -50.159  -12.055  17.812 0.0000000000
90720  -53.446  -11.885  18.846 0.0000000000
86922  -51.786  -13.515  20.004 0.0000000000
89487  -53.278  -12.550  18.964 0.0000000000
90721  -53.851  -11.146  19.330 0.0000000000
66632  -33.913  -31.349  25.920 0.0000000000
67875  -33.815  -30.216  25.450 0.0000000000
69047  -33.604  -29.279  25.136 0.0000000000
71495  -33.815  -27.830  24.574 0.0000000000
71408  -35.609  -26.628  28.865 0.0000000000
72708  -35.120  -26.676  27.247 0.0000000000
74105  -35.619  -25.557  27.304 0.0000000000
72736  -34.860  -26.674  26.276 0.0000000000
72782  -33.967  -25.985  24.095 0.0000000000
74157  -34.522  -24.913  23.416 0.0000000000
75542  -35.091  -24.519  23.974 0.0000000000
74176  -35.533  -24.731  22.374 0.0000000000
74195  -36.567  -24.555  21.601 0.0000000000
72801  -37.206  -24.289  22.054 0.0000000000
72802  -37.882  -24.645  22.369 0.0000000000
72786  -38.788  -24.478  23.841 0.0000000000
72787  -39.638  -24.530  23.943 0.0000000000
72695  -40.109  -24.764  27.917 0.0000000000
72712  -40.138  -25.271  26.790 0.0000000000
72696  -41.054  -25.267  27.728 0.0000000000
72740  -41.204  -25.404  25.741 0.0000000000
71482  -41.733  -24.868  25.780 0.0000000000
71466  -42.619  -24.699  26.225 0.0000000000
51299  -18.872  -41.045  32.895 0.0000000000
51276  -18.247  -41.492  33.623 0.0000000000
51258  -17.620  -41.888  34.230 0.0000000000
102816  -56.328  -2.369  15.493 0.0000000000
65366  -34.141  -32.581  25.879 0.0000000000
61753  -37.970  -34.982  27.985 0.0000000000
62961  -37.726  -34.382  28.407 0.0000000000
61771  -35.783  -35.137  26.526 0.0000000000
64190  -35.166  -33.311  26.932 0.0000000000
66633  -34.438  -31.896  26.490 0.0000000000
66603  -34.376  -31.273  26.604 0.0000000000
67811  -35.631  -30.636  27.726 0.0000000000
68998  -35.528  -29.848  27.646 0.0000000000
70165  -36.877  -30.423  30.414 0.0000000000
70144  -36.891  -29.442  31.075 0.0000000000
70126  -36.889  -29.065  32.109 0.0000000000
68971  -36.817  -29.803  30.592 0.0000000000
70142  -36.347  -28.785  30.750 0.0000000000
71358  -35.922  -27.347  30.956 0.0000000000
56956  -27.919  -38.149  29.673 0.0000000000
55675  -29.405  -38.739  29.326 0.0000000000
56957  -28.590  -38.353  29.446 0.0000000000
58189  -28.044  -38.065  29.239 0.0000000000
58212  -27.866  -37.366  27.794 0.0000000000
52863  -30.817  -40.102  27.438 0.0000000000
55714  -30.063  -39.084  26.899 0.0000000000
55735  -29.572  -38.580  26.361 0.0000000000
57015  -29.597  -39.054  25.126 0.0000000000
56997  -29.026  -37.712  26.545 0.0000000000
58246  -28.347  -37.610  25.748 0.0000000000
58245  -27.252  -37.517  25.340 0.0000000000
49865  -22.267  -41.826  35.693 0.0000000000
51279  -21.367  -42.179  34.052 0.0000000000
49919  -24.071  -41.720  34.136 0.0000000000
51332  -21.484  -41.373  32.561 0.0000000000
51331  -20.498  -41.177  32.331 0.0000000000
94220  -50.046  -9.003  15.195 0.0000000000
95402  -50.419  -8.469  14.399 0.0000000000
93067  -52.954  -9.964  18.118 0.0000000000
93081  -52.667  -9.429  17.643 0.0000000000
94223  -52.229  -8.608  17.091 0.0000000000
94222  -51.063  -8.309  16.573 0.0000000000
94231  -50.447  -8.147  15.976 0.0000000000
95403  -50.488  -8.224  14.666 0.0000000000
95434  -50.810  -7.776  13.391 0.0000000000
96647  -50.902  -7.276  12.703 0.0000000000
97830  -51.361  -6.475  13.296 0.0000000000
100387  -53.355  -4.244  13.427 0.0000000000
100388  -53.691  -4.308  14.189 0.0000000000
100373  -53.644  -4.326  15.177 0.0000000000
100372  -53.876  -3.854  15.257 0.0000000000
101614  -54.166  -3.564  15.855 0.0000000000
101588  -54.608  -3.404  17.613 0.0000000000
102773  -54.790  -3.172  18.281 0.0000000000
42853  -8.605  -47.813  39.954 0.0000000000
41549  -7.637  -49.297  39.050 0.0000000000
66647  -32.424  -31.628  24.371 0.0000000000
70265  -32.524  -28.291  21.889 0.0000000000
81843  -40.588  -18.951  19.570 0.0000000000
72846  -38.173  -24.378  20.747 0.0000000000
74220  -38.981  -24.354  20.575 0.0000000000
74240  -39.140  -23.637  20.222 0.0000000000
75617  -39.434  -23.082  20.403 0.0000000000
72807  -41.484  -24.046  23.815 0.0000000000
72827  -41.674  -23.542  23.516 0.0000000000
75560  -42.106  -22.752  23.427 0.0000000000
74223  -40.370  -22.788  21.833 0.0000000000
75596  -39.972  -22.778  21.304 0.0000000000
75618  -39.762  -22.539  20.728 0.0000000000
76990  -39.636  -22.020  20.159 0.0000000000
78283  -39.796  -21.290  20.426 0.0000000000
78265  -40.971  -21.104  21.556 0.0000000000
80619  -40.757  -19.960  20.656 0.0000000000
81818  -40.833  -19.262  20.447 0.0000000000
80600  -44.010  -19.417  21.889 0.0000000000
80601  -44.831  -18.873  21.794 0.0000000000
81773  -45.456  -18.517  22.012 0.0000000000
44219  -9.107  -47.047  40.399 0.0000000000
42874  -8.373  -48.048  39.494 0.0000000000
44230  -8.224  -47.784  38.822 0.0000000000
42914  -7.512  -48.698  37.211 0.0000000000
47030  -8.581  -46.527  35.667 0.0000000000
42833  -8.302  -48.907  40.502 0.0000000000
40137  -7.296  -50.208  40.312 0.0000000000
41515  -8.387  -49.793  41.905 0.0000000000
40094  -8.178  -50.257  43.096 0.0000000000
40077  -8.069  -50.109  43.924 0.0000000000
35524  -6.627  -52.916  40.531 0.0000000000
37119  -6.440  -52.340  41.000 0.0000000000
38661  -6.735  -51.368  41.729 0.0000000000
38632  -7.607  -50.554  43.043 0.0000000000
40076  -7.768  -50.202  44.182 0.0000000000
38623  -7.452  -50.315  44.071 0.0000000000
38614  -7.249  -50.260  44.186 0.0000000000
40050  -7.229  -49.703  44.374 0.0000000000
37072  -6.102  -51.531  43.650 0.0000000000
38621  -6.315  -51.115  43.774 0.0000000000
41466  -6.824  -49.591  44.195 0.0000000000
41465  -6.387  -49.940  43.791 0.0000000000
32485  -4.640  -54.821  40.650 0.0000000000
34060  -5.385  -53.752  40.985 0.0000000000
35514  -5.218  -53.394  41.087 0.0000000000
35506  -5.400  -52.997  41.558 0.0000000000
37088  -5.326  -52.239  41.790 0.0000000000
32486  -4.848  -54.722  40.444 0.0000000000
37073  -6.238  -51.408  43.497 0.0000000000
37080  -5.993  -52.070  42.745 0.0000000000
38615  -7.600  -50.093  44.464 0.0000000000
38620  -6.189  -51.073  44.034 0.0000000000
38627  -5.855  -51.337  43.156 0.0000000000
38643  -5.642  -51.659  42.584 0.0000000000
40048  -7.967  -49.277  44.883 0.0000000000
40049  -8.024  -49.455  45.043 0.0000000000
40060  -6.776  -50.223  44.120 0.0000000000
40061  -6.946  -50.480  44.114 0.0000000000
40063  -8.186  -50.131  44.611 0.0000000000
40078  -8.304  -49.819  43.649 0.0000000000
40095  -8.337  -49.838  43.375 0.0000000000
40120  -6.929  -50.928  40.873 0.0000000000
40151  -7.169  -50.124  39.822 0.0000000000
41455  -7.698  -49.048  44.754 0.0000000000
41467  -8.318  -50.180  44.867 0.0000000000
41481  -8.631  -49.850  43.854 0.0000000000
45631  -8.965  -46.350  37.834 0.0000000000
47015  -10.191  -45.206  38.674 0.0000000000
49958  -31.712  -41.479  31.421 0.0000000000
49979  -32.324  -41.475  30.638 0.0000000000
49980  -32.709  -41.389  30.559 0.0000000000
50003  -33.161  -41.379  30.109 0.0000000000
51262  -21.620  -41.680  35.081 0.0000000000
51281  -22.854  -41.466  34.563 0.0000000000
51359  -23.621  -41.184  32.512 0.0000000000
51379  -31.439  -40.930  30.211 0.0000000000
51394  -32.421  -41.296  29.751 0.0000000000
51396  -33.401  -41.332  29.627 0.0000000000
51411  -31.199  -40.894  29.078 0.0000000000
52758  -30.154  -39.938  30.576 0.0000000000
52759  -30.406  -40.307  30.295 0.0000000000
52806  -30.982  -40.472  28.797 0.0000000000
52866  -32.683  -40.530  26.673 0.0000000000
54158  -28.049  -40.090  33.163 0.0000000000
54222  -29.514  -39.167  29.987 0.0000000000
54284  -31.888  -39.349  26.188 0.0000000000
55632  -27.474  -39.182  32.282 0.0000000000
55633  -27.859  -39.453  32.518 0.0000000000
55660  -37.112  -39.444  30.649 0.0000000000
55674  -26.602  -38.069  29.659 0.0000000000
55677  -35.770  -39.961  29.462 0.0000000000
55680  -37.286  -38.934  30.279 0.0000000000
55737  -31.580  -39.341  25.896 0.0000000000
55738  -31.796  -39.249  25.793 0.0000000000
55754  -31.653  -39.331  25.611 0.0000000000
55755  -31.857  -39.315  25.558 0.0000000000
57000  -36.208  -38.028  28.849 0.0000000000
57016  -34.192  -38.750  27.238 0.0000000000
57032  -33.920  -38.623  26.764 0.0000000000
58190  -28.233  -38.187  29.348 0.0000000000
58202  -27.668  -37.801  28.898 0.0000000000
58203  -28.288  -38.130  28.999 0.0000000000
58228  -28.421  -37.544  26.370 0.0000000000
58248  -35.333  -37.991  27.213 0.0000000000
64139  -36.625  -33.222  28.925 0.0000000000
64167  -36.358  -34.253  28.026 0.0000000000
64210  -33.842  -34.004  25.636 0.0000000000
65345  -35.209  -32.339  27.101 0.0000000000
66583  -35.300  -31.543  27.472 0.0000000000
67755  -35.990  -28.938  30.303 0.0000000000
67756  -35.967  -29.269  30.359 0.0000000000
67775  -35.932  -29.304  30.345 0.0000000000
67776  -35.889  -29.392  30.342 0.0000000000
67810  -35.252  -30.270  27.384 0.0000000000
67826  -35.049  -30.304  27.223 0.0000000000
68910  -37.965  -30.131  32.615 0.0000000000
68950  -36.213  -28.981  30.445 0.0000000000
68951  -36.336  -29.059  30.595 0.0000000000
68952  -36.550  -29.270  30.708 0.0000000000
68969  -36.224  -29.255  30.346 0.0000000000
68997  -35.265  -29.991  27.328 0.0000000000
69010  -35.116  -30.080  27.181 0.0000000000
70162  -36.243  -28.767  30.568 0.0000000000
71384  -35.911  -26.383  29.096 0.0000000000
71430  -35.448  -27.033  28.429 0.0000000000
71440  -41.517  -25.498  26.779 0.0000000000
71441  -41.833  -25.378  26.734 0.0000000000
71442  -42.329  -25.151  26.604 0.0000000000
71443  -42.699  -24.895  26.443 0.0000000000
71465  -42.107  -24.699  26.166 0.0000000000
71483  -41.909  -24.677  25.863 0.0000000000
72709  -35.284  -27.332  27.651 0.0000000000
72741  -41.479  -25.148  25.691 0.0000000000
72742  -42.556  -24.575  25.992 0.0000000000
72773  -43.346  -24.410  25.904 0.0000000000
72808  -41.972  -23.763  24.197 0.0000000000
72848  -39.384  -24.188  21.589 0.0000000000
74052  -38.128  -24.919  29.233 0.0000000000
74069  -36.388  -25.324  28.398 0.0000000000
74162  -43.185  -23.581  24.959 0.0000000000
74178  -37.092  -24.021  21.572 0.0000000000
74196  -36.847  -24.487  21.223 0.0000000000
74197  -37.110  -24.152  21.301 0.0000000000
74217  -36.614  -24.446  20.869 0.0000000000
74218  -36.884  -24.341  21.059 0.0000000000
74219  -36.993  -24.071  21.164 0.0000000000
75498  -35.834  -24.744  25.943 0.0000000000
75544  -36.333  -24.491  24.298 0.0000000000
75559  -36.794  -24.385  21.358 0.0000000000
75572  -35.893  -24.622  21.027 0.0000000000
75573  -36.403  -24.485  21.234 0.0000000000
75592  -36.219  -24.544  20.952 0.0000000000
75594  -36.793  -24.266  21.228 0.0000000000
75595  -36.922  -24.084  21.422 0.0000000000
76939  -41.859  -21.913  22.929 0.0000000000
78280  -38.158  -22.063  18.908 0.0000000000
79425  -43.658  -20.349  23.402 0.0000000000
79439  -43.186  -20.388  23.151 0.0000000000
79474  -40.626  -20.673  20.818 0.0000000000
80576  -43.461  -19.858  22.925 0.0000000000
80581  -48.636  -17.931  22.781 0.0000000000
81802  -50.188  -17.430  22.188 0.0000000000
83008  -46.971  -17.444  21.029 0.0000000000
83025  -41.618  -17.954  20.114 0.0000000000
85558  -50.826  -15.251  21.076 0.0000000000
85586  -48.790  -14.753  19.013 0.0000000000
86921  -51.317  -13.627  20.017 0.0000000000
86923  -52.323  -13.248  19.931 0.0000000000
89470  -53.709  -12.700  18.907 0.0000000000
90703  -53.904  -12.253  18.830 0.0000000000
94211  -53.459  -9.274  18.122 0.0000000000
96641  -50.824  -7.021  14.048 0.0000000000
96642  -50.864  -7.024  14.565 0.0000000000
97815  -54.802  -7.359  18.479 0.0000000000
97823  -51.274  -6.453  14.227 0.0000000000
99055  -54.590  -6.751  17.736 0.0000000000
100353  -53.927  -3.924  15.498 0.0000000000
100355  -53.942  -4.929  16.667 0.0000000000
101550  -54.600  -3.194  19.006 0.0000000000
101567  -54.588  -3.549  18.349 0.0000000000
101568  -54.580  -3.313  18.782 0.0000000000
101600  -54.370  -3.431  16.914 0.0000000000
101613  -54.090  -3.753  15.557 0.0000000000
101631  -54.059  -3.698  15.319 0.0000000000
102787  -54.865  -3.078  17.954 0.0000000000
102847  -54.552  -2.757  14.689 0.0000000000
162664  -34.217  -36.855  25.010 0.0000000000
162877  -36.931  -24.277  21.116 0.0000000000
