#!ascii label  , from subject 4030 vox2ras=TkReg
467
104528  -34.323  -1.696  -31.938 0.0000000000
110342  -32.264  4.045  -32.618 0.0000000000
127906  -31.440  19.419  -31.270 0.0000000000
122399  -34.342  14.180  -30.299 0.0000000000
116722  -37.069  9.129  -32.758 0.0000000000
110410  -36.036  3.642  -37.019 0.0000000000
129828  -31.118  21.473  -32.324 0.0000000000
120111  -36.139  12.110  -30.990 0.0000000000
116721  -33.418  9.308  -31.733 0.0000000000
106750  -33.897  0.746  -31.796 0.0000000000
110357  -36.640  3.339  -32.482 0.0000000000
106805  -36.333  0.748  -34.512 0.0000000000
99708  -27.985  -5.538  -32.390 0.0000000000
104525  -30.839  -1.520  -32.011 0.0000000000
136641  -28.155  28.508  -35.094 0.0000000000
135658  -30.185  27.121  -34.526 0.0000000000
134670  -31.570  26.439  -32.473 0.0000000000
132741  -33.082  23.994  -30.769 0.0000000000
128845  -35.040  20.809  -29.703 0.0000000000
125793  -32.326  17.479  -30.443 0.0000000000
126846  -35.751  18.283  -30.291 0.0000000000
122429  -36.826  14.553  -33.449 0.0000000000
119029  -36.680  11.407  -35.851 0.0000000000
116796  -37.180  8.921  -38.253 0.0000000000
113715  -34.901  6.514  -31.682 0.0000000000
113765  -37.514  6.480  -35.352 0.0000000000
117833  -32.545  10.314  -32.651 0.0000000000
116742  -31.631  9.436  -33.474 0.0000000000
105640  -33.795  -0.427  -32.068 0.0000000000
106779  -35.820  0.532  -32.902 0.0000000000
105642  -35.408  -0.516  -33.411 0.0000000000
94822  -28.626  -9.689  -30.501 0.0000000000
96037  -28.076  -8.742  -30.631 0.0000000000
97289  -28.074  -7.459  -31.926 0.0000000000
106775  -30.317  0.534  -32.820 0.0000000000
105636  -29.586  -0.471  -32.543 0.0000000000
134685  -31.155  26.611  -33.403 0.0000000000
128871  -31.383  20.527  -31.602 0.0000000000
131748  -31.657  22.782  -31.211 0.0000000000
129797  -32.341  21.499  -30.479 0.0000000000
130788  -34.097  22.363  -30.182 0.0000000000
128860  -32.873  20.677  -30.104 0.0000000000
123570  -33.513  15.130  -30.524 0.0000000000
125773  -34.101  18.022  -29.609 0.0000000000
124716  -35.334  16.070  -29.744 0.0000000000
124733  -36.448  16.296  -31.639 0.0000000000
122401  -36.481  14.204  -31.041 0.0000000000
117813  -36.159  10.234  -31.663 0.0000000000
119007  -36.899  11.551  -33.057 0.0000000000
117847  -37.196  10.598  -33.968 0.0000000000
117877  -36.683  10.432  -36.638 0.0000000000
116763  -37.339  8.994  -35.600 0.0000000000
112683  -32.073  5.597  -33.037 0.0000000000
113728  -33.278  6.536  -32.225 0.0000000000
112669  -33.600  5.596  -31.764 0.0000000000
110382  -37.139  3.376  -35.302 0.0000000000
111554  -37.384  4.661  -33.526 0.0000000000
111592  -36.157  5.185  -36.695 0.0000000000
113789  -36.850  6.557  -37.713 0.0000000000
111606  -38.251  4.854  -37.353 0.0000000000
99724  -29.263  -6.506  -33.051 0.0000000000
100994  -28.562  -4.643  -32.212 0.0000000000
99710  -29.616  -5.573  -32.535 0.0000000000
102223  -30.293  -3.699  -31.665 0.0000000000
121272  -32.637  12.843  -30.764 0.0000000000
121274  -35.229  13.028  -30.703 0.0000000000
120108  -33.104  11.663  -31.208 0.0000000000
117811  -34.526  10.124  -31.139 0.0000000000
116700  -35.069  9.228  -31.180 0.0000000000
109121  -33.098  2.659  -31.845 0.0000000000
110330  -34.626  3.646  -31.503 0.0000000000
109136  -35.539  2.150  -31.811 0.0000000000
107916  -36.662  1.774  -33.615 0.0000000000
107934  -36.011  1.846  -35.651 0.0000000000
97309  -28.501  -7.156  -32.771 0.0000000000
109135  -31.456  2.484  -32.433 0.0000000000
107877  -31.684  1.259  -32.083 0.0000000000
105614  -32.529  0.103  -31.812 0.0000000000
104526  -31.939  -1.593  -31.731 0.0000000000
137580  -27.591  29.486  -35.086 0.0000000000
134698  -28.862  26.399  -35.411 0.0000000000
136658  -29.262  28.224  -35.362 0.0000000000
137573  -30.547  29.203  -33.450 0.0000000000
136615  -31.597  28.595  -32.195 0.0000000000
135632  -32.631  27.365  -32.072 0.0000000000
132764  -31.635  24.403  -32.499 0.0000000000
133730  -32.317  25.200  -31.566 0.0000000000
134658  -33.784  26.484  -31.387 0.0000000000
132743  -34.929  24.499  -30.675 0.0000000000
131753  -35.989  23.130  -30.865 0.0000000000
129814  -36.530  21.261  -31.157 0.0000000000
126860  -31.715  18.405  -30.818 0.0000000000
126844  -33.817  19.037  -29.401 0.0000000000
127896  -35.465  19.664  -29.824 0.0000000000
127909  -36.746  19.285  -31.567 0.0000000000
126863  -36.613  18.360  -32.267 0.0000000000
122443  -36.296  14.741  -34.557 0.0000000000
121290  -36.778  13.456  -31.870 0.0000000000
120155  -37.020  13.165  -34.240 0.0000000000
114741  -32.367  7.895  -33.049 0.0000000000
114725  -34.380  7.446  -31.645 0.0000000000
114727  -36.277  7.435  -31.920 0.0000000000
111540  -36.475  4.637  -32.104 0.0000000000
113730  -37.033  6.390  -32.462 0.0000000000
114746  -37.457  7.368  -33.517 0.0000000000
114789  -37.179  7.330  -37.109 0.0000000000
114801  -37.633  7.546  -38.785 0.0000000000
103387  -30.021  -2.555  -31.994 0.0000000000
103388  -31.103  -2.626  -31.835 0.0000000000
103390  -33.367  -2.775  -31.924 0.0000000000
105641  -34.816  -0.547  -32.589 0.0000000000
104529  -34.926  -1.587  -33.200 0.0000000000
103391  -34.211  -2.693  -32.720 0.0000000000
96038  -29.012  -8.847  -30.796 0.0000000000
129812  -31.874  21.226  -30.959 0.0000000000
128859  -31.896  20.592  -30.694 0.0000000000
127892  -31.695  19.823  -30.623 0.0000000000
122398  -33.093  14.086  -30.506 0.0000000000
123569  -32.257  15.105  -31.191 0.0000000000
123555  -34.384  15.536  -30.089 0.0000000000
123571  -34.821  14.931  -30.399 0.0000000000
123572  -35.794  15.125  -30.479 0.0000000000
122400  -35.628  14.051  -30.499 0.0000000000
117835  -37.162  10.199  -32.638 0.0000000000
117848  -37.468  9.719  -33.691 0.0000000000
117863  -37.256  9.785  -34.810 0.0000000000
116743  -37.465  8.996  -34.418 0.0000000000
111539  -32.461  4.672  -32.434 0.0000000000
112684  -32.837  5.603  -32.301 0.0000000000
111525  -33.122  4.644  -31.840 0.0000000000
110396  -36.416  3.640  -36.548 0.0000000000
111578  -36.832  4.061  -36.050 0.0000000000
112735  -35.298  4.375  -36.956 0.0000000000
112745  -35.943  4.953  -37.456 0.0000000000
111605  -36.804  4.487  -37.556 0.0000000000
111593  -38.810  4.063  -36.940 0.0000000000
110412  -37.785  3.680  -37.363 0.0000000000
120123  -32.368  12.267  -31.482 0.0000000000
117834  -33.238  10.255  -32.119 0.0000000000
117810  -33.776  10.134  -31.492 0.0000000000
116699  -34.192  9.240  -31.338 0.0000000000
107879  -33.505  1.681  -31.594 0.0000000000
109122  -34.111  2.639  -31.479 0.0000000000
107880  -34.618  1.624  -31.601 0.0000000000
106780  -36.442  1.149  -33.185 0.0000000000
106795  -36.529  0.884  -33.740 0.0000000000
107926  -36.488  1.658  -34.656 0.0000000000
107925  -35.945  1.163  -35.123 0.0000000000
107943  -36.021  1.498  -36.327 0.0000000000
107933  -35.590  1.093  -35.732 0.0000000000
93671  -28.203  -10.614  -30.606 0.0000000000
92495  -27.755  -11.560  -30.689 0.0000000000
97290  -28.863  -7.598  -32.054 0.0000000000
97310  -29.265  -7.356  -32.909 0.0000000000
105637  -30.601  -0.489  -32.415 0.0000000000
106776  -31.294  0.484  -32.425 0.0000000000
105638  -31.717  -0.438  -32.008 0.0000000000
105639  -32.723  -0.630  -31.603 0.0000000000
136629  -27.937  28.250  -34.713 0.0000000000
136640  -28.019  29.041  -34.832 0.0000000000
137581  -28.108  29.164  -35.073 0.0000000000
137590  -28.278  29.371  -35.498 0.0000000000
136657  -28.733  28.395  -35.473 0.0000000000
134699  -30.216  26.499  -35.139 0.0000000000
134716  -29.812  26.743  -35.515 0.0000000000
136659  -29.622  27.614  -34.849 0.0000000000
136642  -29.640  28.360  -34.624 0.0000000000
137583  -30.046  28.865  -34.241 0.0000000000
136643  -30.213  28.106  -34.057 0.0000000000
135646  -31.262  27.168  -32.849 0.0000000000
135631  -31.867  27.532  -32.299 0.0000000000
134671  -32.233  26.933  -32.258 0.0000000000
131760  -31.841  23.405  -32.086 0.0000000000
131749  -32.333  23.385  -30.896 0.0000000000
131761  -32.239  23.888  -31.502 0.0000000000
132754  -32.685  24.382  -31.239 0.0000000000
133731  -33.339  25.305  -31.131 0.0000000000
133718  -33.629  24.783  -30.769 0.0000000000
133732  -34.469  25.548  -31.125 0.0000000000
132742  -33.826  24.235  -30.596 0.0000000000
130774  -34.425  21.891  -29.863 0.0000000000
130789  -35.001  22.737  -30.075 0.0000000000
130776  -35.441  22.257  -29.847 0.0000000000
130797  -36.228  22.350  -30.995 0.0000000000
129784  -35.507  21.500  -29.840 0.0000000000
124729  -31.639  16.156  -31.298 0.0000000000
125805  -31.368  16.714  -31.616 0.0000000000
126861  -32.308  18.759  -30.091 0.0000000000
125772  -33.040  18.655  -29.656 0.0000000000
125774  -35.066  17.741  -29.945 0.0000000000
126845  -34.816  18.749  -29.676 0.0000000000
127908  -36.279  19.312  -30.615 0.0000000000
126862  -36.532  18.292  -31.153 0.0000000000
123582  -36.628  15.436  -32.483 0.0000000000
124743  -36.493  16.465  -32.724 0.0000000000
123597  -36.357  15.605  -33.546 0.0000000000
120110  -34.979  11.979  -30.529 0.0000000000
121275  -36.288  13.140  -31.108 0.0000000000
119021  -36.749  11.511  -34.529 0.0000000000
120154  -36.905  12.366  -33.896 0.0000000000
120165  -36.729  13.360  -34.685 0.0000000000
120175  -36.517  11.967  -36.232 0.0000000000
116781  -37.215  9.719  -37.448 0.0000000000
116807  -37.483  8.812  -38.992 0.0000000000
114757  -31.057  7.604  -33.905 0.0000000000
113714  -33.989  6.525  -31.651 0.0000000000
114743  -33.510  7.467  -31.889 0.0000000000
114726  -35.296  7.427  -31.614 0.0000000000
113716  -35.728  6.547  -31.961 0.0000000000
110343  -36.244  3.696  -31.845 0.0000000000
111528  -35.924  4.601  -31.594 0.0000000000
110344  -36.667  4.021  -32.471 0.0000000000
112712  -37.355  5.630  -35.105 0.0000000000
112687  -37.304  5.555  -32.896 0.0000000000
113745  -37.428  6.507  -34.286 0.0000000000
114761  -37.737  6.951  -34.766 0.0000000000
115754  -37.638  8.187  -35.114 0.0000000000
114778  -37.447  7.283  -35.757 0.0000000000
113797  -37.634  6.771  -38.355 0.0000000000
113798  -38.931  7.066  -38.285 0.0000000000
100997  -31.640  -4.714  -32.325 0.0000000000
102224  -31.382  -3.717  -31.792 0.0000000000
103389  -32.211  -2.697  -31.669 0.0000000000
102225  -32.464  -3.782  -32.073 0.0000000000
118992  -31.867  11.102  -32.687 0.0000000000
117832  -31.930  10.298  -33.241 0.0000000000
116719  -32.341  9.443  -33.036 0.0000000000
106777  -33.977  0.279  -32.165 0.0000000000
106751  -34.513  0.977  -31.799 0.0000000000
106778  -34.676  0.478  -32.111 0.0000000000
106794  -36.087  0.120  -33.931 0.0000000000
106804  -35.840  0.325  -35.003 0.0000000000
105653  -35.560  -0.541  -34.283 0.0000000000
104543  -35.290  -1.446  -34.381 0.0000000000
96063  -28.481  -8.066  -31.257 0.0000000000
107899  -30.349  1.540  -33.176 0.0000000000
106774  -29.383  0.308  -32.931 0.0000000000
135644  -27.917  27.596  -34.697 0.0000000000
134684  -30.566  26.319  -34.241 0.0000000000
135645  -30.862  27.391  -33.638 0.0000000000
133756  -31.021  25.638  -33.513 0.0000000000
133743  -31.479  25.303  -32.599 0.0000000000
130796  -31.519  22.299  -31.934 0.0000000000
129811  -31.546  21.473  -31.437 0.0000000000
130786  -31.922  22.373  -30.657 0.0000000000
130787  -32.917  22.402  -30.455 0.0000000000
131750  -33.435  23.299  -30.540 0.0000000000
129798  -33.446  21.521  -30.053 0.0000000000
128843  -33.706  20.776  -29.640 0.0000000000
124730  -32.145  16.061  -30.639 0.0000000000
125794  -32.974  17.502  -30.240 0.0000000000
124731  -32.998  15.996  -30.410 0.0000000000
124691  -35.011  16.400  -29.586 0.0000000000
125775  -35.531  16.931  -30.263 0.0000000000
125795  -36.363  17.200  -30.822 0.0000000000
124732  -36.104  16.105  -30.627 0.0000000000
123573  -36.468  15.253  -31.336 0.0000000000
122412  -36.817  14.393  -32.256 0.0000000000
118979  -35.686  11.124  -30.960 0.0000000000
118994  -36.637  11.264  -31.672 0.0000000000
117862  -36.834  10.563  -35.278 0.0000000000
117878  -37.064  9.749  -36.090 0.0000000000
116782  -37.268  8.974  -36.919 0.0000000000
113744  -32.128  6.634  -33.380 0.0000000000
112670  -34.520  5.576  -31.658 0.0000000000
109151  -37.155  3.290  -33.564 0.0000000000
110358  -37.176  3.738  -33.087 0.0000000000
110383  -37.217  4.122  -35.286 0.0000000000
111579  -37.121  4.803  -36.041 0.0000000000
112725  -36.944  5.718  -36.274 0.0000000000
113780  -37.025  6.494  -36.699 0.0000000000
112737  -36.248  5.691  -37.191 0.0000000000
112746  -37.011  5.624  -37.761 0.0000000000
112747  -38.720  5.894  -37.864 0.0000000000
112739  -39.661  5.725  -37.370 0.0000000000
98474  -28.199  -6.433  -32.683 0.0000000000
99709  -28.961  -5.833  -32.644 0.0000000000
100995  -29.590  -4.784  -32.150 0.0000000000
100996  -30.652  -4.781  -31.801 0.0000000000
121271  -32.200  13.531  -31.334 0.0000000000
121273  -33.942  12.883  -30.609 0.0000000000
120109  -33.911  11.904  -30.843 0.0000000000
118976  -33.401  10.893  -31.656 0.0000000000
118977  -33.946  10.978  -31.206 0.0000000000
118978  -34.750  11.030  -30.808 0.0000000000
117812  -35.357  10.149  -31.053 0.0000000000
116701  -35.880  9.279  -31.446 0.0000000000
116702  -36.599  9.295  -32.057 0.0000000000
110328  -32.614  3.639  -32.230 0.0000000000
110329  -33.620  3.637  -31.752 0.0000000000
109123  -35.261  2.651  -31.518 0.0000000000
109137  -36.153  2.550  -31.979 0.0000000000
107903  -35.453  1.472  -32.039 0.0000000000
107904  -36.347  1.633  -32.718 0.0000000000
109150  -36.821  2.747  -33.180 0.0000000000
109160  -37.072  2.703  -34.375 0.0000000000
109171  -36.755  2.577  -35.535 0.0000000000
109182  -36.727  2.666  -36.227 0.0000000000
109195  -36.758  3.176  -36.874 0.0000000000
105668  -35.750  -0.086  -35.709 0.0000000000
98473  -27.456  -6.223  -32.406 0.0000000000
97308  -27.715  -6.934  -32.405 0.0000000000
98475  -28.874  -6.716  -33.051 0.0000000000
97327  -29.107  -7.102  -33.317 0.0000000000
110341  -31.748  3.472  -32.631 0.0000000000
109120  -32.185  2.739  -32.196 0.0000000000
107878  -32.452  1.674  -31.895 0.0000000000
106748  -32.017  0.650  -31.760 0.0000000000
106749  -32.940  0.830  -31.826 0.0000000000
105615  -33.257  0.134  -31.852 0.0000000000
104527  -33.099  -1.649  -31.618 0.0000000000
137571  -27.319  29.518  -34.164 0.0000000000
134697  -28.183  26.537  -35.369 0.0000000000
135657  -28.445  27.566  -35.527 0.0000000000
134714  -28.695  26.954  -35.862 0.0000000000
137591  -29.002  29.201  -35.433 0.0000000000
136630  -30.691  28.292  -33.248 0.0000000000
136614  -30.897  28.806  -32.679 0.0000000000
137563  -31.454  29.481  -32.556 0.0000000000
136616  -32.834  28.396  -31.991 0.0000000000
136599  -33.604  28.233  -31.817 0.0000000000
133729  -31.719  24.995  -31.947 0.0000000000
132753  -32.065  24.375  -31.793 0.0000000000
134656  -31.744  25.708  -31.863 0.0000000000
134657  -32.537  26.427  -31.646 0.0000000000
135618  -33.421  27.512  -31.727 0.0000000000
135619  -34.272  27.354  -31.650 0.0000000000
134659  -34.731  26.508  -31.701 0.0000000000
132756  -35.131  25.149  -31.196 0.0000000000
131751  -34.436  23.417  -30.440 0.0000000000
131752  -35.326  23.367  -30.567 0.0000000000
125791  -31.061  17.848  -31.597 0.0000000000
127907  -31.797  19.213  -30.489 0.0000000000
127893  -32.254  19.784  -29.926 0.0000000000
127894  -33.434  19.973  -29.489 0.0000000000
127875  -34.165  20.298  -29.538 0.0000000000
127895  -34.448  19.665  -29.530 0.0000000000
127877  -35.234  20.323  -29.741 0.0000000000
128873  -36.103  20.233  -30.380 0.0000000000
128874  -36.625  20.175  -30.991 0.0000000000
125796  -36.519  17.342  -31.926 0.0000000000
125806  -36.457  17.473  -32.988 0.0000000000
123613  -35.929  15.816  -34.399 0.0000000000
123612  -35.978  15.217  -35.072 0.0000000000
120124  -36.666  12.420  -31.978 0.0000000000
120125  -37.050  13.002  -32.547 0.0000000000
122430  -36.940  14.185  -33.401 0.0000000000
121318  -36.726  14.134  -34.119 0.0000000000
115711  -31.960  8.574  -33.169 0.0000000000
115712  -32.618  8.553  -32.761 0.0000000000
114742  -32.782  7.520  -32.500 0.0000000000
115693  -33.845  8.367  -31.630 0.0000000000
115694  -34.746  8.349  -31.493 0.0000000000
115695  -35.646  8.348  -31.446 0.0000000000
115714  -36.918  8.418  -32.255 0.0000000000
111526  -34.091  4.622  -31.650 0.0000000000
111527  -35.051  4.628  -31.543 0.0000000000
112671  -35.487  5.573  -31.819 0.0000000000
111541  -37.010  4.689  -32.703 0.0000000000
112686  -36.707  5.549  -32.298 0.0000000000
113729  -36.428  6.457  -32.196 0.0000000000
114744  -36.716  6.929  -32.262 0.0000000000
114745  -37.104  7.400  -32.442 0.0000000000
115715  -37.314  8.265  -32.999 0.0000000000
115769  -37.254  8.162  -36.351 0.0000000000
115779  -37.041  8.132  -37.651 0.0000000000
114797  -37.055  7.377  -38.201 0.0000000000
115785  -37.220  8.133  -38.621 0.0000000000
104524  -29.809  -1.490  -32.344 0.0000000000
104530  -35.321  -1.052  -33.788 0.0000000000
105616  -33.686  0.206  -32.102 0.0000000000
106809  -35.622  0.443  -35.741 0.0000000000
107881  -35.224  1.967  -31.740 0.0000000000
107901  -31.774  1.938  -32.223 0.0000000000
107902  -34.830  1.118  -31.848 0.0000000000
107942  -35.521  0.952  -36.082 0.0000000000
109124  -35.978  3.105  -31.398 0.0000000000
109161  -37.178  3.066  -33.821 0.0000000000
109194  -36.564  3.365  -36.709 0.0000000000
109196  -37.298  3.115  -37.186 0.0000000000
110327  -32.193  3.282  -32.345 0.0000000000
110331  -35.554  3.715  -31.484 0.0000000000
110370  -37.205  3.233  -34.642 0.0000000000
110371  -37.278  3.652  -34.243 0.0000000000
110395  -35.793  3.851  -36.792 0.0000000000
110409  -35.630  3.814  -36.916 0.0000000000
110411  -36.681  3.652  -37.356 0.0000000000
111568  -37.310  4.758  -34.678 0.0000000000
111590  -35.517  4.005  -36.815 0.0000000000
111591  -35.943  4.464  -36.658 0.0000000000
111603  -35.351  3.993  -37.080 0.0000000000
111604  -35.896  4.181  -37.346 0.0000000000
111607  -39.160  5.338  -37.544 0.0000000000
112672  -36.203  5.262  -31.887 0.0000000000
112685  -36.097  5.878  -32.101 0.0000000000
112699  -37.188  5.619  -33.919 0.0000000000
112736  -35.521  4.963  -37.055 0.0000000000
112738  -39.299  5.963  -37.704 0.0000000000
112744  -35.453  4.491  -37.147 0.0000000000
112748  -39.206  5.655  -37.596 0.0000000000
113727  -32.546  6.529  -32.723 0.0000000000
113731  -37.400  6.470  -33.137 0.0000000000
113746  -37.650  6.749  -34.649 0.0000000000
113766  -37.669  6.757  -34.908 0.0000000000
113804  -38.162  7.212  -38.893 0.0000000000
114728  -36.759  7.926  -31.971 0.0000000000
114759  -32.375  7.232  -33.073 0.0000000000
114760  -37.737  7.285  -34.598 0.0000000000
114779  -37.707  6.950  -35.054 0.0000000000
115696  -36.405  8.451  -31.739 0.0000000000
115713  -32.962  8.425  -31.916 0.0000000000
115734  -37.474  8.196  -33.989 0.0000000000
116720  -32.911  9.397  -32.424 0.0000000000
116723  -37.422  8.988  -33.454 0.0000000000
117836  -37.356  9.529  -33.097 0.0000000000
118993  -32.701  11.274  -32.091 0.0000000000
120122  -31.906  12.137  -32.385 0.0000000000
120139  -37.022  12.464  -32.949 0.0000000000
120140  -37.163  13.076  -33.346 0.0000000000
120164  -36.651  12.629  -35.281 0.0000000000
121289  -32.243  12.714  -31.197 0.0000000000
121291  -37.115  13.665  -32.767 0.0000000000
121306  -36.839  14.179  -33.738 0.0000000000
121307  -36.948  13.856  -33.618 0.0000000000
121319  -36.753  13.643  -34.363 0.0000000000
121329  -36.379  13.764  -34.843 0.0000000000
121330  -36.627  13.592  -34.635 0.0000000000
122413  -37.058  14.160  -33.107 0.0000000000
122442  -36.061  14.784  -35.033 0.0000000000
122453  -36.148  14.290  -34.939 0.0000000000
123554  -33.781  15.650  -30.198 0.0000000000
123556  -35.119  15.508  -30.112 0.0000000000
124690  -34.602  16.941  -29.548 0.0000000000
124692  -35.318  16.265  -29.581 0.0000000000
124714  -34.092  16.214  -29.781 0.0000000000
124715  -35.029  15.907  -29.787 0.0000000000
125752  -35.151  17.329  -30.108 0.0000000000
125753  -35.187  16.843  -29.931 0.0000000000
125754  -35.451  16.451  -29.793 0.0000000000
126843  -32.907  19.202  -29.467 0.0000000000
126859  -31.219  18.440  -31.438 0.0000000000
127876  -34.812  20.252  -29.622 0.0000000000
128844  -34.405  20.800  -29.611 0.0000000000
128858  -31.576  20.089  -31.053 0.0000000000
128861  -35.538  20.585  -30.010 0.0000000000
128872  -31.741  20.944  -31.230 0.0000000000
129782  -34.051  21.260  -29.689 0.0000000000
129783  -34.637  21.435  -29.692 0.0000000000
129785  -35.865  22.095  -29.923 0.0000000000
129796  -31.710  21.744  -30.814 0.0000000000
129799  -34.128  21.695  -29.883 0.0000000000
129800  -36.034  21.009  -30.420 0.0000000000
129801  -36.132  21.807  -30.376 0.0000000000
129813  -36.393  20.671  -30.701 0.0000000000
130775  -34.858  22.085  -29.732 0.0000000000
130785  -31.538  22.157  -31.118 0.0000000000
130790  -35.732  22.555  -30.390 0.0000000000
132755  -33.303  24.552  -30.872 0.0000000000
132757  -35.820  24.798  -31.516 0.0000000000
133719  -34.022  24.961  -30.637 0.0000000000
135630  -30.955  27.903  -32.594 0.0000000000
135673  -29.017  27.568  -35.901 0.0000000000
135674  -29.517  27.328  -35.587 0.0000000000
135675  -29.966  27.074  -35.275 0.0000000000
136628  -27.799  28.760  -34.456 0.0000000000
137562  -31.038  29.279  -32.940 0.0000000000
137572  -30.027  29.453  -34.120 0.0000000000
