#!ascii label  , from subject 4030 vox2ras=TkReg
1012
120224  40.674  14.180  19.097 0.0000000000
121534  46.176  15.929  8.061 0.0000000000
125841  51.768  19.566  9.601 0.0000000000
119241  46.280  13.403  -1.051 0.0000000000
115906  40.808  10.247  11.540 0.0000000000
121440  54.123  16.254  17.168 0.0000000000
122810  49.644  16.788  0.331 0.0000000000
122743  41.083  15.924  6.352 0.0000000000
121470  48.328  15.108  16.032 0.0000000000
118078  45.216  12.546  13.817 0.0000000000
117078  43.706  11.371  6.997 0.0000000000
125800  47.430  19.782  11.932 0.0000000000
123870  44.591  17.671  3.810 0.0000000000
123789  50.776  17.879  9.081 0.0000000000
124933  48.744  19.233  1.699 0.0000000000
122708  42.587  17.158  9.632 0.0000000000
121463  44.731  14.992  16.763 0.0000000000
120252  43.403  13.839  15.636 0.0000000000
117048  42.079  11.342  9.470 0.0000000000
125763  52.403  19.637  14.201 0.0000000000
124780  49.408  19.358  14.913 0.0000000000
125814  49.039  19.781  11.019 0.0000000000
124866  46.004  18.267  7.958 0.0000000000
124863  48.394  18.477  7.316 0.0000000000
122680  46.465  16.419  11.763 0.0000000000
123770  48.970  17.373  11.946 0.0000000000
122714  47.839  16.678  8.545 0.0000000000
122834  49.466  16.575  -1.384 0.0000000000
124930  50.716  18.683  1.555 0.0000000000
122812  47.078  17.395  -0.801 0.0000000000
123906  44.555  17.995  -0.013 0.0000000000
119229  45.214  13.422  0.319 0.0000000000
113787  44.096  9.171  2.201 0.0000000000
119088  38.640  13.312  17.534 0.0000000000
118075  41.598  11.839  14.605 0.0000000000
125760  54.408  19.054  13.724 0.0000000000
120353  45.729  13.902  4.380 0.0000000000
121598  47.461  15.830  3.817 0.0000000000
119227  47.874  14.441  0.737 0.0000000000
120414  51.631  14.798  -1.367 0.0000000000
120204  49.701  14.700  19.289 0.0000000000
121432  47.275  14.859  18.728 0.0000000000
120257  46.641  13.629  14.552 0.0000000000
121513  44.534  15.429  10.701 0.0000000000
118083  42.425  12.065  12.571 0.0000000000
120293  42.726  13.885  10.395 0.0000000000
120321  44.751  14.096  7.208 0.0000000000
117089  45.332  11.696  4.423 0.0000000000
118036  36.956  12.663  20.049 0.0000000000
125767  47.020  19.662  14.857 0.0000000000
125802  45.201  20.010  12.099 0.0000000000
123803  44.380  17.774  8.931 0.0000000000
123857  42.236  17.253  4.838 0.0000000000
122783  41.186  16.754  3.252 0.0000000000
122619  51.230  16.073  16.428 0.0000000000
124793  52.066  18.244  13.290 0.0000000000
124835  53.327  18.722  9.063 0.0000000000
122768  49.759  16.950  5.091 0.0000000000
123848  51.621  17.988  5.003 0.0000000000
124873  50.764  18.718  6.268 0.0000000000
124905  46.524  18.242  3.275 0.0000000000
123884  42.602  17.589  2.209 0.0000000000
122695  42.202  17.501  10.304 0.0000000000
124830  42.683  18.618  10.839 0.0000000000
121465  42.424  15.511  16.952 0.0000000000
121466  41.431  15.293  17.187 0.0000000000
125795  52.094  19.519  12.257 0.0000000000
125782  50.995  19.696  13.012 0.0000000000
125827  50.906  19.518  10.389 0.0000000000
125855  48.772  18.749  8.299 0.0000000000
125853  50.693  19.284  8.323 0.0000000000
122705  46.229  16.305  9.479 0.0000000000
122691  47.661  17.036  10.358 0.0000000000
122726  46.971  16.205  7.577 0.0000000000
120418  47.707  14.525  -1.481 0.0000000000
122835  48.221  16.642  -1.202 0.0000000000
121651  46.968  15.832  -1.177 0.0000000000
122825  46.192  15.924  -0.444 0.0000000000
119228  45.598  13.224  -0.381 0.0000000000
117138  44.655  11.468  0.120 0.0000000000
117151  44.935  11.485  -0.807 0.0000000000
118067  38.951  12.322  15.770 0.0000000000
124756  54.098  18.257  15.647 0.0000000000
123710  54.422  17.549  15.979 0.0000000000
119204  47.203  13.046  2.144 0.0000000000
119214  46.865  13.902  1.840 0.0000000000
119212  48.912  13.095  0.889 0.0000000000
120398  52.522  13.981  -0.704 0.0000000000
118212  51.204  13.049  -1.450 0.0000000000
119251  49.507  13.772  -1.557 0.0000000000
119094  45.405  13.135  15.765 0.0000000000
119093  46.079  13.129  16.120 0.0000000000
119113  46.150  13.195  14.261 0.0000000000
121494  45.352  15.046  12.949 0.0000000000
120270  44.908  14.489  12.886 0.0000000000
115871  41.586  10.673  13.788 0.0000000000
116995  42.627  11.420  14.416 0.0000000000
117017  41.534  11.215  12.728 0.0000000000
117066  43.126  11.401  7.833 0.0000000000
118103  42.414  12.195  9.366 0.0000000000
119162  43.452  12.879  7.924 0.0000000000
120312  43.561  14.020  8.635 0.0000000000
118124  44.139  12.728  6.921 0.0000000000
119182  44.686  13.033  5.687 0.0000000000
117083  44.497  11.608  5.584 0.0000000000
115989  47.674  10.043  4.785 0.0000000000
126776  48.757  20.359  13.264 0.0000000000
125744  48.623  19.342  15.197 0.0000000000
126769  47.392  20.185  14.182 0.0000000000
126770  46.438  20.100  14.403 0.0000000000
125801  46.352  20.010  11.953 0.0000000000
125833  44.760  19.164  10.401 0.0000000000
125847  45.687  18.971  9.858 0.0000000000
123836  45.364  17.238  5.621 0.0000000000
122756  44.654  17.093  6.210 0.0000000000
123856  43.448  17.278  4.788 0.0000000000
123873  41.695  17.566  3.868 0.0000000000
124909  41.924  18.195  3.405 0.0000000000
121446  49.376  14.676  17.622 0.0000000000
120228  50.560  14.777  17.919 0.0000000000
121469  49.586  15.509  16.032 0.0000000000
123779  49.940  17.534  10.660 0.0000000000
123759  50.597  18.004  12.375 0.0000000000
124824  51.400  18.415  11.122 0.0000000000
124812  53.249  18.637  11.318 0.0000000000
123788  51.714  18.234  8.615 0.0000000000
122791  47.936  16.081  1.934 0.0000000000
122769  48.749  16.418  4.629 0.0000000000
122790  48.924  16.712  2.427 0.0000000000
125896  50.184  19.442  1.502 0.0000000000
124901  51.593  18.894  3.170 0.0000000000
124917  49.578  18.921  2.443 0.0000000000
124881  51.051  18.554  5.372 0.0000000000
124903  49.349  18.544  3.386 0.0000000000
124893  48.248  18.165  4.168 0.0000000000
124919  47.036  18.509  2.351 0.0000000000
121618  44.328  15.829  1.522 0.0000000000
123907  43.759  17.963  0.612 0.0000000000
121611  43.415  15.825  2.187 0.0000000000
121601  42.419  15.783  3.127 0.0000000000
121420  52.905  15.209  19.320 0.0000000000
122709  41.986  16.395  9.449 0.0000000000
122728  42.047  16.085  7.828 0.0000000000
121424  44.795  15.147  19.356 0.0000000000
121436  43.951  15.539  18.725 0.0000000000
120242  44.019  14.319  16.296 0.0000000000
118062  44.256  12.435  14.746 0.0000000000
117037  41.076  11.100  10.506 0.0000000000
125764  50.785  19.743  14.166 0.0000000000
126775  49.712  19.888  12.980 0.0000000000
125799  48.447  19.628  11.908 0.0000000000
124825  46.621  18.878  9.876 0.0000000000
125845  47.667  18.808  9.334 0.0000000000
124864  47.529  18.379  7.562 0.0000000000
123835  46.435  17.552  5.286 0.0000000000
122654  47.665  15.915  13.942 0.0000000000
122653  48.654  16.428  14.223 0.0000000000
123771  48.123  17.077  12.242 0.0000000000
123792  48.481  17.367  10.234 0.0000000000
123801  49.073  17.059  8.239 0.0000000000
122820  50.310  16.662  -0.657 0.0000000000
123901  50.265  17.739  0.421 0.0000000000
124954  50.064  18.201  -1.099 0.0000000000
124955  49.090  18.543  -0.723 0.0000000000
125916  47.548  19.016  -0.403 0.0000000000
125908  46.135  19.657  -0.009 0.0000000000
123916  46.078  18.176  -0.461 0.0000000000
121628  44.962  15.545  0.685 0.0000000000
119216  44.315  13.966  1.577 0.0000000000
114922  44.426  9.661  0.846 0.0000000000
119087  39.560  13.921  18.098 0.0000000000
119107  40.520  13.527  15.904 0.0000000000
119108  39.597  12.905  16.056 0.0000000000
116983  40.261  11.633  14.783 0.0000000000
114775  40.572  9.495  12.797 0.0000000000
124740  52.415  18.335  16.282 0.0000000000
125762  53.515  19.438  14.243 0.0000000000
125809  53.782  19.727  11.596 0.0000000000
120341  46.206  14.658  5.776 0.0000000000
121578  46.857  15.226  5.262 0.0000000000
121590  46.879  15.236  4.199 0.0000000000
121609  47.219  15.291  2.278 0.0000000000
121625  48.691  15.937  0.447 0.0000000000
119225  49.872  13.479  0.234 0.0000000000
120400  50.840  14.914  -0.626 0.0000000000
121633  50.683  15.817  -0.643 0.0000000000
121647  50.865  15.719  -2.116 0.0000000000
120417  49.069  14.711  -1.582 0.0000000000
119253  47.109  13.434  -1.523 0.0000000000
117162  45.758  11.247  -2.072 0.0000000000
120205  48.595  14.670  19.336 0.0000000000
119090  48.331  13.763  17.056 0.0000000000
121448  46.466  14.930  17.427 0.0000000000
119085  47.309  13.716  16.939 0.0000000000
121471  47.794  14.267  15.502 0.0000000000
122655  46.888  15.470  13.761 0.0000000000
122681  45.628  15.835  12.169 0.0000000000
122706  45.183  16.172  9.278 0.0000000000
119106  41.802  13.214  15.477 0.0000000000
116981  43.298  11.710  14.622 0.0000000000
118080  43.921  12.115  13.627 0.0000000000
119136  41.573  12.584  11.268 0.0000000000
119126  42.513  13.038  11.893 0.0000000000
120272  43.449  13.876  12.530 0.0000000000
120291  44.039  14.900  10.598 0.0000000000
120311  44.292  14.544  8.447 0.0000000000
120320  45.176  14.787  7.540 0.0000000000
120342  45.626  14.107  5.373 0.0000000000
119197  45.457  13.296  3.986 0.0000000000
117119  46.677  12.188  2.983 0.0000000000
115991  45.402  10.742  4.748 0.0000000000
116004  47.210  10.759  3.964 0.0000000000
119074  39.018  12.828  19.771 0.0000000000
118048  38.196  12.444  19.148 0.0000000000
116952  36.209  11.503  19.906 0.0000000000
123705  47.662  17.657  16.697 0.0000000000
125768  46.127  19.738  15.113 0.0000000000
124815  43.784  19.127  10.813 0.0000000000
123804  43.671  17.531  9.190 0.0000000000
122741  42.800  16.335  7.008 0.0000000000
124852  45.601  18.289  8.715 0.0000000000
123814  44.427  17.481  7.917 0.0000000000
122757  42.380  16.457  6.249 0.0000000000
121456  52.696  16.121  16.881 0.0000000000
123731  50.090  16.906  14.560 0.0000000000
123713  51.988  17.286  15.266 0.0000000000
123712  53.022  17.316  14.982 0.0000000000
124791  53.801  18.601  13.239 0.0000000000
124811  53.828  19.145  11.255 0.0000000000
125850  53.056  19.472  8.967 0.0000000000
122738  47.964  16.331  6.359 0.0000000000
122737  48.785  17.013  6.745 0.0000000000
123820  50.317  17.419  6.435 0.0000000000
123881  51.171  18.085  2.617 0.0000000000
123850  50.746  17.645  4.699 0.0000000000
123809  51.211  17.569  6.992 0.0000000000
124860  52.424  18.594  7.371 0.0000000000
124871  52.231  19.153  6.946 0.0000000000
125861  51.633  19.340  7.648 0.0000000000
124874  49.716  18.658  6.208 0.0000000000
123834  47.429  17.756  5.105 0.0000000000
124906  45.323  18.095  3.347 0.0000000000
124936  44.733  18.961  1.251 0.0000000000
124921  44.291  18.558  2.346 0.0000000000
124922  43.095  18.550  2.557 0.0000000000
122795  41.652  17.436  2.666 0.0000000000
114907  43.521  9.644  2.801 0.0000000000
124817  42.300  18.736  11.449 0.0000000000
125820  42.746  19.159  11.130 0.0000000000
120213  41.032  13.784  19.736 0.0000000000
120234  41.421  15.044  18.153 0.0000000000
120235  40.803  14.752  17.917 0.0000000000
125826  51.914  19.672  10.538 0.0000000000
125811  52.031  19.634  11.368 0.0000000000
125842  50.767  19.407  9.390 0.0000000000
122716  45.932  15.930  8.638 0.0000000000
122715  46.732  16.404  8.267 0.0000000000
121548  46.543  15.764  7.424 0.0000000000
120404  47.044  14.229  -1.144 0.0000000000
121650  47.535  15.571  -1.300 0.0000000000
120405  46.446  14.464  -0.683 0.0000000000
118203  45.389  12.430  -0.906 0.0000000000
121419  53.566  15.652  18.912 0.0000000000
122599  54.414  16.692  17.645 0.0000000000
123698  54.492  17.190  16.703 0.0000000000
122615  54.232  17.060  16.270 0.0000000000
118169  47.707  12.519  2.137 0.0000000000
118181  48.389  12.701  1.522 0.0000000000
118200  51.704  12.342  -1.089 0.0000000000
118201  50.736  12.222  -1.039 0.0000000000
118213  49.979  12.698  -1.324 0.0000000000
122759  40.745  16.557  5.708 0.0000000000
118071  45.416  12.480  14.247 0.0000000000
118060  45.941  12.674  14.819 0.0000000000
119114  45.588  13.046  13.898 0.0000000000
120262  45.190  13.935  13.326 0.0000000000
120263  44.673  13.655  13.240 0.0000000000
115881  41.193  10.297  12.758 0.0000000000
117009  41.778  10.948  13.375 0.0000000000
117026  41.016  10.914  12.009 0.0000000000
118114  43.166  12.360  8.115 0.0000000000
118125  43.573  12.351  7.394 0.0000000000
118136  43.960  12.072  6.726 0.0000000000
118135  44.349  12.400  6.173 0.0000000000
117077  44.267  11.409  6.327 0.0000000000
126786  48.059  20.238  12.612 0.0000000000
126777  47.726  20.431  13.427 0.0000000000
126787  47.017  20.245  12.752 0.0000000000
125817  45.760  19.880  11.001 0.0000000000
125831  46.301  19.297  10.298 0.0000000000
123855  44.496  17.442  4.681 0.0000000000
123872  42.617  17.636  3.912 0.0000000000
123871  43.634  17.652  3.854 0.0000000000
121460  48.966  14.867  17.156 0.0000000000
121459  49.483  15.446  16.956 0.0000000000
122631  49.014  15.567  15.634 0.0000000000
123790  49.879  17.486  9.631 0.0000000000
123768  50.606  18.055  11.331 0.0000000000
123778  50.893  17.998  10.251 0.0000000000
123777  51.613  18.245  9.535 0.0000000000
122799  48.810  16.608  1.159 0.0000000000
123883  49.264  17.201  1.645 0.0000000000
124932  49.723  19.512  1.895 0.0000000000
124918  48.354  18.774  2.481 0.0000000000
124934  47.526  19.071  1.549 0.0000000000
120374  43.992  14.620  2.130 0.0000000000
121619  43.842  16.311  1.502 0.0000000000
119198  43.564  13.594  2.631 0.0000000000
120363  43.344  14.609  2.893 0.0000000000
123795  42.715  17.718  10.201 0.0000000000
122719  42.496  16.465  8.793 0.0000000000
121425  43.792  14.999  19.542 0.0000000000
121426  43.164  14.685  19.525 0.0000000000
121464  43.576  15.242  16.902 0.0000000000
120251  44.409  13.599  15.639 0.0000000000
119104  43.863  13.071  15.100 0.0000000000
124758  52.066  18.856  15.468 0.0000000000
124741  51.191  18.278  15.934 0.0000000000
125742  51.794  19.407  14.832 0.0000000000
125797  50.167  19.742  12.081 0.0000000000
126774  50.307  19.761  13.061 0.0000000000
126784  49.539  19.726  12.425 0.0000000000
126785  48.951  19.846  12.579 0.0000000000
125815  47.979  19.484  11.032 0.0000000000
125829  48.731  19.382  10.098 0.0000000000
124849  48.153  18.559  8.220 0.0000000000
124877  46.924  18.095  6.920 0.0000000000
123822  47.195  17.835  6.033 0.0000000000
122667  47.317  16.586  12.645 0.0000000000
123762  48.103  16.856  13.275 0.0000000000
122679  47.431  16.805  11.435 0.0000000000
122703  48.137  16.959  9.468 0.0000000000
122702  48.864  17.181  9.553 0.0000000000
122713  48.852  16.811  8.800 0.0000000000
122833  50.665  16.372  -1.555 0.0000000000
123912  50.380  17.590  -0.823 0.0000000000
123925  49.987  17.425  -1.239 0.0000000000
122822  48.047  17.215  -1.112 0.0000000000
123913  48.929  17.994  -1.111 0.0000000000
124956  47.765  18.549  -0.791 0.0000000000
125915  48.251  19.140  -0.396 0.0000000000
124957  46.836  18.759  -0.369 0.0000000000
123915  46.946  17.872  -0.984 0.0000000000
121627  45.351  15.194  -0.078 0.0000000000
122814  45.848  16.334  -0.001 0.0000000000
120391  44.990  14.426  0.502 0.0000000000
119215  44.669  13.524  1.290 0.0000000000
118193  44.879  12.483  0.693 0.0000000000
116035  44.535  10.536  0.489 0.0000000000
119096  39.403  13.491  16.820 0.0000000000
118056  38.954  12.865  16.445 0.0000000000
116984  39.436  11.628  15.060 0.0000000000
116998  39.844  11.092  14.346 0.0000000000
115859  40.507  10.133  14.171 0.0000000000
114753  40.023  9.580  14.024 0.0000000000
125739  54.153  18.777  14.744 0.0000000000
125740  53.805  19.007  14.952 0.0000000000
125779  53.976  19.403  13.518 0.0000000000
125793  53.802  19.521  12.658 0.0000000000
125792  54.138  19.220  12.906 0.0000000000
120352  46.245  14.595  4.756 0.0000000000
120361  46.293  14.350  3.497 0.0000000000
120379  47.002  14.163  1.603 0.0000000000
120372  46.902  14.536  2.243 0.0000000000
120378  47.336  14.734  1.365 0.0000000000
121617  47.944  15.636  1.155 0.0000000000
120388  48.486  15.005  0.409 0.0000000000
119211  50.015  12.877  0.989 0.0000000000
119224  51.115  12.982  0.453 0.0000000000
120413  52.436  14.250  -1.077 0.0000000000
120399  51.830  14.495  -0.796 0.0000000000
121632  51.429  15.405  -0.988 0.0000000000
121646  51.444  15.743  -1.504 0.0000000000
121659  51.392  15.986  -1.919 0.0000000000
120428  51.404  15.574  -1.860 0.0000000000
119252  48.274  13.599  -1.730 0.0000000000
118215  47.645  12.508  -1.625 0.0000000000
118216  46.614  12.144  -1.912 0.0000000000
120206  47.436  14.912  19.372 0.0000000000
120220  47.705  14.579  18.280 0.0000000000
119083  48.343  14.269  17.595 0.0000000000
119078  47.952  14.317  17.729 0.0000000000
121435  45.048  15.478  18.497 0.0000000000
121434  46.054  15.281  18.340 0.0000000000
121462  45.861  14.870  16.654 0.0000000000
119101  46.690  12.952  15.425 0.0000000000
119092  46.975  13.424  16.394 0.0000000000
120248  47.247  13.647  15.288 0.0000000000
119100  47.526  13.395  16.002 0.0000000000
120256  46.896  14.102  14.945 0.0000000000
121483  47.052  15.288  14.144 0.0000000000
121477  46.810  14.317  14.579 0.0000000000
121501  45.237  15.361  12.128 0.0000000000
121512  45.091  15.627  11.540 0.0000000000
122693  45.474  16.255  10.694 0.0000000000
122694  44.750  16.053  10.025 0.0000000000
118065  41.193  12.622  14.983 0.0000000000
117008  42.523  11.344  13.541 0.0000000000
116982  42.958  11.778  14.834 0.0000000000
116994  43.596  11.541  14.148 0.0000000000
117007  43.658  11.709  13.745 0.0000000000
118081  43.172  12.058  13.342 0.0000000000
117049  41.618  11.276  10.054 0.0000000000
118096  41.277  12.096  10.724 0.0000000000
118104  41.831  11.928  9.892 0.0000000000
119143  42.582  13.163  9.650 0.0000000000
119135  42.038  13.047  10.841 0.0000000000
120282  42.499  13.615  11.205 0.0000000000
119125  43.073  13.482  12.458 0.0000000000
120281  43.157  14.055  11.666 0.0000000000
120292  43.473  14.564  10.532 0.0000000000
119151  43.693  13.866  8.283 0.0000000000
120310  45.010  15.076  8.131 0.0000000000
120330  45.508  14.380  6.483 0.0000000000
119171  45.085  13.852  6.425 0.0000000000
118149  44.862  12.447  4.809 0.0000000000
119187  45.130  13.270  4.939 0.0000000000
118148  45.280  12.581  4.261 0.0000000000
118157  45.728  12.594  3.624 0.0000000000
117104  46.337  11.623  3.610 0.0000000000
115975  45.801  9.971  5.284 0.0000000000
116003  48.176  10.712  3.992 0.0000000000
119061  38.583  13.336  20.310 0.0000000000
119062  37.536  13.163  20.212 0.0000000000
118044  38.163  12.597  19.606 0.0000000000
118045  37.371  12.141  19.659 0.0000000000
118049  37.471  12.010  18.653 0.0000000000
116959  37.049  11.667  18.966 0.0000000000
125745  47.611  19.311  15.445 0.0000000000
124761  48.230  18.512  15.834 0.0000000000
124744  47.569  18.380  16.473 0.0000000000
160266  47.340  18.251  16.977 0.0000000000
124762  47.158  19.061  16.329 0.0000000000
160261  46.801  19.327  16.454 0.0000000000
125746  46.640  19.362  15.727 0.0000000000
126788  45.924  20.374  12.906 0.0000000000
126789  44.842  20.369  13.099 0.0000000000
125818  44.548  19.427  11.095 0.0000000000
124841  44.495  18.514  9.594 0.0000000000
123793  43.943  18.083  9.475 0.0000000000
123815  43.717  17.273  8.369 0.0000000000
124851  46.463  18.415  8.635 0.0000000000
124839  46.111  18.761  9.501 0.0000000000
123825  44.519  17.185  6.730 0.0000000000
123838  43.264  16.759  5.973 0.0000000000
123826  43.660  16.922  7.329 0.0000000000
123839  42.194  16.752  5.610 0.0000000000
123840  41.375  16.988  5.267 0.0000000000
124910  41.481  17.821  3.400 0.0000000000
121405  50.178  15.194  20.651 0.0000000000
121444  50.504  15.180  17.449 0.0000000000
120227  51.016  14.986  17.827 0.0000000000
121443  51.574  15.317  17.652 0.0000000000
121431  51.865  15.215  18.255 0.0000000000
121457  51.814  15.761  16.865 0.0000000000
123761  48.902  17.144  12.943 0.0000000000
122640  49.539  16.613  14.791 0.0000000000
123746  49.709  17.163  13.906 0.0000000000
124804  51.393  18.286  12.922 0.0000000000
123745  50.916  17.893  13.583 0.0000000000
123729  52.007  17.457  14.312 0.0000000000
123743  52.503  18.076  13.612 0.0000000000
123728  52.987  17.931  14.165 0.0000000000
124792  52.900  18.392  13.353 0.0000000000
124822  53.134  18.813  10.189 0.0000000000
124821  53.296  19.186  9.986 0.0000000000
124834  53.432  19.149  8.954 0.0000000000
121577  47.604  15.810  5.774 0.0000000000
121589  47.757  15.719  4.715 0.0000000000
122753  48.659  16.488  5.678 0.0000000000
122752  49.697  16.903  5.997 0.0000000000
122736  49.579  17.224  6.451 0.0000000000
123890  50.436  18.166  1.744 0.0000000000
124915  51.061  18.390  2.116 0.0000000000
123849  51.402  17.898  4.954 0.0000000000
123819  51.194  17.665  6.093 0.0000000000
123831  51.280  17.721  5.327 0.0000000000
123808  51.742  18.049  6.689 0.0000000000
123818  51.464  18.037  5.819 0.0000000000
124882  50.055  18.556  5.337 0.0000000000
124872  51.638  18.603  6.612 0.0000000000
125871  51.299  18.922  6.721 0.0000000000
125869  52.250  19.307  7.248 0.0000000000
125862  50.801  18.985  7.228 0.0000000000
124861  50.216  18.543  6.835 0.0000000000
123868  47.065  18.018  3.819 0.0000000000
123852  47.715  17.941  4.308 0.0000000000
123869  46.575  18.044  3.786 0.0000000000
123853  46.613  17.807  4.279 0.0000000000
124894  46.176  18.100  3.754 0.0000000000
124959  45.047  18.971  -0.539 0.0000000000
125900  45.641  19.484  0.609 0.0000000000
125910  44.829  19.110  0.080 0.0000000000
123895  43.079  17.961  1.608 0.0000000000
124949  43.803  18.492  1.052 0.0000000000
124937  43.353  18.662  1.771 0.0000000000
123896  42.778  18.276  1.967 0.0000000000
123885  42.175  17.960  2.257 0.0000000000
119200  42.278  14.003  3.534 0.0000000000
120365  41.731  14.575  3.768 0.0000000000
116012  44.227  10.557  2.199 0.0000000000
123784  41.749  17.727  10.918 0.0000000000
123783  42.431  17.981  10.657 0.0000000000
123782  42.954  18.155  10.474 0.0000000000
121437  42.790  15.328  19.007 0.0000000000
121438  42.145  15.128  18.719 0.0000000000
121452  41.985  15.387  18.066 0.0000000000
120244  41.872  14.811  16.315 0.0000000000
125781  52.112  19.674  13.272 0.0000000000
125812  51.024  19.672  11.279 0.0000000000
125813  50.042  19.674  11.153 0.0000000000
125828  49.853  19.453  10.235 0.0000000000
125843  49.679  19.230  9.195 0.0000000000
125854  49.594  18.885  8.058 0.0000000000
122692  46.701  16.691  10.517 0.0000000000
122704  47.221  16.638  9.436 0.0000000000
121649  48.648  15.648  -1.471 0.0000000000
122836  47.225  16.221  -1.165 0.0000000000
122823  47.455  17.032  -0.807 0.0000000000
122813  46.693  16.989  -0.273 0.0000000000
122824  46.636  16.111  -0.801 0.0000000000
120390  45.648  14.220  -0.329 0.0000000000
118192  45.204  12.747  -0.082 0.0000000000
118204  44.811  12.187  -0.256 0.0000000000
116047  44.761  10.456  -0.720 0.0000000000
118057  38.090  12.501  16.720 0.0000000000
118068  38.307  12.074  15.910 0.0000000000
124730  53.561  17.664  17.065 0.0000000000
124738  53.830  17.568  16.785 0.0000000000
124777  54.219  18.596  14.290 0.0000000000
119196  45.960  13.377  3.341 0.0000000000
119205  46.693  13.498  2.480 0.0000000000
119213  47.530  13.547  1.376 0.0000000000
119226  48.674  14.002  0.255 0.0000000000
119236  51.979  13.658  -0.259 0.0000000000
118210  53.001  13.274  -1.134 0.0000000000
119248  52.493  13.946  -1.343 0.0000000000
119249  51.677  14.036  -1.551 0.0000000000
119250  50.687  13.958  -1.573 0.0000000000
121421  47.063  14.999  18.881 0.0000000000
120241  45.233  13.877  16.224 0.0000000000
119102  45.729  12.758  15.403 0.0000000000
119110  46.427  12.883  14.635 0.0000000000
120261  46.003  13.780  13.876 0.0000000000
121502  44.799  14.998  11.969 0.0000000000
115858  41.609  10.856  14.223 0.0000000000
116996  41.903  11.279  14.460 0.0000000000
115870  42.177  10.958  14.111 0.0000000000
117016  42.124  11.578  12.858 0.0000000000
117057  42.601  11.368  8.663 0.0000000000
118115  42.826  12.314  8.675 0.0000000000
119153  42.615  12.794  8.992 0.0000000000
119142  42.897  13.656  9.275 0.0000000000
120302  43.271  14.189  9.364 0.0000000000
119152  43.164  13.297  8.618 0.0000000000
119161  43.878  13.458  7.597 0.0000000000
119172  44.618  13.419  6.570 0.0000000000
118144  44.552  12.376  5.386 0.0000000000
117090  44.658  11.850  4.948 0.0000000000
115974  46.785  9.707  5.278 0.0000000000
114886  48.557  9.902  5.213 0.0000000000
125765  49.252  19.829  14.637 0.0000000000
126768  48.471  20.347  14.069 0.0000000000
125766  48.044  19.738  14.678 0.0000000000
126778  46.670  20.372  13.622 0.0000000000
125832  45.388  19.270  10.252 0.0000000000
124840  45.299  18.722  9.593 0.0000000000
123812  46.120  17.881  7.210 0.0000000000
123824  45.406  17.367  6.585 0.0000000000
123837  44.375  17.222  5.715 0.0000000000
124924  41.463  18.075  3.146 0.0000000000
120218  49.794  14.509  18.484 0.0000000000
120229  49.872  14.576  17.946 0.0000000000
121445  49.784  14.903  17.557 0.0000000000
121458  50.624  15.701  16.627 0.0000000000
123769  49.807  17.657  11.664 0.0000000000
123760  49.750  17.643  12.751 0.0000000000
124814  51.392  18.251  11.998 0.0000000000
124813  52.250  18.558  11.648 0.0000000000
124823  52.172  18.505  10.456 0.0000000000
124836  52.519  18.474  9.323 0.0000000000
122780  48.057  15.947  3.058 0.0000000000
122770  48.110  16.211  3.975 0.0000000000
122779  48.901  16.546  3.567 0.0000000000
122789  49.610  17.166  3.182 0.0000000000
125904  50.400  19.073  1.068 0.0000000000
125894  51.368  19.069  2.359 0.0000000000
125889  50.670  19.319  2.212 0.0000000000
124902  50.696  18.835  3.203 0.0000000000
124891  50.336  18.296  4.358 0.0000000000
124880  51.385  18.191  5.409 0.0000000000
124892  48.983  18.378  4.442 0.0000000000
124904  47.903  18.353  3.530 0.0000000000
122815  44.561  16.765  0.558 0.0000000000
122816  43.979  17.426  0.436 0.0000000000
122803  44.057  16.473  1.148 0.0000000000
122804  43.538  16.955  1.107 0.0000000000
122793  43.058  17.071  2.221 0.0000000000
121612  42.739  16.429  2.525 0.0000000000
121600  43.070  15.279  3.044 0.0000000000
120364  42.700  14.671  3.439 0.0000000000
121429  53.757  15.688  18.026 0.0000000000
122696  41.651  16.783  10.274 0.0000000000
121550  41.619  15.755  7.318 0.0000000000
121450  44.301  15.556  17.685 0.0000000000
121451  43.128  15.698  17.885 0.0000000000
120250  45.001  13.369  15.695 0.0000000000
119103  44.853  12.850  15.347 0.0000000000
118072  44.475  12.009  14.255 0.0000000000
115905  40.794  10.342  10.765 0.0000000000
115921  41.268  10.373  9.892 0.0000000000
115932  41.824  10.448  9.009 0.0000000000
115946  42.491  10.424  8.330 0.0000000000
117067  42.806  10.917  8.173 0.0000000000
115960  43.458  10.472  7.293 0.0000000000
124742  50.220  18.297  15.629 0.0000000000
124779  49.902  19.304  14.754 0.0000000000
126766  50.240  19.897  13.455 0.0000000000
126767  49.553  20.225  13.819 0.0000000000
125816  46.845  19.482  11.082 0.0000000000
125830  47.457  19.017  10.055 0.0000000000
124850  47.279  18.426  8.427 0.0000000000
125844  48.473  18.893  9.043 0.0000000000
124837  47.717  18.680  8.879 0.0000000000
124865  46.713  18.253  7.789 0.0000000000
123823  46.303  17.508  6.307 0.0000000000
123854  45.537  17.687  4.418 0.0000000000
122642  47.996  15.374  14.670 0.0000000000
122641  48.601  15.780  14.981 0.0000000000
123748  48.305  16.506  13.768 0.0000000000
123781  48.251  17.265  11.187 0.0000000000
123791  49.236  17.402  10.096 0.0000000000
123800  49.747  17.411  8.500 0.0000000000
122809  50.110  17.140  0.125 0.0000000000
123902  50.040  17.248  0.502 0.0000000000
124943  50.284  18.656  -0.040 0.0000000000
124966  49.726  17.865  -1.217 0.0000000000
124967  49.432  18.066  -1.137 0.0000000000
124944  49.663  19.038  -0.214 0.0000000000
125905  49.739  19.293  0.430 0.0000000000
125906  48.636  19.412  0.252 0.0000000000
125898  48.037  19.436  0.857 0.0000000000
125899  46.791  19.563  0.722 0.0000000000
125907  47.320  19.467  -0.014 0.0000000000
124958  45.801  18.998  -0.444 0.0000000000
123917  45.238  18.379  -0.457 0.0000000000
123893  46.130  17.232  -0.046 0.0000000000
123905  45.468  17.468  -0.117 0.0000000000
120380  44.443  14.651  1.401 0.0000000000
118171  44.385  12.845  2.145 0.0000000000
117120  44.521  11.030  2.032 0.0000000000
116023  44.487  10.515  1.518 0.0000000000
114916  44.280  9.787  1.761 0.0000000000
120225  40.071  13.965  18.737 0.0000000000
119086  40.110  14.369  17.890 0.0000000000
119095  40.251  14.044  17.221 0.0000000000
118066  40.156  12.309  15.395 0.0000000000
118076  40.820  11.996  14.681 0.0000000000
116997  40.974  11.233  14.431 0.0000000000
115872  40.987  9.975  13.476 0.0000000000
115893  41.028  10.067  12.200 0.0000000000
125741  52.841  19.283  14.949 0.0000000000
124739  53.409  18.140  16.580 0.0000000000
124757  53.179  18.685  15.659 0.0000000000
125780  53.194  19.613  13.404 0.0000000000
125810  52.992  20.051  11.473 0.0000000000
125825  52.720  20.113  10.731 0.0000000000
121549  45.855  15.144  7.018 0.0000000000
121563  46.547  15.261  6.353 0.0000000000
121599  46.996  15.426  3.060 0.0000000000
122800  48.223  16.118  1.322 0.0000000000
122811  49.054  16.442  0.529 0.0000000000
119237  50.925  13.949  -0.313 0.0000000000
119238  49.819  14.333  -0.346 0.0000000000
119239  49.106  14.785  -0.134 0.0000000000
120401  49.838  15.261  -0.411 0.0000000000
121634  49.517  16.145  -0.243 0.0000000000
122821  49.871  16.554  -0.208 0.0000000000
122844  51.057  16.294  -2.254 0.0000000000
121648  49.890  15.710  -1.772 0.0000000000
120416  50.276  14.881  -1.826 0.0000000000
120419  47.291  14.053  -1.372 0.0000000000
119254  46.431  12.824  -1.645 0.0000000000
118217  45.865  12.277  -1.835 0.0000000000
118224  46.082  11.705  -2.191 0.0000000000
120219  48.774  14.383  18.384 0.0000000000
120230  48.941  14.441  17.631 0.0000000000
120238  48.592  14.025  16.659 0.0000000000
121423  45.776  15.244  19.190 0.0000000000
121422  46.631  15.142  19.009 0.0000000000
121447  46.873  14.618  17.802 0.0000000000
120240  46.406  13.995  16.726 0.0000000000
120239  46.950  13.795  16.880 0.0000000000
120232  47.118  14.299  17.379 0.0000000000
119091  47.710  13.585  16.666 0.0000000000
120247  48.052  13.817  15.939 0.0000000000
121475  48.249  15.098  14.969 0.0000000000
121476  47.425  14.789  14.811 0.0000000000
122668  46.465  15.830  13.076 0.0000000000
121493  45.996  15.336  13.204 0.0000000000
122717  45.421  15.783  8.607 0.0000000000
120245  40.942  14.545  16.635 0.0000000000
120254  41.456  14.080  15.903 0.0000000000
120253  42.373  13.969  15.745 0.0000000000
118064  42.358  12.211  14.863 0.0000000000
119105  42.861  13.083  15.240 0.0000000000
118073  43.824  11.905  14.559 0.0000000000
118079  44.638  12.173  13.798 0.0000000000
117038  40.758  11.236  11.215 0.0000000000
118087  41.495  12.078  11.910 0.0000000000
118086  42.088  12.488  11.997 0.0000000000
118095  42.085  12.479  10.120 0.0000000000
119127  41.911  12.693  11.579 0.0000000000
119121  42.865  12.877  12.982 0.0000000000
119120  43.585  13.409  13.109 0.0000000000
119119  44.305  13.448  13.298 0.0000000000
120271  44.251  14.216  12.663 0.0000000000
120280  44.039  14.736  11.365 0.0000000000
120301  43.987  14.916  9.826 0.0000000000
121524  44.553  15.463  9.454 0.0000000000
121536  44.996  15.438  8.629 0.0000000000
121535  45.613  15.507  7.983 0.0000000000
121564  46.007  14.878  6.537 0.0000000000
119181  45.127  13.672  5.928 0.0000000000
120362  45.797  13.751  3.775 0.0000000000
118170  46.927  12.614  2.551 0.0000000000
117118  47.201  11.953  2.826 0.0000000000
115976  44.815  10.494  5.716 0.0000000000
115992  44.832  11.222  4.999 0.0000000000
117088  45.818  11.093  4.253 0.0000000000
115990  46.391  10.511  4.497 0.0000000000
117117  48.158  11.730  2.651 0.0000000000
119080  39.919  13.538  19.335 0.0000000000
119081  38.833  13.163  18.727 0.0000000000
118052  37.975  12.711  18.102 0.0000000000
118046  36.623  11.792  19.815 0.0000000000
116960  36.430  11.588  19.323 0.0000000000
116964  36.498  11.661  18.394 0.0000000000
125747  45.649  19.748  16.350 0.0000000000
126771  45.853  20.022  14.626 0.0000000000
125769  45.263  19.870  15.018 0.0000000000
125819  43.376  19.394  11.284 0.0000000000
124816  43.377  19.172  10.836 0.0000000000
123794  43.324  17.896  9.872 0.0000000000
124828  44.235  18.949  10.312 0.0000000000
124842  43.842  18.521  9.887 0.0000000000
122707  43.216  17.373  9.417 0.0000000000
122718  43.237  16.919  8.974 0.0000000000
122727  43.062  16.582  8.062 0.0000000000
122742  41.923  15.926  6.751 0.0000000000
124826  46.228  18.988  9.955 0.0000000000
123802  44.968  17.877  8.480 0.0000000000
123813  45.341  17.679  7.698 0.0000000000
122758  41.631  16.459  5.970 0.0000000000
123841  40.376  17.196  5.078 0.0000000000
123858  41.054  17.381  4.488 0.0000000000
120203  50.702  14.660  19.268 0.0000000000
120201  52.152  14.990  18.876 0.0000000000
121442  52.724  15.731  17.540 0.0000000000
121441  53.694  16.076  17.195 0.0000000000
122630  49.578  15.973  15.528 0.0000000000
121468  50.174  15.771  15.875 0.0000000000
122629  50.744  16.370  15.625 0.0000000000
123730  50.849  17.191  14.739 0.0000000000
123714  51.378  16.890  15.349 0.0000000000
122628  51.921  16.778  15.837 0.0000000000
122627  52.922  16.865  15.725 0.0000000000
122616  53.717  16.595  16.502 0.0000000000
123711  53.834  17.888  15.196 0.0000000000
123727  53.688  18.238  14.380 0.0000000000
124802  53.084  18.655  12.416 0.0000000000
124801  53.956  18.761  12.253 0.0000000000
124800  54.280  19.118  12.246 0.0000000000
124810  54.206  19.370  11.817 0.0000000000
126798  53.297  19.978  10.466 0.0000000000
125840  52.729  19.815  9.874 0.0000000000
121547  47.119  16.022  7.313 0.0000000000
122725  47.652  16.399  7.440 0.0000000000
121588  48.207  16.041  5.274 0.0000000000
122724  48.554  16.865  7.909 0.0000000000
123811  49.256  17.314  7.605 0.0000000000
123821  49.525  17.569  6.851 0.0000000000
123810  50.165  17.587  7.380 0.0000000000
123891  49.883  17.375  1.136 0.0000000000
123882  49.837  17.716  2.329 0.0000000000
122778  49.710  17.159  4.106 0.0000000000
123867  50.518  17.835  3.424 0.0000000000
123832  50.575  17.368  5.577 0.0000000000
123799  50.929  17.803  8.003 0.0000000000
123798  51.808  18.187  7.600 0.0000000000
124846  53.060  18.905  8.154 0.0000000000
124858  52.815  19.268  7.910 0.0000000000
125860  52.393  19.370  7.934 0.0000000000
125852  51.639  19.485  8.592 0.0000000000
125863  50.058  18.585  7.364 0.0000000000
124875  48.722  18.413  6.438 0.0000000000
124883  48.989  18.415  5.516 0.0000000000
124884  48.042  18.235  5.780 0.0000000000
124935  46.210  19.086  1.445 0.0000000000
124920  45.670  18.552  2.305 0.0000000000
124948  44.487  18.694  0.340 0.0000000000
124907  43.923  18.084  3.120 0.0000000000
124908  42.798  18.346  3.302 0.0000000000
124923  42.041  18.483  2.749 0.0000000000
122794  42.106  16.961  2.574 0.0000000000
122782  41.748  16.316  3.077 0.0000000000
117150  45.443  11.454  -1.492 0.0000000000
116046  45.174  10.762  -1.327 0.0000000000
114906  43.939  9.943  2.331 0.0000000000
115857  42.125  11.096  14.319 0.0000000000
115880  41.421  10.608  13.264 0.0000000000
115882  41.170  10.297  12.391 0.0000000000
115894  41.132  10.252  12.155 0.0000000000
115920  41.753  10.869  9.633 0.0000000000
115945  42.941  10.418  7.841 0.0000000000
116993  44.171  11.738  13.919 0.0000000000
117006  44.147  11.899  13.741 0.0000000000
117018  41.198  10.665  12.396 0.0000000000
117019  41.181  10.474  12.242 0.0000000000
117025  41.240  11.478  12.105 0.0000000000
117027  41.102  10.537  12.039 0.0000000000
117056  42.908  11.871  8.306 0.0000000000
117105  45.653  12.109  3.969 0.0000000000
118061  45.156  12.487  14.774 0.0000000000
118063  43.377  12.193  14.981 0.0000000000
118070  45.942  12.747  14.526 0.0000000000
118074  42.157  11.648  14.594 0.0000000000
118084  41.905  11.753  12.529 0.0000000000
118088  41.039  11.554  11.724 0.0000000000
118097  40.989  11.842  11.394 0.0000000000
118156  46.342  12.636  3.057 0.0000000000
118183  44.187  12.306  2.122 0.0000000000
118202  50.154  12.146  -0.926 0.0000000000
118211  52.198  13.210  -1.330 0.0000000000
119075  38.158  12.767  19.903 0.0000000000
119077  48.191  14.399  18.002 0.0000000000
119084  47.795  13.881  17.328 0.0000000000
119097  38.723  13.109  16.848 0.0000000000
119099  48.077  13.657  16.444 0.0000000000
119111  45.919  12.873  14.309 0.0000000000
119115  44.872  13.017  13.546 0.0000000000
119116  44.107  12.832  13.637 0.0000000000
119117  43.490  12.664  13.440 0.0000000000
119188  44.758  12.807  5.197 0.0000000000
119206  44.614  13.141  1.924 0.0000000000
119235  52.829  13.463  -0.229 0.0000000000
119240  46.801  13.690  -1.244 0.0000000000
119247  52.935  13.684  -0.909 0.0000000000
120208  45.605  14.787  19.901 0.0000000000
120217  50.643  14.653  18.500 0.0000000000
120221  47.119  14.569  17.960 0.0000000000
120222  42.238  14.950  19.040 0.0000000000
120223  41.615  14.826  18.835 0.0000000000
120231  47.657  14.312  17.636 0.0000000000
120233  46.658  14.505  17.047 0.0000000000
120236  40.190  14.293  18.358 0.0000000000
120243  42.935  14.712  16.206 0.0000000000
120249  47.001  12.997  14.853 0.0000000000
120303  42.814  13.776  9.647 0.0000000000
120329  46.092  14.766  6.293 0.0000000000
120331  45.009  13.935  6.675 0.0000000000
120371  47.177  14.996  1.903 0.0000000000
120373  44.277  15.141  1.817 0.0000000000
120389  47.949  15.040  0.877 0.0000000000
120402  49.041  15.501  -0.062 0.0000000000
120403  47.335  14.535  -1.287 0.0000000000
120415  51.248  15.030  -1.979 0.0000000000
120429  51.296  15.755  -2.082 0.0000000000
121428  54.253  16.221  17.576 0.0000000000
121430  52.614  15.348  18.421 0.0000000000
121433  46.856  14.806  18.343 0.0000000000
121449  45.442  15.408  17.481 0.0000000000
121453  41.390  15.136  17.804 0.0000000000
121455  53.247  16.314  16.757 0.0000000000
121461  46.407  14.666  16.859 0.0000000000
121484  46.408  14.800  13.882 0.0000000000
121485  45.739  14.384  13.523 0.0000000000
121495  44.841  14.692  12.606 0.0000000000
121562  47.275  15.849  6.802 0.0000000000
121576  48.106  16.140  5.606 0.0000000000
121608  47.437  15.434  1.774 0.0000000000
121610  44.066  15.373  1.963 0.0000000000
121616  48.322  16.134  0.984 0.0000000000
121624  49.203  16.345  0.243 0.0000000000
121626  48.255  15.393  0.738 0.0000000000
121635  49.040  15.865  0.021 0.0000000000
121636  47.300  14.821  -1.214 0.0000000000
121637  46.889  15.200  -0.913 0.0000000000
121638  46.097  15.354  -0.511 0.0000000000
121660  51.214  16.039  -2.086 0.0000000000
122605  47.363  17.787  17.315 0.0000000000
122607  54.454  16.617  17.019 0.0000000000
122608  54.055  16.333  16.948 0.0000000000
122617  52.743  16.489  16.354 0.0000000000
122618  51.834  16.326  16.402 0.0000000000
122625  54.202  17.400  15.811 0.0000000000
122626  53.766  17.175  15.743 0.0000000000
122639  50.289  16.766  14.920 0.0000000000
122652  49.183  16.704  14.108 0.0000000000
122669  45.878  15.501  12.814 0.0000000000
122701  49.298  17.323  9.610 0.0000000000
122712  49.308  17.216  9.211 0.0000000000
122720  41.796  16.064  8.714 0.0000000000
122739  45.179  17.073  6.143 0.0000000000
122740  44.932  17.115  6.334 0.0000000000
122754  48.041  16.222  5.832 0.0000000000
122755  44.905  16.970  5.995 0.0000000000
122781  47.482  15.724  2.506 0.0000000000
122792  47.490  15.645  2.132 0.0000000000
122798  49.422  16.977  0.952 0.0000000000
122801  46.356  17.158  -0.107 0.0000000000
122802  46.247  16.971  0.063 0.0000000000
122819  51.237  15.994  -0.771 0.0000000000
122832  51.160  16.192  -1.493 0.0000000000
122837  46.883  16.069  -1.136 0.0000000000
122843  51.208  16.159  -1.875 0.0000000000
123689  54.581  17.045  17.368 0.0000000000
123690  54.203  17.290  17.524 0.0000000000
123699  54.413  17.312  17.082 0.0000000000
123700  53.287  17.785  17.082 0.0000000000
123744  52.040  17.793  13.624 0.0000000000
123747  48.840  16.720  13.645 0.0000000000
123780  49.088  17.467  10.954 0.0000000000
123830  51.500  17.980  5.212 0.0000000000
123833  48.293  18.029  4.938 0.0000000000
123851  48.321  18.122  4.461 0.0000000000
123865  51.735  18.646  3.121 0.0000000000
123866  51.435  18.437  3.130 0.0000000000
123880  51.679  18.491  2.940 0.0000000000
123886  41.443  17.815  2.862 0.0000000000
123892  49.349  17.040  1.229 0.0000000000
123894  45.999  17.119  0.129 0.0000000000
123903  46.797  17.458  -0.593 0.0000000000
123904  46.295  17.447  -0.306 0.0000000000
123914  48.151  17.802  -1.203 0.0000000000
123918  44.862  18.533  -0.374 0.0000000000
123926  49.050  17.472  -1.130 0.0000000000
123927  48.357  17.304  -1.130 0.0000000000
124729  53.807  17.491  17.277 0.0000000000
124737  54.351  17.399  16.772 0.0000000000
124743  47.982  18.008  16.295 0.0000000000
124755  54.321  17.557  16.388 0.0000000000
124759  50.773  18.978  15.145 0.0000000000
124763  46.777  19.233  16.090 0.0000000000
124776  54.426  18.950  13.906 0.0000000000
124778  53.616  18.335  13.882 0.0000000000
124790  54.278  18.921  13.276 0.0000000000
124794  51.570  18.105  13.386 0.0000000000
124803  52.156  18.477  12.626 0.0000000000
124827  44.829  18.991  10.000 0.0000000000
124829  43.380  18.745  10.545 0.0000000000
124838  47.042  18.682  9.274 0.0000000000
124845  53.061  19.204  8.225 0.0000000000
124847  52.589  18.531  8.294 0.0000000000
124848  48.856  18.650  7.819 0.0000000000
124853  44.940  18.305  9.031 0.0000000000
124859  52.715  19.146  7.368 0.0000000000
124862  49.399  18.409  7.175 0.0000000000
124876  47.764  18.372  6.659 0.0000000000
124889  51.432  18.143  5.035 0.0000000000
124890  51.288  18.189  4.847 0.0000000000
124895  45.910  17.968  3.953 0.0000000000
124900  51.799  18.820  3.004 0.0000000000
124914  51.417  18.704  2.480 0.0000000000
124916  50.360  19.239  2.416 0.0000000000
124929  51.240  18.954  2.044 0.0000000000
124931  50.254  19.499  2.018 0.0000000000
124938  42.655  18.397  2.246 0.0000000000
124945  46.382  19.336  -0.212 0.0000000000
124946  45.990  19.412  -0.263 0.0000000000
124947  44.813  19.009  -0.162 0.0000000000
124960  44.720  18.664  -0.211 0.0000000000
125743  49.155  19.378  15.007 0.0000000000
125761  54.325  19.139  14.177 0.0000000000
125778  54.302  19.155  13.555 0.0000000000
125783  50.431  19.724  12.657 0.0000000000
125794  53.076  19.707  12.428 0.0000000000
125796  51.110  19.705  12.107 0.0000000000
125798  49.352  19.655  11.884 0.0000000000
125808  54.210  19.425  12.206 0.0000000000
125824  53.513  19.619  10.688 0.0000000000
125834  43.109  19.203  10.836 0.0000000000
125835  42.923  19.039  10.760 0.0000000000
125839  53.174  19.560  9.889 0.0000000000
125846  45.937  19.090  9.980 0.0000000000
125851  52.446  19.546  8.852 0.0000000000
125859  52.816  19.368  8.325 0.0000000000
125870  51.746  19.149  6.971 0.0000000000
125881  51.739  19.098  3.073 0.0000000000
125882  51.399  19.182  3.039 0.0000000000
125883  50.934  19.281  2.782 0.0000000000
125887  51.610  19.078  2.810 0.0000000000
125888  51.213  19.226  2.561 0.0000000000
125895  50.918  19.171  1.887 0.0000000000
125897  49.207  19.440  1.088 0.0000000000
125901  44.944  19.198  0.419 0.0000000000
125909  45.281  19.320  -0.082 0.0000000000
125914  49.125  19.188  -0.193 0.0000000000
125917  45.718  19.350  -0.246 0.0000000000
125918  45.437  19.173  -0.360 0.0000000000
126793  53.491  19.969  10.944 0.0000000000
126794  53.413  20.026  11.173 0.0000000000
126799  53.219  20.173  10.847 0.0000000000
126803  53.130  19.980  10.133 0.0000000000
126804  53.077  20.129  10.384 0.0000000000
160264  46.936  19.216  16.282 0.0000000000
160265  47.010  19.262  16.581 0.0000000000
160267  47.078  19.219  16.626 0.0000000000
160270  47.012  19.301  16.916 0.0000000000
160271  47.191  19.109  16.760 0.0000000000
160272  47.290  18.861  16.867 0.0000000000
160273  46.644  19.354  16.262 0.0000000000
