#!ascii label  , from subject 4030 vox2ras=TkReg
1626
28866  10.734  -56.756  38.809 0.0000000000
75827  43.592  -23.523  20.350 0.0000000000
45788  27.333  -45.419  32.320 0.0000000000
48589  36.629  -42.466  35.911 0.0000000000
45797  20.268  -46.417  31.544 0.0000000000
38052  17.106  -51.299  40.321 0.0000000000
87939  54.055  -13.258  16.932 0.0000000000
81850  50.494  -18.575  24.287 0.0000000000
61183  37.317  -33.222  29.796 0.0000000000
97963  55.348  -4.003  9.761 0.0000000000
42643  25.458  -47.198  38.692 0.0000000000
31961  14.251  -53.824  40.643 0.0000000000
83139  52.990  -16.925  21.315 0.0000000000
83179  47.858  -17.316  19.320 0.0000000000
71642  42.764  -25.629  27.057 0.0000000000
74425  45.949  -24.272  28.426 0.0000000000
68957  39.610  -28.121  24.655 0.0000000000
52981  33.368  -40.254  29.729 0.0000000000
45756  32.786  -45.152  33.746 0.0000000000
42647  21.323  -47.114  38.279 0.0000000000
41106  19.740  -49.323  44.237 0.0000000000
39713  17.756  -49.236  37.078 0.0000000000
35121  16.656  -52.112  34.933 0.0000000000
45792  22.997  -45.233  32.199 0.0000000000
87920  59.196  -12.748  18.172 0.0000000000
84293  58.120  -16.643  23.258 0.0000000000
79527  46.358  -20.356  22.375 0.0000000000
66212  39.197  -31.177  31.495 0.0000000000
55708  37.593  -38.263  32.517 0.0000000000
91660  55.841  -9.593  13.259 0.0000000000
95475  60.016  -6.555  14.481 0.0000000000
100330  60.947  -3.315  10.929 0.0000000000
42577  25.328  -48.119  41.247 0.0000000000
27226  13.137  -56.691  39.638 0.0000000000
30384  13.540  -55.472  43.786 0.0000000000
27196  11.809  -56.819  43.286 0.0000000000
84379  48.989  -16.232  16.916 0.0000000000
68887  43.108  -27.871  29.479 0.0000000000
71575  44.495  -26.316  29.879 0.0000000000
30407  6.277  -55.538  41.494 0.0000000000
70342  39.148  -26.840  21.822 0.0000000000
47261  28.609  -44.902  29.722 0.0000000000
47258  31.450  -43.690  30.536 0.0000000000
45758  30.687  -45.689  32.984 0.0000000000
44208  20.613  -46.779  34.748 0.0000000000
41213  19.728  -47.942  37.318 0.0000000000
42692  19.329  -47.670  34.075 0.0000000000
45795  21.364  -45.670  31.777 0.0000000000
44206  22.169  -46.527  35.221 0.0000000000
38040  17.957  -50.055  43.152 0.0000000000
86760  56.853  -13.756  17.182 0.0000000000
85536  58.344  -14.369  20.883 0.0000000000
85558  56.422  -14.787  19.571 0.0000000000
83108  51.448  -17.178  23.359 0.0000000000
83071  54.689  -17.736  24.235 0.0000000000
78366  43.373  -20.878  19.817 0.0000000000
80745  45.065  -19.309  19.937 0.0000000000
77132  45.127  -21.831  21.704 0.0000000000
66286  35.888  -30.114  28.279 0.0000000000
67540  37.242  -30.190  28.413 0.0000000000
65046  38.040  -32.090  30.976 0.0000000000
51478  34.930  -41.460  33.928 0.0000000000
54365  35.096  -39.531  32.014 0.0000000000
54325  36.397  -39.871  35.372 0.0000000000
89167  52.449  -11.671  14.565 0.0000000000
90429  53.576  -10.176  13.552 0.0000000000
89164  55.470  -11.910  15.030 0.0000000000
89162  57.585  -11.498  15.390 0.0000000000
100361  59.511  -2.866  8.663 0.0000000000
99134  59.079  -4.167  10.166 0.0000000000
97929  60.655  -4.299  12.690 0.0000000000
96745  58.039  -5.496  11.574 0.0000000000
44201  26.402  -45.898  35.613 0.0000000000
44175  28.787  -47.070  36.052 0.0000000000
42640  28.289  -46.940  38.739 0.0000000000
35041  15.291  -52.515  40.592 0.0000000000
30401  17.488  -54.197  41.865 0.0000000000
31926  15.337  -53.632  42.589 0.0000000000
86765  51.317  -14.146  16.807 0.0000000000
84341  53.563  -15.656  18.815 0.0000000000
84359  51.563  -16.235  18.411 0.0000000000
83177  50.006  -17.093  19.731 0.0000000000
83126  49.004  -18.512  22.209 0.0000000000
73155  43.392  -25.415  23.107 0.0000000000
74488  45.186  -24.347  24.048 0.0000000000
73066  44.122  -24.856  26.986 0.0000000000
59850  36.331  -34.648  28.152 0.0000000000
51404  37.959  -41.326  37.239 0.0000000000
30437  8.353  -55.176  38.828 0.0000000000
28826  9.429  -56.297  42.608 0.0000000000
30395  7.411  -56.121  41.732 0.0000000000
73247  41.747  -25.152  20.236 0.0000000000
73158  41.438  -26.569  23.066 0.0000000000
70293  41.274  -27.443  24.853 0.0000000000
66305  41.892  -29.655  28.498 0.0000000000
52997  31.455  -40.975  28.105 0.0000000000
50031  33.251  -42.256  32.194 0.0000000000
47165  35.079  -44.369  34.631 0.0000000000
44173  31.177  -46.711  36.154 0.0000000000
44145  33.948  -46.600  36.922 0.0000000000
41166  23.140  -47.738  41.902 0.0000000000
41103  22.119  -48.266  44.882 0.0000000000
41169  20.616  -48.380  41.516 0.0000000000
39683  18.542  -48.832  40.236 0.0000000000
39686  17.484  -51.089  39.585 0.0000000000
39739  17.990  -49.057  33.659 0.0000000000
38108  16.581  -50.094  36.433 0.0000000000
36549  16.057  -51.715  38.697 0.0000000000
33561  15.504  -52.952  37.842 0.0000000000
28884  14.263  -55.615  37.051 0.0000000000
30475  11.896  -55.418  36.297 0.0000000000
47286  26.013  -44.652  28.798 0.0000000000
47288  23.985  -44.242  28.923 0.0000000000
45790  25.186  -45.877  31.875 0.0000000000
44203  24.443  -45.822  35.582 0.0000000000
42660  23.599  -46.741  37.728 0.0000000000
83134  59.259  -16.132  21.386 0.0000000000
83119  55.891  -16.500  21.918 0.0000000000
81938  45.369  -17.999  18.234 0.0000000000
81895  46.871  -18.981  20.600 0.0000000000
80677  47.791  -19.444  23.926 0.0000000000
75770  46.275  -23.094  25.463 0.0000000000
78291  47.446  -21.131  25.498 0.0000000000
67602  37.280  -29.252  25.272 0.0000000000
66307  39.972  -30.344  28.206 0.0000000000
65062  40.759  -30.919  31.928 0.0000000000
57133  36.423  -37.216  29.430 0.0000000000
58506  37.527  -35.534  31.158 0.0000000000
54323  38.096  -38.982  36.084 0.0000000000
58479  39.300  -36.361  34.805 0.0000000000
61154  38.323  -33.510  33.094 0.0000000000
63771  38.427  -32.129  34.394 0.0000000000
64996  40.325  -31.520  35.325 0.0000000000
95499  55.692  -6.222  11.336 0.0000000000
92941  57.759  -8.410  13.259 0.0000000000
91630  59.920  -9.513  15.984 0.0000000000
41130  25.936  -48.475  42.589 0.0000000000
27227  12.365  -57.168  39.626 0.0000000000
27212  12.722  -56.573  41.560 0.0000000000
27213  11.901  -56.983  41.413 0.0000000000
66248  43.655  -29.537  30.721 0.0000000000
68869  43.982  -27.832  30.504 0.0000000000
31966  5.113  -53.946  39.339 0.0000000000
47230  27.855  -45.320  30.567 0.0000000000
45809  29.130  -45.124  31.550 0.0000000000
45786  29.357  -45.105  32.370 0.0000000000
44239  20.490  -46.839  32.947 0.0000000000
42691  19.771  -47.364  34.428 0.0000000000
44240  19.965  -47.348  32.930 0.0000000000
47238  20.663  -44.566  30.898 0.0000000000
45796  20.712  -46.123  31.832 0.0000000000
44224  21.141  -46.754  33.962 0.0000000000
38042  17.917  -50.627  41.704 0.0000000000
34983  17.774  -51.582  42.555 0.0000000000
87938  55.117  -13.318  16.938 0.0000000000
86747  56.522  -14.147  18.308 0.0000000000
86748  55.459  -14.382  18.428 0.0000000000
83090  51.375  -17.670  24.001 0.0000000000
83074  52.215  -18.067  24.498 0.0000000000
77145  43.575  -21.789  20.048 0.0000000000
78357  44.131  -20.977  20.493 0.0000000000
75826  44.103  -23.073  21.045 0.0000000000
63848  35.667  -31.932  28.126 0.0000000000
63817  36.606  -31.642  29.462 0.0000000000
65079  36.869  -31.083  29.545 0.0000000000
62517  37.539  -32.456  30.531 0.0000000000
50003  35.491  -41.906  34.723 0.0000000000
52922  35.560  -40.569  34.919 0.0000000000
51438  35.738  -40.947  35.929 0.0000000000
87958  53.561  -12.769  16.238 0.0000000000
89166  53.586  -11.731  14.986 0.0000000000
87957  54.572  -12.793  16.265 0.0000000000
87971  56.304  -12.519  15.893 0.0000000000
99147  57.681  -3.761  9.174 0.0000000000
99136  57.207  -4.185  9.864 0.0000000000
97941  57.909  -4.944  11.007 0.0000000000
96757  56.651  -5.189  10.492 0.0000000000
44152  25.984  -46.281  37.245 0.0000000000
44151  27.040  -46.977  37.033 0.0000000000
44126  26.969  -47.340  37.962 0.0000000000
33513  14.628  -53.020  40.683 0.0000000000
33488  14.792  -53.131  41.976 0.0000000000
33502  13.747  -53.318  42.021 0.0000000000
28796  13.888  -55.763  44.939 0.0000000000
28808  15.093  -55.674  43.588 0.0000000000
86783  50.590  -14.021  16.104 0.0000000000
85599  51.062  -14.856  17.109 0.0000000000
84399  50.057  -15.274  16.585 0.0000000000
83199  48.581  -16.976  18.590 0.0000000000
83198  49.615  -16.948  18.772 0.0000000000
83178  48.903  -17.148  19.645 0.0000000000
83160  49.553  -17.948  20.414 0.0000000000
83161  48.263  -18.224  20.294 0.0000000000
73106  43.254  -26.007  24.645 0.0000000000
73105  43.948  -25.482  24.975 0.0000000000
73067  43.192  -24.909  26.633 0.0000000000
87961  50.945  -13.128  15.741 0.0000000000
30416  7.840  -55.384  40.254 0.0000000000
31946  7.455  -55.201  39.759 0.0000000000
73248  40.209  -25.192  20.243 0.0000000000
73223  41.272  -26.107  21.248 0.0000000000
71769  40.463  -26.327  21.309 0.0000000000
70310  39.212  -27.650  23.578 0.0000000000
70308  40.799  -26.861  24.175 0.0000000000
68956  40.521  -28.008  24.892 0.0000000000
70276  41.384  -28.001  27.058 0.0000000000
68929  41.129  -28.592  26.751 0.0000000000
51573  30.661  -41.870  27.854 0.0000000000
47200  32.225  -44.233  31.710 0.0000000000
48655  32.399  -43.084  31.218 0.0000000000
47199  32.864  -43.690  32.134 0.0000000000
48640  33.907  -43.375  33.230 0.0000000000
45755  33.707  -44.911  33.883 0.0000000000
44123  29.992  -47.541  37.869 0.0000000000
44174  30.036  -47.176  36.034 0.0000000000
44122  31.189  -47.377  37.882 0.0000000000
44098  33.412  -46.728  38.131 0.0000000000
44144  34.998  -45.937  36.847 0.0000000000
41190  21.998  -47.584  40.005 0.0000000000
41168  21.446  -48.081  41.701 0.0000000000
41191  21.204  -47.683  39.361 0.0000000000
41214  19.099  -48.479  37.140 0.0000000000
41193  19.395  -48.901  39.279 0.0000000000
39703  18.596  -49.334  38.466 0.0000000000
39684  17.892  -49.178  39.997 0.0000000000
39705  17.527  -50.297  37.866 0.0000000000
41255  18.298  -48.712  31.572 0.0000000000
36627  16.714  -51.449  34.161 0.0000000000
38135  17.332  -50.639  33.745 0.0000000000
36609  16.827  -51.084  35.134 0.0000000000
38109  16.108  -50.492  37.072 0.0000000000
36567  16.254  -51.435  37.558 0.0000000000
35090  15.690  -52.334  38.355 0.0000000000
33579  15.989  -53.160  36.272 0.0000000000
28896  12.668  -56.079  36.458 0.0000000000
48699  26.703  -43.995  28.138 0.0000000000
48700  25.558  -44.045  28.146 0.0000000000
47236  21.968  -44.824  30.523 0.0000000000
47204  23.195  -45.741  31.101 0.0000000000
47233  24.783  -45.561  30.166 0.0000000000
45791  23.903  -45.822  32.093 0.0000000000
45735  24.812  -45.655  33.930 0.0000000000
45736  23.857  -45.756  33.917 0.0000000000
42662  21.876  -46.808  37.318 0.0000000000
44156  22.636  -46.707  36.831 0.0000000000
42646  22.041  -46.876  38.298 0.0000000000
42624  22.984  -47.354  39.666 0.0000000000
41104  21.517  -48.722  44.571 0.0000000000
28799  9.226  -56.601  43.413 0.0000000000
27187  10.074  -56.776  43.557 0.0000000000
87890  60.308  -12.812  20.479 0.0000000000
85501  58.269  -15.468  22.015 0.0000000000
84310  59.505  -15.489  21.493 0.0000000000
83117  58.544  -16.767  22.523 0.0000000000
81878  57.823  -17.733  22.744 0.0000000000
84327  53.755  -16.526  19.822 0.0000000000
84315  54.652  -16.604  20.446 0.0000000000
83138  54.020  -17.257  20.814 0.0000000000
81825  55.087  -18.036  24.470 0.0000000000
79541  46.093  -19.900  21.638 0.0000000000
80731  46.168  -19.263  20.908 0.0000000000
80718  46.793  -19.749  22.001 0.0000000000
80716  47.799  -18.308  22.265 0.0000000000
80699  47.305  -19.626  22.972 0.0000000000
73081  45.465  -24.357  25.857 0.0000000000
75782  45.815  -23.461  24.740 0.0000000000
75757  46.437  -23.335  26.614 0.0000000000
68943  35.959  -28.697  25.542 0.0000000000
66254  38.421  -31.443  29.087 0.0000000000
67538  38.330  -30.364  28.525 0.0000000000
66253  39.102  -31.126  29.475 0.0000000000
66251  40.484  -30.228  30.124 0.0000000000
66211  39.823  -30.982  31.893 0.0000000000
54401  32.609  -39.663  28.589 0.0000000000
54390  33.622  -39.499  29.463 0.0000000000
54364  36.613  -39.045  31.829 0.0000000000
55727  35.774  -38.470  30.221 0.0000000000
55725  37.098  -37.604  31.210 0.0000000000
57124  37.063  -36.555  30.998 0.0000000000
57114  37.868  -36.612  32.064 0.0000000000
52895  38.058  -40.463  36.956 0.0000000000
58466  38.803  -35.179  35.573 0.0000000000
59781  38.831  -34.625  33.856 0.0000000000
61142  38.722  -33.783  34.126 0.0000000000
62501  37.887  -32.716  33.405 0.0000000000
62495  38.525  -32.993  34.920 0.0000000000
91661  54.630  -9.836  13.335 0.0000000000
92956  55.624  -8.510  12.192 0.0000000000
94212  57.190  -7.442  11.788 0.0000000000
91659  56.791  -9.340  13.222 0.0000000000
89135  58.876  -12.104  16.841 0.0000000000
90406  58.744  -10.603  15.386 0.0000000000
89134  59.517  -11.693  17.094 0.0000000000
90397  60.709  -10.098  17.231 0.0000000000
101610  60.439  -2.981  9.917 0.0000000000
96722  60.653  -5.457  14.351 0.0000000000
96714  61.468  -5.549  15.224 0.0000000000
94182  60.852  -7.338  16.455 0.0000000000
42599  25.598  -47.753  40.426 0.0000000000
42598  26.628  -47.732  40.305 0.0000000000
42576  26.265  -47.848  41.143 0.0000000000
30434  14.140  -55.200  39.760 0.0000000000
31945  13.232  -54.075  41.971 0.0000000000
28849  13.252  -55.721  41.604 0.0000000000
28823  12.863  -55.812  43.628 0.0000000000
27169  12.757  -56.541  44.762 0.0000000000
84380  47.889  -16.393  16.676 0.0000000000
83201  46.747  -17.464  17.936 0.0000000000
70262  43.386  -27.196  28.226 0.0000000000
71618  43.516  -26.581  27.946 0.0000000000
70230  43.573  -26.921  29.785 0.0000000000
70198  44.927  -27.421  31.788 0.0000000000
31937  6.429  -55.248  40.771 0.0000000000
31965  5.617  -54.387  39.567 0.0000000000
31940  5.744  -54.906  41.018 0.0000000000
71747  39.515  -26.648  21.156 0.0000000000
68980  38.590  -27.990  23.741 0.0000000000
48696  30.284  -42.969  28.660 0.0000000000
47260  29.666  -44.461  29.757 0.0000000000
47227  30.959  -44.440  31.226 0.0000000000
45757  31.789  -45.425  33.246 0.0000000000
42674  20.823  -46.945  36.220 0.0000000000
41201  20.661  -47.769  38.378 0.0000000000
42675  19.959  -47.277  36.255 0.0000000000
42676  19.530  -47.651  35.839 0.0000000000
41228  18.673  -47.944  35.207 0.0000000000
33605  15.611  -52.930  34.213 0.0000000000
33617  14.919  -52.587  33.459 0.0000000000
47237  21.423  -45.028  30.673 0.0000000000
45793  22.366  -45.376  32.150 0.0000000000
45737  23.106  -45.599  33.883 0.0000000000
45767  22.238  -45.833  32.961 0.0000000000
44207  21.281  -46.465  35.001 0.0000000000
39644  18.752  -49.411  43.648 0.0000000000
86759  57.866  -13.386  17.222 0.0000000000
86729  59.252  -13.288  19.209 0.0000000000
86730  58.179  -13.744  19.536 0.0000000000
85537  57.434  -14.440  20.536 0.0000000000
84312  57.189  -15.631  21.336 0.0000000000
83122  52.701  -17.076  22.299 0.0000000000
83106  53.426  -17.363  23.097 0.0000000000
83088  53.131  -17.535  23.912 0.0000000000
81827  53.380  -17.921  25.243 0.0000000000
81910  44.594  -18.937  18.956 0.0000000000
79553  44.338  -20.236  19.816 0.0000000000
79543  44.854  -20.465  20.535 0.0000000000
78341  45.791  -21.194  21.991 0.0000000000
74424  46.519  -23.507  28.144 0.0000000000
67560  35.769  -29.797  27.446 0.0000000000
67571  36.425  -29.492  26.811 0.0000000000
67541  36.649  -30.036  28.296 0.0000000000
66231  37.832  -31.537  29.614 0.0000000000
66214  38.310  -31.539  30.564 0.0000000000
52955  34.146  -40.559  31.845 0.0000000000
54378  34.626  -39.640  30.889 0.0000000000
52954  34.945  -40.345  32.495 0.0000000000
54344  35.921  -39.977  33.802 0.0000000000
54343  36.730  -39.459  33.964 0.0000000000
89177  52.050  -11.060  13.997 0.0000000000
91652  51.985  -9.781  13.535 0.0000000000
90412  53.301  -11.125  14.528 0.0000000000
90419  54.497  -10.809  14.228 0.0000000000
91640  55.444  -10.766  14.260 0.0000000000
91649  56.597  -9.977  13.725 0.0000000000
90409  55.935  -11.254  14.679 0.0000000000
89149  57.328  -12.165  16.021 0.0000000000
100363  57.286  -2.720  8.371 0.0000000000
99162  59.344  -3.361  9.285 0.0000000000
100332  60.142  -3.750  11.095 0.0000000000
99127  60.867  -3.505  11.693 0.0000000000
97939  59.636  -4.326  11.449 0.0000000000
96736  59.777  -4.973  12.594 0.0000000000
96730  58.802  -5.895  13.056 0.0000000000
45733  26.769  -46.069  33.810 0.0000000000
45701  28.457  -46.159  34.646 0.0000000000
44200  27.448  -45.839  35.606 0.0000000000
44150  28.247  -47.021  37.055 0.0000000000
44102  29.561  -47.204  38.701 0.0000000000
36484  16.062  -51.658  40.619 0.0000000000
35003  17.223  -52.273  41.343 0.0000000000
33486  16.260  -53.105  41.636 0.0000000000
31935  16.061  -54.008  41.708 0.0000000000
31918  14.774  -54.093  43.591 0.0000000000
28822  15.553  -55.495  42.621 0.0000000000
86764  52.362  -13.859  16.695 0.0000000000
85596  53.793  -14.645  17.659 0.0000000000
85597  52.877  -14.783  17.340 0.0000000000
84358  52.676  -15.491  18.081 0.0000000000
84343  52.008  -16.384  19.457 0.0000000000
84378  50.374  -15.855  17.333 0.0000000000
83197  50.680  -16.863  18.828 0.0000000000
83158  51.417  -16.982  20.664 0.0000000000
83141  51.069  -17.187  21.564 0.0000000000
83124  50.745  -17.386  22.534 0.0000000000
83110  50.089  -18.200  23.437 0.0000000000
73221  43.899  -25.181  21.009 0.0000000000
74528  44.380  -24.216  21.942 0.0000000000
73154  44.117  -24.836  23.240 0.0000000000
73104  44.752  -25.032  25.268 0.0000000000
74442  45.428  -24.597  27.866 0.0000000000
73028  44.401  -25.547  28.639 0.0000000000
73027  44.856  -24.935  28.964 0.0000000000
74415  45.614  -24.564  29.096 0.0000000000
61201  36.728  -33.704  28.963 0.0000000000
49967  37.089  -41.877  36.608 0.0000000000
89178  51.411  -11.203  14.168 0.0000000000
89168  51.236  -11.966  15.025 0.0000000000
87959  52.555  -12.972  16.100 0.0000000000
101612  54.575  -1.588  9.480 0.0000000000
100348  54.265  -2.319  9.488 0.0000000000
28868  9.106  -55.678  38.975 0.0000000000
28850  9.808  -56.690  40.998 0.0000000000
28851  8.909  -55.768  40.705 0.0000000000
28827  8.225  -56.251  42.397 0.0000000000
28800  8.197  -56.444  43.393 0.0000000000
30406  6.889  -55.390  41.218 0.0000000000
75847  42.455  -22.253  19.436 0.0000000000
75838  41.644  -23.302  19.533 0.0000000000
73246  43.024  -25.063  20.132 0.0000000000
73222  42.569  -25.642  21.141 0.0000000000
73156  42.681  -26.154  23.081 0.0000000000
71680  42.000  -26.287  24.703 0.0000000000
71730  40.219  -26.668  22.458 0.0000000000
71681  41.211  -26.533  24.278 0.0000000000
70292  41.922  -26.671  25.389 0.0000000000
70275  41.974  -27.454  27.369 0.0000000000
67537  42.671  -28.791  28.890 0.0000000000
66249  42.834  -29.806  30.173 0.0000000000
52982  32.490  -40.804  29.429 0.0000000000
50074  31.376  -42.522  29.294 0.0000000000
50060  32.516  -42.108  30.620 0.0000000000
51533  33.298  -41.456  31.078 0.0000000000
51496  33.796  -41.735  32.413 0.0000000000
48611  35.201  -42.536  34.442 0.0000000000
47139  36.173  -43.672  35.331 0.0000000000
44222  29.259  -46.277  34.570 0.0000000000
44221  30.276  -45.933  34.614 0.0000000000
44219  32.390  -45.865  34.493 0.0000000000
44121  32.393  -47.267  37.932 0.0000000000
44146  32.859  -46.705  37.017 0.0000000000
45700  33.814  -45.614  35.165 0.0000000000
45684  34.314  -45.708  35.646 0.0000000000
45669  35.952  -45.140  36.252 0.0000000000
45668  36.549  -44.388  36.372 0.0000000000
41133  23.664  -48.111  43.344 0.0000000000
41134  22.970  -47.780  43.560 0.0000000000
41136  21.113  -47.952  43.629 0.0000000000
41137  20.135  -48.137  43.448 0.0000000000
41192  20.255  -48.395  39.321 0.0000000000
41182  19.572  -48.664  40.315 0.0000000000
39664  19.074  -48.707  42.488 0.0000000000
39665  18.615  -49.243  42.024 0.0000000000
39667  18.120  -50.560  40.507 0.0000000000
38060  17.558  -51.170  40.002 0.0000000000
42712  19.400  -47.664  31.816 0.0000000000
41238  18.457  -48.418  33.937 0.0000000000
39728  18.155  -49.186  34.893 0.0000000000
39755  17.520  -49.933  32.442 0.0000000000
39729  17.797  -49.807  34.479 0.0000000000
39720  18.027  -49.363  36.095 0.0000000000
39706  16.817  -50.610  38.011 0.0000000000
38079  16.046  -50.691  39.599 0.0000000000
38069  15.296  -50.383  40.190 0.0000000000
36530  15.162  -51.279  39.567 0.0000000000
35075  15.525  -52.713  39.691 0.0000000000
32003  15.256  -53.855  39.310 0.0000000000
32052  15.762  -53.787  35.802 0.0000000000
32024  15.309  -54.099  37.520 0.0000000000
30433  15.059  -54.927  39.372 0.0000000000
28875  13.458  -56.521  38.679 0.0000000000
28876  12.788  -56.854  37.880 0.0000000000
27250  11.522  -56.506  37.751 0.0000000000
30449  10.065  -55.078  37.577 0.0000000000
32005  9.011  -54.400  37.850 0.0000000000
48698  27.925  -43.726  28.285 0.0000000000
47262  27.530  -44.928  29.745 0.0000000000
47231  26.798  -45.285  30.558 0.0000000000
47287  24.978  -44.407  28.890 0.0000000000
47232  25.760  -45.398  30.491 0.0000000000
45789  26.298  -45.468  32.219 0.0000000000
45734  25.811  -45.596  33.932 0.0000000000
44202  25.393  -45.941  35.587 0.0000000000
44153  25.049  -46.402  37.086 0.0000000000
44204  23.579  -45.859  35.536 0.0000000000
44154  24.207  -46.726  36.892 0.0000000000
44129  24.420  -46.655  37.693 0.0000000000
42623  23.966  -47.549  39.793 0.0000000000
41164  24.213  -47.765  41.659 0.0000000000
27197  11.127  -56.793  42.920 0.0000000000
27170  11.928  -56.850  44.470 0.0000000000
86697  60.087  -13.739  20.822 0.0000000000
85560  55.002  -15.363  19.170 0.0000000000
84313  56.208  -16.117  21.069 0.0000000000
83103  56.759  -16.596  22.789 0.0000000000
83086  55.147  -17.034  23.928 0.0000000000
83085  56.231  -16.913  23.832 0.0000000000
81848  57.549  -17.198  23.540 0.0000000000
83202  45.897  -17.706  17.572 0.0000000000
83180  46.833  -17.589  18.959 0.0000000000
81909  45.371  -18.689  19.484 0.0000000000
81908  46.240  -18.795  19.933 0.0000000000
83162  47.402  -18.131  19.557 0.0000000000
81893  47.944  -18.228  21.765 0.0000000000
81870  48.362  -18.339  22.910 0.0000000000
81852  49.445  -19.023  23.755 0.0000000000
77096  45.405  -22.889  22.975 0.0000000000
77095  45.465  -21.910  22.843 0.0000000000
78320  46.110  -20.991  23.510 0.0000000000
75756  46.995  -22.716  26.088 0.0000000000
78292  46.829  -21.495  25.040 0.0000000000
78319  46.777  -20.289  23.887 0.0000000000
79482  47.330  -19.899  24.321 0.0000000000
79467  48.547  -19.515  24.779 0.0000000000
68981  37.402  -28.241  23.900 0.0000000000
68958  38.224  -29.013  24.819 0.0000000000
67570  37.267  -29.547  26.950 0.0000000000
67569  38.153  -29.699  27.109 0.0000000000
67582  39.540  -28.938  26.496 0.0000000000
66306  41.010  -29.845  28.249 0.0000000000
66250  41.656  -30.320  30.107 0.0000000000
65060  42.415  -30.887  31.965 0.0000000000
54388  35.255  -38.768  30.134 0.0000000000
58522  36.155  -35.694  28.630 0.0000000000
59818  37.113  -35.028  29.877 0.0000000000
61182  37.237  -34.132  29.916 0.0000000000
52906  36.891  -40.757  36.198 0.0000000000
54324  37.233  -39.806  35.545 0.0000000000
55692  38.364  -38.268  34.904 0.0000000000
55691  38.768  -37.706  35.413 0.0000000000
55701  38.379  -37.817  34.097 0.0000000000
58490  38.453  -35.590  33.130 0.0000000000
59793  38.467  -34.353  32.259 0.0000000000
61165  38.104  -33.497  31.790 0.0000000000
62508  37.783  -32.785  32.351 0.0000000000
63784  37.748  -32.154  32.618 0.0000000000
65028  38.582  -31.302  32.868 0.0000000000
63735  38.819  -32.449  36.367 0.0000000000
64998  39.001  -31.461  34.510 0.0000000000
65027  39.132  -30.917  33.182 0.0000000000
65025  40.880  -31.313  33.538 0.0000000000
97954  54.153  -4.295  10.239 0.0000000000
97943  55.573  -4.887  10.740 0.0000000000
95498  56.611  -6.154  11.339 0.0000000000
95490  57.906  -6.780  12.291 0.0000000000
94205  58.461  -7.489  13.460 0.0000000000
91637  58.276  -9.552  14.690 0.0000000000
92918  59.034  -8.821  14.941 0.0000000000
92917  59.902  -8.503  15.427 0.0000000000
92908  60.890  -8.334  16.825 0.0000000000
41114  24.536  -48.788  43.282 0.0000000000
41113  25.423  -48.860  42.884 0.0000000000
27228  11.305  -57.255  39.339 0.0000000000
27220  11.633  -57.214  40.423 0.0000000000
27221  10.638  -56.916  40.262 0.0000000000
66223  43.971  -29.765  31.545 0.0000000000
67498  44.160  -28.780  31.030 0.0000000000
45810  28.120  -45.338  31.490 0.0000000000
45787  28.341  -45.103  32.400 0.0000000000
44248  20.413  -46.928  32.154 0.0000000000
44249  20.002  -47.225  31.806 0.0000000000
36469  18.010  -51.071  41.390 0.0000000000
36468  17.733  -51.085  42.203 0.0000000000
36482  17.587  -51.691  41.522 0.0000000000
86761  55.762  -13.841  17.557 0.0000000000
86762  54.591  -14.007  17.651 0.0000000000
83091  50.586  -18.117  24.001 0.0000000000
83075  51.440  -18.374  24.536 0.0000000000
83058  50.818  -18.787  24.870 0.0000000000
75836  43.771  -22.417  20.365 0.0000000000
62535  36.644  -32.469  29.212 0.0000000000
63829  35.892  -31.536  28.537 0.0000000000
62526  37.274  -32.515  29.854 0.0000000000
49985  35.865  -41.698  35.334 0.0000000000
51456  35.525  -41.132  35.143 0.0000000000
49984  36.301  -41.600  35.832 0.0000000000
99148  56.470  -3.703  9.505 0.0000000000
97962  55.736  -4.076  9.793 0.0000000000
97951  57.450  -4.790  10.302 0.0000000000
97952  56.333  -4.613  10.331 0.0000000000
44127  26.131  -47.201  37.783 0.0000000000
33501  14.458  -52.878  41.285 0.0000000000
31944  13.888  -53.541  41.327 0.0000000000
85613  49.779  -14.672  16.215 0.0000000000
85612  50.517  -14.917  16.587 0.0000000000
83200  47.556  -17.052  18.357 0.0000000000
73085  42.727  -26.015  25.059 0.0000000000
73084  42.982  -25.153  25.571 0.0000000000
71661  42.714  -25.290  26.350 0.0000000000
73269  39.841  -24.521  19.658 0.0000000000
73249  39.384  -25.378  19.937 0.0000000000
73224  40.495  -26.043  20.834 0.0000000000
71783  39.498  -25.812  20.266 0.0000000000
70294  40.383  -27.700  24.564 0.0000000000
68939  40.442  -28.426  25.772 0.0000000000
47182  32.105  -44.790  32.493 0.0000000000
47181  32.839  -44.284  32.783 0.0000000000
47180  33.527  -44.400  33.449 0.0000000000
44101  30.558  -47.318  38.712 0.0000000000
44148  30.604  -47.226  36.966 0.0000000000
42626  21.630  -47.154  38.776 0.0000000000
41215  18.509  -48.863  37.029 0.0000000000
41204  18.783  -49.114  37.728 0.0000000000
39704  18.302  -49.714  37.927 0.0000000000
36610  16.697  -51.750  35.727 0.0000000000
36590  16.513  -51.050  36.340 0.0000000000
35105  16.289  -52.234  36.459 0.0000000000
35122  16.585  -52.258  35.627 0.0000000000
47205  22.333  -45.588  31.162 0.0000000000
47235  22.636  -45.137  30.344 0.0000000000
45764  24.410  -46.114  33.037 0.0000000000
45765  23.489  -45.372  33.087 0.0000000000
42625  22.087  -47.161  39.136 0.0000000000
41105  20.631  -48.869  44.261 0.0000000000
27173  8.789  -56.796  43.518 0.0000000000
25610  9.496  -57.152  43.579 0.0000000000
87919  59.670  -12.530  18.783 0.0000000000
89093  60.383  -12.423  20.047 0.0000000000
84300  58.407  -16.218  22.445 0.0000000000
83101  58.374  -16.818  23.135 0.0000000000
83156  53.207  -16.740  20.486 0.0000000000
83155  53.656  -16.941  20.336 0.0000000000
80700  46.831  -19.978  22.635 0.0000000000
74455  45.673  -23.903  26.318 0.0000000000
74441  46.066  -23.880  27.408 0.0000000000
67586  35.935  -28.854  26.221 0.0000000000
66229  38.757  -31.413  29.955 0.0000000000
66228  39.137  -30.933  30.532 0.0000000000
66227  39.792  -30.684  30.895 0.0000000000
52995  33.073  -39.909  28.757 0.0000000000
54400  33.017  -38.915  29.165 0.0000000000
54363  37.290  -38.677  32.271 0.0000000000
55717  36.800  -38.423  31.318 0.0000000000
55716  37.393  -38.220  31.807 0.0000000000
55724  37.610  -37.388  31.742 0.0000000000
55715  37.768  -37.509  32.350 0.0000000000
58454  38.698  -34.942  36.433 0.0000000000
59768  38.539  -34.526  34.866 0.0000000000
59757  38.302  -34.328  35.886 0.0000000000
61136  38.417  -33.521  35.118 0.0000000000
61125  38.151  -33.492  36.342 0.0000000000
92944  55.193  -9.118  12.745 0.0000000000
92945  54.252  -9.134  12.723 0.0000000000
94214  55.046  -7.999  11.727 0.0000000000
92943  56.213  -9.024  12.676 0.0000000000
87934  58.847  -12.524  17.458 0.0000000000
87933  59.513  -12.286  17.924 0.0000000000
89119  60.035  -11.691  18.275 0.0000000000
100337  60.631  -3.177  10.391 0.0000000000
100336  60.982  -2.944  9.925 0.0000000000
99132  61.328  -3.560  10.632 0.0000000000
97948  61.564  -4.360  11.133 0.0000000000
96723  59.990  -6.092  13.944 0.0000000000
95474  60.537  -6.143  15.052 0.0000000000
95468  60.913  -6.454  15.741 0.0000000000
95469  60.316  -6.758  15.218 0.0000000000
42555  25.941  -47.881  41.871 0.0000000000
28857  13.744  -55.934  40.636 0.0000000000
28848  13.798  -55.298  41.086 0.0000000000
28858  13.081  -56.201  41.076 0.0000000000
27206  12.160  -56.839  42.445 0.0000000000
27205  12.777  -56.300  42.118 0.0000000000
28824  12.446  -56.439  43.477 0.0000000000
28809  12.933  -55.964  44.380 0.0000000000
27184  12.462  -56.554  44.349 0.0000000000
84381  46.879  -16.453  16.556 0.0000000000
83224  47.301  -16.909  17.353 0.0000000000
83225  46.410  -17.098  17.056 0.0000000000
70247  42.977  -27.109  28.902 0.0000000000
70231  43.160  -27.328  29.576 0.0000000000
31950  5.124  -54.521  40.741 0.0000000000
47283  29.180  -44.261  29.124 0.0000000000
48680  29.687  -43.886  29.104 0.0000000000
45808  30.033  -45.283  31.498 0.0000000000
45785  30.483  -45.211  32.146 0.0000000000
45784  31.457  -45.072  32.354 0.0000000000
42664  20.289  -47.345  36.981 0.0000000000
42681  20.499  -46.888  35.483 0.0000000000
42683  19.328  -47.644  35.145 0.0000000000
41221  18.866  -48.014  36.186 0.0000000000
45814  20.931  -45.337  31.136 0.0000000000
47206  22.024  -45.552  31.103 0.0000000000
45794  21.914  -45.550  32.077 0.0000000000
44183  21.629  -46.907  35.796 0.0000000000
39645  18.405  -49.867  43.667 0.0000000000
38031  18.245  -50.376  43.606 0.0000000000
86780  57.280  -13.403  16.854 0.0000000000
86746  57.520  -13.742  18.284 0.0000000000
86732  56.336  -14.499  19.188 0.0000000000
86713  56.798  -14.174  19.940 0.0000000000
85538  56.912  -14.838  20.011 0.0000000000
84323  57.338  -15.144  20.784 0.0000000000
84324  56.677  -15.534  20.499 0.0000000000
83123  51.693  -16.967  22.454 0.0000000000
83107  52.418  -17.235  23.212 0.0000000000
81828  52.702  -17.973  25.307 0.0000000000
79554  43.291  -20.200  19.212 0.0000000000
77133  44.856  -22.073  21.507 0.0000000000
78356  45.144  -21.179  21.054 0.0000000000
78342  45.725  -20.743  21.344 0.0000000000
78355  45.242  -21.612  21.638 0.0000000000
67573  34.890  -29.547  26.585 0.0000000000
67542  36.139  -29.774  28.255 0.0000000000
65064  37.602  -31.674  30.042 0.0000000000
66256  37.319  -30.820  29.377 0.0000000000
65063  37.982  -31.707  30.376 0.0000000000
52943  34.546  -40.841  32.741 0.0000000000
52933  34.947  -41.058  33.328 0.0000000000
52931  35.784  -40.207  34.601 0.0000000000
54335  36.217  -39.827  34.726 0.0000000000
90421  52.693  -10.605  13.929 0.0000000000
89165  54.539  -11.760  15.084 0.0000000000
90411  54.105  -11.190  14.633 0.0000000000
90410  54.993  -11.276  14.517 0.0000000000
91651  54.911  -10.514  13.919 0.0000000000
87936  56.601  -13.421  16.787 0.0000000000
89150  56.721  -12.349  15.990 0.0000000000
87954  57.858  -12.687  16.606 0.0000000000
99146  58.809  -3.848  9.439 0.0000000000
99145  59.566  -3.552  9.950 0.0000000000
99133  59.862  -3.921  10.687 0.0000000000
99128  60.315  -3.774  11.443 0.0000000000
97949  59.211  -4.424  10.848 0.0000000000
97940  58.725  -4.764  11.485 0.0000000000
96737  58.817  -5.429  12.412 0.0000000000
95496  58.259  -6.142  12.024 0.0000000000
45703  27.078  -46.063  34.719 0.0000000000
44125  27.795  -47.058  37.947 0.0000000000
44124  28.870  -47.100  38.108 0.0000000000
42639  28.781  -46.932  38.746 0.0000000000
36500  15.562  -52.018  40.350 0.0000000000
35004  16.303  -52.282  41.199 0.0000000000
35005  15.549  -52.403  41.220 0.0000000000
33472  15.112  -52.853  42.636 0.0000000000
33471  15.220  -53.335  41.907 0.0000000000
30403  16.144  -54.560  41.843 0.0000000000
30393  15.654  -54.550  42.291 0.0000000000
30404  13.075  -54.707  42.589 0.0000000000
31936  13.425  -54.072  42.671 0.0000000000
31919  14.248  -54.560  43.610 0.0000000000
85598  51.927  -14.709  17.161 0.0000000000
84377  51.668  -15.434  17.543 0.0000000000
84342  52.693  -16.104  19.084 0.0000000000
84400  49.403  -15.415  16.508 0.0000000000
83176  50.992  -17.050  19.809 0.0000000000
83159  50.557  -17.416  20.591 0.0000000000
83143  48.921  -18.407  21.514 0.0000000000
83142  50.164  -17.895  21.524 0.0000000000
83125  49.755  -18.220  22.581 0.0000000000
73187  44.167  -25.016  22.284 0.0000000000
73083  43.954  -24.832  25.949 0.0000000000
73082  45.109  -24.862  26.273 0.0000000000
73065  44.989  -25.083  27.356 0.0000000000
71595  43.759  -26.106  29.058 0.0000000000
71617  43.987  -25.973  28.330 0.0000000000
72996  45.239  -25.836  29.810 0.0000000000
73009  45.421  -25.166  29.475 0.0000000000
74388  46.044  -24.495  30.177 0.0000000000
61212  36.165  -33.340  27.682 0.0000000000
89179  50.449  -11.248  14.372 0.0000000000
86782  51.473  -13.530  16.277 0.0000000000
87960  51.673  -12.875  15.849 0.0000000000
86781  52.000  -13.260  16.295 0.0000000000
28860  9.172  -55.740  39.663 0.0000000000
30424  8.594  -55.494  39.152 0.0000000000
28852  8.176  -55.589  40.933 0.0000000000
28841  8.176  -56.055  41.414 0.0000000000
28814  7.726  -55.988  43.342 0.0000000000
31938  6.018  -55.126  41.071 0.0000000000
77153  42.200  -22.003  19.259 0.0000000000
75848  41.955  -22.476  19.349 0.0000000000
74568  40.991  -24.189  19.527 0.0000000000
74586  40.660  -23.512  19.414 0.0000000000
74567  42.306  -24.182  19.724 0.0000000000
73190  41.435  -26.499  22.483 0.0000000000
73189  42.223  -26.217  22.224 0.0000000000
73157  41.822  -26.241  23.229 0.0000000000
73126  42.125  -25.743  23.889 0.0000000000
71746  39.919  -26.490  21.720 0.0000000000
70341  39.715  -26.658  22.208 0.0000000000
70284  41.866  -26.935  26.184 0.0000000000
67554  41.952  -29.282  27.793 0.0000000000
68917  42.360  -28.335  27.986 0.0000000000
67553  42.401  -29.088  28.407 0.0000000000
67516  42.927  -28.791  29.425 0.0000000000
66279  42.304  -29.586  29.209 0.0000000000
52996  32.103  -40.413  28.617 0.0000000000
51571  32.112  -41.228  29.228 0.0000000000
48679  30.485  -43.448  29.182 0.0000000000
50080  30.801  -42.614  28.802 0.0000000000
48678  31.433  -43.198  29.884 0.0000000000
48654  32.911  -43.113  31.759 0.0000000000
50046  32.457  -42.539  30.960 0.0000000000
50045  32.957  -42.251  31.321 0.0000000000
51534  32.923  -41.590  30.564 0.0000000000
51516  33.416  -41.421  31.942 0.0000000000
47166  34.994  -44.085  34.314 0.0000000000
48626  34.714  -43.068  33.993 0.0000000000
48625  35.267  -43.193  34.425 0.0000000000
48610  35.833  -42.694  34.782 0.0000000000
47154  35.588  -43.765  34.718 0.0000000000
45731  28.739  -46.196  33.974 0.0000000000
44197  30.705  -46.438  35.307 0.0000000000
44220  31.405  -45.996  34.362 0.0000000000
44196  31.812  -46.315  35.295 0.0000000000
44120  33.275  -46.716  37.869 0.0000000000
44171  33.430  -46.032  36.120 0.0000000000
44170  34.528  -46.055  36.222 0.0000000000
44143  35.598  -45.635  36.864 0.0000000000
41152  23.437  -47.859  42.696 0.0000000000
41153  22.610  -47.853  42.739 0.0000000000
41154  21.719  -48.020  42.710 0.0000000000
41155  20.782  -48.275  42.612 0.0000000000
41212  20.275  -47.693  37.680 0.0000000000
41202  19.830  -48.142  38.402 0.0000000000
39674  19.037  -48.834  41.403 0.0000000000
39675  18.025  -49.009  40.995 0.0000000000
39685  18.050  -50.257  39.688 0.0000000000
39676  18.070  -49.949  40.459 0.0000000000
39677  18.097  -50.953  39.945 0.0000000000
41246  18.588  -48.702  32.721 0.0000000000
38120  17.020  -50.208  35.209 0.0000000000
39721  17.305  -49.583  35.727 0.0000000000
39714  16.635  -49.454  37.121 0.0000000000
39715  15.968  -49.863  37.694 0.0000000000
36548  16.369  -51.327  38.239 0.0000000000
38100  16.301  -50.595  37.719 0.0000000000
38089  16.585  -51.339  38.690 0.0000000000
38090  15.800  -51.181  39.367 0.0000000000
36514  14.720  -50.837  40.072 0.0000000000
35074  15.694  -52.186  39.211 0.0000000000
33539  15.636  -53.247  38.812 0.0000000000
33540  15.278  -53.435  39.574 0.0000000000
32065  15.580  -53.629  34.971 0.0000000000
30486  14.640  -54.909  35.978 0.0000000000
32039  15.256  -54.408  36.321 0.0000000000
30472  14.733  -55.199  36.712 0.0000000000
30447  14.896  -55.054  38.426 0.0000000000
30459  14.579  -55.372  37.527 0.0000000000
30448  14.435  -55.724  39.067 0.0000000000
30460  14.177  -55.741  38.194 0.0000000000
28886  12.210  -56.497  37.211 0.0000000000
27249  12.073  -56.768  37.990 0.0000000000
28887  11.129  -55.886  37.138 0.0000000000
32004  9.667  -54.641  37.630 0.0000000000
30450  9.485  -54.937  37.905 0.0000000000
32027  9.225  -53.732  37.212 0.0000000000
47285  27.146  -44.478  28.932 0.0000000000
47263  26.429  -44.940  29.711 0.0000000000
48701  24.609  -43.878  28.307 0.0000000000
47265  24.289  -45.021  29.318 0.0000000000
47202  25.131  -45.445  31.035 0.0000000000
45813  25.566  -45.521  31.214 0.0000000000
45812  26.116  -45.412  31.336 0.0000000000
45762  26.554  -45.594  33.084 0.0000000000
45763  25.528  -45.823  33.031 0.0000000000
45706  24.165  -45.712  34.750 0.0000000000
45705  25.083  -45.904  34.731 0.0000000000
44179  24.752  -46.066  36.350 0.0000000000
45708  22.726  -46.095  34.579 0.0000000000
45707  23.351  -45.786  34.701 0.0000000000
44205  22.860  -46.195  35.415 0.0000000000
44155  23.339  -46.732  36.860 0.0000000000
42644  24.155  -47.052  38.702 0.0000000000
41178  22.838  -47.582  41.013 0.0000000000
41177  23.667  -47.653  41.234 0.0000000000
41151  24.174  -48.019  42.587 0.0000000000
41102  22.836  -48.472  44.657 0.0000000000
33485  17.436  -52.755  41.806 0.0000000000
33484  17.840  -52.630  42.389 0.0000000000
31933  17.714  -53.487  42.148 0.0000000000
28839  10.109  -56.562  41.921 0.0000000000
28825  10.356  -56.615  42.711 0.0000000000
24016  11.021  -57.407  43.892 0.0000000000
27171  11.065  -56.956  44.040 0.0000000000
24015  11.671  -57.454  44.063 0.0000000000
24014  12.433  -57.388  44.196 0.0000000000
24022  12.008  -57.798  43.439 0.0000000000
86712  58.474  -14.066  20.297 0.0000000000
86711  59.352  -13.727  20.486 0.0000000000
85535  58.968  -14.491  21.023 0.0000000000
85579  53.891  -15.022  18.333 0.0000000000
85578  54.732  -14.858  18.548 0.0000000000
85561  54.267  -15.284  18.876 0.0000000000
83137  55.105  -16.821  21.136 0.0000000000
84314  55.426  -16.369  20.637 0.0000000000
83136  55.661  -16.437  21.205 0.0000000000
84303  56.632  -16.160  21.697 0.0000000000
83087  54.123  -17.436  23.817 0.0000000000
83105  54.481  -17.136  23.053 0.0000000000
83070  55.691  -17.262  24.607 0.0000000000
81849  56.627  -17.389  24.193 0.0000000000
80673  57.108  -17.770  23.787 0.0000000000
80695  57.145  -18.300  23.330 0.0000000000
83203  44.979  -17.850  17.329 0.0000000000
83181  46.139  -17.794  18.412 0.0000000000
81921  46.693  -18.332  19.498 0.0000000000
81907  47.242  -18.622  20.261 0.0000000000
81906  47.863  -18.643  20.929 0.0000000000
81894  47.612  -18.827  21.136 0.0000000000
80698  48.243  -19.110  22.675 0.0000000000
81881  47.939  -17.967  22.542 0.0000000000
80697  48.697  -19.077  23.132 0.0000000000
81869  49.067  -18.901  23.092 0.0000000000
80676  48.640  -19.115  23.627 0.0000000000
74506  44.837  -24.590  23.429 0.0000000000
75812  44.663  -23.391  22.198 0.0000000000
75796  45.084  -23.755  23.294 0.0000000000
77079  45.511  -23.180  23.591 0.0000000000
77078  45.799  -22.474  24.119 0.0000000000
78303  46.279  -21.496  24.530 0.0000000000
77052  47.485  -21.902  26.373 0.0000000000
77063  46.955  -21.924  25.634 0.0000000000
78302  46.927  -20.794  24.558 0.0000000000
79469  47.539  -20.292  25.223 0.0000000000
68959  36.940  -28.761  24.751 0.0000000000
67558  36.867  -29.819  27.701 0.0000000000
67557  37.610  -30.055  27.797 0.0000000000
66308  39.069  -29.986  28.399 0.0000000000
67556  38.430  -30.017  28.050 0.0000000000
66326  39.134  -29.744  27.864 0.0000000000
67568  39.066  -29.379  27.427 0.0000000000
66325  39.625  -29.876  27.665 0.0000000000
66324  40.409  -29.772  27.656 0.0000000000
66226  40.757  -30.631  31.261 0.0000000000
66225  42.054  -30.652  31.026 0.0000000000
65061  41.375  -31.009  31.886 0.0000000000
54389  34.422  -39.240  29.772 0.0000000000
54377  35.702  -39.203  30.682 0.0000000000
55736  36.250  -37.784  29.960 0.0000000000
55737  35.290  -38.286  29.678 0.0000000000
55746  35.833  -37.614  29.346 0.0000000000
57142  36.006  -36.803  28.886 0.0000000000
57141  36.560  -36.662  29.407 0.0000000000
58513  37.050  -35.733  30.402 0.0000000000
59811  37.475  -34.751  30.550 0.0000000000
51416  37.340  -41.471  36.767 0.0000000000
51427  37.154  -41.166  36.553 0.0000000000
51426  37.504  -40.958  36.725 0.0000000000
54312  38.462  -39.534  36.579 0.0000000000
54313  37.968  -40.076  35.889 0.0000000000
54333  37.797  -38.992  35.264 0.0000000000
58465  39.296  -36.175  35.361 0.0000000000
57084  38.926  -36.949  35.882 0.0000000000
57092  39.120  -36.963  35.122 0.0000000000
55700  38.748  -37.534  34.802 0.0000000000
57100  39.034  -36.874  34.454 0.0000000000
57101  38.515  -36.739  33.640 0.0000000000
61153  38.714  -34.025  33.525 0.0000000000
59792  38.578  -34.475  33.073 0.0000000000
62516  37.703  -32.790  31.238 0.0000000000
62496  38.204  -32.697  34.298 0.0000000000
63777  37.903  -32.095  33.609 0.0000000000
65029  38.100  -31.717  32.779 0.0000000000
65015  38.309  -31.618  33.656 0.0000000000
62465  38.461  -32.724  36.922 0.0000000000
64971  39.123  -31.727  35.143 0.0000000000
64997  39.589  -31.551  34.818 0.0000000000
65013  39.358  -31.026  34.025 0.0000000000
65026  39.905  -31.299  33.235 0.0000000000
65012  40.152  -31.355  34.276 0.0000000000
99139  53.603  -3.518  10.096 0.0000000000
90430  52.762  -9.818  13.415 0.0000000000
91663  52.187  -9.230  12.927 0.0000000000
91670  52.688  -9.098  12.626 0.0000000000
96748  55.115  -5.506  11.122 0.0000000000
96747  56.140  -5.360  10.887 0.0000000000
94221  56.295  -6.891  11.575 0.0000000000
92954  57.352  -8.163  12.475 0.0000000000
94206  57.807  -7.523  12.721 0.0000000000
92940  58.333  -8.210  13.734 0.0000000000
91638  57.212  -10.144  14.445 0.0000000000
90407  57.823  -10.667  15.006 0.0000000000
90405  59.482  -10.267  15.773 0.0000000000
91636  59.263  -9.568  15.305 0.0000000000
92928  59.435  -8.225  14.629 0.0000000000
92916  60.478  -8.046  16.137 0.0000000000
91629  60.544  -9.419  16.688 0.0000000000
90388  61.091  -10.241  18.015 0.0000000000
100382  58.751  -2.374  7.645 0.0000000000
99120  61.221  -3.878  12.593 0.0000000000
41131  25.148  -48.582  42.767 0.0000000000
27219  12.784  -56.729  40.578 0.0000000000
67515  43.592  -28.641  30.075 0.0000000000
68886  43.461  -27.679  29.896 0.0000000000
47229  28.932  -45.235  30.575 0.0000000000
45759  29.591  -46.100  32.833 0.0000000000
44225  20.400  -47.020  34.045 0.0000000000
42682  20.002  -47.239  35.139 0.0000000000
44226  19.984  -47.295  33.702 0.0000000000
45768  21.527  -46.216  32.896 0.0000000000
45769  20.990  -46.293  32.547 0.0000000000
44238  20.883  -46.631  33.289 0.0000000000
38041  17.825  -50.216  42.440 0.0000000000
38032  17.721  -50.449  43.009 0.0000000000
36453  17.851  -50.917  43.257 0.0000000000
34967  18.018  -51.551  43.571 0.0000000000
33470  18.064  -52.337  43.283 0.0000000000
87937  56.125  -13.410  16.821 0.0000000000
86733  55.754  -14.714  18.924 0.0000000000
83089  52.251  -17.575  23.937 0.0000000000
81829  52.109  -18.348  25.075 0.0000000000
77134  44.211  -21.883  20.791 0.0000000000
65096  36.247  -30.841  28.819 0.0000000000
63804  37.285  -31.903  30.047 0.0000000000
63793  37.780  -32.202  30.750 0.0000000000
51457  35.330  -41.549  34.498 0.0000000000
51477  35.471  -41.127  34.488 0.0000000000
52915  35.601  -40.490  35.595 0.0000000000
89153  53.089  -12.454  15.355 0.0000000000
89152  54.051  -12.230  15.655 0.0000000000
89151  55.015  -12.284  15.656 0.0000000000
87972  55.800  -12.386  15.539 0.0000000000
87956  55.672  -12.885  16.167 0.0000000000
99135  58.138  -4.308  9.837 0.0000000000
97950  58.413  -4.567  10.619 0.0000000000
96746  57.176  -5.518  10.787 0.0000000000
44177  26.762  -45.880  36.531 0.0000000000
42641  27.422  -47.145  38.731 0.0000000000
35024  15.177  -52.456  41.077 0.0000000000
33473  14.438  -52.935  43.112 0.0000000000
30375  13.774  -55.624  44.512 0.0000000000
30383  14.140  -55.407  43.775 0.0000000000
86766  50.818  -14.416  16.755 0.0000000000
83223  48.299  -16.826  17.555 0.0000000000
83222  49.358  -16.667  17.826 0.0000000000
73125  43.021  -26.252  23.752 0.0000000000
73124  43.798  -25.717  23.943 0.0000000000
71562  45.220  -26.362  30.540 0.0000000000
31982  8.287  -54.665  38.632 0.0000000000
30425  8.091  -55.216  39.352 0.0000000000
31962  7.740  -54.925  39.371 0.0000000000
30405  7.641  -55.542  41.110 0.0000000000
74569  40.227  -24.424  19.672 0.0000000000
71745  40.702  -26.505  22.032 0.0000000000
70326  38.696  -27.319  22.957 0.0000000000
70325  39.697  -26.918  22.728 0.0000000000
70309  40.055  -27.316  23.805 0.0000000000
70285  41.319  -27.782  26.336 0.0000000000
51589  31.080  -41.307  27.799 0.0000000000
47226  31.858  -43.690  31.005 0.0000000000
48641  33.408  -43.191  32.352 0.0000000000
47167  34.095  -44.061  33.977 0.0000000000
45726  34.299  -44.936  34.431 0.0000000000
44149  29.440  -46.904  37.073 0.0000000000
44198  29.572  -46.616  35.267 0.0000000000
44147  31.836  -47.227  36.917 0.0000000000
44077  33.607  -47.032  38.293 0.0000000000
44119  34.313  -46.481  37.588 0.0000000000
41167  22.292  -47.887  41.820 0.0000000000
41179  22.006  -47.643  40.939 0.0000000000
41180  21.255  -47.887  40.658 0.0000000000
41181  20.502  -48.373  40.394 0.0000000000
41203  19.279  -48.927  38.188 0.0000000000
39693  18.474  -49.096  39.260 0.0000000000
39694  18.012  -49.499  39.077 0.0000000000
39695  17.856  -50.473  38.829 0.0000000000
39754  18.074  -49.284  32.533 0.0000000000
38151  16.866  -50.627  32.274 0.0000000000
36589  16.748  -50.562  35.804 0.0000000000
36568  15.904  -51.898  38.053 0.0000000000
35089  15.817  -52.276  37.548 0.0000000000
33560  15.672  -53.114  37.043 0.0000000000
30473  14.003  -55.374  36.140 0.0000000000
28895  13.450  -55.778  36.425 0.0000000000
32040  12.342  -54.741  35.677 0.0000000000
47266  23.280  -44.314  29.725 0.0000000000
47234  23.683  -45.442  30.122 0.0000000000
47203  24.321  -45.613  31.105 0.0000000000
44182  22.336  -46.899  36.151 0.0000000000
42661  22.708  -46.773  37.599 0.0000000000
42645  22.897  -46.868  38.554 0.0000000000
41189  22.533  -47.558  40.384 0.0000000000
28812  9.862  -56.577  43.271 0.0000000000
27172  9.943  -56.896  43.703 0.0000000000
25609  10.557  -57.139  43.879 0.0000000000
85517  58.642  -14.760  21.633 0.0000000000
85500  58.997  -15.255  22.113 0.0000000000
84299  59.068  -15.772  22.143 0.0000000000
83135  58.694  -16.666  21.854 0.0000000000
81889  58.352  -17.257  22.343 0.0000000000
81890  57.769  -17.621  21.944 0.0000000000
84340  54.297  -15.763  19.310 0.0000000000
83120  54.863  -17.235  21.967 0.0000000000
81826  54.042  -18.218  24.714 0.0000000000
81923  44.969  -18.406  18.697 0.0000000000
80732  45.414  -19.553  20.601 0.0000000000
80730  47.169  -19.149  21.001 0.0000000000
80717  47.669  -19.233  21.713 0.0000000000
80678  47.368  -19.713  23.747 0.0000000000
74487  45.547  -24.157  24.708 0.0000000000
75783  45.504  -23.563  24.080 0.0000000000
74473  45.693  -23.922  25.411 0.0000000000
79459  47.725  -20.542  25.793 0.0000000000
68960  36.055  -28.909  24.739 0.0000000000
67603  36.769  -29.011  25.292 0.0000000000
67517  37.923  -31.107  28.811 0.0000000000
67539  37.946  -30.548  28.520 0.0000000000
66284  38.185  -31.077  28.706 0.0000000000
66283  38.627  -30.752  28.756 0.0000000000
66282  39.420  -30.555  28.960 0.0000000000
66281  40.295  -30.393  29.076 0.0000000000
66252  39.498  -30.286  29.917 0.0000000000
66210  40.379  -30.912  32.029 0.0000000000
54376  36.439  -38.850  31.071 0.0000000000
55726  36.418  -38.275  30.702 0.0000000000
55735  36.810  -37.432  30.554 0.0000000000
57132  36.862  -36.788  29.984 0.0000000000
57123  37.569  -36.886  31.428 0.0000000000
57115  37.636  -36.203  31.532 0.0000000000
51414  38.190  -40.601  37.110 0.0000000000
51403  38.475  -40.761  37.288 0.0000000000
52894  38.654  -40.072  37.013 0.0000000000
54303  38.831  -39.384  37.060 0.0000000000
58480  39.019  -35.691  34.412 0.0000000000
61143  38.240  -33.201  34.132 0.0000000000
61137  38.380  -33.131  34.605 0.0000000000
62486  38.560  -32.633  34.878 0.0000000000
91662  53.318  -9.409  12.912 0.0000000000
94213  56.041  -7.765  11.743 0.0000000000
92955  56.614  -8.341  12.211 0.0000000000
91658  57.320  -9.000  13.257 0.0000000000
89148  58.623  -11.784  16.045 0.0000000000
89161  58.198  -11.146  15.439 0.0000000000
90399  59.276  -10.935  15.968 0.0000000000
90398  59.935  -10.529  16.568 0.0000000000
90389  60.321  -10.848  17.671 0.0000000000
100344  59.949  -3.084  9.633 0.0000000000
100343  60.394  -2.723  9.400 0.0000000000
101609  60.670  -2.794  9.808 0.0000000000
100342  61.002  -2.649  9.376 0.0000000000
96728  60.408  -4.988  13.124 0.0000000000
97913  61.360  -4.879  14.276 0.0000000000
96713  62.074  -5.661  15.356 0.0000000000
42621  26.010  -47.384  39.561 0.0000000000
41148  26.419  -48.005  42.291 0.0000000000
30423  13.989  -54.786  40.507 0.0000000000
30413  13.701  -54.585  41.362 0.0000000000
30414  13.263  -54.969  42.113 0.0000000000
30394  13.004  -54.888  43.248 0.0000000000
28837  12.794  -55.806  42.747 0.0000000000
30376  13.438  -55.768  44.486 0.0000000000
27168  13.404  -56.296  45.015 0.0000000000
25605  13.480  -56.673  44.561 0.0000000000
71643  42.415  -26.489  27.168 0.0000000000
70246  43.314  -26.614  29.186 0.0000000000
70213  44.542  -27.119  30.754 0.0000000000
31964  6.505  -54.656  39.533 0.0000000000
31948  6.060  -55.104  40.293 0.0000000000
31949  5.425  -54.797  40.567 0.0000000000
31939  5.742  -54.670  41.365 0.0000000000
30408  5.955  -55.501  41.491 0.0000000000
47259  30.712  -44.098  30.158 0.0000000000
47228  29.967  -44.992  30.703 0.0000000000
47201  31.293  -44.746  31.833 0.0000000000
42663  20.953  -47.242  37.346 0.0000000000
41220  19.470  -47.933  36.521 0.0000000000
41222  18.445  -48.716  36.154 0.0000000000
36640  16.536  -51.403  33.059 0.0000000000
35135  16.346  -52.192  33.884 0.0000000000
33604  16.406  -52.587  34.635 0.0000000000
35136  15.574  -52.368  33.455 0.0000000000
45766  22.756  -45.270  33.092 0.0000000000
45738  22.555  -45.991  33.784 0.0000000000
45709  22.163  -46.395  34.472 0.0000000000
45739  21.900  -46.454  33.819 0.0000000000
42673  21.507  -46.970  36.567 0.0000000000
86745  58.591  -13.238  18.223 0.0000000000
86744  59.234  -13.021  18.569 0.0000000000
85556  57.958  -14.294  20.204 0.0000000000
86731  57.096  -14.038  19.262 0.0000000000
85557  57.405  -14.091  19.957 0.0000000000
85518  57.728  -15.003  21.445 0.0000000000
85502  57.719  -15.627  21.884 0.0000000000
84301  57.858  -16.051  22.380 0.0000000000
83140  52.019  -16.937  21.486 0.0000000000
83073  52.892  -17.674  24.672 0.0000000000
83072  53.693  -17.815  24.454 0.0000000000
81911  43.798  -19.122  18.484 0.0000000000
80746  44.220  -19.761  18.835 0.0000000000
79552  45.046  -19.885  20.386 0.0000000000
79542  45.519  -20.115  21.036 0.0000000000
79528  45.946  -20.415  21.665 0.0000000000
74414  46.330  -23.881  29.156 0.0000000000
68930  35.251  -29.132  26.038 0.0000000000
67559  36.216  -29.645  27.614 0.0000000000
67519  37.061  -30.234  28.889 0.0000000000
66285  36.601  -30.371  28.778 0.0000000000
67518  37.552  -30.557  28.989 0.0000000000
66255  37.856  -31.318  29.146 0.0000000000
66213  38.559  -31.323  31.214 0.0000000000
52968  33.570  -40.746  30.955 0.0000000000
52967  34.077  -40.193  30.866 0.0000000000
54366  34.455  -39.924  31.448 0.0000000000
54345  35.604  -40.365  33.420 0.0000000000
54354  35.588  -40.108  32.894 0.0000000000
54353  36.186  -39.484  32.941 0.0000000000
54352  37.415  -38.939  33.014 0.0000000000
90420  53.741  -10.701  14.141 0.0000000000
90428  54.276  -10.444  13.800 0.0000000000
91650  55.639  -10.294  13.734 0.0000000000
91639  56.263  -10.529  14.348 0.0000000000
90408  56.900  -11.027  14.824 0.0000000000
89163  56.530  -11.971  15.324 0.0000000000
87935  58.317  -12.834  17.086 0.0000000000
100383  57.578  -2.404  7.730 0.0000000000
100362  58.228  -2.833  8.354 0.0000000000
99164  57.734  -3.073  8.818 0.0000000000
99163  58.579  -3.379  8.865 0.0000000000
100338  60.197  -3.345  10.369 0.0000000000
100331  60.571  -3.418  10.933 0.0000000000
99126  61.429  -3.768  11.757 0.0000000000
99121  60.612  -3.782  12.190 0.0000000000
97930  60.069  -4.267  12.187 0.0000000000
97931  59.310  -4.604  12.128 0.0000000000
96729  59.529  -5.673  13.391 0.0000000000
95481  59.447  -6.563  13.790 0.0000000000
45761  27.544  -45.600  33.075 0.0000000000
45732  27.751  -46.115  33.836 0.0000000000
45702  27.994  -45.959  34.703 0.0000000000
44199  28.491  -46.185  35.280 0.0000000000
44176  27.908  -46.013  36.477 0.0000000000
42620  27.027  -47.402  39.486 0.0000000000
42619  27.994  -47.226  39.435 0.0000000000
42596  28.648  -47.578  40.115 0.0000000000
31934  16.937  -53.682  41.726 0.0000000000
33487  15.491  -52.762  41.764 0.0000000000
30402  16.782  -54.572  41.633 0.0000000000
33489  13.874  -53.311  42.820 0.0000000000
31917  15.073  -53.821  43.322 0.0000000000
30382  14.590  -55.040  43.708 0.0000000000
30381  15.165  -54.651  43.338 0.0000000000
86763  53.480  -13.971  17.161 0.0000000000
85580  53.336  -15.088  17.897 0.0000000000
84357  53.365  -15.321  18.273 0.0000000000
84376  52.302  -15.149  17.480 0.0000000000
84328  52.655  -16.494  19.894 0.0000000000
84329  52.124  -16.486  19.984 0.0000000000
83221  50.177  -16.678  18.102 0.0000000000
84360  50.755  -16.539  18.076 0.0000000000
83196  51.475  -16.798  19.234 0.0000000000
83175  51.683  -16.633  19.976 0.0000000000
83157  52.293  -16.738  20.544 0.0000000000
83109  50.626  -17.650  23.392 0.0000000000
83092  50.072  -18.234  23.785 0.0000000000
74549  43.862  -24.151  20.622 0.0000000000
74548  44.186  -24.152  21.288 0.0000000000
73220  44.411  -24.761  21.545 0.0000000000
74527  44.590  -24.423  22.695 0.0000000000
73123  44.599  -25.050  24.215 0.0000000000
73122  45.186  -24.736  24.708 0.0000000000
73103  45.358  -24.600  25.378 0.0000000000
74456  45.351  -24.397  27.067 0.0000000000
73047  43.514  -25.424  27.368 0.0000000000
73046  44.292  -25.608  27.823 0.0000000000
73010  44.704  -25.638  29.281 0.0000000000
73045  44.935  -25.164  28.183 0.0000000000
74426  45.319  -24.694  28.573 0.0000000000
74401  46.248  -24.039  29.797 0.0000000000
62561  35.703  -32.288  27.698 0.0000000000
62546  36.074  -32.520  28.431 0.0000000000
48570  36.894  -42.628  36.283 0.0000000000
49976  36.741  -41.736  36.251 0.0000000000
48553  37.475  -42.643  36.877 0.0000000000
89154  52.114  -12.509  15.295 0.0000000000
87973  51.222  -12.674  15.379 0.0000000000
87940  53.156  -13.242  16.771 0.0000000000
99149  55.340  -3.531  9.414 0.0000000000
99150  54.413  -3.090  9.451 0.0000000000
28867  10.045  -55.799  38.961 0.0000000000
28859  9.813  -56.304  40.040 0.0000000000
28840  9.089  -56.295  41.711 0.0000000000
28813  8.874  -56.033  43.181 0.0000000000
31947  6.991  -55.131  40.303 0.0000000000
28828  7.361  -56.109  42.583 0.0000000000
27174  7.720  -56.528  43.608 0.0000000000
78367  42.565  -20.731  19.385 0.0000000000
77146  42.632  -21.653  19.485 0.0000000000
75837  42.884  -22.856  19.984 0.0000000000
74566  43.208  -24.064  20.174 0.0000000000
73245  43.632  -24.696  20.319 0.0000000000
73188  43.216  -25.692  22.142 0.0000000000
73107  42.642  -26.114  24.406 0.0000000000
71662  42.454  -26.050  25.937 0.0000000000
71770  39.928  -26.211  20.801 0.0000000000
71729  41.006  -26.822  22.847 0.0000000000
71704  40.472  -27.120  22.993 0.0000000000
71703  40.930  -26.731  23.591 0.0000000000
71728  41.333  -26.459  23.361 0.0000000000
70263  43.155  -27.631  28.009 0.0000000000
70248  42.908  -27.681  28.600 0.0000000000
68916  42.626  -28.427  28.529 0.0000000000
68905  42.789  -28.039  28.923 0.0000000000
66224  43.137  -30.335  31.185 0.0000000000
53012  31.573  -39.932  28.027 0.0000000000
50081  30.406  -42.488  28.289 0.0000000000
51572  31.471  -41.779  28.521 0.0000000000
48665  32.104  -42.953  30.544 0.0000000000
50073  31.985  -42.292  29.973 0.0000000000
51554  31.897  -41.823  29.438 0.0000000000
51553  32.466  -41.337  30.009 0.0000000000
51552  33.089  -41.041  30.502 0.0000000000
52956  33.532  -40.999  31.525 0.0000000000
51515  33.970  -41.184  32.434 0.0000000000
51495  34.386  -41.561  32.983 0.0000000000
50030  33.984  -42.404  32.666 0.0000000000
50018  34.428  -42.290  33.553 0.0000000000
50004  34.886  -42.088  34.306 0.0000000000
47138  36.506  -43.042  35.679 0.0000000000
45760  28.497  -45.876  32.954 0.0000000000
45730  29.896  -45.835  33.847 0.0000000000
45729  30.922  -45.887  33.764 0.0000000000
44237  31.656  -45.744  33.814 0.0000000000
44172  32.224  -46.205  36.260 0.0000000000
44195  32.809  -45.880  35.340 0.0000000000
45727  33.305  -45.436  34.498 0.0000000000
45725  34.922  -44.608  34.754 0.0000000000
45683  35.045  -45.194  35.846 0.0000000000
45698  35.369  -44.515  35.193 0.0000000000
47122  36.191  -44.336  35.805 0.0000000000
47121  36.540  -43.665  36.028 0.0000000000
47105  36.868  -43.642  36.437 0.0000000000
41115  23.779  -48.557  43.751 0.0000000000
41116  23.344  -48.067  44.194 0.0000000000
41117  22.493  -47.862  44.336 0.0000000000
41135  22.067  -47.742  43.627 0.0000000000
41118  21.595  -47.839  44.401 0.0000000000
41119  20.666  -47.991  44.271 0.0000000000
41120  19.884  -48.414  43.885 0.0000000000
41170  19.923  -48.724  41.231 0.0000000000
41156  19.728  -48.427  42.378 0.0000000000
41138  19.249  -48.265  43.251 0.0000000000
41121  19.303  -48.993  43.605 0.0000000000
39654  18.833  -48.977  42.988 0.0000000000
39655  18.225  -49.637  42.739 0.0000000000
39666  18.050  -49.797  41.479 0.0000000000
39656  17.974  -49.909  42.145 0.0000000000
38050  17.994  -50.207  41.761 0.0000000000
38051  18.078  -50.857  40.898 0.0000000000
42702  19.432  -47.681  32.883 0.0000000000
42693  19.065  -48.081  33.692 0.0000000000
42703  19.003  -48.130  32.826 0.0000000000
41237  18.744  -48.091  34.445 0.0000000000
41229  18.371  -48.490  35.141 0.0000000000
39768  17.565  -49.177  31.572 0.0000000000
39740  17.845  -49.770  33.371 0.0000000000
39696  17.252  -51.199  38.727 0.0000000000
38068  16.457  -50.654  40.107 0.0000000000
38061  16.035  -50.710  40.395 0.0000000000
36499  15.181  -50.955  40.495 0.0000000000
36515  15.149  -51.522  40.144 0.0000000000
35057  15.456  -51.910  39.823 0.0000000000
35058  15.441  -52.387  40.135 0.0000000000
33524  15.069  -53.241  40.196 0.0000000000
31980  14.688  -54.143  39.811 0.0000000000
33595  16.312  -52.878  35.322 0.0000000000
32023  15.491  -53.614  37.066 0.0000000000
32002  15.347  -54.279  38.831 0.0000000000
31979  15.137  -54.278  39.374 0.0000000000
28865  13.872  -56.197  39.687 0.0000000000
28885  13.574  -56.138  37.292 0.0000000000
27238  12.833  -56.915  39.146 0.0000000000
27239  12.340  -57.075  38.685 0.0000000000
27240  11.459  -56.860  38.423 0.0000000000
28877  10.898  -56.226  38.184 0.0000000000
30462  10.757  -54.975  37.232 0.0000000000
28878  10.414  -55.614  37.931 0.0000000000
30435  9.827  -55.292  38.201 0.0000000000
30436  8.940  -55.235  38.406 0.0000000000
31981  8.684  -54.731  38.270 0.0000000000
32006  8.218  -53.944  38.095 0.0000000000
48722  28.524  -43.237  27.589 0.0000000000
47284  28.300  -44.212  29.082 0.0000000000
45811  27.086  -45.386  31.441 0.0000000000
47264  25.383  -45.145  29.469 0.0000000000
45704  26.066  -46.118  34.705 0.0000000000
44178  25.706  -45.919  36.461 0.0000000000
44128  25.180  -46.740  37.879 0.0000000000
44181  23.056  -46.293  36.218 0.0000000000
44180  23.854  -46.112  36.294 0.0000000000
42622  24.922  -47.488  39.628 0.0000000000
42600  24.436  -47.801  40.708 0.0000000000
42578  24.504  -47.968  41.610 0.0000000000
42557  24.526  -48.119  42.129 0.0000000000
35022  17.750  -52.124  42.202 0.0000000000
27214  10.881  -56.845  41.202 0.0000000000
27207  11.108  -56.774  42.121 0.0000000000
27186  10.768  -56.836  43.566 0.0000000000
27185  11.832  -56.667  43.985 0.0000000000
24013  13.113  -57.219  44.136 0.0000000000
87906  59.892  -12.736  19.816 0.0000000000
87876  60.129  -13.220  20.812 0.0000000000
86749  54.793  -14.458  18.160 0.0000000000
85577  55.356  -14.880  18.862 0.0000000000
85559  55.817  -15.015  19.295 0.0000000000
84326  54.976  -16.105  19.815 0.0000000000
85540  55.615  -15.582  19.588 0.0000000000
85539  56.306  -15.353  19.758 0.0000000000
84302  57.274  -16.141  22.058 0.0000000000
84295  57.470  -16.327  22.727 0.0000000000
83121  53.745  -17.388  22.064 0.0000000000
83104  55.592  -16.942  22.966 0.0000000000
83084  57.334  -16.835  23.423 0.0000000000
83083  58.032  -16.860  23.490 0.0000000000
81867  57.688  -17.546  23.288 0.0000000000
80744  45.729  -19.070  20.006 0.0000000000
81922  45.845  -18.053  19.156 0.0000000000
83144  48.230  -18.507  21.138 0.0000000000
81892  48.288  -17.950  21.995 0.0000000000
81882  47.839  -18.360  21.989 0.0000000000
81879  49.566  -18.608  23.038 0.0000000000
81868  49.787  -18.604  23.504 0.0000000000
81832  49.804  -19.128  24.233 0.0000000000
75813  44.272  -23.681  21.649 0.0000000000
75825  44.612  -22.724  21.774 0.0000000000
77117  45.070  -22.469  22.197 0.0000000000
75750  46.465  -23.364  27.204 0.0000000000
75769  46.755  -22.504  25.523 0.0000000000
77064  46.478  -22.149  25.044 0.0000000000
79504  46.813  -20.237  23.179 0.0000000000
79503  47.064  -19.882  23.666 0.0000000000
79468  48.017  -19.750  24.787 0.0000000000
80659  48.381  -19.395  24.370 0.0000000000
80658  49.121  -19.356  24.512 0.0000000000
80657  49.963  -19.447  24.716 0.0000000000
68940  39.206  -28.826  25.651 0.0000000000
67585  36.711  -29.089  25.958 0.0000000000
67584  37.876  -29.684  25.921 0.0000000000
67583  38.724  -29.170  26.445 0.0000000000
67567  40.211  -29.103  27.059 0.0000000000
67566  41.182  -29.306  27.345 0.0000000000
66280  41.299  -30.068  29.199 0.0000000000
52980  34.234  -39.952  30.248 0.0000000000
58521  36.692  -35.830  29.467 0.0000000000
59834  36.882  -35.085  29.475 0.0000000000
59835  36.722  -34.931  28.995 0.0000000000
61200  36.956  -34.565  29.464 0.0000000000
51437  36.386  -41.004  36.244 0.0000000000
52914  36.242  -40.322  35.907 0.0000000000
52905  37.703  -40.556  36.536 0.0000000000
52913  37.223  -40.434  35.925 0.0000000000
54334  36.978  -39.472  34.908 0.0000000000
54342  37.714  -38.848  34.258 0.0000000000
54351  37.908  -38.402  33.623 0.0000000000
54322  38.864  -38.721  36.565 0.0000000000
57076  39.161  -36.997  36.787 0.0000000000
55681  38.988  -38.033  36.136 0.0000000000
55682  38.465  -38.443  35.569 0.0000000000
55707  37.954  -37.781  33.153 0.0000000000
57107  38.041  -36.706  32.843 0.0000000000
58499  38.144  -36.103  32.524 0.0000000000
58500  38.209  -35.482  32.015 0.0000000000
58491  38.482  -34.960  32.607 0.0000000000
59804  38.071  -34.508  31.308 0.0000000000
61172  37.511  -33.591  30.752 0.0000000000
61173  37.455  -33.128  30.252 0.0000000000
62525  37.518  -32.969  30.563 0.0000000000
63792  37.730  -32.240  31.637 0.0000000000
65045  38.036  -31.748  31.572 0.0000000000
65044  38.366  -31.522  32.124 0.0000000000
66202  38.763  -31.430  32.033 0.0000000000
62485  38.410  -32.750  35.727 0.0000000000
63754  38.677  -32.340  35.102 0.0000000000
63752  39.297  -32.176  36.282 0.0000000000
63753  38.925  -32.147  35.629 0.0000000000
63770  38.774  -31.886  34.860 0.0000000000
64999  38.605  -31.622  34.270 0.0000000000
66201  39.181  -31.271  32.379 0.0000000000
66200  39.572  -31.174  32.649 0.0000000000
65043  40.032  -31.122  32.459 0.0000000000
65042  40.677  -31.212  32.529 0.0000000000
65041  41.673  -31.401  32.744 0.0000000000
99151  53.809  -2.751  9.664 0.0000000000
99138  54.609  -3.835  9.787 0.0000000000
97944  54.594  -4.909  10.654 0.0000000000
97953  55.180  -4.356  10.120 0.0000000000
97942  56.021  -4.896  10.743 0.0000000000
95497  57.478  -6.338  11.597 0.0000000000
94220  56.925  -6.729  11.526 0.0000000000
95489  58.394  -6.231  12.742 0.0000000000
95482  58.750  -6.484  13.371 0.0000000000
94204  58.989  -7.014  13.657 0.0000000000
91648  57.506  -9.249  13.866 0.0000000000
91647  58.105  -8.978  14.195 0.0000000000
92930  58.059  -8.665  13.879 0.0000000000
92929  58.667  -8.507  14.228 0.0000000000
94191  59.948  -7.515  14.868 0.0000000000
94190  60.385  -7.402  15.676 0.0000000000
91623  61.086  -9.247  17.442 0.0000000000
24012  13.609  -57.025  43.997 0.0000000000
25606  12.919  -56.988  44.891 0.0000000000
25607  12.119  -57.093  44.730 0.0000000000
25608  11.396  -57.105  44.230 0.0000000000
27167  13.981  -56.181  44.806 0.0000000000
27218  13.470  -56.464  40.162 0.0000000000
27229  10.444  -56.729  39.471 0.0000000000
28797  13.323  -55.851  44.896 0.0000000000
28798  9.767  -56.750  43.527 0.0000000000
28810  12.586  -56.348  43.906 0.0000000000
28811  10.519  -56.707  43.167 0.0000000000
28838  12.377  -56.604  43.026 0.0000000000
28888  10.595  -55.391  37.474 0.0000000000
28894  14.003  -55.608  36.720 0.0000000000
28897  11.914  -56.091  36.661 0.0000000000
30373  14.642  -55.509  43.921 0.0000000000
30374  14.219  -55.678  44.265 0.0000000000
30392  16.180  -55.077  41.978 0.0000000000
30396  6.821  -56.018  42.027 0.0000000000
30415  8.521  -55.476  39.882 0.0000000000
30417  7.354  -55.268  40.795 0.0000000000
31920  13.924  -54.978  43.604 0.0000000000
31927  14.923  -53.309  43.313 0.0000000000
31928  14.319  -53.683  43.486 0.0000000000
31929  13.701  -54.226  43.370 0.0000000000
32038  15.588  -53.698  36.655 0.0000000000
33474  14.004  -53.416  43.280 0.0000000000
33499  17.705  -52.363  42.150 0.0000000000
33500  17.643  -52.547  42.017 0.0000000000
33594  16.510  -52.529  34.964 0.0000000000
34968  17.760  -51.330  42.973 0.0000000000
34982  17.862  -51.733  43.027 0.0000000000
35001  17.856  -52.043  42.562 0.0000000000
35002  17.735  -51.969  41.947 0.0000000000
35023  17.620  -52.306  41.926 0.0000000000
36483  17.355  -51.590  41.014 0.0000000000
36485  15.772  -52.200  40.903 0.0000000000
36531  15.000  -51.465  39.949 0.0000000000
38020  18.572  -50.385  44.290 0.0000000000
38080  15.004  -50.498  39.643 0.0000000000
38099  16.025  -49.917  37.244 0.0000000000
41165  24.013  -47.713  41.937 0.0000000000
41176  24.162  -47.731  41.419 0.0000000000
42558  24.242  -47.887  42.210 0.0000000000
42579  24.322  -47.882  41.972 0.0000000000
42601  23.451  -47.587  40.450 0.0000000000
42602  22.932  -47.518  40.368 0.0000000000
42618  28.977  -46.995  39.295 0.0000000000
42642  26.491  -47.233  38.716 0.0000000000
44103  29.031  -46.954  38.736 0.0000000000
44223  28.687  -46.318  34.614 0.0000000000
44236  32.024  -45.720  33.898 0.0000000000
45670  35.133  -45.612  36.320 0.0000000000
45682  35.762  -44.598  35.685 0.0000000000
45697  35.311  -44.411  34.986 0.0000000000
45699  34.569  -45.023  35.244 0.0000000000
45724  35.118  -44.477  34.844 0.0000000000
45728  31.411  -45.782  33.784 0.0000000000
47153  35.282  -44.288  34.758 0.0000000000
47207  21.784  -45.503  31.269 0.0000000000
48590  36.352  -42.456  35.406 0.0000000000
49966  37.375  -41.880  36.893 0.0000000000
50059  33.079  -41.980  30.785 0.0000000000
51415  37.710  -41.085  36.984 0.0000000000
52904  38.389  -40.058  36.776 0.0000000000
52921  35.788  -40.059  35.322 0.0000000000
52932  35.557  -40.747  33.929 0.0000000000
52942  35.239  -40.609  33.105 0.0000000000
54311  39.005  -38.739  37.020 0.0000000000
54399  33.906  -38.578  29.332 0.0000000000
57091  39.212  -36.764  35.009 0.0000000000
57099  39.160  -36.784  34.770 0.0000000000
58464  39.297  -36.540  35.053 0.0000000000
58478  39.237  -36.599  34.828 0.0000000000
65014  38.730  -31.158  33.799 0.0000000000
66230  38.241  -31.604  29.721 0.0000000000
66309  38.580  -30.146  28.566 0.0000000000
67555  38.908  -29.752  27.964 0.0000000000
67572  35.654  -29.400  26.605 0.0000000000
67587  35.570  -29.000  26.143 0.0000000000
68906  42.723  -27.980  28.444 0.0000000000
68928  41.664  -28.496  27.383 0.0000000000
68941  38.521  -29.101  25.751 0.0000000000
68942  36.459  -28.888  25.297 0.0000000000
68979  39.363  -27.735  23.965 0.0000000000
70359  39.158  -26.889  20.988 0.0000000000
71596  43.357  -26.594  28.843 0.0000000000
71619  43.008  -27.179  27.510 0.0000000000
71702  41.429  -26.054  23.869 0.0000000000
71771  39.143  -26.462  20.515 0.0000000000
73186  44.268  -24.711  22.762 0.0000000000
74440  46.487  -23.406  27.512 0.0000000000
75839  41.000  -23.413  19.481 0.0000000000
77116  45.281  -21.851  21.969 0.0000000000
79481  47.719  -19.726  24.347 0.0000000000
81830  50.671  -18.779  24.643 0.0000000000
81831  50.357  -19.013  24.490 0.0000000000
81847  57.917  -17.063  23.535 0.0000000000
81851  49.952  -18.526  23.933 0.0000000000
81866  58.095  -17.121  23.388 0.0000000000
81877  58.336  -17.285  23.007 0.0000000000
81880  48.784  -18.606  22.644 0.0000000000
83057  51.084  -18.681  24.880 0.0000000000
83076  50.868  -18.578  24.491 0.0000000000
83102  57.394  -16.508  23.046 0.0000000000
83116  58.999  -16.195  22.032 0.0000000000
83118  56.622  -16.323  22.142 0.0000000000
84285  58.100  -16.722  23.426 0.0000000000
84286  57.943  -16.641  23.409 0.0000000000
84294  57.841  -16.420  23.051 0.0000000000
84311  57.451  -15.242  21.220 0.0000000000
84325  55.985  -16.049  20.102 0.0000000000
85503  57.460  -15.689  21.736 0.0000000000
85519  57.549  -15.451  21.625 0.0000000000
85595  54.376  -14.627  18.032 0.0000000000
86714  56.631  -14.414  19.700 0.0000000000
86758  58.400  -13.002  17.494 0.0000000000
86779  57.472  -13.141  16.767 0.0000000000
87953  58.511  -12.398  16.793 0.0000000000
87955  56.811  -12.953  16.514 0.0000000000
89107  60.403  -11.875  19.413 0.0000000000
89147  59.411  -11.304  16.345 0.0000000000
89155  51.573  -12.567  15.339 0.0000000000
91641  54.963  -10.853  14.210 0.0000000000
92909  60.368  -8.763  16.203 0.0000000000
92942  57.107  -8.850  12.722 0.0000000000
94198  59.251  -7.501  14.072 0.0000000000
94199  58.657  -7.915  13.896 0.0000000000
95483  58.107  -6.825  13.048 0.0000000000
96715  60.879  -5.831  15.165 0.0000000000
96721  61.393  -5.179  14.674 0.0000000000
96735  60.265  -4.638  12.614 0.0000000000
96756  56.902  -5.120  10.298 0.0000000000
99137  55.107  -3.957  9.754 0.0000000000
101598  60.749  -2.583  10.013 0.0000000000
101599  60.680  -2.947  10.014 0.0000000000
101600  60.515  -3.119  10.154 0.0000000000
101608  60.811  -2.778  9.982 0.0000000000
