#!ascii label  , from subject 3457 vox2ras=TkReg
700
11128  -41.282  -76.038  -20.663 0.0000000000
20472  -40.461  -68.066  -29.879 0.0000000000
19241  -37.519  -68.104  -20.482 0.0000000000
14071  -41.819  -72.612  -24.986 0.0000000000
22552  -37.249  -65.329  -24.952 0.0000000000
12124  -35.365  -75.577  -17.790 0.0000000000
21332  -33.620  -67.796  -14.642 0.0000000000
23477  -33.911  -64.194  -8.726 0.0000000000
22496  -33.980  -65.093  -20.479 0.0000000000
21447  -36.617  -67.159  -22.424 0.0000000000
26290  -36.067  -63.005  -22.503 0.0000000000
16026  -35.516  -71.294  -16.446 0.0000000000
17047  -36.835  -70.455  -13.327 0.0000000000
30765  -34.079  -58.502  -8.396 0.0000000000
27318  -32.210  -61.877  -10.260 0.0000000000
12174  -37.428  -75.337  -22.042 0.0000000000
17225  -41.470  -70.721  -28.038 0.0000000000
15090  -38.607  -72.842  -26.772 0.0000000000
15137  -39.878  -72.005  -30.608 0.0000000000
14999  -40.694  -72.259  -19.912 0.0000000000
14040  -41.693  -73.548  -21.747 0.0000000000
18253  -39.194  -69.140  -24.927 0.0000000000
22624  -38.640  -66.697  -27.442 0.0000000000
14992  -36.662  -72.664  -19.405 0.0000000000
20304  -34.644  -68.024  -18.636 0.0000000000
22455  -32.254  -64.805  -17.232 0.0000000000
18047  -36.554  -69.178  -9.685 0.0000000000
20184  -32.537  -66.646  -10.966 0.0000000000
24855  -32.330  -63.505  -13.811 0.0000000000
28675  -33.966  -60.661  -15.792 0.0000000000
15019  -38.190  -72.709  -23.663 0.0000000000
22574  -45.801  -65.219  -25.809 0.0000000000
23864  -43.850  -65.135  -29.710 0.0000000000
22718  -44.916  -65.881  -32.648 0.0000000000
24937  -33.653  -63.413  -19.931 0.0000000000
23695  -34.619  -64.357  -21.552 0.0000000000
12177  -39.722  -75.581  -21.717 0.0000000000
18328  -41.092  -69.276  -29.026 0.0000000000
16165  -41.053  -71.491  -29.021 0.0000000000
19377  -40.990  -68.810  -30.148 0.0000000000
18341  -39.591  -69.379  -30.485 0.0000000000
20473  -41.135  -67.947  -30.742 0.0000000000
17109  -38.970  -70.668  -20.099 0.0000000000
19243  -39.387  -69.323  -21.162 0.0000000000
21475  -36.205  -66.482  -24.447 0.0000000000
19271  -38.345  -68.522  -23.717 0.0000000000
19288  -37.518  -68.184  -25.176 0.0000000000
19311  -38.598  -68.458  -26.898 0.0000000000
22596  -37.754  -66.299  -26.089 0.0000000000
14013  -37.275  -73.652  -19.306 0.0000000000
13998  -35.882  -74.208  -18.428 0.0000000000
19191  -35.129  -69.023  -15.233 0.0000000000
18172  -34.536  -69.261  -17.304 0.0000000000
21361  -33.524  -67.672  -16.228 0.0000000000
21378  -33.388  -67.081  -17.463 0.0000000000
21360  -32.921  -66.961  -16.376 0.0000000000
21251  -34.934  -66.629  -9.507 0.0000000000
20160  -34.034  -67.570  -9.820 0.0000000000
22317  -32.798  -65.388  -9.704 0.0000000000
29711  -33.292  -59.673  -11.539 0.0000000000
26123  -32.522  -62.873  -12.037 0.0000000000
27373  -33.021  -61.181  -12.993 0.0000000000
27427  -32.941  -61.728  -14.916 0.0000000000
15023  -41.995  -72.719  -23.281 0.0000000000
15012  -39.747  -72.596  -22.938 0.0000000000
15035  -39.651  -72.763  -24.679 0.0000000000
15069  -37.000  -72.317  -26.318 0.0000000000
22555  -48.054  -65.782  -24.361 0.0000000000
22629  -44.975  -65.383  -27.839 0.0000000000
22694  -46.049  -65.481  -30.858 0.0000000000
21409  -35.926  -67.229  -20.312 0.0000000000
20327  -37.626  -67.563  -21.030 0.0000000000
21435  -35.229  -66.159  -21.508 0.0000000000
22536  -35.441  -65.319  -23.198 0.0000000000
23724  -36.659  -64.022  -23.786 0.0000000000
13985  -35.306  -73.645  -17.054 0.0000000000
18148  -36.744  -70.463  -15.060 0.0000000000
18118  -34.659  -68.857  -13.654 0.0000000000
27251  -33.880  -61.242  -7.926 0.0000000000
26032  -32.652  -62.567  -8.924 0.0000000000
29687  -33.026  -59.980  -9.337 0.0000000000
30778  -33.965  -58.349  -10.507 0.0000000000
31797  -34.878  -57.757  -11.826 0.0000000000
15072  -41.592  -72.247  -26.371 0.0000000000
14094  -39.873  -72.947  -26.179 0.0000000000
15091  -40.595  -72.617  -27.916 0.0000000000
14141  -39.407  -72.691  -28.584 0.0000000000
15134  -37.596  -71.543  -29.557 0.0000000000
16185  -38.598  -71.154  -30.832 0.0000000000
18370  -39.399  -69.597  -32.252 0.0000000000
18373  -42.040  -69.014  -33.071 0.0000000000
13117  -40.866  -74.686  -19.569 0.0000000000
13137  -41.342  -74.391  -21.188 0.0000000000
16052  -42.360  -71.715  -22.138 0.0000000000
17145  -42.159  -71.331  -23.766 0.0000000000
19258  -39.451  -68.858  -22.461 0.0000000000
18233  -40.111  -69.364  -23.224 0.0000000000
17173  -41.331  -70.410  -25.056 0.0000000000
18282  -40.663  -69.856  -26.447 0.0000000000
19324  -39.772  -68.691  -27.893 0.0000000000
21564  -39.628  -67.427  -28.931 0.0000000000
13115  -38.946  -74.629  -19.407 0.0000000000
14994  -38.866  -72.668  -19.707 0.0000000000
17108  -37.766  -70.592  -19.771 0.0000000000
16032  -35.178  -71.670  -17.667 0.0000000000
17101  -35.975  -69.911  -19.098 0.0000000000
19233  -35.922  -68.653  -19.285 0.0000000000
21407  -34.039  -66.528  -19.478 0.0000000000
22474  -33.132  -65.138  -19.075 0.0000000000
26203  -33.335  -62.245  -18.085 0.0000000000
17020  -36.280  -70.609  -11.170 0.0000000000
19139  -34.014  -68.844  -12.212 0.0000000000
20222  -33.042  -67.593  -12.660 0.0000000000
23544  -32.365  -64.511  -10.823 0.0000000000
22379  -32.417  -65.521  -12.162 0.0000000000
22408  -32.279  -65.904  -14.264 0.0000000000
23608  -32.161  -64.316  -15.751 0.0000000000
26187  -32.808  -62.356  -16.481 0.0000000000
14038  -39.822  -73.751  -21.708 0.0000000000
14049  -37.223  -73.457  -22.449 0.0000000000
15052  -38.319  -72.771  -25.374 0.0000000000
15050  -36.136  -72.358  -25.449 0.0000000000
23765  -39.445  -65.216  -26.047 0.0000000000
22626  -40.037  -65.543  -27.643 0.0000000000
23835  -41.262  -65.271  -28.565 0.0000000000
23837  -43.045  -65.152  -28.431 0.0000000000
23875  -41.755  -65.243  -29.744 0.0000000000
22702  -42.262  -66.112  -31.758 0.0000000000
21601  -43.209  -66.567  -32.660 0.0000000000
26225  -34.226  -62.220  -19.403 0.0000000000
26247  -34.560  -62.718  -20.431 0.0000000000
11144  -39.494  -76.609  -22.112 0.0000000000
11126  -40.246  -76.163  -21.707 0.0000000000
19376  -40.776  -68.670  -29.664 0.0000000000
19356  -41.028  -69.010  -29.491 0.0000000000
18189  -38.271  -69.702  -20.063 0.0000000000
18199  -39.543  -69.803  -20.795 0.0000000000
19242  -38.480  -68.791  -20.744 0.0000000000
22569  -36.703  -65.924  -24.953 0.0000000000
20372  -36.609  -67.191  -24.701 0.0000000000
21483  -36.792  -66.544  -25.152 0.0000000000
21484  -37.256  -66.676  -25.749 0.0000000000
22570  -37.345  -65.965  -25.529 0.0000000000
11083  -35.399  -76.609  -18.324 0.0000000000
12125  -35.785  -75.587  -18.539 0.0000000000
13103  -36.181  -74.741  -18.633 0.0000000000
13102  -35.684  -74.742  -18.144 0.0000000000
19190  -34.664  -68.534  -15.192 0.0000000000
19201  -34.540  -68.787  -15.992 0.0000000000
20274  -34.103  -68.253  -15.752 0.0000000000
21340  -33.113  -67.353  -15.527 0.0000000000
24746  -34.830  -63.654  -8.789 0.0000000000
24747  -35.589  -63.239  -8.948 0.0000000000
24766  -35.268  -64.304  -9.150 0.0000000000
23490  -35.588  -64.951  -9.485 0.0000000000
23489  -34.498  -64.788  -9.038 0.0000000000
21250  -33.940  -66.516  -9.544 0.0000000000
23488  -33.424  -64.773  -9.034 0.0000000000
29735  -33.572  -59.764  -12.396 0.0000000000
28584  -32.904  -60.993  -12.579 0.0000000000
28600  -33.392  -60.382  -13.504 0.0000000000
28601  -33.856  -59.943  -13.455 0.0000000000
15037  -41.454  -72.825  -24.394 0.0000000000
15022  -41.203  -72.783  -23.564 0.0000000000
15036  -40.544  -72.827  -24.797 0.0000000000
22658  -45.732  -65.521  -28.756 0.0000000000
22678  -46.437  -65.462  -29.715 0.0000000000
21421  -35.141  -66.637  -20.615 0.0000000000
21422  -35.956  -66.872  -21.009 0.0000000000
21434  -34.578  -65.782  -20.944 0.0000000000
24965  -35.040  -63.656  -21.935 0.0000000000
23707  -35.004  -64.456  -22.174 0.0000000000
23722  -35.403  -64.500  -22.871 0.0000000000
23723  -36.061  -64.447  -23.611 0.0000000000
26307  -36.303  -63.284  -22.999 0.0000000000
18132  -35.699  -69.370  -14.590 0.0000000000
18120  -36.380  -69.929  -13.788 0.0000000000
28462  -34.188  -60.146  -7.843 0.0000000000
29665  -33.849  -59.376  -8.225 0.0000000000
28481  -33.234  -60.695  -8.443 0.0000000000
30764  -33.609  -59.010  -8.943 0.0000000000
30785  -34.166  -58.418  -11.253 0.0000000000
13148  -36.682  -74.544  -22.158 0.0000000000
16124  -41.510  -71.413  -27.155 0.0000000000
14096  -40.902  -72.745  -26.818 0.0000000000
15092  -41.117  -72.344  -27.483 0.0000000000
16164  -40.765  -71.558  -29.594 0.0000000000
14142  -39.910  -72.712  -29.096 0.0000000000
15123  -40.094  -72.352  -29.919 0.0000000000
15136  -39.244  -72.016  -30.461 0.0000000000
15135  -38.319  -71.610  -30.203 0.0000000000
18353  -41.064  -69.139  -31.799 0.0000000000
18352  -40.023  -69.088  -31.491 0.0000000000
18372  -41.405  -69.263  -32.803 0.0000000000
19426  -42.013  -68.779  -32.214 0.0000000000
14996  -40.979  -73.008  -19.726 0.0000000000
14027  -41.918  -73.824  -20.168 0.0000000000
17134  -42.052  -71.196  -22.719 0.0000000000
18235  -41.425  -70.444  -22.800 0.0000000000
20335  -37.236  -67.258  -22.105 0.0000000000
20336  -38.203  -67.725  -21.955 0.0000000000
19257  -38.677  -68.327  -22.687 0.0000000000
19272  -39.250  -68.915  -23.408 0.0000000000
18254  -39.869  -69.383  -24.333 0.0000000000
18255  -40.872  -69.966  -24.017 0.0000000000
18270  -40.727  -69.936  -25.098 0.0000000000
17189  -41.196  -70.311  -25.699 0.0000000000
20398  -38.242  -67.725  -27.066 0.0000000000
19312  -39.138  -68.629  -27.268 0.0000000000
20436  -38.870  -67.696  -27.842 0.0000000000
19339  -39.614  -68.302  -28.288 0.0000000000
21549  -39.240  -67.073  -28.429 0.0000000000
14014  -38.363  -73.646  -19.453 0.0000000000
14993  -37.754  -72.649  -19.605 0.0000000000
16039  -38.301  -71.639  -19.819 0.0000000000
16038  -37.145  -71.616  -19.688 0.0000000000
14967  -35.391  -72.541  -16.654 0.0000000000
14977  -35.248  -72.838  -17.580 0.0000000000
19214  -34.263  -68.708  -17.290 0.0000000000
18178  -34.998  -69.440  -18.154 0.0000000000
19226  -35.178  -68.713  -18.729 0.0000000000
18179  -35.629  -69.393  -18.912 0.0000000000
20305  -35.361  -68.279  -19.132 0.0000000000
20317  -34.986  -67.676  -19.340 0.0000000000
21395  -34.635  -67.509  -19.155 0.0000000000
22456  -32.696  -65.657  -17.784 0.0000000000
22475  -33.424  -66.173  -18.878 0.0000000000
23640  -32.737  -64.254  -18.552 0.0000000000
24904  -32.728  -63.237  -17.987 0.0000000000
18071  -35.822  -69.859  -10.152 0.0000000000
20186  -33.557  -67.942  -10.436 0.0000000000
19125  -34.054  -68.713  -10.739 0.0000000000
19138  -33.279  -68.131  -11.652 0.0000000000
19147  -33.622  -68.225  -12.855 0.0000000000
20209  -32.815  -67.444  -11.735 0.0000000000
26078  -32.145  -62.834  -9.950 0.0000000000
24765  -32.345  -63.617  -9.591 0.0000000000
24781  -32.201  -63.668  -10.416 0.0000000000
24842  -32.510  -63.512  -12.864 0.0000000000
24830  -32.521  -63.877  -12.221 0.0000000000
23575  -32.368  -64.655  -13.100 0.0000000000
22393  -32.354  -65.839  -13.110 0.0000000000
23589  -32.112  -64.526  -14.567 0.0000000000
27428  -33.378  -61.169  -15.389 0.0000000000
26173  -32.655  -62.491  -15.411 0.0000000000
27447  -32.985  -61.786  -15.737 0.0000000000
27448  -33.460  -61.386  -16.419 0.0000000000
13138  -41.970  -73.838  -21.271 0.0000000000
13136  -40.303  -74.575  -21.442 0.0000000000
14039  -40.844  -73.634  -21.664 0.0000000000
15011  -38.736  -72.746  -22.912 0.0000000000
14050  -38.290  -73.318  -22.331 0.0000000000
15010  -37.782  -72.929  -22.866 0.0000000000
14060  -36.647  -73.258  -22.806 0.0000000000
15018  -37.024  -72.848  -23.321 0.0000000000
14107  -39.304  -73.002  -26.496 0.0000000000
14093  -39.480  -72.981  -25.930 0.0000000000
15070  -37.989  -72.708  -26.164 0.0000000000
15068  -35.915  -71.900  -26.562 0.0000000000
23740  -39.762  -64.474  -25.117 0.0000000000
23790  -41.425  -64.971  -26.717 0.0000000000
22655  -40.660  -65.469  -28.306 0.0000000000
23809  -41.102  -65.164  -27.710 0.0000000000
22657  -44.542  -65.283  -28.988 0.0000000000
22628  -44.008  -65.261  -28.047 0.0000000000
23863  -43.081  -65.081  -29.449 0.0000000000
23862  -42.290  -65.076  -29.200 0.0000000000
23876  -42.401  -65.090  -30.106 0.0000000000
22689  -41.679  -65.817  -30.853 0.0000000000
22690  -42.686  -65.311  -30.855 0.0000000000
22705  -44.665  -65.509  -31.839 0.0000000000
22716  -43.478  -65.887  -32.251 0.0000000000
21602  -44.274  -66.597  -33.192 0.0000000000
23681  -33.858  -64.212  -20.514 0.0000000000
22507  -34.435  -64.961  -21.099 0.0000000000
24950  -34.184  -63.483  -20.589 0.0000000000
26268  -34.737  -62.993  -20.962 0.0000000000
26269  -35.393  -62.809  -21.538 0.0000000000
31774  -33.889  -58.230  -9.003 0.0000000000
34017  -34.875  -55.399  -9.311 0.0000000000
12176  -38.803  -75.417  -21.813 0.0000000000
18311  -40.830  -69.245  -28.366 0.0000000000
16146  -41.200  -71.716  -28.379 0.0000000000
18312  -41.386  -69.892  -28.625 0.0000000000
17241  -40.997  -70.893  -29.836 0.0000000000
17257  -40.331  -70.633  -30.370 0.0000000000
18342  -40.688  -69.398  -30.540 0.0000000000
19401  -41.427  -68.730  -31.143 0.0000000000
20488  -41.708  -67.871  -31.697 0.0000000000
17110  -39.608  -71.195  -20.130 0.0000000000
17118  -40.001  -70.783  -20.440 0.0000000000
18200  -40.348  -70.314  -21.012 0.0000000000
18208  -40.124  -69.711  -21.476 0.0000000000
20343  -36.152  -67.137  -23.277 0.0000000000
20345  -37.714  -67.890  -23.017 0.0000000000
20358  -37.048  -67.898  -24.093 0.0000000000
19270  -37.764  -68.366  -24.302 0.0000000000
19289  -38.365  -68.784  -24.852 0.0000000000
18268  -38.919  -69.044  -25.723 0.0000000000
19302  -37.620  -68.037  -26.063 0.0000000000
20397  -37.780  -67.523  -26.510 0.0000000000
22597  -38.451  -66.269  -26.741 0.0000000000
14012  -36.197  -73.673  -18.848 0.0000000000
14991  -35.805  -72.599  -18.990 0.0000000000
17095  -35.444  -70.279  -16.071 0.0000000000
17098  -34.910  -70.278  -17.203 0.0000000000
18164  -34.851  -69.395  -16.307 0.0000000000
19213  -34.276  -68.710  -16.640 0.0000000000
20288  -34.003  -68.198  -17.101 0.0000000000
20303  -33.923  -67.687  -18.045 0.0000000000
21377  -32.851  -66.484  -17.050 0.0000000000
22439  -32.173  -65.111  -16.613 0.0000000000
21252  -36.063  -66.491  -9.681 0.0000000000
20161  -35.334  -67.510  -9.586 0.0000000000
19103  -34.771  -68.359  -9.809 0.0000000000
20159  -33.438  -66.964  -9.880 0.0000000000
21272  -32.815  -66.606  -10.254 0.0000000000
29710  -32.765  -60.192  -10.909 0.0000000000
27343  -32.382  -61.800  -11.383 0.0000000000
28552  -32.796  -60.701  -11.849 0.0000000000
27372  -32.776  -61.721  -12.484 0.0000000000
26136  -32.648  -62.643  -13.147 0.0000000000
26150  -32.635  -62.427  -14.262 0.0000000000
27400  -32.908  -61.551  -14.154 0.0000000000
27401  -33.211  -61.006  -14.526 0.0000000000
28648  -33.748  -60.478  -14.913 0.0000000000
14062  -41.849  -73.054  -22.838 0.0000000000
14052  -40.319  -73.036  -22.251 0.0000000000
15013  -40.643  -72.663  -22.982 0.0000000000
15021  -40.208  -72.646  -23.817 0.0000000000
15034  -38.727  -72.729  -24.603 0.0000000000
15089  -37.759  -72.453  -27.045 0.0000000000
22603  -47.448  -65.614  -26.384 0.0000000000
22602  -46.420  -65.493  -26.490 0.0000000000
22601  -45.119  -65.322  -26.527 0.0000000000
22630  -46.032  -65.532  -27.595 0.0000000000
22676  -44.569  -65.242  -30.162 0.0000000000
23878  -43.895  -65.181  -30.445 0.0000000000
22693  -45.142  -65.406  -30.943 0.0000000000
22706  -45.514  -65.468  -31.859 0.0000000000
20319  -36.832  -67.670  -20.290 0.0000000000
21410  -36.693  -67.180  -20.723 0.0000000000
21423  -36.722  -67.027  -21.386 0.0000000000
21437  -36.527  -67.004  -22.035 0.0000000000
22508  -34.767  -65.211  -21.615 0.0000000000
21445  -35.465  -66.150  -22.433 0.0000000000
21446  -36.011  -66.909  -22.690 0.0000000000
21462  -35.572  -66.184  -23.277 0.0000000000
23737  -36.263  -64.847  -24.068 0.0000000000
23738  -36.987  -64.516  -24.285 0.0000000000
13090  -35.446  -74.628  -17.404 0.0000000000
16027  -36.111  -71.504  -15.814 0.0000000000
16011  -36.657  -71.231  -15.447 0.0000000000
17096  -36.017  -70.850  -15.750 0.0000000000
18146  -35.612  -69.676  -15.380 0.0000000000
19178  -35.050  -68.853  -14.605 0.0000000000
19165  -34.360  -68.354  -13.982 0.0000000000
27271  -34.514  -61.814  -8.093 0.0000000000
26034  -34.177  -62.695  -8.355 0.0000000000
23476  -33.183  -64.050  -8.818 0.0000000000
26033  -33.209  -62.637  -8.500 0.0000000000
28480  -32.799  -61.081  -8.797 0.0000000000
29686  -32.760  -60.396  -9.575 0.0000000000
31781  -33.784  -58.477  -9.379 0.0000000000
30777  -33.560  -58.868  -9.872 0.0000000000
29694  -33.108  -59.631  -10.418 0.0000000000
30784  -33.659  -58.993  -10.844 0.0000000000
30801  -33.861  -59.029  -11.527 0.0000000000
30802  -34.309  -58.740  -11.986 0.0000000000
15073  -41.976  -72.141  -25.788 0.0000000000
14083  -41.214  -72.839  -25.821 0.0000000000
14095  -40.402  -72.903  -26.441 0.0000000000
14121  -39.628  -72.933  -27.724 0.0000000000
14140  -39.029  -72.749  -28.011 0.0000000000
15120  -37.748  -71.768  -28.767 0.0000000000
18340  -38.625  -69.351  -30.346 0.0000000000
18369  -38.724  -69.755  -31.755 0.0000000000
17286  -38.927  -70.681  -32.389 0.0000000000
17287  -39.837  -70.475  -33.200 0.0000000000
18391  -40.950  -69.662  -33.311 0.0000000000
12146  -41.128  -75.488  -19.764 0.0000000000
12179  -41.293  -75.415  -20.914 0.0000000000
13125  -41.759  -74.563  -20.606 0.0000000000
13126  -41.993  -74.225  -21.035 0.0000000000
14041  -42.285  -73.283  -21.627 0.0000000000
15005  -42.332  -72.502  -21.164 0.0000000000
15014  -42.416  -72.744  -22.318 0.0000000000
16053  -42.444  -72.066  -22.797 0.0000000000
16055  -42.323  -72.036  -23.704 0.0000000000
16061  -42.137  -71.662  -24.573 0.0000000000
20328  -38.317  -68.068  -21.342 0.0000000000
19250  -39.425  -69.044  -21.624 0.0000000000
18256  -41.360  -70.359  -23.519 0.0000000000
17159  -41.717  -70.849  -24.406 0.0000000000
16076  -41.907  -71.337  -25.102 0.0000000000
16098  -41.819  -71.470  -26.018 0.0000000000
17190  -41.453  -70.633  -26.432 0.0000000000
18283  -41.208  -70.244  -26.936 0.0000000000
18281  -39.431  -69.086  -26.671 0.0000000000
18295  -40.230  -69.209  -27.555 0.0000000000
18296  -41.152  -69.904  -27.592 0.0000000000
19340  -40.167  -68.727  -28.332 0.0000000000
20455  -39.921  -67.897  -29.179 0.0000000000
21565  -39.917  -67.036  -29.369 0.0000000000
12145  -40.398  -75.549  -19.555 0.0000000000
13116  -39.967  -74.656  -19.466 0.0000000000
14015  -39.450  -73.674  -19.540 0.0000000000
16040  -39.317  -71.738  -19.933 0.0000000000
18188  -37.354  -69.599  -19.681 0.0000000000
13997  -35.519  -73.697  -18.086 0.0000000000
14985  -35.399  -72.610  -18.318 0.0000000000
16034  -35.525  -71.681  -18.732 0.0000000000
17100  -35.460  -70.471  -18.594 0.0000000000
17106  -35.800  -71.063  -19.114 0.0000000000
17107  -36.480  -70.511  -19.388 0.0000000000
18187  -36.447  -69.390  -19.319 0.0000000000
19234  -37.058  -68.584  -19.910 0.0000000000
20318  -35.736  -67.876  -19.613 0.0000000000
21408  -34.852  -67.161  -19.734 0.0000000000
21420  -34.333  -66.220  -20.193 0.0000000000
21394  -33.998  -67.138  -18.749 0.0000000000
22486  -33.648  -65.706  -19.717 0.0000000000
23658  -33.119  -64.111  -19.465 0.0000000000
24925  -33.193  -63.103  -18.976 0.0000000000
18070  -34.973  -69.565  -10.779 0.0000000000
18089  -34.745  -69.555  -11.777 0.0000000000
18101  -35.710  -70.072  -12.681 0.0000000000
18100  -34.741  -69.239  -12.916 0.0000000000
19164  -33.928  -68.193  -13.580 0.0000000000
20237  -33.495  -67.743  -13.636 0.0000000000
23487  -32.765  -64.264  -9.238 0.0000000000
22344  -32.453  -65.190  -10.390 0.0000000000
24804  -32.370  -63.723  -11.351 0.0000000000
23564  -32.477  -64.613  -11.787 0.0000000000
21295  -32.400  -66.186  -11.429 0.0000000000
21304  -32.469  -66.467  -12.430 0.0000000000
21317  -32.610  -66.638  -13.569 0.0000000000
21330  -32.599  -66.640  -14.242 0.0000000000
22421  -32.516  -66.620  -15.349 0.0000000000
22420  -32.138  -65.454  -15.519 0.0000000000
24877  -32.338  -63.414  -14.980 0.0000000000
24889  -32.371  -63.310  -16.074 0.0000000000
24903  -32.540  -63.296  -17.048 0.0000000000
26202  -32.915  -62.596  -17.366 0.0000000000
12178  -40.664  -75.437  -21.378 0.0000000000
13135  -39.318  -74.634  -21.604 0.0000000000
13134  -38.397  -74.651  -21.741 0.0000000000
14051  -39.287  -73.136  -22.244 0.0000000000
14037  -38.827  -73.851  -21.803 0.0000000000
13149  -37.302  -74.125  -21.986 0.0000000000
15055  -40.192  -72.882  -25.442 0.0000000000
15053  -39.239  -72.899  -25.422 0.0000000000
15033  -37.687  -72.651  -24.477 0.0000000000
15051  -37.292  -72.554  -25.382 0.0000000000
15032  -36.541  -72.628  -24.435 0.0000000000
27510  -36.456  -61.612  -20.239 0.0000000000
26308  -36.781  -63.113  -23.079 0.0000000000
25003  -37.263  -63.617  -23.706 0.0000000000
25023  -37.997  -64.024  -24.250 0.0000000000
23739  -38.362  -64.789  -25.025 0.0000000000
23764  -38.520  -65.390  -25.750 0.0000000000
22572  -38.749  -65.630  -26.309 0.0000000000
22598  -39.347  -65.657  -26.906 0.0000000000
23766  -40.613  -64.843  -25.913 0.0000000000
23788  -39.745  -65.371  -26.719 0.0000000000
22625  -39.235  -66.295  -27.803 0.0000000000
22653  -39.503  -66.499  -28.460 0.0000000000
22654  -40.028  -66.103  -28.745 0.0000000000
22674  -40.644  -66.287  -29.945 0.0000000000
22600  -44.247  -65.302  -27.208 0.0000000000
23811  -43.311  -65.176  -27.335 0.0000000000
23810  -42.225  -65.048  -27.510 0.0000000000
23836  -41.916  -65.077  -28.405 0.0000000000
22675  -41.037  -65.544  -29.351 0.0000000000
21576  -40.704  -67.121  -30.330 0.0000000000
21577  -41.311  -66.987  -31.140 0.0000000000
21588  -42.131  -66.803  -32.063 0.0000000000
21589  -42.573  -66.262  -32.139 0.0000000000
20497  -42.404  -67.851  -32.523 0.0000000000
19427  -42.529  -68.473  -33.084 0.0000000000
11101  -41.211  -76.024  -20.056 0.0000000000
11114  -40.974  -76.574  -20.406 0.0000000000
11115  -41.310  -76.076  -20.332 0.0000000000
11127  -40.822  -76.376  -21.241 0.0000000000
11145  -40.191  -76.751  -21.797 0.0000000000
12106  -35.486  -75.497  -16.898 0.0000000000
12160  -41.452  -75.504  -20.291 0.0000000000
12175  -38.018  -75.357  -21.948 0.0000000000
13118  -41.535  -74.692  -19.926 0.0000000000
13132  -37.108  -75.061  -22.004 0.0000000000
13133  -37.539  -74.717  -21.901 0.0000000000
14011  -35.660  -73.156  -18.603 0.0000000000
14016  -40.471  -73.765  -19.586 0.0000000000
14017  -41.323  -73.863  -19.706 0.0000000000
14028  -42.243  -73.701  -20.874 0.0000000000
14036  -37.910  -73.962  -21.909 0.0000000000
14048  -36.308  -73.717  -22.587 0.0000000000
14053  -41.358  -73.057  -22.531 0.0000000000
14054  -42.033  -73.147  -22.405 0.0000000000
14059  -36.110  -73.225  -23.065 0.0000000000
14061  -41.676  -72.914  -23.041 0.0000000000
14069  -40.969  -72.859  -25.090 0.0000000000
14070  -41.554  -72.785  -24.999 0.0000000000
14080  -39.630  -72.942  -25.661 0.0000000000
14081  -39.903  -72.918  -25.738 0.0000000000
14082  -40.452  -72.904  -25.663 0.0000000000
14084  -41.650  -72.628  -25.315 0.0000000000
14108  -39.774  -73.013  -26.890 0.0000000000
14109  -40.292  -72.896  -27.348 0.0000000000
14110  -40.701  -72.688  -27.387 0.0000000000
14120  -39.146  -72.935  -27.252 0.0000000000
14968  -35.840  -72.053  -16.000 0.0000000000
14995  -40.003  -72.676  -19.762 0.0000000000
14997  -41.659  -73.167  -19.912 0.0000000000
15002  -42.444  -73.011  -21.128 0.0000000000
15006  -42.503  -72.661  -21.639 0.0000000000
15009  -37.319  -73.022  -22.834 0.0000000000
15020  -39.216  -72.632  -23.785 0.0000000000
15038  -41.986  -72.515  -24.463 0.0000000000
15054  -39.867  -72.877  -25.355 0.0000000000
15056  -41.694  -72.476  -25.686 0.0000000000
15057  -42.030  -72.349  -25.202 0.0000000000
15071  -38.846  -72.953  -26.033 0.0000000000
15107  -40.592  -72.325  -28.817 0.0000000000
15122  -39.268  -72.285  -29.517 0.0000000000
16037  -36.141  -71.688  -19.352 0.0000000000
16041  -40.097  -71.688  -20.043 0.0000000000
16048  -42.326  -72.047  -21.588 0.0000000000
16049  -42.541  -72.255  -22.089 0.0000000000
16060  -41.946  -71.293  -24.690 0.0000000000
16077  -42.044  -71.847  -25.459 0.0000000000
16099  -41.949  -71.955  -25.957 0.0000000000
16145  -40.899  -71.799  -28.953 0.0000000000
16186  -39.560  -71.333  -30.527 0.0000000000
16187  -40.230  -71.650  -30.328 0.0000000000
16999  -36.043  -70.359  -10.771 0.0000000000
17031  -36.215  -70.643  -11.839 0.0000000000
17077  -35.976  -70.302  -15.497 0.0000000000
17078  -36.509  -70.606  -15.328 0.0000000000
17079  -37.119  -70.851  -15.008 0.0000000000
17117  -39.377  -70.226  -20.439 0.0000000000
17135  -42.360  -71.647  -23.248 0.0000000000
17144  -41.788  -70.809  -23.437 0.0000000000
17158  -41.205  -70.258  -24.636 0.0000000000
17160  -42.052  -71.283  -24.247 0.0000000000
17174  -41.616  -70.823  -25.455 0.0000000000
17208  -41.438  -70.574  -27.238 0.0000000000
17239  -38.483  -70.076  -30.294 0.0000000000
17240  -38.737  -70.087  -30.121 0.0000000000
17242  -41.273  -70.812  -29.151 0.0000000000
17255  -38.367  -70.309  -30.583 0.0000000000
17256  -38.999  -70.283  -30.319 0.0000000000
17258  -41.077  -70.307  -29.963 0.0000000000
17272  -38.418  -70.354  -31.369 0.0000000000
17288  -40.480  -69.953  -33.326 0.0000000000
18090  -35.588  -70.214  -11.294 0.0000000000
18102  -36.412  -70.329  -13.134 0.0000000000
18119  -35.288  -69.295  -13.798 0.0000000000
18133  -36.367  -69.886  -14.674 0.0000000000
18134  -36.845  -70.379  -14.758 0.0000000000
18147  -36.381  -70.170  -15.126 0.0000000000
18163  -34.517  -68.932  -16.378 0.0000000000
18171  -34.400  -68.994  -16.729 0.0000000000
18198  -38.945  -69.799  -20.420 0.0000000000
18280  -38.753  -68.827  -26.331 0.0000000000
18294  -39.565  -68.812  -27.447 0.0000000000
18326  -38.222  -70.140  -30.427 0.0000000000
18327  -38.358  -69.799  -30.255 0.0000000000
18329  -41.186  -69.656  -29.566 0.0000000000
18339  -38.257  -69.685  -30.700 0.0000000000
18350  -38.436  -69.470  -31.191 0.0000000000
18351  -38.934  -69.098  -31.218 0.0000000000
18371  -40.454  -69.509  -32.664 0.0000000000
19104  -35.811  -68.556  -9.659 0.0000000000
19124  -33.400  -68.057  -10.824 0.0000000000
19126  -34.999  -69.105  -10.099 0.0000000000
19148  -34.210  -68.624  -13.227 0.0000000000
19166  -34.776  -68.749  -14.164 0.0000000000
19177  -34.565  -68.423  -14.602 0.0000000000
19202  -35.032  -69.193  -15.697 0.0000000000
19225  -34.584  -68.742  -18.043 0.0000000000
19235  -37.820  -69.121  -20.079 0.0000000000
19249  -38.864  -68.342  -21.743 0.0000000000
19303  -38.159  -68.604  -25.979 0.0000000000
19310  -37.980  -68.124  -26.570 0.0000000000
19322  -38.907  -68.308  -27.465 0.0000000000
19323  -39.295  -68.379  -27.771 0.0000000000
19354  -39.933  -68.287  -28.739 0.0000000000
19355  -40.542  -68.656  -29.096 0.0000000000
19374  -38.310  -69.248  -30.696 0.0000000000
19375  -38.559  -68.955  -30.936 0.0000000000
19399  -38.261  -69.236  -30.947 0.0000000000
19400  -38.495  -69.163  -31.061 0.0000000000
20185  -32.971  -67.237  -10.597 0.0000000000
20208  -32.571  -66.876  -11.556 0.0000000000
20221  -32.669  -67.105  -12.261 0.0000000000
20238  -33.932  -68.012  -14.029 0.0000000000
20248  -33.655  -67.797  -14.287 0.0000000000
20249  -34.039  -68.077  -14.554 0.0000000000
20258  -34.254  -68.220  -15.045 0.0000000000
20289  -34.251  -68.411  -17.834 0.0000000000
20344  -36.699  -67.401  -23.032 0.0000000000
20357  -36.277  -67.267  -23.878 0.0000000000
20359  -37.694  -68.210  -23.750 0.0000000000
20373  -37.033  -67.583  -25.035 0.0000000000
20381  -36.931  -67.090  -25.326 0.0000000000
20382  -37.308  -67.433  -25.800 0.0000000000
20415  -38.652  -67.936  -27.499 0.0000000000
20416  -38.963  -68.047  -27.781 0.0000000000
20437  -39.165  -67.827  -28.158 0.0000000000
20454  -39.518  -67.808  -28.672 0.0000000000
21248  -32.746  -65.988  -9.950 0.0000000000
21249  -33.034  -66.364  -9.854 0.0000000000
21271  -32.588  -66.139  -10.427 0.0000000000
21305  -32.714  -67.031  -12.894 0.0000000000
21318  -32.990  -67.254  -13.462 0.0000000000
21331  -33.073  -67.268  -14.468 0.0000000000
21341  -33.686  -67.854  -15.174 0.0000000000
21436  -35.958  -66.731  -21.793 0.0000000000
21463  -35.877  -66.739  -23.601 0.0000000000
21474  -35.736  -66.122  -23.977 0.0000000000
21504  -37.702  -66.834  -26.374 0.0000000000
21505  -38.155  -67.010  -27.015 0.0000000000
21527  -38.674  -67.277  -27.669 0.0000000000
21528  -38.888  -66.797  -27.879 0.0000000000
21548  -38.975  -67.445  -28.032 0.0000000000
21550  -39.633  -66.641  -28.781 0.0000000000
21600  -42.730  -67.252  -32.677 0.0000000000
22318  -33.689  -65.643  -9.311 0.0000000000
22319  -34.701  -65.750  -9.355 0.0000000000
22320  -35.528  -65.867  -9.574 0.0000000000
22366  -32.377  -65.370  -11.148 0.0000000000
22409  -32.545  -66.664  -14.600 0.0000000000
22440  -32.456  -66.104  -16.482 0.0000000000
22457  -33.341  -66.564  -18.242 0.0000000000
22485  -33.412  -64.726  -19.918 0.0000000000
22495  -33.660  -64.554  -20.306 0.0000000000
22518  -35.151  -65.316  -22.292 0.0000000000
22537  -35.871  -65.107  -23.847 0.0000000000
22550  -35.691  -65.630  -23.764 0.0000000000
22551  -36.272  -65.463  -24.354 0.0000000000
22553  -37.903  -65.434  -25.466 0.0000000000
22571  -38.110  -65.821  -25.986 0.0000000000
22599  -39.854  -65.414  -27.046 0.0000000000
22627  -40.568  -65.341  -27.793 0.0000000000
22656  -43.832  -65.232  -28.604 0.0000000000
22688  -41.058  -66.524  -30.597 0.0000000000
22691  -43.458  -65.295  -31.052 0.0000000000
22717  -44.079  -65.952  -32.476 0.0000000000
23475  -32.865  -63.940  -8.941 0.0000000000
23514  -32.346  -64.474  -9.974 0.0000000000
23624  -32.246  -64.163  -16.731 0.0000000000
23639  -32.422  -64.225  -17.602 0.0000000000
23669  -33.326  -64.065  -19.949 0.0000000000
23680  -33.545  -64.104  -20.206 0.0000000000
23694  -34.240  -64.279  -20.946 0.0000000000
23789  -40.336  -65.210  -26.907 0.0000000000
23808  -40.508  -65.299  -27.507 0.0000000000
23838  -43.680  -65.179  -29.021 0.0000000000
23861  -41.635  -65.204  -29.058 0.0000000000
23877  -43.225  -65.107  -30.276 0.0000000000
24744  -32.794  -63.454  -8.902 0.0000000000
24745  -33.660  -63.473  -8.589 0.0000000000
24938  -34.117  -63.047  -20.234 0.0000000000
24949  -33.790  -63.779  -20.326 0.0000000000
24964  -34.645  -63.561  -21.296 0.0000000000
24981  -35.497  -63.717  -22.569 0.0000000000
24982  -35.994  -63.479  -22.945 0.0000000000
25001  -35.820  -63.917  -23.123 0.0000000000
25002  -36.398  -63.662  -23.358 0.0000000000
26035  -35.309  -62.576  -8.586 0.0000000000
26059  -32.409  -62.922  -9.329 0.0000000000
26097  -32.194  -62.794  -10.903 0.0000000000
26188  -33.270  -61.941  -17.200 0.0000000000
26234  -33.779  -62.690  -19.447 0.0000000000
26235  -34.163  -62.666  -19.914 0.0000000000
26289  -35.489  -63.270  -22.159 0.0000000000
27252  -34.513  -61.014  -7.802 0.0000000000
27269  -32.804  -61.685  -8.711 0.0000000000
27270  -33.559  -61.821  -8.171 0.0000000000
27296  -32.379  -62.126  -9.391 0.0000000000
27379  -32.880  -61.753  -13.440 0.0000000000
27380  -33.108  -60.929  -13.645 0.0000000000
27463  -34.045  -61.345  -17.565 0.0000000000
27527  -35.922  -62.254  -21.310 0.0000000000
28461  -33.902  -60.767  -7.906 0.0000000000
28482  -33.628  -59.988  -8.230 0.0000000000
28511  -32.603  -60.924  -9.380 0.0000000000
28512  -32.883  -60.506  -9.016 0.0000000000
28531  -32.436  -60.924  -10.639 0.0000000000
28553  -33.194  -60.116  -12.181 0.0000000000
28621  -33.486  -60.360  -14.084 0.0000000000
28622  -34.180  -59.929  -14.360 0.0000000000
29642  -34.597  -58.980  -7.763 0.0000000000
29664  -33.442  -59.799  -8.612 0.0000000000
29693  -32.696  -60.301  -10.029 0.0000000000
29712  -33.846  -59.302  -12.049 0.0000000000
31775  -34.225  -57.496  -8.682 0.0000000000
31798  -35.408  -57.206  -11.987 0.0000000000
34016  -34.573  -56.003  -9.430 0.0000000000
