#!ascii label  , from subject 3457 vox2ras=TkReg
1081
62272  7.620  -25.123  66.255 0.0000000000
48787  1.401  -37.363  48.544 0.0000000000
52006  -0.657  -33.845  63.071 0.0000000000
58020  0.746  -28.917  56.645 0.0000000000
61316  1.126  -24.873  49.166 0.0000000000
58998  2.563  -28.390  66.091 0.0000000000
62334  2.221  -26.661  61.461 0.0000000000
59016  9.924  -26.814  65.288 0.0000000000
55454  4.594  -29.945  64.921 0.0000000000
47537  2.093  -35.658  63.561 0.0000000000
62419  3.050  -25.179  53.434 0.0000000000
58060  0.823  -28.709  53.023 0.0000000000
64688  0.537  -22.729  53.450 0.0000000000
48634  -0.902  -37.036  59.077 0.0000000000
52035  -0.034  -33.996  56.584 0.0000000000
55494  1.229  -30.069  60.875 0.0000000000
62383  2.123  -25.425  57.498 0.0000000000
53192  3.818  -32.566  53.528 0.0000000000
54447  1.821  -31.275  49.126 0.0000000000
56933  0.236  -28.630  45.931 0.0000000000
65851  -0.532  -22.108  48.167 0.0000000000
61179  5.034  -25.908  66.142 0.0000000000
62304  4.394  -25.962  64.438 0.0000000000
58992  8.857  -26.382  66.321 0.0000000000
57917  7.746  -28.012  65.175 0.0000000000
58995  6.035  -27.630  66.323 0.0000000000
56721  3.736  -29.023  66.447 0.0000000000
63583  2.228  -23.674  52.359 0.0000000000
50905  -0.648  -35.033  61.553 0.0000000000
52017  -0.153  -34.427  60.474 0.0000000000
55470  0.765  -31.118  62.377 0.0000000000
62341  4.462  -25.253  59.897 0.0000000000
62358  2.268  -26.010  59.386 0.0000000000
49778  0.686  -34.678  63.998 0.0000000000
46428  0.760  -37.536  62.095 0.0000000000
48613  -0.161  -35.903  62.243 0.0000000000
46459  -0.409  -37.640  60.269 0.0000000000
55513  1.882  -31.024  58.249 0.0000000000
52043  1.767  -33.417  55.632 0.0000000000
55542  1.340  -30.450  55.708 0.0000000000
58085  2.095  -27.651  50.853 0.0000000000
55621  1.710  -30.089  51.073 0.0000000000
56889  0.853  -29.446  48.321 0.0000000000
54466  0.723  -30.736  47.280 0.0000000000
58122  0.179  -27.979  47.019 0.0000000000
55453  0.548  -30.898  64.748 0.0000000000
57942  0.520  -29.859  63.269 0.0000000000
61200  2.040  -27.638  63.832 0.0000000000
62322  4.341  -25.171  62.140 0.0000000000
59056  10.442  -27.261  63.137 0.0000000000
56780  8.425  -29.359  60.202 0.0000000000
57953  8.081  -28.333  62.922 0.0000000000
54244  5.588  -30.756  62.823 0.0000000000
51998  3.728  -33.271  65.206 0.0000000000
51989  1.948  -32.784  65.916 0.0000000000
60182  0.909  -26.744  55.215 0.0000000000
58035  0.575  -28.982  54.990 0.0000000000
60197  1.441  -26.705  53.386 0.0000000000
60205  1.788  -26.261  52.412 0.0000000000
62445  0.231  -23.726  51.235 0.0000000000
63423  10.009  -23.856  66.116 0.0000000000
59068  13.546  -27.403  60.130 0.0000000000
59042  15.691  -26.552  62.218 0.0000000000
60109  12.178  -25.759  65.316 0.0000000000
61178  11.571  -24.767  66.194 0.0000000000
46531  0.054  -38.800  57.080 0.0000000000
48675  0.163  -37.267  56.639 0.0000000000
50919  -0.250  -35.523  58.001 0.0000000000
53098  1.131  -32.839  59.203 0.0000000000
56801  1.002  -28.639  59.088 0.0000000000
60134  0.604  -28.057  61.017 0.0000000000
60145  0.386  -27.726  59.315 0.0000000000
61256  0.788  -26.300  57.112 0.0000000000
62401  2.902  -24.862  55.663 0.0000000000
50947  0.956  -35.717  55.364 0.0000000000
50978  1.457  -34.975  52.528 0.0000000000
51018  2.230  -35.023  50.521 0.0000000000
54363  1.345  -30.855  53.150 0.0000000000
53238  3.974  -32.340  50.854 0.0000000000
51051  3.304  -34.485  48.714 0.0000000000
53323  2.920  -32.679  46.884 0.0000000000
53343  2.430  -31.768  45.742 0.0000000000
64654  -1.517  -21.902  54.461 0.0000000000
63599  -0.597  -22.636  51.259 0.0000000000
66983  -0.927  -20.301  50.582 0.0000000000
63633  -0.242  -23.234  48.278 0.0000000000
61330  -0.519  -25.365  46.413 0.0000000000
62273  6.579  -25.422  66.178 0.0000000000
62295  6.113  -24.818  65.017 0.0000000000
62294  7.388  -24.258  64.804 0.0000000000
61167  8.054  -25.575  66.482 0.0000000000
58993  8.075  -26.720  66.413 0.0000000000
61168  7.079  -25.746  66.439 0.0000000000
61161  5.534  -26.524  66.434 0.0000000000
48807  1.264  -37.624  47.956 0.0000000000
49966  1.671  -36.552  47.859 0.0000000000
52010  -0.783  -34.288  61.826 0.0000000000
53080  -0.484  -33.914  61.814 0.0000000000
54248  0.526  -32.277  62.796 0.0000000000
58000  9.830  -28.276  58.580 0.0000000000
50894  -0.407  -34.313  63.445 0.0000000000
48608  -0.122  -35.487  62.588 0.0000000000
50898  -0.594  -34.756  62.688 0.0000000000
49793  -0.518  -35.516  61.686 0.0000000000
56817  1.023  -29.453  56.886 0.0000000000
55532  1.515  -30.332  56.513 0.0000000000
55534  0.727  -29.652  55.958 0.0000000000
60219  2.147  -26.161  50.128 0.0000000000
58098  1.979  -27.959  49.812 0.0000000000
59175  1.679  -26.997  48.290 0.0000000000
58112  0.583  -28.335  47.658 0.0000000000
59182  1.202  -26.527  47.857 0.0000000000
57909  1.474  -29.530  65.782 0.0000000000
59020  1.272  -28.681  64.713 0.0000000000
60113  2.065  -27.944  64.956 0.0000000000
62313  4.440  -25.546  63.200 0.0000000000
62330  5.264  -25.100  60.834 0.0000000000
59047  10.322  -27.137  63.891 0.0000000000
57939  9.719  -27.735  63.255 0.0000000000
57927  8.803  -27.960  64.320 0.0000000000
56736  6.135  -28.632  64.617 0.0000000000
56740  6.170  -28.983  63.851 0.0000000000
54242  5.120  -30.695  63.703 0.0000000000
53063  4.123  -31.881  65.009 0.0000000000
57900  3.065  -28.883  66.532 0.0000000000
54227  2.898  -30.559  66.490 0.0000000000
55442  1.758  -30.385  66.239 0.0000000000
54234  0.746  -31.364  65.438 0.0000000000
61277  2.087  -25.905  54.805 0.0000000000
61278  1.403  -26.385  54.875 0.0000000000
61285  2.269  -25.748  53.583 0.0000000000
64702  1.425  -22.992  52.811 0.0000000000
62429  2.014  -24.632  52.339 0.0000000000
62430  1.279  -24.280  52.000 0.0000000000
61294  1.498  -24.797  51.590 0.0000000000
63586  0.129  -23.377  52.352 0.0000000000
59030  12.943  -26.337  64.030 0.0000000000
47614  -0.518  -37.915  58.189 0.0000000000
49815  -0.285  -36.717  57.846 0.0000000000
49807  -0.548  -36.607  58.575 0.0000000000
54256  0.817  -31.905  61.289 0.0000000000
53099  0.713  -33.274  59.819 0.0000000000
55493  1.432  -30.736  60.480 0.0000000000
55504  1.670  -30.638  59.150 0.0000000000
56793  0.760  -29.011  59.970 0.0000000000
61213  1.311  -27.582  62.325 0.0000000000
60131  0.738  -28.383  62.030 0.0000000000
61218  1.222  -27.516  61.410 0.0000000000
62371  2.249  -25.700  58.387 0.0000000000
62360  1.018  -26.506  59.411 0.0000000000
62373  1.104  -26.350  58.890 0.0000000000
61248  0.741  -26.572  58.333 0.0000000000
62394  1.259  -25.968  57.463 0.0000000000
61255  1.133  -25.881  56.745 0.0000000000
62392  2.042  -25.213  56.875 0.0000000000
55491  7.857  -30.335  60.203 0.0000000000
55501  8.439  -30.139  58.820 0.0000000000
47542  2.372  -35.890  62.895 0.0000000000
46442  2.856  -37.111  61.398 0.0000000000
47551  1.992  -36.766  62.421 0.0000000000
45310  0.706  -37.929  61.681 0.0000000000
45322  1.093  -38.641  61.324 0.0000000000
47592  -0.935  -37.494  59.386 0.0000000000
47603  -0.875  -37.734  58.765 0.0000000000
50926  -0.049  -35.430  57.008 0.0000000000
48691  0.484  -37.230  55.662 0.0000000000
50935  0.350  -34.932  55.868 0.0000000000
52055  2.802  -33.270  54.831 0.0000000000
50945  1.192  -34.774  54.484 0.0000000000
50977  2.434  -34.149  52.994 0.0000000000
50999  2.226  -34.716  51.665 0.0000000000
50998  3.158  -34.255  51.974 0.0000000000
58045  0.619  -28.588  53.650 0.0000000000
55572  0.232  -30.231  53.972 0.0000000000
55586  0.674  -30.113  53.103 0.0000000000
54432  1.511  -31.000  49.523 0.0000000000
54416  2.023  -31.356  50.745 0.0000000000
53254  2.953  -31.979  49.698 0.0000000000
52130  3.689  -32.824  49.354 0.0000000000
53270  3.079  -32.230  48.940 0.0000000000
52149  3.383  -33.503  47.879 0.0000000000
53288  2.122  -31.938  47.655 0.0000000000
54502  0.625  -30.044  46.515 0.0000000000
53308  1.119  -31.007  46.369 0.0000000000
53326  1.289  -30.834  45.890 0.0000000000
65756  -1.371  -21.389  53.411 0.0000000000
64704  -0.952  -21.949  52.575 0.0000000000
65784  -0.867  -21.511  52.283 0.0000000000
68192  -0.717  -20.523  49.004 0.0000000000
67006  -0.887  -20.897  49.168 0.0000000000
64735  -0.788  -22.087  49.314 0.0000000000
64747  -0.556  -22.600  48.379 0.0000000000
62506  -0.227  -24.340  46.834 0.0000000000
63655  -0.231  -23.669  46.865 0.0000000000
61181  3.836  -26.904  65.956 0.0000000000
61190  3.373  -27.174  65.356 0.0000000000
62297  4.640  -25.801  65.463 0.0000000000
59001  9.625  -26.568  65.800 0.0000000000
57916  8.617  -27.804  65.074 0.0000000000
59018  8.296  -27.544  65.701 0.0000000000
57911  6.588  -27.945  65.809 0.0000000000
56732  5.101  -28.978  65.473 0.0000000000
55450  4.157  -30.035  65.691 0.0000000000
57897  4.830  -28.180  66.368 0.0000000000
60077  4.323  -27.486  66.397 0.0000000000
63581  3.905  -23.098  52.498 0.0000000000
62428  2.833  -24.580  52.538 0.0000000000
63582  3.439  -23.628  52.415 0.0000000000
64686  2.007  -22.014  53.112 0.0000000000
64669  1.083  -22.057  54.236 0.0000000000
49800  -0.566  -36.012  60.288 0.0000000000
50912  -0.398  -35.504  60.052 0.0000000000
52018  -0.398  -34.783  60.712 0.0000000000
53079  0.029  -33.397  61.585 0.0000000000
55482  1.132  -30.833  61.465 0.0000000000
62343  2.942  -25.836  60.222 0.0000000000
62344  2.290  -26.298  60.398 0.0000000000
62357  2.938  -25.603  59.102 0.0000000000
62369  3.417  -25.123  57.947 0.0000000000
63497  3.308  -25.033  57.618 0.0000000000
63529  3.373  -24.341  56.358 0.0000000000
48594  1.211  -34.986  64.099 0.0000000000
47544  1.442  -36.380  63.178 0.0000000000
47546  0.619  -36.434  62.966 0.0000000000
46417  0.137  -37.058  62.223 0.0000000000
46430  0.005  -37.315  61.830 0.0000000000
45324  0.067  -38.016  60.794 0.0000000000
47561  -0.276  -36.767  61.413 0.0000000000
48623  -0.547  -36.463  60.496 0.0000000000
53124  1.213  -32.703  57.567 0.0000000000
52034  0.717  -33.621  56.286 0.0000000000
53123  1.627  -32.391  57.164 0.0000000000
54313  2.816  -31.886  55.983 0.0000000000
54340  3.209  -31.763  54.427 0.0000000000
58074  1.629  -28.341  51.703 0.0000000000
56867  1.397  -29.417  52.020 0.0000000000
56877  1.740  -29.409  50.696 0.0000000000
55638  1.565  -30.066  49.772 0.0000000000
54433  1.212  -30.571  48.973 0.0000000000
54465  1.031  -31.126  47.812 0.0000000000
55655  0.718  -29.784  47.899 0.0000000000
55672  0.580  -29.563  47.278 0.0000000000
58129  0.079  -27.803  46.484 0.0000000000
67038  0.074  -21.397  48.246 0.0000000000
64761  -0.216  -23.110  46.812 0.0000000000
65866  0.538  -22.236  46.892 0.0000000000
54243  0.410  -32.029  64.065 0.0000000000
55459  0.492  -31.174  63.727 0.0000000000
56738  0.550  -30.325  64.381 0.0000000000
60124  0.960  -28.344  63.562 0.0000000000
61211  2.071  -27.177  62.751 0.0000000000
62305  3.633  -26.756  63.949 0.0000000000
62315  3.031  -27.023  63.109 0.0000000000
62333  2.936  -26.058  61.273 0.0000000000
62331  4.385  -25.218  61.033 0.0000000000
57950  10.717  -27.667  61.836 0.0000000000
57972  9.898  -28.207  60.508 0.0000000000
57961  9.994  -28.138  61.374 0.0000000000
56739  7.138  -28.466  63.761 0.0000000000
56761  6.686  -29.277  62.490 0.0000000000
53073  6.207  -31.649  61.307 0.0000000000
48603  3.147  -34.964  63.073 0.0000000000
49776  2.639  -34.633  64.438 0.0000000000
53058  3.457  -31.752  65.628 0.0000000000
50876  2.532  -33.142  65.741 0.0000000000
49769  2.056  -34.298  65.039 0.0000000000
50880  0.978  -33.556  65.140 0.0000000000
53061  0.433  -32.402  64.709 0.0000000000
60173  0.508  -27.956  56.616 0.0000000000
58028  0.693  -29.047  55.825 0.0000000000
60193  0.494  -27.814  55.077 0.0000000000
59123  0.475  -28.054  54.574 0.0000000000
60198  0.973  -27.339  53.578 0.0000000000
61287  2.047  -25.500  52.743 0.0000000000
60204  1.846  -25.799  52.602 0.0000000000
59141  1.574  -27.150  52.473 0.0000000000
60213  1.954  -25.785  51.422 0.0000000000
61302  1.396  -24.933  51.002 0.0000000000
61303  0.956  -24.590  50.517 0.0000000000
63424  9.264  -23.894  65.963 0.0000000000
59069  12.536  -27.363  60.546 0.0000000000
57947  17.283  -27.491  60.695 0.0000000000
59041  16.784  -26.948  62.360 0.0000000000
57938  16.066  -26.713  61.582 0.0000000000
59052  14.755  -26.804  61.535 0.0000000000
59053  13.455  -26.878  62.069 0.0000000000
59062  12.506  -27.187  61.457 0.0000000000
59031  11.922  -26.355  64.211 0.0000000000
59015  10.720  -26.421  65.041 0.0000000000
60094  11.308  -25.480  65.863 0.0000000000
59000  10.471  -26.184  65.558 0.0000000000
61165  9.924  -25.234  66.404 0.0000000000
62270  9.558  -24.770  66.437 0.0000000000
49814  -0.039  -36.362  57.354 0.0000000000
52030  -0.254  -34.751  57.747 0.0000000000
52021  -0.180  -34.656  59.532 0.0000000000
53112  -0.115  -33.987  59.156 0.0000000000
53111  0.383  -33.541  58.606 0.0000000000
55503  1.752  -31.378  58.730 0.0000000000
56800  1.383  -29.258  58.581 0.0000000000
58011  0.745  -28.631  57.564 0.0000000000
56750  0.507  -30.410  63.211 0.0000000000
56772  0.707  -30.063  61.908 0.0000000000
57963  0.654  -29.165  61.338 0.0000000000
61230  1.306  -26.774  60.312 0.0000000000
60137  0.404  -27.851  60.112 0.0000000000
59071  0.425  -28.223  59.800 0.0000000000
59083  0.504  -28.126  58.987 0.0000000000
59095  0.532  -28.205  58.098 0.0000000000
60163  0.421  -27.771  57.595 0.0000000000
61268  0.686  -26.600  56.026 0.0000000000
61267  1.364  -25.889  56.038 0.0000000000
62410  3.290  -25.036  54.548 0.0000000000
63542  3.612  -24.217  55.625 0.0000000000
62400  3.578  -24.510  55.081 0.0000000000
62418  3.830  -24.753  53.705 0.0000000000
45348  2.830  -38.640  59.999 0.0000000000
45308  1.333  -37.789  61.788 0.0000000000
50946  1.077  -35.076  55.089 0.0000000000
49863  1.269  -36.170  53.550 0.0000000000
51035  1.638  -35.767  49.774 0.0000000000
55544  0.566  -29.768  55.220 0.0000000000
54342  1.331  -30.736  54.128 0.0000000000
54361  2.992  -31.416  53.492 0.0000000000
54385  1.383  -30.508  52.337 0.0000000000
54400  2.690  -31.429  51.670 0.0000000000
53224  4.336  -32.675  52.031 0.0000000000
51032  3.840  -33.973  50.436 0.0000000000
51033  3.152  -34.610  49.883 0.0000000000
49932  1.986  -35.617  48.824 0.0000000000
51066  2.440  -35.385  47.800 0.0000000000
53289  1.332  -31.448  47.284 0.0000000000
53324  2.466  -32.125  46.384 0.0000000000
64651  0.154  -22.000  54.904 0.0000000000
65740  -0.500  -21.480  55.103 0.0000000000
63555  -0.694  -22.747  53.516 0.0000000000
63570  -0.675  -22.599  52.895 0.0000000000
62446  -0.293  -23.167  51.292 0.0000000000
62470  0.176  -23.709  49.785 0.0000000000
65806  -0.841  -21.535  50.529 0.0000000000
63626  -0.585  -22.798  50.047 0.0000000000
62495  0.549  -24.380  48.393 0.0000000000
60243  0.273  -25.979  47.141 0.0000000000
60244  -0.300  -26.171  46.606 0.0000000000
59199  -0.594  -27.175  46.129 0.0000000000
60264  -0.440  -26.651  45.277 0.0000000000
62285  6.981  -24.840  65.740 0.0000000000
61169  6.194  -25.922  66.374 0.0000000000
49967  1.493  -37.110  48.012 0.0000000000
49951  1.522  -36.875  48.337 0.0000000000
53076  -0.569  -33.816  62.474 0.0000000000
53071  -0.285  -33.298  63.062 0.0000000000
59082  11.578  -27.491  59.991 0.0000000000
57986  10.696  -27.796  59.345 0.0000000000
52002  -0.629  -33.919  63.304 0.0000000000
50895  -0.572  -34.583  63.058 0.0000000000
52003  -0.653  -34.400  62.977 0.0000000000
52007  -0.860  -33.990  62.649 0.0000000000
56818  0.862  -29.193  56.832 0.0000000000
60228  1.491  -25.327  49.653 0.0000000000
59174  2.131  -26.984  49.032 0.0000000000
60235  1.919  -26.511  48.735 0.0000000000
60236  1.547  -25.851  48.537 0.0000000000
57908  1.825  -29.150  65.999 0.0000000000
59006  1.899  -28.477  65.537 0.0000000000
60100  2.367  -28.015  65.525 0.0000000000
59033  10.161  -27.013  64.653 0.0000000000
57926  9.570  -27.568  64.104 0.0000000000
59034  9.395  -27.422  64.872 0.0000000000
56737  5.381  -29.162  64.769 0.0000000000
56741  5.635  -29.301  64.222 0.0000000000
55458  5.130  -29.966  64.234 0.0000000000
53067  4.856  -31.713  63.529 0.0000000000
54238  4.686  -30.819  64.201 0.0000000000
51996  4.274  -32.319  64.090 0.0000000000
54239  4.288  -30.967  64.780 0.0000000000
58997  3.094  -28.153  66.279 0.0000000000
56724  2.347  -29.664  66.461 0.0000000000
57907  2.252  -28.802  66.163 0.0000000000
56730  1.617  -29.622  65.965 0.0000000000
61284  2.700  -25.518  54.287 0.0000000000
64703  0.798  -23.258  52.758 0.0000000000
63584  1.362  -23.756  52.401 0.0000000000
63585  0.686  -23.607  52.348 0.0000000000
62431  0.606  -23.859  51.922 0.0000000000
63568  0.251  -23.123  52.860 0.0000000000
48642  -0.711  -37.319  58.511 0.0000000000
55481  1.148  -31.451  61.050 0.0000000000
54269  0.895  -32.224  60.689 0.0000000000
56782  1.134  -29.625  60.405 0.0000000000
61217  1.672  -27.150  61.682 0.0000000000
60130  0.947  -27.919  62.202 0.0000000000
62335  1.793  -26.879  61.124 0.0000000000
62372  1.658  -26.078  58.685 0.0000000000
62384  1.653  -25.839  57.814 0.0000000000
62385  1.200  -26.182  58.035 0.0000000000
62382  2.584  -25.098  57.177 0.0000000000
48605  2.209  -35.665  63.354 0.0000000000
47550  2.321  -36.606  62.329 0.0000000000
47543  1.907  -36.192  63.045 0.0000000000
44152  0.666  -38.227  61.418 0.0000000000
44151  0.943  -38.495  61.401 0.0000000000
48627  -0.758  -36.767  59.780 0.0000000000
52036  -0.232  -34.625  57.056 0.0000000000
50936  0.343  -35.610  56.132 0.0000000000
50925  -0.102  -34.920  56.464 0.0000000000
52065  3.145  -33.274  54.015 0.0000000000
52066  2.432  -33.732  54.027 0.0000000000
52076  2.791  -33.675  53.565 0.0000000000
52074  3.887  -33.287  52.694 0.0000000000
58061  0.749  -28.762  53.311 0.0000000000
56854  0.737  -29.505  53.000 0.0000000000
54431  1.874  -31.323  49.868 0.0000000000
53255  2.359  -31.636  49.334 0.0000000000
53271  2.167  -31.647  48.472 0.0000000000
53287  2.928  -32.477  48.089 0.0000000000
55702  0.403  -29.387  46.272 0.0000000000
54501  0.826  -30.499  46.194 0.0000000000
54516  0.598  -29.976  46.059 0.0000000000
68118  -1.257  -19.966  54.550 0.0000000000
66952  -1.304  -20.652  53.651 0.0000000000
65772  -1.090  -21.548  52.900 0.0000000000
66967  -1.005  -20.906  52.823 0.0000000000
67022  -0.643  -21.306  48.694 0.0000000000
68175  -0.916  -20.135  49.432 0.0000000000
65838  -0.764  -21.701  48.840 0.0000000000
63643  -0.384  -23.412  47.516 0.0000000000
64754  -0.543  -22.857  47.454 0.0000000000
61180  4.551  -26.146  65.999 0.0000000000
61188  4.405  -26.025  65.678 0.0000000000
62288  4.640  -25.853  65.822 0.0000000000
60096  9.369  -26.351  66.145 0.0000000000
59002  8.774  -26.897  66.088 0.0000000000
58994  6.981  -27.197  66.485 0.0000000000
59004  7.062  -27.614  66.150 0.0000000000
57903  6.351  -27.742  66.184 0.0000000000
57912  5.751  -28.216  65.882 0.0000000000
57904  5.614  -28.065  66.190 0.0000000000
56727  5.050  -28.621  66.002 0.0000000000
58996  5.399  -27.986  66.300 0.0000000000
61170  5.235  -26.225  66.305 0.0000000000
60076  4.992  -27.225  66.436 0.0000000000
60086  4.673  -26.900  66.360 0.0000000000
60087  4.020  -27.216  66.281 0.0000000000
65770  2.295  -21.571  53.358 0.0000000000
64687  1.463  -22.165  53.614 0.0000000000
65771  1.728  -21.710  53.938 0.0000000000
50908  -0.510  -35.253  60.871 0.0000000000
52014  -0.582  -34.560  61.373 0.0000000000
53075  -0.039  -33.210  62.303 0.0000000000
54257  0.656  -32.262  61.902 0.0000000000
62342  3.645  -25.468  60.036 0.0000000000
62356  3.721  -25.261  58.693 0.0000000000
63496  3.720  -24.871  57.667 0.0000000000
63514  3.912  -24.333  56.889 0.0000000000
49777  0.787  -34.923  63.943 0.0000000000
48600  0.864  -35.335  63.715 0.0000000000
48601  0.560  -35.273  63.453 0.0000000000
47547  0.230  -36.502  62.504 0.0000000000
47552  -0.007  -36.628  62.193 0.0000000000
47553  -0.185  -36.693  61.890 0.0000000000
46431  -0.132  -37.181  61.574 0.0000000000
48620  -0.427  -36.228  61.211 0.0000000000
49796  -0.518  -35.726  61.033 0.0000000000
54302  1.848  -31.792  57.685 0.0000000000
55541  1.804  -30.638  56.096 0.0000000000
55531  2.029  -30.887  56.511 0.0000000000
54325  2.325  -31.159  55.570 0.0000000000
54324  3.138  -31.917  55.377 0.0000000000
58073  1.862  -27.799  51.500 0.0000000000
58099  1.602  -28.519  49.058 0.0000000000
56888  1.398  -29.359  49.262 0.0000000000
55639  0.954  -29.971  48.752 0.0000000000
54434  0.834  -30.289  48.212 0.0000000000
58121  0.546  -27.576  47.450 0.0000000000
56900  0.532  -28.999  47.582 0.0000000000
56912  0.310  -28.746  46.921 0.0000000000
67020  0.129  -20.657  48.588 0.0000000000
67037  0.550  -21.086  48.022 0.0000000000
67060  0.292  -21.744  47.620 0.0000000000
67059  0.861  -21.500  47.366 0.0000000000
54240  0.451  -31.743  64.473 0.0000000000
55456  0.482  -31.062  64.250 0.0000000000
60122  1.799  -27.908  64.212 0.0000000000
59035  1.125  -28.528  64.002 0.0000000000
61201  1.633  -27.741  63.659 0.0000000000
61208  1.359  -27.595  63.135 0.0000000000
61207  1.796  -27.433  63.229 0.0000000000
61197  3.853  -26.643  64.871 0.0000000000
62314  3.780  -26.308  63.141 0.0000000000
62323  3.651  -25.782  62.203 0.0000000000
62324  3.026  -26.466  62.225 0.0000000000
62332  3.610  -25.535  61.172 0.0000000000
59055  11.142  -27.066  62.600 0.0000000000
57951  10.061  -27.896  62.354 0.0000000000
57952  8.821  -28.280  62.468 0.0000000000
56759  8.325  -28.811  61.649 0.0000000000
57928  7.946  -28.181  64.454 0.0000000000
55460  5.755  -29.827  63.205 0.0000000000
56749  6.449  -29.110  63.116 0.0000000000
55469  6.105  -30.013  62.577 0.0000000000
55468  6.526  -30.024  61.957 0.0000000000
54247  5.955  -31.079  62.070 0.0000000000
53074  5.745  -32.207  61.850 0.0000000000
50896  5.587  -33.365  61.899 0.0000000000
50888  3.979  -33.658  64.064 0.0000000000
50889  3.630  -33.822  64.721 0.0000000000
48596  2.764  -34.879  63.897 0.0000000000
50890  3.173  -33.966  64.956 0.0000000000
55444  4.054  -29.641  66.142 0.0000000000
55451  3.798  -30.450  65.850 0.0000000000
54232  3.129  -30.719  66.213 0.0000000000
53047  2.332  -31.262  66.192 0.0000000000
51987  2.685  -32.387  65.931 0.0000000000
51988  2.327  -32.593  65.950 0.0000000000
50883  2.301  -33.774  65.390 0.0000000000
50878  1.835  -33.441  65.562 0.0000000000
49766  1.525  -34.095  65.048 0.0000000000
51990  1.486  -32.924  65.720 0.0000000000
55448  0.646  -30.966  65.146 0.0000000000
53056  0.618  -31.959  65.232 0.0000000000
54237  0.536  -31.508  64.940 0.0000000000
53065  0.193  -32.686  64.064 0.0000000000
60172  0.495  -27.163  56.351 0.0000000000
60184  0.531  -27.858  55.724 0.0000000000
60183  0.533  -27.257  55.489 0.0000000000
60191  1.078  -26.818  54.254 0.0000000000
60192  0.591  -27.439  54.556 0.0000000000
62420  2.471  -25.225  52.833 0.0000000000
61288  1.879  -25.237  52.177 0.0000000000
59152  1.865  -27.283  51.847 0.0000000000
62444  0.715  -24.059  51.514 0.0000000000
61295  0.884  -24.341  51.077 0.0000000000
61296  0.513  -24.056  50.720 0.0000000000
63431  9.863  -23.658  65.603 0.0000000000
57970  14.185  -27.410  59.965 0.0000000000
57985  13.976  -27.495  59.481 0.0000000000
59061  13.550  -27.221  61.100 0.0000000000
59027  16.081  -26.376  63.150 0.0000000000
57937  16.623  -26.994  61.556 0.0000000000
59051  15.660  -26.691  61.523 0.0000000000
59054  12.327  -26.888  62.385 0.0000000000
59013  12.635  -26.075  64.766 0.0000000000
59014  11.612  -26.111  64.845 0.0000000000
59032  10.966  -26.585  64.417 0.0000000000
61177  12.555  -24.680  66.195 0.0000000000
60079  10.836  -25.412  66.106 0.0000000000
60080  10.408  -25.549  66.181 0.0000000000
61164  10.784  -25.094  66.266 0.0000000000
62282  10.161  -24.273  66.322 0.0000000000
62283  9.324  -24.297  66.280 0.0000000000
45405  0.035  -39.379  56.722 0.0000000000
47641  0.092  -38.325  57.004 0.0000000000
49806  -0.282  -36.241  58.054 0.0000000000
48657  -0.111  -37.054  57.401 0.0000000000
52022  -0.208  -34.933  60.091 0.0000000000
50911  -0.276  -35.249  59.555 0.0000000000
53110  1.117  -32.817  58.405 0.0000000000
54281  1.662  -32.002  59.030 0.0000000000
56809  0.921  -28.787  58.010 0.0000000000
56742  0.490  -30.397  63.820 0.0000000000
59057  0.615  -28.822  61.711 0.0000000000
57954  0.586  -29.678  62.449 0.0000000000
59064  0.545  -28.461  60.672 0.0000000000
62359  1.524  -26.423  59.672 0.0000000000
61240  0.718  -26.705  59.170 0.0000000000
61231  0.880  -26.799  59.892 0.0000000000
61232  0.476  -27.235  59.618 0.0000000000
57989  0.611  -28.447  59.470 0.0000000000
61249  0.434  -27.063  57.928 0.0000000000
60154  0.391  -27.691  58.486 0.0000000000
61257  0.461  -27.214  57.128 0.0000000000
62402  2.116  -25.241  56.291 0.0000000000
61266  2.273  -25.408  55.582 0.0000000000
61265  2.606  -25.196  55.457 0.0000000000
57988  9.130  -28.700  60.073 0.0000000000
57987  9.628  -28.334  59.527 0.0000000000
56791  8.708  -29.257  59.435 0.0000000000
46458  2.584  -37.955  60.889 0.0000000000
45336  2.701  -38.196  60.617 0.0000000000
46414  1.295  -36.906  62.723 0.0000000000
46427  1.159  -37.460  62.183 0.0000000000
46515  -0.084  -38.828  57.434 0.0000000000
45389  -0.044  -39.268  57.139 0.0000000000
49844  0.748  -36.445  55.482 0.0000000000
47666  0.733  -38.051  54.851 0.0000000000
48708  0.878  -37.189  54.701 0.0000000000
48725  1.116  -37.227  53.730 0.0000000000
52033  1.290  -33.324  56.178 0.0000000000
52045  0.564  -34.313  55.724 0.0000000000
52044  1.045  -33.862  55.609 0.0000000000
50959  1.578  -34.530  53.757 0.0000000000
50960  1.266  -35.582  53.679 0.0000000000
50979  1.141  -35.843  52.147 0.0000000000
51000  1.363  -35.585  51.197 0.0000000000
49918  1.310  -36.029  50.325 0.0000000000
51019  1.692  -35.567  50.228 0.0000000000
56832  0.601  -29.476  55.097 0.0000000000
54343  0.844  -30.514  53.698 0.0000000000
54362  2.098  -31.094  53.353 0.0000000000
55604  1.342  -30.072  52.229 0.0000000000
54403  1.690  -30.581  51.336 0.0000000000
53239  2.948  -31.727  50.647 0.0000000000
54401  1.954  -31.207  51.618 0.0000000000
53226  3.452  -31.774  51.374 0.0000000000
54399  3.366  -31.588  52.018 0.0000000000
53225  3.989  -32.107  51.853 0.0000000000
52101  4.428  -33.051  51.713 0.0000000000
51050  3.759  -33.764  49.450 0.0000000000
51034  2.247  -35.354  49.423 0.0000000000
51052  2.491  -35.265  48.449 0.0000000000
49949  1.907  -35.757  48.361 0.0000000000
53305  2.874  -32.657  47.396 0.0000000000
53325  1.743  -31.387  46.059 0.0000000000
53307  1.561  -31.524  46.625 0.0000000000
52189  3.057  -32.400  45.969 0.0000000000
65726  -0.610  -20.745  55.242 0.0000000000
64653  -0.978  -22.165  54.868 0.0000000000
64672  -1.226  -22.548  54.100 0.0000000000
63556  -1.136  -22.386  53.423 0.0000000000
64710  -0.796  -22.073  51.795 0.0000000000
63588  -0.622  -22.598  52.123 0.0000000000
62457  0.046  -23.574  50.600 0.0000000000
62458  -0.395  -23.080  50.779 0.0000000000
68166  -1.004  -19.757  50.074 0.0000000000
68160  -0.897  -19.540  50.916 0.0000000000
66975  -0.752  -20.235  51.441 0.0000000000
66984  -0.776  -20.909  51.038 0.0000000000
64736  -0.792  -22.299  50.090 0.0000000000
63625  -0.407  -22.922  49.353 0.0000000000
62483  0.217  -23.610  48.756 0.0000000000
61323  0.466  -25.037  47.637 0.0000000000
62496  0.131  -24.028  47.631 0.0000000000
60250  -0.790  -26.335  46.233 0.0000000000
63670  0.117  -23.834  46.192 0.0000000000
62274  5.692  -25.707  66.156 0.0000000000
62287  5.074  -25.656  65.942 0.0000000000
62286  5.914  -25.244  65.798 0.0000000000
61166  9.030  -25.387  66.477 0.0000000000
60082  8.496  -26.054  66.480 0.0000000000
60083  7.357  -26.371  66.525 0.0000000000
60074  6.521  -26.688  66.530 0.0000000000
58986  6.263  -27.179  66.476 0.0000000000
61160  5.972  -26.381  66.451 0.0000000000
49983  1.646  -36.834  47.566 0.0000000000
50891  0.101  -34.083  63.896 0.0000000000
49782  0.141  -34.754  63.347 0.0000000000
49783  -0.112  -35.083  63.131 0.0000000000
49786  -0.410  -35.137  62.650 0.0000000000
48616  -0.313  -36.071  61.795 0.0000000000
49789  -0.479  -35.357  62.241 0.0000000000
50902  -0.847  -34.862  61.917 0.0000000000
55523  1.364  -29.809  57.057 0.0000000000
55522  1.938  -30.726  57.294 0.0000000000
55533  0.909  -29.858  56.357 0.0000000000
59160  2.327  -27.023  50.454 0.0000000000
58084  2.175  -27.375  50.544 0.0000000000
58109  2.086  -27.417  49.555 0.0000000000
58110  1.850  -27.713  48.929 0.0000000000
56899  0.957  -28.836  48.306 0.0000000000
58111  1.191  -27.963  48.122 0.0000000000
59176  1.050  -27.198  47.754 0.0000000000
59183  0.664  -26.705  47.412 0.0000000000
56734  0.891  -30.124  65.308 0.0000000000
56735  0.664  -30.247  64.887 0.0000000000
57914  1.181  -29.375  65.345 0.0000000000
59019  1.691  -28.301  64.969 0.0000000000
61192  2.177  -27.718  64.389 0.0000000000
62321  5.223  -24.905  61.928 0.0000000000
57940  8.883  -28.058  63.480 0.0000000000
57929  7.001  -28.278  64.495 0.0000000000
55457  5.506  -29.881  63.761 0.0000000000
54241  5.405  -30.490  63.346 0.0000000000
51997  4.084  -33.009  64.696 0.0000000000
53064  3.815  -32.628  65.312 0.0000000000
56722  3.231  -29.285  66.520 0.0000000000
55446  3.165  -30.232  66.415 0.0000000000
56723  2.805  -29.501  66.535 0.0000000000
54228  2.494  -30.560  66.325 0.0000000000
53048  1.877  -31.485  66.262 0.0000000000
53049  1.425  -31.599  66.153 0.0000000000
55443  1.393  -30.559  65.974 0.0000000000
55447  0.947  -30.664  65.523 0.0000000000
60190  1.656  -26.316  54.003 0.0000000000
62443  0.984  -24.241  51.706 0.0000000000
62432  0.146  -23.567  51.823 0.0000000000
59060  14.420  -27.208  60.644 0.0000000000
59028  15.043  -26.145  63.360 0.0000000000
60108  13.277  -25.808  65.315 0.0000000000
62281  11.043  -24.352  66.216 0.0000000000
47627  -0.146  -38.189  57.542 0.0000000000
48658  -0.371  -37.334  57.894 0.0000000000
50920  -0.316  -35.920  58.541 0.0000000000
53087  0.469  -33.270  60.626 0.0000000000
53100  0.185  -34.015  60.109 0.0000000000
54282  1.410  -32.007  59.881 0.0000000000
56792  1.285  -29.479  59.666 0.0000000000
60128  0.740  -28.398  62.947 0.0000000000
59048  0.617  -29.123  62.883 0.0000000000
60133  0.885  -27.902  61.495 0.0000000000
61219  0.885  -27.617  60.929 0.0000000000
61241  0.422  -27.126  58.826 0.0000000000
62393  1.419  -25.643  57.017 0.0000000000
62403  1.672  -25.427  56.590 0.0000000000
55502  8.174  -30.227  59.569 0.0000000000
47549  2.903  -35.957  62.324 0.0000000000
47560  2.719  -36.775  61.813 0.0000000000
46443  2.354  -37.484  61.524 0.0000000000
45309  1.076  -38.135  61.623 0.0000000000
47581  -0.681  -37.206  60.037 0.0000000000
46471  -0.738  -37.993  59.640 0.0000000000
46492  -0.628  -38.467  58.439 0.0000000000
46502  -0.286  -38.637  57.868 0.0000000000
49829  0.301  -36.378  56.424 0.0000000000
52042  2.399  -33.220  55.403 0.0000000000
52057  1.431  -34.101  54.797 0.0000000000
52056  2.102  -33.648  54.830 0.0000000000
50958  2.016  -34.090  53.732 0.0000000000
58046  0.572  -28.803  54.043 0.0000000000
56842  0.501  -29.503  54.249 0.0000000000
56855  0.568  -29.337  53.683 0.0000000000
55587  0.467  -29.724  53.588 0.0000000000
54364  0.974  -30.488  53.065 0.0000000000
54418  1.660  -30.601  50.174 0.0000000000
54417  1.614  -31.001  50.516 0.0000000000
53240  2.370  -31.642  50.042 0.0000000000
53253  3.561  -32.367  49.971 0.0000000000
53269  3.339  -32.368  49.455 0.0000000000
52131  3.605  -33.193  48.615 0.0000000000
54486  0.667  -30.212  46.895 0.0000000000
53290  0.971  -31.108  46.830 0.0000000000
54485  0.755  -30.623  46.690 0.0000000000
66936  -1.429  -20.554  54.404 0.0000000000
65742  -1.591  -21.280  54.134 0.0000000000
63557  -1.319  -22.128  53.326 0.0000000000
66992  -1.017  -20.621  49.825 0.0000000000
65805  -0.960  -21.215  49.984 0.0000000000
65823  -0.945  -21.352  49.472 0.0000000000
62516  -0.300  -24.612  46.273 0.0000000000
60098  3.371  -27.466  65.974 0.0000000000
60111  3.147  -27.486  65.705 0.0000000000
61182  3.437  -27.257  65.792 0.0000000000
61196  4.269  -26.158  65.267 0.0000000000
62296  5.188  -25.357  65.211 0.0000000000
62303  5.239  -25.164  64.176 0.0000000000
59017  9.127  -27.190  65.516 0.0000000000
57910  7.432  -27.781  65.768 0.0000000000
57918  6.831  -28.110  65.210 0.0000000000
57919  5.935  -28.414  65.295 0.0000000000
55455  4.230  -30.491  65.167 0.0000000000
56733  4.631  -29.233  65.798 0.0000000000
56728  4.411  -29.128  66.102 0.0000000000
57906  4.319  -28.748  66.319 0.0000000000
58987  5.431  -27.579  66.383 0.0000000000
58988  4.611  -27.836  66.437 0.0000000000
57898  4.151  -28.423  66.420 0.0000000000
60078  3.818  -27.737  66.368 0.0000000000
60088  3.499  -27.697  66.229 0.0000000000
62427  3.567  -24.599  52.890 0.0000000000
65783  2.834  -21.833  52.797 0.0000000000
64701  2.459  -22.460  52.655 0.0000000000
49803  -0.635  -36.327  59.500 0.0000000000
52013  -0.330  -34.152  61.184 0.0000000000
53088  0.127  -33.780  60.955 0.0000000000
54270  0.413  -32.786  61.189 0.0000000000
62370  2.919  -25.244  57.925 0.0000000000
63515  3.200  -24.796  57.156 0.0000000000
48598  1.849  -35.301  63.977 0.0000000000
47538  1.659  -35.814  63.530 0.0000000000
47539  1.245  -35.967  63.515 0.0000000000
47545  1.071  -36.539  63.167 0.0000000000
46415  0.880  -37.057  62.663 0.0000000000
48607  0.246  -35.643  62.890 0.0000000000
46416  0.446  -37.070  62.446 0.0000000000
46429  0.348  -37.481  61.992 0.0000000000
45311  0.313  -37.850  61.505 0.0000000000
45323  0.197  -38.052  61.088 0.0000000000
46445  -0.025  -37.509  61.412 0.0000000000
46446  -0.169  -37.432  61.003 0.0000000000
47571  -0.394  -36.935  60.739 0.0000000000
53125  0.502  -33.421  57.629 0.0000000000
53139  0.645  -33.316  56.955 0.0000000000
53138  1.156  -32.957  56.756 0.0000000000
53137  1.931  -32.659  56.516 0.0000000000
55521  2.143  -31.191  56.896 0.0000000000
54314  2.402  -31.649  56.497 0.0000000000
53155  2.306  -32.879  55.903 0.0000000000
53154  2.861  -32.628  55.576 0.0000000000
53175  3.411  -32.592  54.746 0.0000000000
53174  3.657  -32.319  54.188 0.0000000000
59153  1.573  -27.841  52.100 0.0000000000
58086  1.844  -28.643  50.240 0.0000000000
54448  1.348  -31.130  48.545 0.0000000000
54449  0.860  -30.718  48.055 0.0000000000
54450  0.713  -30.217  47.598 0.0000000000
54467  0.659  -30.063  47.146 0.0000000000
55688  0.490  -29.520  46.794 0.0000000000
56923  0.249  -28.626  46.464 0.0000000000
67021  -0.362  -20.963  48.662 0.0000000000
67039  -0.307  -21.721  48.237 0.0000000000
65867  -0.128  -22.353  47.457 0.0000000000
65881  1.009  -22.559  46.316 0.0000000000
48768  1.449  -37.323  49.363 0.0000000000
53068  -0.110  -33.010  63.710 0.0000000000
54245  0.421  -32.236  63.532 0.0000000000
57930  0.576  -29.719  63.833 0.0000000000
57921  0.758  -29.599  64.621 0.0000000000
59036  0.829  -28.930  63.904 0.0000000000
60127  0.929  -27.872  63.027 0.0000000000
61212  1.663  -27.317  62.543 0.0000000000
61216  1.973  -27.013  62.160 0.0000000000
60112  2.717  -27.670  65.394 0.0000000000
61198  3.155  -27.183  64.385 0.0000000000
61205  2.845  -27.279  63.728 0.0000000000
62316  2.452  -27.133  62.871 0.0000000000
57960  10.765  -27.790  61.089 0.0000000000
57971  10.679  -27.771  60.217 0.0000000000
57973  9.173  -28.623  60.786 0.0000000000
57962  9.158  -28.463  61.608 0.0000000000
56770  8.466  -29.058  61.002 0.0000000000
56781  7.970  -29.702  60.636 0.0000000000
54268  7.184  -31.018  60.282 0.0000000000
57941  8.049  -28.264  63.681 0.0000000000
56748  7.270  -28.622  62.988 0.0000000000
54255  6.691  -30.953  60.848 0.0000000000
53078  6.563  -31.860  60.441 0.0000000000
52009  5.776  -32.974  61.756 0.0000000000
48602  3.711  -34.582  62.803 0.0000000000
47541  2.671  -35.543  62.917 0.0000000000
48604  2.527  -35.374  63.389 0.0000000000
48597  2.164  -35.165  64.006 0.0000000000
54235  4.001  -30.964  65.247 0.0000000000
53057  3.817  -31.408  65.376 0.0000000000
51992  3.364  -32.953  65.609 0.0000000000
53051  2.886  -31.394  66.064 0.0000000000
53059  3.032  -32.324  65.842 0.0000000000
50882  2.863  -33.669  65.366 0.0000000000
48591  2.353  -34.769  64.788 0.0000000000
48592  1.978  -35.041  64.651 0.0000000000
48593  1.593  -34.901  64.316 0.0000000000
49771  0.959  -34.564  64.425 0.0000000000
49772  0.853  -34.337  64.477 0.0000000000
51991  0.977  -33.063  65.430 0.0000000000
51994  0.642  -33.291  64.913 0.0000000000
50887  0.565  -33.974  64.433 0.0000000000
51995  0.213  -33.309  64.261 0.0000000000
51999  -0.264  -33.542  63.787 0.0000000000
59111  0.646  -28.628  56.438 0.0000000000
59117  0.612  -28.513  55.774 0.0000000000
59124  0.526  -28.369  54.958 0.0000000000
59131  0.509  -28.375  54.374 0.0000000000
59130  0.600  -28.147  53.802 0.0000000000
59142  1.274  -27.774  52.689 0.0000000000
60196  1.739  -26.048  53.121 0.0000000000
60206  1.407  -27.098  52.918 0.0000000000
59161  2.239  -26.509  50.949 0.0000000000
60220  1.602  -25.345  50.513 0.0000000000
60229  1.223  -25.021  50.089 0.0000000000
61310  0.830  -24.627  49.837 0.0000000000
62284  8.303  -24.361  65.845 0.0000000000
63432  8.947  -23.836  65.290 0.0000000000
57959  15.381  -26.962  60.748 0.0000000000
59043  14.334  -26.405  62.668 0.0000000000
59070  11.594  -27.424  60.837 0.0000000000
59063  11.504  -27.291  61.702 0.0000000000
59045  12.115  -26.575  63.346 0.0000000000
59046  11.133  -26.748  63.623 0.0000000000
60092  13.860  -25.333  65.685 0.0000000000
60093  12.817  -25.344  65.790 0.0000000000
60110  11.247  -25.938  65.301 0.0000000000
60095  10.106  -26.016  66.004 0.0000000000
60081  9.471  -25.880  66.353 0.0000000000
62269  10.287  -24.720  66.371 0.0000000000
62271  8.655  -24.887  66.397 0.0000000000
48676  -0.010  -37.696  57.195 0.0000000000
50916  -0.409  -35.836  59.195 0.0000000000
50915  -0.283  -35.307  58.896 0.0000000000
52026  -0.279  -34.718  58.593 0.0000000000
52025  -0.199  -34.181  58.334 0.0000000000
52029  -0.121  -34.036  57.642 0.0000000000
54291  1.697  -32.005  58.309 0.0000000000
55514  1.719  -29.944  57.992 0.0000000000
56808  1.171  -29.280  57.527 0.0000000000
55461  0.558  -31.213  63.103 0.0000000000
56762  0.592  -30.434  62.655 0.0000000000
56783  0.894  -29.531  60.932 0.0000000000
61221  1.490  -27.045  60.900 0.0000000000
61222  1.056  -27.178  60.594 0.0000000000
61223  0.655  -27.426  60.344 0.0000000000
57974  0.587  -28.737  60.340 0.0000000000
58001  0.729  -28.386  58.559 0.0000000000
59103  0.582  -28.399  57.187 0.0000000000
61276  2.649  -25.343  55.071 0.0000000000
62391  2.673  -24.853  56.629 0.0000000000
62409  3.899  -24.550  54.477 0.0000000000
63567  4.231  -24.188  53.048 0.0000000000
62293  8.233  -24.058  65.247 0.0000000000
56799  9.199  -29.054  57.814 0.0000000000
46413  1.563  -36.686  62.804 0.0000000000
46426  1.700  -37.245  62.158 0.0000000000
45320  2.116  -37.946  61.295 0.0000000000
45337  2.222  -38.586  60.700 0.0000000000
50961  1.305  -35.724  54.636 0.0000000000
49864  1.225  -36.409  54.181 0.0000000000
48724  1.237  -37.246  52.785 0.0000000000
51001  1.107  -35.964  51.499 0.0000000000
49934  1.471  -36.803  48.943 0.0000000000
56824  0.749  -29.385  55.930 0.0000000000
55543  0.684  -30.098  55.467 0.0000000000
55557  0.409  -29.866  54.437 0.0000000000
55556  0.639  -30.233  54.508 0.0000000000
54326  1.615  -30.779  54.946 0.0000000000
54341  2.268  -31.124  54.331 0.0000000000
54360  3.647  -31.953  53.476 0.0000000000
54384  1.495  -30.841  52.341 0.0000000000
54402  1.652  -30.921  51.477 0.0000000000
54383  2.004  -31.140  52.439 0.0000000000
54382  2.806  -31.342  52.601 0.0000000000
54381  3.553  -31.752  52.687 0.0000000000
53210  4.089  -32.475  52.662 0.0000000000
52088  4.336  -33.060  52.201 0.0000000000
51016  3.839  -33.997  51.408 0.0000000000
51017  3.104  -34.494  50.962 0.0000000000
52115  4.012  -33.103  50.122 0.0000000000
49933  1.551  -36.035  49.207 0.0000000000
49950  1.581  -36.346  48.381 0.0000000000
49965  1.922  -35.933  47.782 0.0000000000
51079  2.359  -35.599  47.454 0.0000000000
53272  1.527  -31.432  47.933 0.0000000000
53306  2.101  -32.157  46.987 0.0000000000
52188  3.385  -33.248  46.575 0.0000000000
65754  1.222  -21.719  54.482 0.0000000000
64670  0.522  -22.112  54.469 0.0000000000
64652  -0.190  -22.098  54.905 0.0000000000
64671  -0.329  -22.499  54.151 0.0000000000
64689  -0.099  -22.812  53.398 0.0000000000
63569  -0.277  -22.969  52.905 0.0000000000
63587  -0.313  -23.072  52.311 0.0000000000
62433  -0.211  -23.240  51.750 0.0000000000
63571  -1.014  -22.178  52.949 0.0000000000
61304  0.453  -24.109  50.248 0.0000000000
61317  0.853  -24.573  49.374 0.0000000000
65793  -0.761  -21.532  51.437 0.0000000000
64721  -0.756  -22.141  50.955 0.0000000000
63614  -0.599  -22.701  50.555 0.0000000000
63613  -0.334  -23.157  50.187 0.0000000000
62482  0.601  -24.253  49.255 0.0000000000
62494  0.829  -24.598  48.853 0.0000000000
61322  0.938  -25.052  48.350 0.0000000000
60242  0.889  -25.839  47.739 0.0000000000
59184  0.130  -26.957  46.924 0.0000000000
61324  -0.063  -25.135  46.936 0.0000000000
59192  -0.319  -27.107  46.479 0.0000000000
58135  0.003  -27.795  46.096 0.0000000000
60256  -0.835  -26.486  45.715 0.0000000000
59206  -0.502  -27.266  45.647 0.0000000000
44161  1.000  -39.035  60.997 0.0000000000
45312  0.085  -37.723  61.352 0.0000000000
46425  2.092  -37.022  62.112 0.0000000000
46444  1.876  -37.776  61.558 0.0000000000
47540  0.910  -36.090  63.424 0.0000000000
47740  1.116  -37.910  47.846 0.0000000000
48595  3.125  -34.669  63.866 0.0000000000
48599  1.443  -35.382  63.854 0.0000000000
48606  0.656  -35.814  63.337 0.0000000000
48612  0.059  -36.032  62.438 0.0000000000
48808  1.146  -37.834  48.098 0.0000000000
48832  1.496  -37.270  47.405 0.0000000000
49765  1.781  -33.984  65.219 0.0000000000
49767  3.044  -34.029  64.889 0.0000000000
49768  2.382  -34.372  64.852 0.0000000000
49770  1.629  -34.420  64.823 0.0000000000
49775  3.118  -34.419  64.434 0.0000000000
49885  1.192  -36.825  53.368 0.0000000000
49984  1.470  -37.223  47.756 0.0000000000
50877  2.160  -33.274  65.693 0.0000000000
50879  1.382  -33.698  65.249 0.0000000000
50881  3.383  -33.591  65.236 0.0000000000
50884  2.036  -33.730  65.428 0.0000000000
50885  1.146  -34.065  64.895 0.0000000000
50886  0.944  -33.969  64.814 0.0000000000
50975  3.671  -33.643  52.463 0.0000000000
50976  3.365  -33.811  52.584 0.0000000000
50997  3.740  -33.806  52.175 0.0000000000
51993  2.905  -32.951  65.805 0.0000000000
52058  1.028  -34.465  55.168 0.0000000000
52064  3.563  -33.111  53.515 0.0000000000
52067  1.859  -34.016  54.218 0.0000000000
52073  4.217  -32.915  52.485 0.0000000000
52075  3.198  -33.557  53.225 0.0000000000
52089  4.176  -33.468  51.875 0.0000000000
52102  4.285  -33.277  51.072 0.0000000000
53045  2.924  -30.980  66.421 0.0000000000
53046  2.864  -30.980  66.156 0.0000000000
53050  3.180  -31.169  65.946 0.0000000000
53052  2.526  -31.786  66.094 0.0000000000
53053  2.132  -32.047  66.179 0.0000000000
53054  1.638  -32.198  66.117 0.0000000000
53055  0.961  -32.131  65.815 0.0000000000
53060  0.674  -32.568  65.253 0.0000000000
53062  4.389  -31.558  64.292 0.0000000000
53072  -0.625  -33.810  62.844 0.0000000000
53136  2.489  -32.349  56.157 0.0000000000
53193  3.566  -32.769  54.023 0.0000000000
53209  4.290  -32.771  52.318 0.0000000000
53237  4.306  -32.673  51.474 0.0000000000
54226  3.140  -30.875  66.486 0.0000000000
54229  1.987  -30.768  66.290 0.0000000000
54230  1.614  -30.994  66.171 0.0000000000
54231  3.481  -30.823  65.866 0.0000000000
54233  1.134  -31.194  65.901 0.0000000000
54236  3.722  -30.897  65.585 0.0000000000
54246  6.429  -30.799  61.481 0.0000000000
54301  2.109  -31.750  57.129 0.0000000000
54339  3.728  -32.078  53.951 0.0000000000
54415  2.348  -31.456  51.153 0.0000000000
55438  3.413  -29.643  66.429 0.0000000000
55439  3.003  -29.998  66.522 0.0000000000
55440  2.616  -30.054  66.480 0.0000000000
55441  1.872  -29.918  66.387 0.0000000000
55445  3.678  -30.074  66.174 0.0000000000
55449  4.588  -29.532  65.500 0.0000000000
55452  0.692  -30.574  65.124 0.0000000000
55555  1.035  -30.450  54.950 0.0000000000
55571  0.520  -30.194  53.758 0.0000000000
56725  1.831  -29.808  66.232 0.0000000000
56726  1.579  -30.184  66.102 0.0000000000
56729  3.923  -29.366  66.322 0.0000000000
56731  1.332  -29.979  65.806 0.0000000000
57899  3.559  -28.660  66.466 0.0000000000
57901  2.488  -29.037  66.420 0.0000000000
57902  2.140  -29.423  66.357 0.0000000000
57905  4.942  -28.423  66.232 0.0000000000
57913  1.564  -28.943  65.584 0.0000000000
57915  0.813  -29.851  65.068 0.0000000000
57920  0.965  -29.167  64.843 0.0000000000
57948  16.188  -26.840  61.025 0.0000000000
57949  15.515  -26.774  61.214 0.0000000000
58097  2.170  -27.411  50.195 0.0000000000
58985  6.689  -26.988  66.569 0.0000000000
58989  3.952  -28.066  66.460 0.0000000000
58990  3.407  -28.256  66.403 0.0000000000
58991  2.936  -28.547  66.395 0.0000000000
58999  2.132  -28.689  65.977 0.0000000000
59003  7.805  -27.325  66.175 0.0000000000
59005  2.416  -28.181  65.761 0.0000000000
59007  1.446  -28.844  65.329 0.0000000000
59021  0.921  -29.093  64.539 0.0000000000
59067  14.275  -27.354  60.199 0.0000000000
59168  2.282  -26.884  49.777 0.0000000000
60073  6.900  -26.825  66.562 0.0000000000
60075  5.712  -26.887  66.479 0.0000000000
60084  6.629  -26.198  66.504 0.0000000000
60085  5.224  -26.725  66.421 0.0000000000
60089  3.063  -27.899  66.104 0.0000000000
60097  3.739  -27.236  66.134 0.0000000000
60099  2.801  -27.859  65.824 0.0000000000
60114  1.643  -28.206  64.546 0.0000000000
60123  1.347  -28.123  63.849 0.0000000000
60221  1.135  -24.853  50.254 0.0000000000
60227  2.078  -26.228  49.272 0.0000000000
61171  4.360  -26.707  66.196 0.0000000000
61172  3.963  -26.991  66.171 0.0000000000
61189  4.048  -26.473  65.573 0.0000000000
61191  2.632  -27.535  64.789 0.0000000000
61199  2.518  -27.498  64.081 0.0000000000
61206  2.367  -27.350  63.350 0.0000000000
61309  1.138  -24.912  49.584 0.0000000000
61311  0.275  -23.983  50.197 0.0000000000
62275  5.267  -25.829  66.174 0.0000000000
62306  3.188  -27.102  63.783 0.0000000000
62325  2.447  -26.924  62.397 0.0000000000
62345  1.762  -26.664  60.607 0.0000000000
62469  0.473  -24.154  49.758 0.0000000000
62481  1.014  -24.714  48.907 0.0000000000
64673  -1.496  -21.978  53.719 0.0000000000
64690  -1.246  -21.856  53.176 0.0000000000
65824  -0.927  -21.701  49.863 0.0000000000
66993  -0.902  -20.905  50.365 0.0000000000
67061  -0.023  -21.858  47.897 0.0000000000
69452  -0.700  -19.918  49.240 0.0000000000
