#!ascii label  , from subject 3457 vox2ras=TkReg
1104
99344  41.766  8.549  30.793 0.0000000000
100460  46.069  10.270  18.171 0.0000000000
104556  46.148  12.566  20.218 0.0000000000
98508  46.340  8.296  6.951 0.0000000000
96047  40.207  5.284  22.265 0.0000000000
103453  48.907  12.172  27.575 0.0000000000
102503  45.792  11.701  11.430 0.0000000000
103621  37.426  12.754  13.673 0.0000000000
100399  50.238  9.720  26.834 0.0000000000
99386  45.476  8.208  25.296 0.0000000000
96093  42.850  5.814  17.051 0.0000000000
104561  40.381  13.458  20.448 0.0000000000
105674  41.539  14.311  12.128 0.0000000000
103566  51.736  12.808  18.069 0.0000000000
107446  47.995  16.248  10.007 0.0000000000
104647  36.453  13.922  16.874 0.0000000000
100392  46.185  8.683  29.385 0.0000000000
98269  44.462  7.207  28.237 0.0000000000
96067  41.567  5.772  19.527 0.0000000000
102381  44.300  11.892  23.882 0.0000000000
103504  41.113  12.522  24.087 0.0000000000
104579  43.417  12.656  19.657 0.0000000000
104641  41.873  12.836  16.531 0.0000000000
104659  44.783  13.188  15.479 0.0000000000
100422  48.188  10.043  21.743 0.0000000000
102385  51.504  11.246  22.339 0.0000000000
102429  49.415  11.143  18.485 0.0000000000
101516  47.256  10.676  7.962 0.0000000000
104727  47.059  13.483  10.158 0.0000000000
103680  46.397  12.250  6.510 0.0000000000
103665  44.222  12.421  7.985 0.0000000000
98510  44.138  8.379  7.659 0.0000000000
96194  42.913  5.959  10.654 0.0000000000
98285  39.321  7.217  27.905 0.0000000000
95998  41.876  5.755  26.995 0.0000000000
103498  47.796  12.428  23.570 0.0000000000
99497  43.982  8.795  15.339 0.0000000000
101473  46.159  10.912  15.551 0.0000000000
99520  45.157  8.835  11.798 0.0000000000
99548  47.654  9.277  8.976 0.0000000000
101333  52.060  11.176  32.140 0.0000000000
100382  48.290  9.541  30.702 0.0000000000
99379  47.659  8.859  25.901 0.0000000000
99419  45.963  9.298  21.465 0.0000000000
98319  42.061  7.439  23.940 0.0000000000
98355  43.327  7.922  20.092 0.0000000000
99477  43.593  8.411  17.151 0.0000000000
96134  44.274  6.332  14.678 0.0000000000
98265  37.130  7.262  30.021 0.0000000000
106475  38.542  15.563  23.209 0.0000000000
105572  37.731  14.162  20.388 0.0000000000
104644  39.194  13.539  16.223 0.0000000000
105660  39.580  14.146  12.963 0.0000000000
101493  41.431  10.930  12.327 0.0000000000
102341  52.569  11.821  27.174 0.0000000000
103495  51.342  13.100  23.306 0.0000000000
104594  49.766  13.721  18.658 0.0000000000
103607  49.071  12.543  14.385 0.0000000000
105649  50.927  15.032  14.113 0.0000000000
104676  47.749  14.563  14.878 0.0000000000
105686  44.705  14.706  11.351 0.0000000000
102509  42.601  11.754  9.874 0.0000000000
105629  35.395  14.209  16.192 0.0000000000
105602  35.426  14.658  17.831 0.0000000000
99355  44.002  8.263  29.406 0.0000000000
98261  43.154  7.845  28.942 0.0000000000
103531  45.339  12.056  21.757 0.0000000000
103532  44.283  12.192  21.731 0.0000000000
104557  45.113  12.443  20.261 0.0000000000
104618  44.818  12.835  17.416 0.0000000000
104617  45.976  13.239  17.317 0.0000000000
100442  47.373  10.187  20.118 0.0000000000
101418  48.564  10.423  20.399 0.0000000000
101436  47.588  10.596  18.686 0.0000000000
99565  47.248  8.837  6.867 0.0000000000
101527  47.170  10.867  6.725 0.0000000000
99578  46.300  9.085  6.573 0.0000000000
100552  45.353  9.761  6.576 0.0000000000
98509  45.166  8.281  7.281 0.0000000000
97358  44.462  7.149  8.530 0.0000000000
97357  45.618  6.836  8.182 0.0000000000
96015  39.817  5.620  26.731 0.0000000000
102362  46.629  12.108  25.475 0.0000000000
103474  48.251  12.120  25.507 0.0000000000
97291  44.732  7.305  13.545 0.0000000000
99513  44.457  8.796  13.317 0.0000000000
98451  46.240  7.441  11.754 0.0000000000
98489  48.444  8.501  9.472 0.0000000000
99546  49.259  8.371  8.961 0.0000000000
99556  48.327  8.979  8.067 0.0000000000
99377  46.342  8.047  27.386 0.0000000000
99364  47.420  8.595  27.550 0.0000000000
99385  46.220  8.341  25.480 0.0000000000
100420  46.922  9.076  23.638 0.0000000000
99402  45.590  8.710  23.417 0.0000000000
97169  40.732  5.963  25.082 0.0000000000
97159  42.317  6.532  25.801 0.0000000000
97174  41.148  6.884  23.300 0.0000000000
96077  42.163  5.725  18.383 0.0000000000
98343  42.076  7.038  20.016 0.0000000000
98371  42.716  7.183  18.208 0.0000000000
99451  43.994  8.408  19.708 0.0000000000
98382  43.084  7.644  17.419 0.0000000000
98406  43.594  7.234  15.585 0.0000000000
96105  43.901  5.455  15.774 0.0000000000
96118  47.473  4.734  14.689 0.0000000000
104541  40.579  13.302  21.621 0.0000000000
105549  39.449  14.472  24.216 0.0000000000
104526  39.594  13.579  22.429 0.0000000000
106489  37.947  15.202  21.893 0.0000000000
104562  39.330  13.527  20.243 0.0000000000
104604  38.481  13.355  18.250 0.0000000000
104603  39.672  13.267  18.080 0.0000000000
104682  41.985  13.524  14.400 0.0000000000
104683  41.034  13.690  14.581 0.0000000000
105659  40.597  14.124  12.967 0.0000000000
103630  40.535  12.764  12.218 0.0000000000
104720  40.910  13.608  11.613 0.0000000000
101366  51.293  10.252  29.250 0.0000000000
101364  52.407  11.394  30.100 0.0000000000
101373  52.030  10.701  27.599 0.0000000000
102409  51.746  12.071  20.013 0.0000000000
103506  52.667  12.520  22.348 0.0000000000
104570  52.251  13.085  20.444 0.0000000000
104537  50.672  13.343  20.961 0.0000000000
105588  51.246  13.815  18.287 0.0000000000
102495  45.782  11.429  12.511 0.0000000000
102471  47.795  11.978  14.515 0.0000000000
103629  47.154  12.410  12.747 0.0000000000
105696  48.379  15.180  9.983 0.0000000000
104708  49.308  14.185  12.226 0.0000000000
106551  49.191  15.649  11.996 0.0000000000
105637  49.092  15.148  14.572 0.0000000000
106540  48.368  15.586  12.701 0.0000000000
105654  46.344  14.381  13.088 0.0000000000
106564  46.516  15.758  10.365 0.0000000000
100539  43.281  9.886  8.109 0.0000000000
103656  43.366  12.574  9.125 0.0000000000
100531  42.333  9.886  9.189 0.0000000000
99540  41.312  9.136  10.122 0.0000000000
103431  50.104  12.469  29.601 0.0000000000
104688  36.282  13.217  15.100 0.0000000000
104687  36.988  13.434  14.756 0.0000000000
100376  46.279  9.461  31.288 0.0000000000
100385  45.148  9.005  30.426 0.0000000000
99367  45.601  7.954  28.372 0.0000000000
98291  45.198  7.629  26.382 0.0000000000
96061  40.932  5.563  20.856 0.0000000000
103502  42.867  12.075  23.844 0.0000000000
103534  42.723  12.486  22.244 0.0000000000
104580  42.334  12.923  19.643 0.0000000000
104621  41.527  12.904  17.456 0.0000000000
104620  42.567  12.734  17.551 0.0000000000
104660  43.668  12.937  15.474 0.0000000000
104698  43.665  13.556  13.658 0.0000000000
100408  49.552  9.698  24.851 0.0000000000
101387  50.901  10.374  24.315 0.0000000000
101397  49.784  10.368  22.383 0.0000000000
102410  50.537  11.190  20.460 0.0000000000
102428  50.775  11.923  17.939 0.0000000000
102515  46.319  11.426  8.890 0.0000000000
103646  46.476  12.795  10.445 0.0000000000
103654  46.451  12.528  9.179 0.0000000000
104745  47.299  13.516  8.267 0.0000000000
105725  46.914  14.258  7.634 0.0000000000
106586  45.955  15.133  8.719 0.0000000000
103674  45.299  12.327  6.974 0.0000000000
101524  44.143  10.294  7.349 0.0000000000
99558  43.235  8.429  8.016 0.0000000000
96193  44.114  5.686  10.369 0.0000000000
99371  40.509  8.395  29.074 0.0000000000
98272  41.926  7.505  28.452 0.0000000000
97132  40.840  6.309  27.477 0.0000000000
96028  40.592  5.352  25.695 0.0000000000
96034  39.886  5.263  24.500 0.0000000000
102363  45.609  12.012  25.604 0.0000000000
103500  46.127  12.156  23.422 0.0000000000
103529  47.264  12.584  21.700 0.0000000000
100482  44.570  9.517  16.376 0.0000000000
101456  45.795  10.485  16.633 0.0000000000
101465  45.113  10.287  15.267 0.0000000000
101492  44.699  9.941  12.973 0.0000000000
100515  45.393  9.830  10.759 0.0000000000
98465  46.452  7.980  10.815 0.0000000000
99527  46.378  8.551  10.307 0.0000000000
100530  46.167  10.070  9.322 0.0000000000
100528  47.557  9.767  8.471 0.0000000000
99564  47.819  8.745  7.319 0.0000000000
98507  47.301  8.045  7.147 0.0000000000
96212  46.203  5.998  8.489 0.0000000000
101362  50.486  10.227  30.978 0.0000000000
100394  50.236  9.734  28.377 0.0000000000
100390  47.944  9.172  29.479 0.0000000000
100395  48.697  9.251  28.455 0.0000000000
100404  49.301  9.460  26.092 0.0000000000
100413  48.458  9.524  24.087 0.0000000000
100423  47.482  9.653  22.182 0.0000000000
100454  45.631  9.624  19.675 0.0000000000
97129  43.233  6.431  27.278 0.0000000000
98301  43.574  7.138  25.861 0.0000000000
98317  43.592  8.127  24.155 0.0000000000
97187  41.412  6.853  21.475 0.0000000000
98332  42.661  7.655  21.772 0.0000000000
99413  44.176  8.301  23.043 0.0000000000
99421  44.821  8.643  21.567 0.0000000000
99450  44.585  8.946  19.517 0.0000000000
100462  44.661  9.449  18.133 0.0000000000
99486  43.843  8.785  16.523 0.0000000000
97275  44.427  6.814  14.206 0.0000000000
96150  45.361  6.203  13.702 0.0000000000
95089  45.022  4.756  15.253 0.0000000000
96132  46.011  5.354  14.040 0.0000000000
99360  39.304  8.270  30.361 0.0000000000
98276  38.033  7.775  28.886 0.0000000000
97120  35.834  6.735  28.590 0.0000000000
107359  40.551  16.141  24.418 0.0000000000
108322  38.597  17.143  22.052 0.0000000000
104606  36.746  13.807  18.420 0.0000000000
104625  37.883  13.491  17.356 0.0000000000
104686  38.045  13.710  14.277 0.0000000000
104643  40.125  13.377  16.225 0.0000000000
104685  39.154  13.933  14.434 0.0000000000
104700  38.395  13.354  13.194 0.0000000000
103451  51.047  12.374  27.552 0.0000000000
102359  52.676  11.660  25.091 0.0000000000
103471  51.617  12.514  25.381 0.0000000000
103472  50.582  12.484  25.450 0.0000000000
103496  50.091  12.864  23.417 0.0000000000
103528  48.320  12.783  21.567 0.0000000000
104575  48.220  13.292  19.386 0.0000000000
102451  47.400  11.098  16.703 0.0000000000
102450  48.588  11.510  16.369 0.0000000000
102448  50.407  12.263  16.181 0.0000000000
103627  48.807  13.560  12.430 0.0000000000
103606  50.294  13.361  13.995 0.0000000000
103585  51.473  13.507  16.084 0.0000000000
105612  50.200  14.352  16.590 0.0000000000
105600  48.587  14.131  16.884 0.0000000000
104616  47.422  13.793  17.130 0.0000000000
104678  46.439  13.996  14.358 0.0000000000
105655  45.337  14.066  12.899 0.0000000000
105687  43.634  14.610  11.290 0.0000000000
105708  44.572  14.623  8.966 0.0000000000
105697  43.208  14.524  9.924 0.0000000000
105699  41.825  13.917  10.745 0.0000000000
102510  42.222  11.757  10.691 0.0000000000
96180  41.914  5.700  11.392 0.0000000000
106514  35.019  15.142  17.706 0.0000000000
106508  35.217  15.352  18.366 0.0000000000
99343  42.773  8.665  30.486 0.0000000000
99357  42.133  8.532  29.729 0.0000000000
104577  45.755  12.706  19.351 0.0000000000
104598  45.306  12.737  18.359 0.0000000000
104597  46.541  13.079  18.337 0.0000000000
100453  46.463  10.161  19.271 0.0000000000
100452  47.151  10.301  19.496 0.0000000000
101437  46.864  10.452  18.478 0.0000000000
99566  46.729  8.837  6.684 0.0000000000
99577  46.968  9.251  6.599 0.0000000000
98518  45.735  8.669  6.850 0.0000000000
97369  45.725  7.633  7.491 0.0000000000
98497  45.052  7.553  7.901 0.0000000000
103442  48.606  12.252  28.453 0.0000000000
103454  48.222  12.199  27.752 0.0000000000
102352  48.139  12.047  26.554 0.0000000000
103464  49.001  12.121  26.535 0.0000000000
97290  45.533  6.685  13.221 0.0000000000
98435  45.203  7.416  12.925 0.0000000000
97307  45.802  7.256  12.438 0.0000000000
98495  49.277  7.766  8.531 0.0000000000
102489  37.858  12.299  13.699 0.0000000000
98290  45.806  7.956  26.139 0.0000000000
99381  46.384  8.104  26.534 0.0000000000
99392  46.476  8.741  24.243 0.0000000000
99393  45.588  8.465  24.509 0.0000000000
97175  40.433  6.253  23.948 0.0000000000
97182  40.510  6.153  22.527 0.0000000000
96094  42.478  5.781  17.788 0.0000000000
97220  42.319  6.479  18.565 0.0000000000
97237  42.614  6.489  17.650 0.0000000000
98383  42.758  7.023  17.520 0.0000000000
97236  42.867  6.633  16.946 0.0000000000
97249  43.212  6.840  16.319 0.0000000000
96106  43.399  5.873  16.212 0.0000000000
104542  39.444  13.659  21.283 0.0000000000
104583  38.975  13.350  19.245 0.0000000000
104582  40.080  13.294  19.330 0.0000000000
105658  41.809  13.952  13.207 0.0000000000
105690  40.744  13.907  11.791 0.0000000000
105689  41.466  14.096  11.351 0.0000000000
101370  51.429  10.275  28.236 0.0000000000
101369  52.053  10.770  28.632 0.0000000000
101374  51.219  10.146  27.305 0.0000000000
103542  52.195  12.589  20.058 0.0000000000
103541  52.446  12.774  20.425 0.0000000000
103556  52.139  12.812  19.448 0.0000000000
104571  51.797  13.180  19.920 0.0000000000
104592  51.542  13.463  18.694 0.0000000000
102494  46.563  11.928  13.110 0.0000000000
102502  46.381  12.093  12.318 0.0000000000
106574  48.101  15.893  9.677 0.0000000000
105695  48.620  15.453  10.601 0.0000000000
106552  48.489  15.895  11.216 0.0000000000
106545  48.810  15.764  12.260 0.0000000000
107441  48.020  16.228  10.790 0.0000000000
106547  47.176  15.522  11.601 0.0000000000
107448  47.150  15.973  10.357 0.0000000000
99559  42.852  8.858  8.209 0.0000000000
100540  42.726  9.664  8.607 0.0000000000
99560  42.249  8.979  8.850 0.0000000000
100541  42.136  9.364  9.173 0.0000000000
105628  35.883  14.136  16.552 0.0000000000
104667  36.381  13.741  15.810 0.0000000000
100364  45.413  9.502  32.024 0.0000000000
99311  44.286  9.268  31.789 0.0000000000
98259  44.262  7.719  28.807 0.0000000000
99354  44.764  8.245  29.233 0.0000000000
98258  44.967  7.768  28.615 0.0000000000
98268  45.149  7.399  27.969 0.0000000000
98283  44.547  6.975  27.494 0.0000000000
102373  44.051  12.042  24.816 0.0000000000
102366  42.982  12.172  25.273 0.0000000000
102382  43.600  11.997  24.149 0.0000000000
104558  43.922  12.581  20.723 0.0000000000
104539  43.039  12.646  21.512 0.0000000000
104559  42.695  12.903  20.694 0.0000000000
104600  43.187  12.658  18.685 0.0000000000
104639  44.256  12.885  16.471 0.0000000000
104681  43.103  13.244  14.508 0.0000000000
104680  44.209  13.226  14.523 0.0000000000
100417  49.256  9.968  23.133 0.0000000000
101392  49.845  10.239  23.191 0.0000000000
101398  49.039  10.172  22.109 0.0000000000
101434  49.063  10.786  19.321 0.0000000000
102411  49.768  10.863  20.193 0.0000000000
102420  49.792  11.003  19.601 0.0000000000
102419  50.671  11.569  19.204 0.0000000000
102524  46.888  11.593  8.110 0.0000000000
102537  47.169  11.861  6.833 0.0000000000
103672  47.238  12.668  7.348 0.0000000000
103679  46.922  12.452  6.686 0.0000000000
104744  47.290  13.760  7.828 0.0000000000
104754  46.769  13.338  7.066 0.0000000000
104755  46.024  13.416  7.096 0.0000000000
103681  45.825  12.287  6.610 0.0000000000
99568  44.721  8.977  7.104 0.0000000000
101523  44.581  10.206  6.954 0.0000000000
100545  44.249  9.582  7.214 0.0000000000
99569  43.684  8.892  7.624 0.0000000000
98499  43.392  7.961  8.122 0.0000000000
97359  43.437  7.283  8.589 0.0000000000
96205  44.195  6.230  9.681 0.0000000000
98274  39.947  7.627  28.304 0.0000000000
97117  40.522  7.013  27.850 0.0000000000
97118  40.040  7.060  27.848 0.0000000000
94971  39.963  5.222  26.371 0.0000000000
94985  40.004  4.942  26.001 0.0000000000
94997  39.824  4.853  25.327 0.0000000000
103487  47.576  12.283  24.478 0.0000000000
102370  46.419  12.164  24.607 0.0000000000
103499  46.707  12.291  23.688 0.0000000000
103512  46.988  12.442  22.690 0.0000000000
100481  45.139  10.089  16.199 0.0000000000
100491  44.572  9.721  15.241 0.0000000000
99521  44.771  8.788  12.577 0.0000000000
100502  44.559  9.459  13.136 0.0000000000
100509  44.751  9.543  12.440 0.0000000000
101491  45.014  10.560  12.789 0.0000000000
100508  45.029  9.710  11.632 0.0000000000
97319  46.964  7.333  11.285 0.0000000000
98464  47.727  7.588  10.538 0.0000000000
98490  48.013  8.740  9.363 0.0000000000
98479  46.865  8.445  9.988 0.0000000000
99537  47.383  8.747  9.561 0.0000000000
99538  46.546  9.081  9.774 0.0000000000
99549  46.888  9.425  9.192 0.0000000000
100529  46.836  9.875  8.797 0.0000000000
98496  48.712  7.911  8.018 0.0000000000
98506  48.098  8.038  7.509 0.0000000000
97367  47.465  7.251  7.557 0.0000000000
97356  46.756  6.504  7.911 0.0000000000
100374  48.477  9.868  31.950 0.0000000000
100373  49.568  10.071  32.377 0.0000000000
100381  49.661  10.024  30.990 0.0000000000
100388  50.347  9.996  29.913 0.0000000000
100389  49.208  9.559  29.664 0.0000000000
100384  46.014  8.997  30.101 0.0000000000
100383  47.106  9.293  30.398 0.0000000000
100391  46.811  8.757  29.220 0.0000000000
99375  47.598  8.661  26.793 0.0000000000
100401  48.134  8.909  27.506 0.0000000000
100400  49.167  9.316  27.301 0.0000000000
100405  48.342  9.072  26.497 0.0000000000
100409  48.245  9.241  25.308 0.0000000000
99401  46.198  9.040  23.043 0.0000000000
100424  46.764  9.350  22.609 0.0000000000
100431  46.462  9.509  21.455 0.0000000000
100444  45.862  9.427  20.689 0.0000000000
97131  41.672  6.209  27.506 0.0000000000
97115  42.254  6.750  28.025 0.0000000000
97130  42.464  6.272  27.440 0.0000000000
98311  42.073  7.145  24.749 0.0000000000
98302  42.925  6.912  25.693 0.0000000000
98310  42.700  7.313  25.079 0.0000000000
98309  43.764  7.906  24.880 0.0000000000
98318  43.027  7.873  24.105 0.0000000000
97196  41.100  5.973  20.687 0.0000000000
97188  40.972  6.211  21.369 0.0000000000
97195  41.470  6.436  20.432 0.0000000000
98342  42.643  7.559  20.583 0.0000000000
98341  43.420  7.903  21.257 0.0000000000
98331  43.456  7.993  22.397 0.0000000000
99422  44.157  8.272  21.943 0.0000000000
99435  44.106  8.288  20.831 0.0000000000
99465  43.866  8.600  18.461 0.0000000000
99464  44.668  9.274  18.725 0.0000000000
99476  44.160  9.072  17.761 0.0000000000
100473  44.595  9.526  17.461 0.0000000000
99487  43.561  8.275  16.524 0.0000000000
97261  43.830  6.782  15.077 0.0000000000
98405  43.696  7.760  15.373 0.0000000000
96133  44.945  5.880  14.241 0.0000000000
95088  46.005  4.238  15.293 0.0000000000
96131  47.040  4.991  14.086 0.0000000000
98247  39.318  7.984  31.150 0.0000000000
98249  37.620  7.366  30.769 0.0000000000
98264  37.837  7.692  29.907 0.0000000000
98277  37.202  7.448  29.134 0.0000000000
98287  37.500  7.354  28.146 0.0000000000
106474  39.186  15.420  23.868 0.0000000000
106472  39.997  15.326  24.547 0.0000000000
107360  39.797  16.062  24.067 0.0000000000
107364  40.254  16.735  23.810 0.0000000000
107365  39.217  16.489  23.366 0.0000000000
108321  39.435  17.660  22.040 0.0000000000
107366  38.459  16.252  22.805 0.0000000000
105567  38.046  14.475  21.170 0.0000000000
105573  36.962  14.565  20.219 0.0000000000
104586  36.514  14.127  19.005 0.0000000000
104585  37.069  13.833  19.290 0.0000000000
104624  38.863  13.384  17.195 0.0000000000
104645  38.218  13.560  16.324 0.0000000000
104665  38.615  13.700  15.313 0.0000000000
103577  41.226  12.982  17.021 0.0000000000
104642  41.001  13.088  16.308 0.0000000000
105643  39.812  14.124  13.691 0.0000000000
104684  40.137  13.876  14.528 0.0000000000
105644  38.890  14.027  13.610 0.0000000000
105661  38.796  13.739  13.058 0.0000000000
103633  38.692  12.868  12.968 0.0000000000
104711  39.327  13.405  12.613 0.0000000000
102496  41.019  12.016  12.486 0.0000000000
102299  52.234  11.571  31.980 0.0000000000
102335  52.334  11.789  28.297 0.0000000000
102330  52.332  11.819  29.481 0.0000000000
103439  51.755  12.242  28.756 0.0000000000
103450  51.976  12.189  27.425 0.0000000000
101390  51.430  10.757  23.816 0.0000000000
101386  51.764  10.721  24.545 0.0000000000
102368  52.348  11.492  24.052 0.0000000000
103494  52.267  12.859  23.388 0.0000000000
103482  52.509  12.272  24.259 0.0000000000
103483  51.909  12.667  24.348 0.0000000000
103484  50.916  12.758  24.409 0.0000000000
103485  49.761  12.565  24.462 0.0000000000
104573  50.069  13.572  19.426 0.0000000000
103527  49.388  13.045  21.492 0.0000000000
104553  49.412  13.338  20.027 0.0000000000
103557  48.347  13.180  19.947 0.0000000000
104595  48.814  13.560  18.546 0.0000000000
101463  46.262  10.790  16.220 0.0000000000
102452  46.734  10.960  16.451 0.0000000000
102462  46.768  11.165  15.918 0.0000000000
102470  48.479  12.210  14.609 0.0000000000
102460  48.776  12.024  15.233 0.0000000000
102449  49.759  11.999  15.990 0.0000000000
103598  50.086  12.572  15.202 0.0000000000
103637  47.609  13.180  11.775 0.0000000000
104718  47.909  13.652  11.339 0.0000000000
104707  49.912  14.702  12.671 0.0000000000
104694  49.788  13.857  12.942 0.0000000000
104675  50.778  13.908  13.902 0.0000000000
103597  50.975  13.563  15.117 0.0000000000
104655  51.311  14.216  15.326 0.0000000000
105623  51.371  14.055  16.582 0.0000000000
105635  50.878  14.860  15.003 0.0000000000
105626  49.195  14.689  15.460 0.0000000000
105614  48.336  14.329  16.156 0.0000000000
104636  47.441  14.138  15.885 0.0000000000
104637  46.471  13.681  16.255 0.0000000000
104677  47.326  14.356  14.678 0.0000000000
105685  45.749  14.902  11.480 0.0000000000
105671  44.971  14.363  12.091 0.0000000000
105672  43.865  14.338  12.068 0.0000000000
104746  44.743  13.604  8.069 0.0000000000
105707  45.143  14.791  8.815 0.0000000000
105719  44.352  14.000  8.618 0.0000000000
103657  42.887  12.578  9.654 0.0000000000
104736  43.157  13.343  9.493 0.0000000000
105710  42.916  13.855  9.751 0.0000000000
105698  42.604  14.226  10.334 0.0000000000
103648  42.414  12.643  10.292 0.0000000000
104728  42.082  13.459  10.514 0.0000000000
100523  41.432  9.701  10.638 0.0000000000
97333  42.658  6.415  9.976 0.0000000000
105617  34.851  14.740  16.667 0.0000000000
105616  35.401  14.488  16.922 0.0000000000
105615  35.876  14.213  17.296 0.0000000000
99328  44.246  9.029  30.813 0.0000000000
99342  43.691  8.726  30.195 0.0000000000
98270  43.714  7.191  28.434 0.0000000000
103514  44.975  11.895  22.558 0.0000000000
103515  44.038  11.937  22.794 0.0000000000
103549  44.835  12.268  21.040 0.0000000000
104578  44.457  12.540  19.387 0.0000000000
103568  44.082  12.498  18.997 0.0000000000
104638  45.362  13.235  16.406 0.0000000000
100429  48.003  10.259  20.842 0.0000000000
101407  48.804  10.347  21.247 0.0000000000
100441  47.972  10.303  20.339 0.0000000000
101426  48.491  10.528  19.667 0.0000000000
101444  48.047  10.822  18.275 0.0000000000
100544  47.447  9.738  7.002 0.0000000000
101522  47.397  10.652  7.412 0.0000000000
100550  46.805  9.879  6.431 0.0000000000
101528  46.412  10.665  6.323 0.0000000000
101529  45.664  10.457  6.414 0.0000000000
100551  46.003  9.789  6.356 0.0000000000
99567  45.204  8.762  7.018 0.0000000000
98498  44.268  7.777  8.010 0.0000000000
97346  44.755  6.515  9.057 0.0000000000
96204  45.021  5.840  9.594 0.0000000000
98286  38.438  7.355  28.003 0.0000000000
97133  39.894  6.517  27.448 0.0000000000
97149  39.336  6.105  26.977 0.0000000000
102354  46.311  12.036  26.491 0.0000000000
102353  47.250  12.058  26.498 0.0000000000
102361  47.608  12.044  25.855 0.0000000000
103486  48.616  12.354  24.496 0.0000000000
98420  44.140  7.865  14.280 0.0000000000
99507  44.154  8.789  14.220 0.0000000000
98436  44.622  8.017  13.289 0.0000000000
98452  45.370  7.995  12.172 0.0000000000
98477  48.716  8.116  9.874 0.0000000000
99535  49.379  8.288  9.459 0.0000000000
99536  48.936  8.453  9.340 0.0000000000
99547  48.605  8.779  8.973 0.0000000000
99555  48.858  8.370  8.538 0.0000000000
99366  46.198  8.170  28.127 0.0000000000
100397  46.955  8.568  28.532 0.0000000000
99380  47.018  8.453  26.164 0.0000000000
99384  47.169  8.734  25.152 0.0000000000
100410  47.628  9.018  25.084 0.0000000000
99411  45.496  8.902  22.314 0.0000000000
96027  41.332  5.713  25.961 0.0000000000
96012  41.840  5.923  26.353 0.0000000000
97160  41.423  6.113  25.568 0.0000000000
97168  41.478  6.735  24.743 0.0000000000
96078  41.869  5.726  18.889 0.0000000000
97207  41.968  6.408  19.347 0.0000000000
97206  42.276  6.763  19.183 0.0000000000
98356  42.551  7.283  19.353 0.0000000000
98370  43.207  7.934  18.866 0.0000000000
96121  43.534  6.351  15.853 0.0000000000
96120  43.998  5.966  15.283 0.0000000000
95087  47.144  4.314  15.426 0.0000000000
96117  48.159  4.867  15.030 0.0000000000
104525  40.635  12.763  22.956 0.0000000000
104515  40.334  12.995  24.258 0.0000000000
104516  39.673  13.578  23.624 0.0000000000
105551  38.837  14.492  23.122 0.0000000000
105552  38.340  15.076  22.830 0.0000000000
105557  38.801  14.137  21.951 0.0000000000
105566  38.731  13.970  21.344 0.0000000000
104563  38.317  13.727  20.200 0.0000000000
104584  37.973  13.513  19.239 0.0000000000
104661  42.518  12.980  15.442 0.0000000000
104662  41.481  13.237  15.424 0.0000000000
105641  41.367  13.798  13.977 0.0000000000
105642  40.757  13.956  13.800 0.0000000000
104710  39.865  13.641  12.386 0.0000000000
105675  40.402  14.019  12.254 0.0000000000
103641  40.544  13.252  11.966 0.0000000000
103640  41.120  12.862  11.665 0.0000000000
101356  51.698  10.744  31.561 0.0000000000
101355  52.285  11.008  31.374 0.0000000000
101365  52.017  10.848  29.725 0.0000000000
101368  52.440  11.337  29.031 0.0000000000
101376  52.566  11.179  26.887 0.0000000000
102398  51.598  11.624  21.161 0.0000000000
102376  52.333  11.769  22.869 0.0000000000
102384  52.341  11.950  21.801 0.0000000000
104534  52.620  13.008  21.879 0.0000000000
104535  52.058  13.219  21.595 0.0000000000
104523  50.811  13.297  21.589 0.0000000000
104536  51.367  13.303  21.246 0.0000000000
104572  50.993  13.560  19.587 0.0000000000
104593  50.749  13.831  18.670 0.0000000000
102484  45.967  11.367  13.664 0.0000000000
102472  46.587  11.379  14.824 0.0000000000
102483  47.090  11.894  13.881 0.0000000000
102482  47.606  12.078  14.012 0.0000000000
103617  47.956  12.373  13.618 0.0000000000
104726  47.868  14.455  9.995 0.0000000000
104717  48.604  14.716  11.006 0.0000000000
105667  49.725  14.967  12.308 0.0000000000
105650  50.587  15.063  13.491 0.0000000000
106532  50.509  15.172  14.408 0.0000000000
106538  49.948  15.416  13.407 0.0000000000
105651  48.751  15.347  13.891 0.0000000000
105652  48.096  15.190  13.425 0.0000000000
105639  47.319  14.580  13.947 0.0000000000
105669  47.045  15.008  12.306 0.0000000000
105684  46.543  15.108  11.686 0.0000000000
106555  45.577  15.285  10.832 0.0000000000
102526  43.766  11.449  8.140 0.0000000000
103666  43.752  12.517  8.552 0.0000000000
102527  43.197  11.030  8.691 0.0000000000
102518  43.074  11.652  9.097 0.0000000000
101504  42.629  11.179  9.494 0.0000000000
101505  42.177  10.711  9.985 0.0000000000
100532  41.854  9.674  9.698 0.0000000000
99550  41.457  8.730  9.581 0.0000000000
103441  49.553  12.339  28.540 0.0000000000
103610  36.683  12.810  14.368 0.0000000000
104702  37.275  13.211  13.998 0.0000000000
100377  45.438  9.343  31.092 0.0000000000
100386  44.698  9.014  30.584 0.0000000000
99340  45.298  8.648  29.683 0.0000000000
99352  46.085  8.418  28.851 0.0000000000
98267  45.736  7.747  27.668 0.0000000000
98281  45.819  7.735  26.890 0.0000000000
98299  45.332  7.948  25.769 0.0000000000
96053  40.624  5.545  21.555 0.0000000000
95026  40.808  5.183  21.048 0.0000000000
95025  41.195  4.846  20.465 0.0000000000
95035  41.604  5.039  19.472 0.0000000000
95046  41.764  5.361  19.075 0.0000000000
95045  42.144  4.990  18.497 0.0000000000
95062  42.410  5.337  17.991 0.0000000000
95061  42.904  4.942  17.361 0.0000000000
95077  43.253  5.336  16.677 0.0000000000
103489  42.537  12.170  24.776 0.0000000000
103503  41.941  12.239  23.988 0.0000000000
103516  43.119  12.160  22.870 0.0000000000
103517  42.188  12.351  22.963 0.0000000000
103518  41.444  12.434  23.338 0.0000000000
104540  41.871  12.869  21.932 0.0000000000
104560  41.543  13.272  20.654 0.0000000000
104581  41.210  13.215  19.509 0.0000000000
104601  41.958  12.911  18.551 0.0000000000
104619  43.702  12.667  17.517 0.0000000000
104640  43.106  12.727  16.493 0.0000000000
104699  42.712  13.663  13.722 0.0000000000
105657  43.135  14.006  12.918 0.0000000000
100403  50.262  9.806  25.712 0.0000000000
101382  50.966  10.190  25.167 0.0000000000
101383  50.367  10.040  24.710 0.0000000000
101391  50.694  10.500  23.544 0.0000000000
102386  50.844  10.893  22.123 0.0000000000
101406  49.598  10.499  21.618 0.0000000000
101416  50.172  10.799  21.259 0.0000000000
102399  50.857  11.048  21.543 0.0000000000
102427  51.410  12.341  18.154 0.0000000000
102508  45.711  11.475  10.332 0.0000000000
103639  46.051  12.228  10.779 0.0000000000
103647  46.073  12.048  9.944 0.0000000000
104735  47.124  13.582  9.035 0.0000000000
102531  47.119  12.045  7.753 0.0000000000
103664  47.096  12.685  8.098 0.0000000000
104734  47.470  14.269  8.786 0.0000000000
105706  47.987  15.182  9.338 0.0000000000
106575  47.466  15.637  9.286 0.0000000000
106585  46.776  15.354  8.717 0.0000000000
105717  46.463  14.764  8.111 0.0000000000
105727  45.742  13.820  7.496 0.0000000000
103675  44.750  12.370  7.452 0.0000000000
102540  45.311  10.861  6.563 0.0000000000
102533  44.746  11.259  7.052 0.0000000000
102534  44.087  10.828  7.585 0.0000000000
101518  43.679  10.403  7.858 0.0000000000
99570  43.308  9.168  7.849 0.0000000000
97360  42.550  7.500  8.672 0.0000000000
97347  43.614  6.642  9.260 0.0000000000
97332  43.488  6.231  10.009 0.0000000000
96179  43.329  5.251  11.425 0.0000000000
99358  41.124  8.632  29.949 0.0000000000
99370  41.532  8.300  28.970 0.0000000000
98273  40.973  7.640  28.389 0.0000000000
97116  41.384  6.893  27.906 0.0000000000
95999  41.101  5.656  27.100 0.0000000000
96001  39.994  5.971  27.083 0.0000000000
96014  40.460  5.388  26.509 0.0000000000
96013  41.216  5.569  26.461 0.0000000000
96040  39.918  5.549  23.251 0.0000000000
102364  44.651  12.070  25.670 0.0000000000
102372  44.931  11.942  24.769 0.0000000000
102371  45.798  12.013  24.710 0.0000000000
102380  45.213  11.887  23.957 0.0000000000
103513  45.966  12.138  22.803 0.0000000000
103530  46.302  12.302  21.788 0.0000000000
104555  46.794  12.681  20.335 0.0000000000
100472  45.351  10.169  17.318 0.0000000000
100471  45.988  10.387  17.628 0.0000000000
101464  45.604  10.463  15.794 0.0000000000
101474  45.630  10.731  14.918 0.0000000000
100496  44.342  9.581  14.005 0.0000000000
101475  44.844  10.274  14.536 0.0000000000
101482  45.254  10.781  13.997 0.0000000000
101498  45.259  10.703  11.616 0.0000000000
101503  45.435  10.710  10.602 0.0000000000
98478  47.669  8.229  9.850 0.0000000000
99528  45.705  8.880  10.769 0.0000000000
99539  45.844  9.366  10.282 0.0000000000
100522  45.838  9.837  9.914 0.0000000000
101510  45.791  10.653  9.754 0.0000000000
101509  46.225  10.634  9.057 0.0000000000
100538  47.286  10.176  8.321 0.0000000000
100537  47.710  9.874  7.871 0.0000000000
100536  47.832  9.312  7.470 0.0000000000
100543  47.640  9.165  7.137 0.0000000000
97368  46.530  7.385  7.466 0.0000000000
101357  50.655  10.330  31.721 0.0000000000
101361  51.175  10.412  30.571 0.0000000000
100375  47.330  9.621  31.614 0.0000000000
100396  47.547  8.786  28.391 0.0000000000
100418  48.603  9.749  22.862 0.0000000000
100414  47.498  9.095  24.422 0.0000000000
100419  47.619  9.391  23.300 0.0000000000
100430  47.305  9.940  21.131 0.0000000000
100443  46.493  9.822  20.398 0.0000000000
99369  42.440  8.053  28.952 0.0000000000
97114  43.104  6.674  28.001 0.0000000000
97113  43.868  6.761  27.789 0.0000000000
97147  42.544  6.155  26.743 0.0000000000
97146  43.316  6.601  26.486 0.0000000000
97128  43.915  6.667  27.064 0.0000000000
98292  44.360  7.103  26.594 0.0000000000
98300  44.571  7.767  25.616 0.0000000000
99394  44.800  8.248  24.834 0.0000000000
97181  41.114  6.747  22.198 0.0000000000
98326  41.807  7.336  22.384 0.0000000000
98333  41.932  7.266  21.080 0.0000000000
98325  42.737  7.787  23.000 0.0000000000
98324  43.515  8.110  23.459 0.0000000000
99404  44.129  8.302  24.133 0.0000000000
99403  44.866  8.484  23.763 0.0000000000
99412  44.862  8.563  22.660 0.0000000000
99420  45.497  9.104  21.235 0.0000000000
99434  44.718  8.762  20.503 0.0000000000
99433  45.212  9.213  20.188 0.0000000000
99463  45.148  9.523  19.109 0.0000000000
100461  45.299  9.784  18.508 0.0000000000
98393  43.552  8.156  16.156 0.0000000000
95090  44.310  5.253  15.481 0.0000000000
96119  44.692  5.362  14.938 0.0000000000
95103  46.009  4.743  14.598 0.0000000000
96149  45.898  5.955  13.534 0.0000000000
99345  40.757  8.465  30.976 0.0000000000
99359  40.133  8.517  30.157 0.0000000000
98262  39.527  8.311  29.317 0.0000000000
98248  38.729  7.869  30.782 0.0000000000
98263  38.653  8.115  29.657 0.0000000000
98275  38.957  7.836  28.629 0.0000000000
97102  36.507  7.043  29.360 0.0000000000
97119  36.616  7.129  28.365 0.0000000000
97137  36.091  6.659  27.584 0.0000000000
108335  38.327  17.222  21.361 0.0000000000
107374  38.088  16.468  22.011 0.0000000000
107381  37.937  16.727  21.485 0.0000000000
108350  37.703  16.945  20.686 0.0000000000
105580  36.053  14.709  19.233 0.0000000000
104607  36.211  14.193  18.484 0.0000000000
104626  37.014  13.676  17.537 0.0000000000
104605  37.510  13.518  18.358 0.0000000000
104646  37.236  13.658  16.525 0.0000000000
104666  37.558  13.588  15.454 0.0000000000
104602  40.862  13.111  18.361 0.0000000000
104622  40.656  13.121  17.158 0.0000000000
104623  39.709  13.327  16.974 0.0000000000
104663  40.557  13.492  15.387 0.0000000000
104664  39.620  13.673  15.334 0.0000000000
104701  37.966  13.333  13.551 0.0000000000
103620  38.244  12.822  13.262 0.0000000000
102497  40.170  12.424  12.701 0.0000000000
102320  52.341  11.700  31.418 0.0000000000
103430  51.185  12.474  29.789 0.0000000000
103440  50.649  12.445  28.629 0.0000000000
103452  49.927  12.297  27.555 0.0000000000
101381  51.882  10.552  25.555 0.0000000000
101380  52.572  11.049  25.870 0.0000000000
102350  52.677  11.754  26.108 0.0000000000
103470  52.355  12.224  25.260 0.0000000000
103461  52.182  12.188  26.304 0.0000000000
103462  51.339  12.388  26.441 0.0000000000
103463  50.248  12.325  26.504 0.0000000000
103473  49.420  12.303  25.489 0.0000000000
103497  48.920  12.544  23.491 0.0000000000
103509  50.446  13.148  22.297 0.0000000000
103510  49.207  12.746  22.460 0.0000000000
103511  48.062  12.592  22.580 0.0000000000
103546  47.484  12.793  20.661 0.0000000000
104576  47.056  12.918  19.578 0.0000000000
101446  46.578  10.542  17.674 0.0000000000
102440  47.557  10.926  17.383 0.0000000000
102439  48.314  11.089  17.577 0.0000000000
102461  47.638  11.549  15.608 0.0000000000
102438  49.582  11.574  17.172 0.0000000000
102437  50.485  12.122  16.770 0.0000000000
103576  51.187  12.517  17.284 0.0000000000
103638  46.888  12.758  11.604 0.0000000000
103628  48.022  13.109  12.344 0.0000000000
103616  49.191  13.326  13.139 0.0000000000
103586  50.921  12.696  16.145 0.0000000000
103575  51.554  13.142  16.969 0.0000000000
105596  51.446  13.882  17.661 0.0000000000
105597  51.032  14.040  17.800 0.0000000000
105598  50.244  14.159  17.421 0.0000000000
105625  50.135  14.647  15.710 0.0000000000
105599  49.398  14.160  17.136 0.0000000000
104614  49.511  13.890  17.913 0.0000000000
104615  48.562  13.827  17.668 0.0000000000
104596  47.736  13.450  18.446 0.0000000000
104658  45.875  13.556  15.399 0.0000000000
104695  46.296  14.162  13.711 0.0000000000
104696  45.737  13.913  13.696 0.0000000000
104679  45.306  13.509  14.515 0.0000000000
105656  44.256  13.953  12.848 0.0000000000
105673  42.721  14.375  12.098 0.0000000000
106576  46.493  15.672  9.525 0.0000000000
106565  45.393  15.486  10.130 0.0000000000
106566  44.283  15.157  10.098 0.0000000000
105720  43.883  13.718  8.829 0.0000000000
106578  44.029  14.835  9.611 0.0000000000
106556  44.519  14.995  10.696 0.0000000000
106557  43.580  14.775  10.667 0.0000000000
105688  42.631  14.605  11.121 0.0000000000
104729  41.482  13.507  11.085 0.0000000000
103649  41.839  12.727  10.958 0.0000000000
102504  41.665  11.887  11.578 0.0000000000
101499  41.778  10.815  11.142 0.0000000000
97345  45.560  6.112  8.926 0.0000000000
95102  46.754  4.504  14.764 0.0000000000
95104  45.324  5.176  14.584 0.0000000000
96000  40.361  5.834  27.091 0.0000000000
96026  41.728  6.043  25.959 0.0000000000
96060  41.256  5.603  20.210 0.0000000000
97134  38.922  6.725  27.381 0.0000000000
97145  43.861  6.783  26.664 0.0000000000
97148  39.762  6.038  27.067 0.0000000000
97158  43.052  6.757  25.972 0.0000000000
97161  41.021  5.748  25.609 0.0000000000
97167  42.139  6.935  25.114 0.0000000000
97221  42.056  6.089  18.779 0.0000000000
97262  43.548  6.788  15.692 0.0000000000
97274  45.036  6.356  13.805 0.0000000000
97348  42.490  6.820  9.209 0.0000000000
98236  39.518  7.902  31.649 0.0000000000
98250  37.103  7.179  30.481 0.0000000000
98260  43.539  7.781  28.915 0.0000000000
98271  42.895  7.425  28.600 0.0000000000
98282  45.181  7.357  27.177 0.0000000000
98284  39.795  7.105  27.858 0.0000000000
98293  43.794  6.878  26.422 0.0000000000
98298  45.730  8.113  25.690 0.0000000000
98308  44.362  8.050  25.039 0.0000000000
98357  42.236  6.870  19.476 0.0000000000
98394  43.416  7.659  16.248 0.0000000000
98453  44.778  8.354  12.824 0.0000000000
98466  45.644  8.372  11.369 0.0000000000
98511  43.613  8.409  7.858 0.0000000000
98519  45.430  8.699  6.965 0.0000000000
99291  44.766  9.398  32.372 0.0000000000
99310  44.848  9.434  32.018 0.0000000000
99329  43.458  8.897  31.202 0.0000000000
99339  45.809  8.598  29.395 0.0000000000
99341  44.560  8.737  30.027 0.0000000000
99347  39.271  8.063  30.895 0.0000000000
99351  46.580  8.455  28.536 0.0000000000
99353  45.427  8.275  29.008 0.0000000000
99356  43.098  8.278  29.404 0.0000000000
99365  46.855  8.411  27.947 0.0000000000
99368  42.912  7.901  28.959 0.0000000000
99376  46.960  8.316  27.075 0.0000000000
99383  47.659  8.973  25.381 0.0000000000
99387  45.060  8.072  25.406 0.0000000000
99391  47.050  8.817  24.504 0.0000000000
99395  44.271  8.164  24.736 0.0000000000
99410  46.046  9.216  22.012 0.0000000000
99449  45.037  9.338  19.460 0.0000000000
99551  40.862  8.486  9.984 0.0000000000
99557  47.942  9.549  8.373 0.0000000000
99579  45.477  9.112  6.736 0.0000000000
99580  45.103  9.359  6.798 0.0000000000
100365  44.956  9.402  31.634 0.0000000000
100378  44.794  9.241  31.061 0.0000000000
100380  50.426  10.149  30.613 0.0000000000
100407  50.294  9.905  25.115 0.0000000000
100412  49.294  9.882  23.706 0.0000000000
100415  47.004  8.876  24.194 0.0000000000
100432  45.929  9.333  21.202 0.0000000000
100490  45.081  10.148  15.661 0.0000000000
100521  46.442  9.611  9.365 0.0000000000
100546  43.622  9.633  7.681 0.0000000000
100547  43.157  9.408  8.069 0.0000000000
100553  44.832  9.673  6.830 0.0000000000
101332  52.292  11.358  31.815 0.0000000000
101354  52.353  11.464  31.582 0.0000000000
101359  52.365  11.457  31.015 0.0000000000
101360  52.120  10.966  30.756 0.0000000000
101372  52.483  11.286  27.942 0.0000000000
101377  51.977  10.584  26.572 0.0000000000
101378  51.144  10.092  26.190 0.0000000000
101385  52.414  11.017  25.002 0.0000000000
101388  50.099  10.129  24.067 0.0000000000
101393  49.300  10.081  22.745 0.0000000000
101395  51.249  10.856  23.151 0.0000000000
101396  50.616  10.669  22.671 0.0000000000
101405  50.316  10.696  21.936 0.0000000000
101417  49.513  10.683  20.740 0.0000000000
101419  48.019  10.336  19.989 0.0000000000
101425  49.201  10.680  19.984 0.0000000000
101427  47.721  10.428  19.429 0.0000000000
101428  47.133  10.408  19.092 0.0000000000
101435  48.402  10.732  18.883 0.0000000000
101445  47.433  10.737  17.912 0.0000000000
101447  46.032  10.494  17.251 0.0000000000
101454  47.113  10.775  17.313 0.0000000000
101455  46.560  10.726  16.900 0.0000000000
101483  44.686  10.152  13.575 0.0000000000
101511  42.679  10.599  9.088 0.0000000000
101512  42.261  10.208  9.468 0.0000000000
101517  46.774  10.691  8.466 0.0000000000
101519  43.236  10.479  8.420 0.0000000000
101530  45.060  10.348  6.648 0.0000000000
102300  51.904  11.596  32.477 0.0000000000
102325  52.387  11.799  30.569 0.0000000000
102342  48.339  12.121  27.210 0.0000000000
102343  47.781  12.106  27.205 0.0000000000
102351  48.606  12.092  26.968 0.0000000000
102360  48.098  12.018  26.012 0.0000000000
102369  51.930  10.999  23.941 0.0000000000
102374  43.260  12.086  24.759 0.0000000000
102377  51.852  11.184  23.368 0.0000000000
102378  46.489  12.203  24.165 0.0000000000
102379  46.010  12.066  23.888 0.0000000000
102387  45.882  12.080  23.339 0.0000000000
102388  45.471  11.948  23.286 0.0000000000
102389  44.788  11.835  23.272 0.0000000000
102397  52.278  12.254  20.833 0.0000000000
102408  52.233  12.462  20.327 0.0000000000
102418  51.500  12.251  18.790 0.0000000000
102430  48.547  10.916  18.298 0.0000000000
102459  49.509  12.204  15.359 0.0000000000
102473  45.834  11.101  14.370 0.0000000000
102488  38.532  12.160  13.515 0.0000000000
102498  39.648  12.607  12.736 0.0000000000
102516  45.981  11.336  9.543 0.0000000000
102517  43.486  12.050  8.734 0.0000000000
102523  47.232  11.130  7.689 0.0000000000
102525  44.385  11.870  7.654 0.0000000000
102530  47.265  11.640  7.397 0.0000000000
102532  45.424  11.832  6.709 0.0000000000
102538  46.723  11.602  6.445 0.0000000000
102539  45.811  11.414  6.442 0.0000000000
103378  52.047  11.758  32.298 0.0000000000
103419  52.120  12.055  31.187 0.0000000000
103422  49.478  12.404  30.523 0.0000000000
103429  52.014  12.211  30.124 0.0000000000
103465  48.378  12.057  26.150 0.0000000000
103475  47.280  12.201  25.124 0.0000000000
103476  46.787  12.228  24.927 0.0000000000
103488  46.863  12.272  24.497 0.0000000000
103490  41.722  12.418  24.955 0.0000000000
103493  52.531  12.320  23.295 0.0000000000
103501  43.572  11.982  23.491 0.0000000000
103507  52.610  12.815  22.798 0.0000000000
103508  51.231  13.215  22.608 0.0000000000
103525  52.628  12.619  21.376 0.0000000000
103526  50.176  13.254  21.327 0.0000000000
103533  43.449  12.309  22.067 0.0000000000
103543  50.189  13.333  20.838 0.0000000000
103544  49.663  13.259  20.756 0.0000000000
103545  48.634  13.082  20.537 0.0000000000
103547  46.595  12.515  20.929 0.0000000000
103548  45.710  12.275  20.954 0.0000000000
103555  52.263  13.012  20.046 0.0000000000
103558  47.918  13.059  20.020 0.0000000000
103559  43.852  12.529  19.231 0.0000000000
103560  43.548  12.580  19.129 0.0000000000
103567  51.337  12.398  17.854 0.0000000000
103569  43.770  12.524  18.898 0.0000000000
103578  41.065  13.042  16.805 0.0000000000
103587  50.328  12.352  15.865 0.0000000000
103588  41.497  12.896  16.938 0.0000000000
103589  41.337  12.955  16.722 0.0000000000
103596  51.416  13.863  15.636 0.0000000000
103599  49.370  12.317  15.041 0.0000000000
103605  50.878  13.768  14.292 0.0000000000
103608  48.317  12.277  14.283 0.0000000000
103615  49.976  13.695  13.305 0.0000000000
103618  47.175  12.170  13.363 0.0000000000
103619  38.791  12.556  13.133 0.0000000000
103631  39.909  13.103  12.384 0.0000000000
103632  39.173  12.832  12.783 0.0000000000
103655  46.183  11.827  9.389 0.0000000000
103663  47.313  13.171  7.834 0.0000000000
103673  47.202  12.263  7.600 0.0000000000
104513  51.954  13.178  23.002 0.0000000000
104514  51.674  13.214  22.710 0.0000000000
104520  52.708  12.952  22.400 0.0000000000
104521  52.248  13.139  22.496 0.0000000000
104522  51.426  13.272  22.084 0.0000000000
104524  41.503  12.552  22.758 0.0000000000
104538  43.649  12.469  21.487 0.0000000000
104543  38.754  13.819  20.873 0.0000000000
104549  52.429  13.046  21.072 0.0000000000
104550  51.906  13.226  20.788 0.0000000000
104551  51.204  13.369  20.464 0.0000000000
104552  50.311  13.420  20.296 0.0000000000
104554  48.731  13.260  19.839 0.0000000000
104564  37.576  13.880  19.923 0.0000000000
104574  49.159  13.426  19.304 0.0000000000
104599  44.202  12.562  18.457 0.0000000000
104612  51.643  13.592  17.618 0.0000000000
104613  50.274  14.008  18.109 0.0000000000
104627  36.344  13.961  17.758 0.0000000000
104635  51.574  13.737  16.744 0.0000000000
104654  51.585  14.044  16.047 0.0000000000
104656  47.501  14.325  15.198 0.0000000000
104657  46.871  13.918  15.291 0.0000000000
104674  51.044  14.313  14.304 0.0000000000
104692  50.795  14.713  13.790 0.0000000000
104693  50.344  14.314  13.311 0.0000000000
104697  44.742  13.619  13.657 0.0000000000
104709  48.555  13.622  12.069 0.0000000000
104712  38.747  13.255  12.878 0.0000000000
104719  47.040  13.227  10.911 0.0000000000
104721  40.376  13.648  12.064 0.0000000000
104725  48.482  14.981  10.338 0.0000000000
104737  42.628  13.400  9.969 0.0000000000
104747  44.142  13.251  8.385 0.0000000000
104748  43.636  13.285  8.978 0.0000000000
104756  45.270  13.262  7.432 0.0000000000
104757  44.587  13.017  7.805 0.0000000000
104761  46.630  12.757  6.659 0.0000000000
104762  46.259  12.862  6.705 0.0000000000
104763  45.736  12.869  6.878 0.0000000000
105558  38.320  14.813  22.261 0.0000000000
105579  36.634  14.294  19.461 0.0000000000
105581  35.494  15.047  18.903 0.0000000000
105587  51.433  13.785  18.004 0.0000000000
105589  35.804  14.494  18.439 0.0000000000
105590  35.545  14.809  18.588 0.0000000000
105601  35.889  14.238  17.972 0.0000000000
105610  51.408  13.945  17.220 0.0000000000
105611  50.928  14.168  16.935 0.0000000000
105613  49.315  14.374  16.310 0.0000000000
105624  50.981  14.337  16.013 0.0000000000
105627  48.179  14.618  15.226 0.0000000000
105636  50.012  15.103  14.917 0.0000000000
105638  48.078  14.833  14.371 0.0000000000
105640  46.715  14.383  13.667 0.0000000000
105645  38.391  13.684  13.537 0.0000000000
105653  47.231  14.792  13.185 0.0000000000
105662  38.380  13.526  13.333 0.0000000000
105666  50.119  15.145  12.795 0.0000000000
105668  47.756  15.305  12.720 0.0000000000
105670  46.015  14.564  12.204 0.0000000000
105676  39.479  13.782  12.678 0.0000000000
105677  39.044  13.584  12.767 0.0000000000
105682  49.592  15.364  12.295 0.0000000000
105683  49.194  15.252  11.620 0.0000000000
105705  48.348  15.610  9.957 0.0000000000
105709  43.544  14.167  9.410 0.0000000000
105716  47.295  14.829  8.431 0.0000000000
105718  45.390  14.354  8.206 0.0000000000
105726  46.247  14.067  7.500 0.0000000000
106481  38.108  15.586  22.489 0.0000000000
106482  37.816  15.743  21.967 0.0000000000
106533  49.965  15.362  14.178 0.0000000000
106534  49.401  15.478  13.848 0.0000000000
106537  50.457  15.243  13.903 0.0000000000
106539  49.034  15.656  13.172 0.0000000000
106544  49.517  15.548  12.629 0.0000000000
106546  47.930  15.684  11.980 0.0000000000
106553  47.602  16.003  11.092 0.0000000000
106554  46.619  15.589  11.090 0.0000000000
106558  43.135  14.682  10.674 0.0000000000
106562  48.389  15.996  10.294 0.0000000000
106563  47.153  15.928  10.627 0.0000000000
106567  43.370  14.757  10.217 0.0000000000
106568  42.900  14.642  10.593 0.0000000000
106577  45.156  15.143  9.315 0.0000000000
106579  43.499  14.639  9.784 0.0000000000
106587  45.423  14.899  8.760 0.0000000000
107373  38.798  16.918  22.570 0.0000000000
107440  48.146  16.187  10.521 0.0000000000
107447  47.610  16.179  10.401 0.0000000000
107454  47.809  16.044  9.655 0.0000000000
107455  47.457  16.036  9.812 0.0000000000
107456  47.087  15.980  10.086 0.0000000000
108302  39.311  17.151  22.813 0.0000000000
108336  37.854  16.828  21.221 0.0000000000
