#!ascii label  , from subject 3457 vox2ras=TkReg
835
84847  18.226  -5.712  -20.536 0.2500000000
84859  18.451  -5.455  -21.123 0.2500000000
83789  18.941  -6.384  -21.205 0.7500000000
88018  17.011  -2.915  -20.341 0.2500000000
87014  17.523  -3.587  -20.911 0.1250000000
88031  17.669  -2.961  -21.324 0.3750000000
85958  17.849  -4.370  -21.037 0.2500000000
84848  17.920  -5.266  -20.522 0.2500000000
85956  18.854  -4.953  -21.681 0.7500000000
84860  18.112  -4.893  -21.093 0.3750000000
83788  19.829  -6.418  -21.878 0.8750000000
84858  19.217  -5.502  -21.726 0.8750000000
87013  18.035  -3.555  -21.449 0.3750000000
85957  18.508  -4.375  -21.586 0.3750000000
85981  18.945  -3.891  -22.049 0.8750000000
85978  21.431  -4.435  -22.635 1.0000000000
85979  20.473  -4.391  -22.475 1.0000000000
85980  19.412  -4.409  -22.118 0.8750000000
83807  20.370  -5.860  -22.243 1.0000000000
84873  19.999  -5.319  -22.189 0.8750000000
84871  21.689  -5.429  -22.595 1.0000000000
88050  17.636  -2.371  -21.446 0.2500000000
88049  18.194  -2.600  -21.788 0.7500000000
88048  18.935  -2.520  -22.336 0.8750000000
87032  19.297  -3.357  -22.332 0.8750000000
87033  18.661  -3.380  -21.927 0.7500000000
87031  20.115  -3.434  -22.581 1.0000000000
85977  22.426  -4.529  -22.667 1.0000000000
84872  20.807  -5.301  -22.434 1.0000000000
88033  16.917  -2.559  -20.431 0.1250000000
88047  19.766  -2.480  -22.618 1.0000000000
87028  23.230  -3.624  -22.586 1.0000000000
87029  22.130  -3.513  -22.648 1.0000000000
87030  21.096  -3.455  -22.678 1.0000000000
85976  23.436  -4.652  -22.649 1.0000000000
87047  24.898  -3.870  -23.201 1.0000000000
92298  16.071  1.276  -21.041 0.2500000000
89092  17.398  -1.886  -21.352 0.2500000000
90163  17.410  -1.122  -21.574 0.3750000000
89091  17.851  -1.757  -21.784 0.5000000000
89089  19.321  -1.579  -22.568 1.0000000000
90162  17.982  -0.889  -22.147 0.6250000000
89087  21.218  -1.481  -22.686 1.0000000000
89088  20.230  -1.513  -22.710 1.0000000000
89086  22.300  -1.481  -22.465 1.0000000000
88043  24.304  -2.626  -22.604 1.0000000000
88062  25.374  -2.774  -23.389 1.0000000000
92297  16.737  1.695  -21.618 0.5000000000
91215  16.731  0.551  -21.480 0.3750000000
91234  17.444  -0.144  -21.805 0.5000000000
91233  18.155  0.122  -22.340 0.5000000000
91232  19.045  0.309  -22.538 0.8750000000
90160  19.679  -0.588  -22.629 1.0000000000
91231  19.971  0.434  -22.614 1.0000000000
90159  20.627  -0.502  -22.685 1.0000000000
89085  23.544  -1.458  -22.299 1.0000000000
89103  25.575  -1.545  -23.641 1.0000000000
88042  25.137  -2.061  -22.974 1.0000000000
88073  26.024  -2.824  -24.396 0.8750000000
92315  17.471  0.945  -22.027 0.5000000000
92314  18.320  1.209  -22.451 0.6250000000
92313  19.260  1.349  -22.632 0.6250000000
91230  20.930  0.547  -22.510 1.0000000000
90155  25.013  0.212  -22.798 1.0000000000
90156  24.001  -0.276  -22.175 1.0000000000
90157  22.765  -0.417  -22.190 1.0000000000
90158  21.647  -0.436  -22.508 1.0000000000
90176  25.725  -0.329  -23.661 1.0000000000
89084  24.849  -1.184  -22.762 1.0000000000
90190  26.329  -1.272  -25.250 0.8750000000
93371  17.535  2.210  -22.067 0.5000000000
93370  18.526  2.279  -22.486 0.8750000000
92296  21.210  2.109  -22.166 1.0000000000
92312  20.204  1.471  -22.583 1.0000000000
91227  24.259  0.877  -22.135 1.0000000000
91213  22.449  1.346  -21.781 1.0000000000
92308  24.374  1.967  -22.100 1.0000000000
91249  25.892  0.578  -24.774 1.0000000000
91226  25.111  1.403  -22.758 1.0000000000
91242  25.698  0.942  -23.648 1.0000000000
93354  16.744  2.659  -21.597 0.5000000000
94458  17.900  3.254  -22.191 0.8750000000
93369  19.455  2.364  -22.583 1.0000000000
94443  21.126  3.587  -21.740 1.0000000000
93367  20.950  2.231  -22.275 1.0000000000
93368  20.393  2.512  -22.411 1.0000000000
93349  23.495  3.297  -21.663 1.0000000000
92293  23.533  2.509  -21.724 1.0000000000
93380  25.131  2.946  -23.673 1.0000000000
93366  24.312  3.086  -22.115 1.0000000000
92332  25.544  1.723  -24.713 1.0000000000
92307  24.985  2.467  -22.815 1.0000000000
98893  18.721  7.413  -21.694 1.0000000000
98895  17.178  6.874  -21.424 0.3750000000
97773  18.583  6.380  -21.958 0.8750000000
95537  20.224  4.315  -21.769 1.0000000000
94440  23.833  3.989  -21.697 1.0000000000
94441  22.904  3.921  -21.518 1.0000000000
99911  18.934  8.413  -21.503 0.8750000000
98892  19.706  7.456  -21.495 1.0000000000
97772  19.544  6.410  -21.726 1.0000000000
98891  20.727  7.532  -21.361 1.0000000000
96647  21.340  5.552  -21.327 1.0000000000
95534  23.154  4.809  -21.486 1.0000000000
95533  24.066  4.864  -21.850 1.0000000000
100836  18.306  9.285  -21.328 0.7500000000
98890  21.781  7.621  -21.318 1.0000000000
97768  23.492  6.832  -21.681 1.0000000000
97769  22.594  6.696  -21.340 1.0000000000
96646  22.383  5.675  -21.298 1.0000000000
99910  19.913  8.486  -21.452 1.0000000000
105990  18.355  15.047  -20.406 0.1250000000
106002  18.363  14.917  -21.750 0.2500000000
106834  18.423  15.746  -21.189 0.1250000000
106849  18.403  16.017  -22.058 0.2500000000
106014  18.684  14.937  -22.810 0.5000000000
106862  18.875  15.973  -23.122 0.2500000000
106848  18.857  16.369  -21.351 0.2500000000
107777  18.653  16.708  -21.782 0.2500000000
107792  18.755  17.072  -22.427 0.2500000000
107807  18.863  16.959  -23.556 0.2500000000
107820  19.089  16.978  -24.602 0.3750000000
85921  17.323  -4.282  -20.059 0.1250000000
84869  23.682  -5.616  -22.739 1.0000000000
92294  22.616  2.185  -21.652 1.0000000000
82669  18.222  -6.449  -19.317 0.1250000000
83787  20.387  -7.005  -21.985 0.7500000000
86999  17.198  -3.550  -20.319 0.1250000000
82707  21.009  -7.551  -22.067 1.0000000000
84836  17.610  -5.090  -19.832 0.1250000000
83805  21.943  -6.400  -22.514 1.0000000000
84868  24.603  -5.632  -23.168 1.0000000000
89072  16.945  -1.552  -21.061 0.3750000000
91216  16.085  0.106  -20.737 0.2500000000
90143  16.789  -0.545  -21.273 0.2500000000
90191  26.207  -0.817  -24.902 0.8750000000
89112  26.245  -1.829  -25.155 0.8750000000
91258  25.965  0.450  -25.889 0.8750000000
98867  16.637  7.098  -20.745 0.1250000000
97750  16.445  6.039  -21.052 0.1250000000
94445  17.104  3.373  -21.739 0.3750000000
95558  18.173  4.116  -22.211 0.6250000000
92323  25.413  2.031  -23.675 1.0000000000
98894  17.687  7.326  -21.633 0.5000000000
97775  17.009  6.146  -21.524 0.3750000000
96650  18.476  5.431  -22.119 0.8750000000
94454  24.461  4.063  -22.486 1.0000000000
94466  24.733  4.366  -23.227 1.0000000000
95554  24.489  4.984  -22.616 1.0000000000
96645  23.447  5.796  -21.599 1.0000000000
100835  19.112  9.419  -21.570 0.8750000000
100833  21.192  9.603  -21.536 1.0000000000
99908  22.030  8.653  -21.408 1.0000000000
105978  19.434  14.845  -19.412 0.1250000000
105046  17.878  14.000  -20.601 0.1250000000
103991  18.826  12.981  -22.168 0.6250000000
105072  18.801  13.790  -22.545 0.6250000000
105093  19.319  14.098  -23.228 0.5000000000
106035  19.501  14.866  -23.732 0.5000000000
107776  19.346  16.905  -21.731 0.2500000000
106879  19.421  15.942  -24.240 0.5000000000
108790  19.277  17.972  -22.556 0.1250000000
108791  18.732  17.903  -23.111 0.2500000000
108818  18.801  17.826  -25.109 0.2500000000
106891  19.562  16.279  -25.246 0.3750000000
109824  19.067  18.407  -22.947 0.1250000000
83778  18.173  -5.841  -20.265 0.1250000000
83777  18.400  -6.309  -20.380 0.3750000000
85937  17.504  -4.376  -20.449 0.1250000000
83806  20.918  -6.376  -22.310 1.0000000000
84870  22.676  -5.527  -22.658 1.0000000000
89090  18.503  -1.678  -22.244 0.8750000000
88046  20.700  -2.473  -22.694 1.0000000000
87027  24.198  -3.824  -22.705 1.0000000000
88045  21.724  -2.492  -22.625 1.0000000000
85975  24.360  -4.740  -22.914 1.0000000000
90161  18.789  -0.711  -22.461 0.8750000000
88063  24.743  -3.295  -22.900 1.0000000000
88044  22.874  -2.547  -22.475 1.0000000000
89113  25.882  -1.974  -24.306 1.0000000000
88072  26.494  -2.810  -25.301 0.8750000000
91228  23.154  0.589  -21.896 1.0000000000
92295  21.712  1.916  -21.908 1.0000000000
92310  21.656  1.366  -22.031 1.0000000000
91229  21.934  0.708  -22.078 1.0000000000
92309  23.428  1.553  -21.781 1.0000000000
94457  18.754  3.221  -22.370 0.7500000000
94456  19.546  3.262  -22.327 1.0000000000
93353  20.530  3.007  -22.207 1.0000000000
95555  20.103  3.770  -21.937 1.0000000000
93351  21.856  2.851  -21.699 1.0000000000
94442  21.988  3.759  -21.525 1.0000000000
93365  24.838  3.358  -22.926 1.0000000000
93350  22.737  3.071  -21.587 1.0000000000
97774  17.724  6.255  -21.878 0.7500000000
95556  19.601  4.053  -21.959 1.0000000000
95536  21.180  4.536  -21.492 1.0000000000
96669  19.406  4.639  -21.944 1.0000000000
96648  20.353  5.420  -21.594 1.0000000000
95535  22.157  4.692  -21.377 1.0000000000
97771  20.522  6.489  -21.444 1.0000000000
96644  24.142  5.551  -22.126 1.0000000000
99909  20.960  8.567  -21.416 1.0000000000
97770  21.550  6.587  -21.274 1.0000000000
100834  20.126  9.512  -21.565 1.0000000000
105979  18.469  14.533  -19.379 0.1250000000
105991  17.919  14.235  -19.852 0.1250000000
106833  19.264  15.767  -20.850 0.2500000000
105057  18.190  13.797  -21.512 0.5000000000
108806  18.736  17.887  -24.067 0.2500000000
83766  18.293  -6.487  -19.932 0.2500000000
82668  18.301  -7.095  -19.024 0.1250000000
82678  18.272  -6.666  -19.423 0.1250000000
82689  18.833  -7.372  -20.626 0.6250000000
82709  19.310  -7.099  -21.295 0.7500000000
82731  21.469  -6.974  -22.333 1.0000000000
95539  17.408  4.255  -21.833 0.6250000000
95557  18.919  4.002  -22.153 0.8750000000
96671  18.455  4.698  -22.183 0.7500000000
96670  19.044  4.688  -22.087 0.8750000000
96651  17.687  5.180  -22.001 0.7500000000
96649  19.407  5.240  -21.922 1.0000000000
99907  23.042  8.673  -21.616 1.0000000000
105047  17.692  13.383  -20.171 0.3750000000
107833  19.181  16.958  -25.611 0.2500000000
106905  19.588  16.462  -25.776 0.3750000000
78339  21.761  -11.006  -21.269 0.7500000000
79392  24.289  -10.551  -21.848 0.7500000000
79379  21.151  -11.075  -20.919 0.7500000000
79380  20.492  -10.604  -20.652 0.7500000000
79393  23.241  -10.534  -21.856 0.7500000000
79394  22.261  -10.409  -21.597 0.7500000000
79395  21.321  -10.247  -21.264 0.7500000000
79408  23.878  -10.078  -22.275 0.7500000000
79409  23.435  -9.777  -22.249 0.7500000000
80463  22.790  -9.727  -21.985 0.7500000000
81590  19.874  -8.330  -21.223 0.7500000000
82708  19.894  -7.619  -21.536 0.6250000000
81587  22.177  -8.722  -22.107 0.7500000000
81588  21.531  -8.409  -21.991 0.8750000000
81589  20.497  -8.499  -21.518 0.8750000000
80479  24.088  -9.290  -22.532 0.7500000000
80480  23.196  -9.133  -22.380 0.7500000000
81604  23.662  -8.371  -22.611 0.7500000000
81606  22.113  -8.274  -22.217 0.8750000000
82730  22.043  -7.549  -22.359 0.8750000000
81603  24.492  -8.339  -22.668 0.7500000000
82729  23.257  -7.490  -22.640 0.8750000000
83802  25.084  -6.537  -23.321 0.7500000000
83803  23.986  -6.555  -22.838 0.8750000000
83820  25.656  -6.001  -23.755 0.8750000000
84882  25.361  -5.533  -23.707 0.8750000000
85998  25.077  -4.719  -23.529 0.8750000000
86030  27.631  -3.895  -25.496 0.3750000000
86015  26.573  -4.562  -24.384 0.6250000000
85997  25.804  -4.662  -24.069 0.7500000000
87074  28.150  -3.676  -26.034 0.5000000000
87075  27.624  -3.362  -26.315 0.7500000000
87092  28.927  -2.822  -27.168 0.1250000000
88110  28.530  -2.483  -27.449 0.3750000000
88104  27.599  -2.634  -26.794 0.6250000000
88088  26.959  -2.788  -26.255 0.6250000000
89123  26.561  -1.863  -26.073 0.6250000000
89144  30.180  -1.797  -28.043 0.1250000000
88111  29.614  -2.141  -28.119 0.1250000000
89154  28.549  -1.298  -28.291 0.1250000000
90238  28.959  -1.012  -28.621 0.1250000000
90219  26.681  -0.710  -26.659 0.6250000000
91271  26.444  -0.073  -26.879 0.6250000000
90205  26.325  -0.310  -26.107 0.7500000000
90243  29.586  -0.899  -29.220 0.1250000000
92384  28.757  0.528  -29.286 0.1250000000
91294  27.005  0.482  -28.224 0.1250000000
91285  26.604  0.056  -27.366 0.5000000000
91272  26.139  0.435  -26.896 0.6250000000
90246  31.285  -0.620  -29.888 0.1250000000
91286  26.386  0.849  -27.764 0.5000000000
92370  25.805  1.410  -27.662 0.5000000000
92357  25.558  1.318  -26.775 0.6250000000
92343  25.496  1.468  -25.786 0.7500000000
101791  18.311  10.360  -21.228 0.5000000000
101790  19.276  10.440  -21.692 0.7500000000
93412  25.059  2.197  -26.696 0.6250000000
93401  25.110  2.685  -25.694 0.6250000000
93390  25.272  2.663  -24.572 0.8750000000
93425  24.796  2.812  -27.484 0.5000000000
93413  24.717  3.070  -26.710 0.6250000000
93402  24.757  3.369  -26.168 0.6250000000
94484  25.122  3.180  -25.097 0.7500000000
94474  25.051  3.470  -24.465 0.8750000000
96667  24.384  5.920  -22.760 0.8750000000
97794  24.079  6.856  -22.346 0.8750000000
94475  24.786  4.423  -24.241 0.7500000000
95565  24.639  5.154  -23.456 0.8750000000
96680  24.549  5.956  -23.717 0.8750000000
97793  24.407  6.765  -23.183 0.8750000000
98913  24.161  7.684  -22.751 0.8750000000
94513  24.738  3.369  -28.214 0.3750000000
94494  24.388  3.863  -26.596 0.5000000000
95580  24.455  5.066  -25.125 0.6250000000
95625  24.880  3.808  -28.802 0.2500000000
94502  24.397  3.614  -27.446 0.3750000000
95589  24.005  5.008  -26.337 0.5000000000
102812  18.516  11.382  -21.462 0.6250000000
102811  19.442  11.451  -21.840 0.7500000000
101789  20.331  10.551  -21.687 0.8750000000
98889  22.810  7.707  -21.415 0.8750000000
99906  23.668  8.635  -22.354 0.7500000000
96687  24.387  5.914  -24.639 0.7500000000
95600  23.986  4.410  -27.288 0.3750000000
98929  24.237  7.357  -24.399 0.7500000000
95609  24.307  4.416  -28.175 0.2500000000
101788  21.371  10.619  -21.688 0.8750000000
100832  22.299  9.699  -21.687 0.8750000000
102809  21.521  11.364  -21.882 0.7500000000
100831  23.184  9.408  -21.978 0.8750000000
99932  24.020  8.495  -23.489 0.7500000000
97816  24.157  6.650  -24.974 0.5000000000
96715  23.289  5.932  -27.368 0.2500000000
96704  23.520  5.918  -26.406 0.5000000000
96703  23.781  5.568  -26.133 0.5000000000
95610  23.884  4.801  -27.724 0.2500000000
103975  18.561  12.474  -21.617 0.5000000000
103974  19.521  12.279  -22.067 0.6250000000
103989  20.871  12.574  -22.340 0.7500000000
102822  21.271  11.869  -22.037 0.7500000000
102821  22.057  11.808  -22.239 0.7500000000
102820  23.073  12.044  -22.890 0.7500000000
103988  22.102  12.844  -22.859 0.7500000000
101799  23.641  10.832  -23.256 0.7500000000
100863  23.715  9.676  -23.839 0.7500000000
99967  23.400  8.580  -25.437 0.5000000000
99952  23.727  8.737  -24.493 0.6250000000
97837  22.902  6.753  -26.817 0.2500000000
98952  23.086  7.594  -26.103 0.3750000000
98953  22.698  8.055  -26.483 0.3750000000
105071  19.969  13.395  -22.886 0.6250000000
103973  20.152  12.331  -22.208 0.7500000000
105069  21.716  13.391  -23.197 0.7500000000
104010  22.607  12.969  -23.262 0.7500000000
102838  23.647  11.782  -23.874 0.7500000000
102853  23.595  11.525  -24.933 0.6250000000
100893  23.187  9.520  -25.797 0.3750000000
101824  23.423  10.494  -25.354 0.3750000000
97851  22.511  7.181  -27.438 0.1250000000
99983  22.228  8.551  -27.285 0.1250000000
99982  22.495  8.876  -26.797 0.2500000000
105091  21.350  13.846  -23.481 0.7500000000
105090  22.333  13.474  -23.552 0.6250000000
104009  23.142  12.843  -23.594 0.7500000000
102867  23.259  11.310  -25.921 0.3750000000
104023  23.588  12.567  -24.557 0.3750000000
101854  22.341  10.200  -26.877 0.2500000000
101840  22.924  10.355  -26.209 0.3750000000
101810  23.665  10.656  -24.342 0.6250000000
99990  21.647  8.802  -28.508 0.1250000000
100915  21.488  9.296  -28.289 0.1250000000
98982  22.318  7.459  -28.194 0.1250000000
105092  20.314  14.008  -23.394 0.6250000000
106047  22.423  14.150  -24.453 0.3750000000
106033  21.849  14.153  -23.972 0.3750000000
105121  22.969  13.832  -24.683 0.3750000000
104041  23.187  12.065  -26.599 0.2500000000
104035  23.514  12.317  -25.582 0.3750000000
102893  21.537  10.902  -27.811 0.1250000000
102880  22.631  11.121  -26.808 0.3750000000
100023  21.884  8.848  -29.062 0.1250000000
101855  21.813  10.090  -27.456 0.1250000000
106890  20.313  15.537  -25.119 0.3750000000
106034  20.819  14.585  -23.977 0.3750000000
106064  21.914  15.143  -25.371 0.3750000000
106048  21.725  14.746  -24.646 0.3750000000
106072  23.264  13.877  -26.580 0.3750000000
106063  22.783  14.403  -25.459 0.3750000000
105138  23.065  12.872  -27.467 0.3750000000
105129  23.371  13.038  -26.221 0.3750000000
105120  23.390  13.363  -25.219 0.3750000000
104061  21.326  11.428  -29.144 0.1250000000
102892  22.120  11.290  -27.441 0.1250000000
104048  22.605  11.877  -27.377 0.2500000000
101880  21.443  9.899  -29.172 0.1250000000
106903  21.305  15.616  -25.942 0.2500000000
106912  22.093  15.545  -26.927 0.2500000000
106889  21.232  15.275  -25.093 0.3750000000
106080  23.160  14.183  -27.742 0.1250000000
106073  22.828  14.806  -26.739 0.3750000000
106902  22.269  15.215  -26.034 0.3750000000
105159  22.162  12.826  -29.291 0.1250000000
106904  20.153  16.149  -26.135 0.3750000000
106913  21.063  16.171  -27.159 0.2500000000
106081  22.725  15.177  -27.852 0.1250000000
106921  22.011  15.831  -28.039 0.1250000000
106090  22.518  15.482  -28.700 0.1250000000
105168  22.195  12.902  -30.339 0.1250000000
106100  23.144  14.668  -30.383 0.1250000000
108856  20.680  17.055  -29.546 0.1250000000
106941  22.735  15.477  -29.988 0.1250000000
106931  22.059  16.060  -29.300 0.1250000000
105167  22.733  13.795  -30.921 0.1250000000
105182  22.275  12.961  -31.399 0.1250000000
83804  22.922  -6.528  -22.660 0.8750000000
84881  26.019  -5.465  -24.083 0.6250000000
93424  25.232  2.095  -27.575 0.6250000000
96694  23.923  5.856  -25.644 0.5000000000
95601  23.703  5.137  -27.285 0.3750000000
102810  20.567  11.650  -21.904 0.8750000000
101787  22.230  10.774  -21.912 0.8750000000
101800  23.025  10.928  -22.377 0.7500000000
100847  23.515  9.737  -22.720 0.7500000000
98951  23.455  7.066  -25.759 0.5000000000
98942  23.759  7.416  -25.233 0.5000000000
99951  23.980  7.998  -24.426 0.7500000000
97826  23.347  6.683  -26.104 0.5000000000
104060  21.661  12.084  -28.801 0.1250000000
106930  22.607  15.463  -29.269 0.1250000000
89147  27.627  -1.271  -27.536 0.5000000000
90204  26.451  -1.133  -25.680 0.7500000000
94527  25.029  3.363  -28.640 0.2500000000
98912  24.325  7.477  -23.623 0.7500000000
105148  22.824  13.451  -28.651 0.1250000000
77194  22.353  -12.276  -20.904 0.7500000000
78323  20.623  -11.709  -20.323 0.7500000000
78320  24.059  -11.824  -21.041 0.7500000000
78338  22.501  -11.451  -21.351 0.7500000000
79378  24.701  -10.808  -21.225 0.7500000000
81568  19.907  -8.893  -20.945 0.6250000000
80465  21.049  -9.291  -21.477 0.7500000000
80462  24.321  -9.874  -22.254 0.6250000000
80478  24.687  -8.887  -22.511 0.7500000000
81602  25.177  -8.372  -22.522 0.6250000000
83801  25.583  -7.011  -23.285 0.6250000000
83840  26.694  -5.724  -23.920 0.5000000000
84894  27.133  -5.308  -24.077 0.3750000000
84895  26.671  -5.369  -24.200 0.5000000000
86029  27.931  -4.143  -25.172 0.1250000000
87087  29.074  -2.813  -26.610 0.1250000000
88108  29.448  -2.293  -27.426 0.1250000000
89134  29.988  -1.380  -27.151 0.1250000000
90236  30.862  -0.676  -28.957 0.1250000000
91291  30.472  -0.085  -29.064 0.1250000000
92375  29.227  0.775  -29.046 0.1250000000
92376  28.392  1.208  -29.101 0.1250000000
92377  27.577  1.005  -28.916 0.1250000000
93435  26.435  2.086  -28.790 0.1250000000
93436  25.615  2.355  -28.521 0.2500000000
93437  25.027  2.693  -28.106 0.2500000000
102813  18.041  11.280  -20.942 0.5000000000
96724  24.206  5.450  -28.604 0.1250000000
97863  24.193  6.553  -28.877 0.1250000000
98981  22.659  7.260  -28.624 0.1250000000
98996  22.355  7.738  -28.730 0.1250000000
105058  17.978  13.203  -20.974 0.3750000000
100022  22.251  8.538  -28.986 0.1250000000
100941  22.396  9.543  -29.292 0.1250000000
104090  21.770  11.443  -30.158 0.1250000000
102936  22.608  11.579  -31.014 0.1250000000
107850  19.939  16.976  -27.732 0.2500000000
108857  20.113  17.369  -29.153 0.1250000000
106942  22.363  16.115  -30.539 0.1250000000
107870  21.678  16.505  -30.163 0.1250000000
87046  25.607  -3.781  -23.828 0.7500000000
99912  17.979  8.373  -21.498 0.3750000000
82706  21.516  -7.847  -22.165 0.8750000000
87059  26.322  -3.721  -24.490 0.7500000000
94453  24.764  3.869  -23.050 0.8750000000
98888  23.643  7.745  -21.924 0.8750000000
106878  20.150  15.179  -24.335 0.3750000000
107842  19.165  17.067  -26.469 0.1250000000
107841  19.805  16.654  -26.827 0.2500000000
78322  21.691  -11.701  -20.922 0.7500000000
78321  22.176  -11.831  -21.088 0.7500000000
78337  23.552  -11.557  -21.400 0.7500000000
78336  24.275  -11.289  -21.287 0.7500000000
79396  20.652  -9.836  -21.052 0.7500000000
80464  21.960  -9.417  -21.788 0.7500000000
80481  22.567  -9.088  -22.142 0.7500000000
81569  19.359  -8.220  -20.782 0.6250000000
81605  22.711  -8.387  -22.377 0.8750000000
82728  24.268  -7.481  -22.807 0.7500000000
82727  25.092  -7.557  -22.960 0.7500000000
83819  26.183  -6.305  -23.655 0.6250000000
86013  27.805  -4.573  -24.383 0.2500000000
86014  27.300  -4.433  -24.599 0.5000000000
87058  27.021  -3.673  -25.267 0.7500000000
87089  28.339  -3.002  -26.857 0.2500000000
87073  28.392  -3.577  -25.376 0.1250000000
89145  28.672  -2.197  -27.874 0.2500000000
89135  27.781  -2.182  -27.147 0.3750000000
89136  27.356  -1.712  -26.942 0.6250000000
89152  29.819  -1.584  -28.743 0.1250000000
89151  30.539  -1.161  -28.761 0.1250000000
90237  29.378  -1.310  -28.717 0.1250000000
90230  27.758  -1.063  -27.862 0.5000000000
90240  27.410  -0.168  -28.354 0.1250000000
91301  28.569  0.064  -29.366 0.1250000000
90231  27.279  -0.624  -27.691 0.5000000000
91300  29.401  -0.035  -29.529 0.1250000000
92386  27.777  0.464  -29.121 0.1250000000
91295  26.613  1.084  -28.198 0.1250000000
92379  26.247  1.525  -28.281 0.1250000000
94485  24.774  3.893  -25.509 0.6250000000
97808  24.448  6.691  -24.092 0.7500000000
99931  24.217  7.844  -23.971 0.7500000000
95590  23.573  5.466  -26.856 0.3750000000
100848  22.887  10.116  -22.085 0.7500000000
96695  23.587  6.250  -25.937 0.5000000000
97850  22.811  6.595  -27.626 0.1250000000
97864  23.135  6.501  -28.427 0.1250000000
96725  23.663  5.318  -28.010 0.2500000000
105070  21.059  13.376  -22.972 0.7500000000
100880  23.592  9.607  -24.884 0.6250000000
99973  22.858  8.626  -26.268 0.3750000000
97838  22.603  7.210  -26.952 0.1250000000
98963  22.509  7.732  -26.891 0.3750000000
105107  22.727  13.694  -24.119 0.3750000000
100903  22.653  9.493  -26.504 0.3750000000
98971  22.213  7.839  -27.556 0.1250000000
100904  22.217  9.414  -27.129 0.1250000000
99989  21.788  8.431  -27.986 0.1250000000
102881  22.074  10.718  -27.295 0.2500000000
100926  21.490  9.323  -28.799 0.1250000000
100942  21.810  9.305  -29.157 0.1250000000
100003  21.883  8.216  -28.605 0.1250000000
101867  21.319  10.030  -28.039 0.1250000000
101868  21.255  9.975  -28.717 0.1250000000
102894  21.204  10.744  -28.580 0.1250000000
106049  20.856  15.118  -24.579 0.3750000000
102907  21.299  10.671  -29.353 0.1250000000
104073  21.705  12.119  -29.710 0.1250000000
104049  21.919  11.815  -27.952 0.1250000000
105149  22.349  12.536  -28.344 0.1250000000
101895  21.822  10.363  -29.664 0.1250000000
101910  21.822  10.929  -30.024 0.1250000000
107840  20.360  16.562  -27.285 0.2500000000
106089  22.970  14.735  -29.061 0.1250000000
105158  22.720  13.705  -29.811 0.1250000000
107849  20.698  16.708  -27.962 0.1250000000
106922  21.414  16.391  -28.389 0.1250000000
106932  21.496  16.493  -29.033 0.1250000000
104089  21.986  11.985  -30.621 0.1250000000
107861  20.325  17.048  -28.421 0.1250000000
76024  22.709  -13.014  -20.526 0.7500000000
77209  23.060  -12.029  -21.260 0.7500000000
77193  23.506  -12.408  -20.815 0.7500000000
77195  21.371  -12.422  -20.422 0.7500000000
80446  19.387  -9.255  -20.284 0.5000000000
80466  20.414  -9.261  -21.146 0.6250000000
93433  27.840  1.567  -28.913 0.1250000000
93422  28.128  1.921  -28.590 0.1250000000
92378  26.853  1.396  -28.549 0.1250000000
102937  21.910  11.317  -30.346 0.1250000000
77196  20.797  -12.348  -20.138 0.7500000000
79381  19.688  -10.426  -20.064 0.5000000000
76005  23.447  -13.463  -20.164 0.6250000000
77177  23.792  -12.830  -20.387 0.6250000000
78300  24.941  -11.697  -20.035 0.3750000000
77192  24.169  -12.107  -20.699 0.6250000000
79377  25.271  -10.474  -20.777 0.2500000000
83839  26.790  -5.868  -23.740 0.3750000000
103976  17.882  12.268  -20.823 0.2500000000
80461  24.951  -9.435  -22.122 0.5000000000
82726  25.968  -7.388  -22.784 0.3750000000
77175  25.019  -12.021  -19.706 0.5000000000
77176  24.380  -12.542  -20.088 0.6250000000
74913  23.605  -14.552  -19.324 0.6250000000
78302  19.813  -11.621  -19.636 0.3750000000
77179  20.351  -12.358  -19.751 0.3750000000
77178  20.971  -12.820  -19.950 0.6250000000
75988  24.644  -13.460  -18.768 0.3750000000
77159  24.542  -12.975  -19.336 0.5000000000
79359  19.112  -10.684  -19.262 0.2500000000
78285  25.911  -11.697  -18.861 0.3750000000
80425  25.820  -9.813  -20.496 0.2500000000
79358  25.756  -10.471  -20.070 0.2500000000
82688  19.302  -7.599  -21.079 0.3750000000
80444  25.636  -9.345  -21.181 0.2500000000
81586  25.790  -8.430  -21.793 0.3750000000
82705  26.233  -7.674  -21.954 0.2500000000
82751  26.385  -6.726  -23.195 0.2500000000
83818  26.820  -6.243  -23.282 0.2500000000
90132  15.835  -0.541  -20.243 0.1250000000
93355  16.073  2.496  -21.073 0.2500000000
96652  16.886  5.210  -21.494 0.3750000000
95540  16.681  4.328  -21.360 0.2500000000
92299  15.656  0.898  -20.385 0.1250000000
90144  16.397  -1.039  -20.652 0.2500000000
78301  20.227  -11.911  -19.917 0.5000000000
78324  20.125  -11.104  -20.172 0.5000000000
78319  24.618  -11.483  -20.670 0.5000000000
79391  25.012  -10.162  -21.472 0.5000000000
84893  27.423  -5.225  -23.844 0.2500000000
80445  20.057  -9.728  -20.701 0.3750000000
81570  18.915  -8.064  -20.393 0.2500000000
76025  21.915  -13.007  -20.361 0.6250000000
80426  19.149  -9.861  -19.670 0.3750000000
76004  24.164  -13.557  -19.471 0.6250000000
78318  25.232  -11.107  -20.223 0.2500000000
78299  25.577  -11.382  -19.565 0.2500000000
77158  25.165  -12.428  -19.114 0.3750000000
76006  22.315  -13.744  -20.139 0.6250000000
81567  25.880  -8.733  -21.287 0.2500000000
82725  26.542  -7.129  -22.284 0.2500000000
74894  21.504  -14.899  -18.972 0.5000000000
74912  24.192  -14.167  -18.950 0.2500000000
73839  23.542  -15.468  -18.660 0.3750000000
74915  21.758  -14.520  -19.399 0.5000000000
73841  21.682  -15.445  -18.972 0.3750000000
75989  20.653  -13.909  -18.795 0.5000000000
76008  20.613  -13.281  -19.347 0.3750000000
76007  21.424  -13.486  -19.806 0.5000000000
72747  20.123  -16.107  -17.470 0.1250000000
73842  21.015  -15.701  -18.462 0.3750000000
76009  20.070  -12.776  -19.215 0.2500000000
70403  20.318  -17.801  -17.225 0.1250000000
71608  20.969  -16.611  -18.339 0.2500000000
72763  21.983  -16.402  -18.860 0.3750000000
73838  24.149  -15.044  -18.413 0.2500000000
72762  22.808  -16.466  -18.642 0.3750000000
73840  22.610  -15.771  -19.144 0.5000000000
71590  20.128  -16.886  -17.442 0.1250000000
72764  21.334  -16.232  -18.589 0.3750000000
74861  19.794  -14.624  -16.893 0.1250000000
75975  19.742  -13.620  -17.485 0.1250000000
93448  25.779  2.883  -29.010 0.1250000000
74914  22.790  -14.532  -19.809 0.5000000000
77160  19.662  -12.393  -18.942 0.2500000000
75974  25.011  -13.792  -18.160 0.2500000000
73857  22.389  -15.123  -19.392 0.5000000000
74895  20.978  -14.745  -18.628 0.5000000000
74893  24.006  -14.751  -18.758 0.3750000000
73856  23.118  -15.176  -19.372 0.3750000000
74877  20.607  -14.900  -18.223 0.2500000000
74896  20.477  -14.185  -18.450 0.1250000000
74916  21.099  -13.975  -19.169 0.5000000000
72734  19.829  -16.336  -16.856 0.1250000000
72746  20.557  -16.226  -18.038 0.2500000000
73824  20.321  -15.558  -17.732 0.1250000000
73808  19.955  -15.483  -17.214 0.1250000000
73823  20.622  -15.299  -18.152 0.1250000000
75990  20.070  -13.435  -18.532 0.1250000000
71589  20.774  -17.326  -17.959 0.1250000000
71607  21.443  -16.950  -18.454 0.3750000000
73822  23.806  -15.826  -17.992 0.2500000000
74878  20.275  -14.650  -17.906 0.1250000000
71588  21.592  -17.798  -18.118 0.2500000000
71605  22.772  -17.064  -18.122 0.2500000000
80427  18.830  -9.026  -19.633 0.2500000000
71606  22.169  -17.126  -18.447 0.2500000000
71587  22.393  -17.772  -17.986 0.1250000000
100837  17.731  9.225  -20.909 0.1250000000
101792  17.990  9.809  -21.026 0.1250000000
101781  17.751  10.289  -20.516 0.1250000000
101776  17.511  10.197  -19.749 0.1250000000
102802  17.640  11.450  -20.334 0.1250000000
101773  17.627  10.260  -19.074 0.1250000000
102803  17.509  10.965  -19.843 0.1250000000
103965  17.498  12.582  -19.751 0.1250000000
103966  17.443  11.760  -19.391 0.1250000000
103961  17.611  11.774  -18.537 0.1250000000
99891  17.163  8.175  -20.758 0.1250000000
94446  16.397  3.470  -21.228 0.1250000000
78286  19.207  -11.479  -18.652 0.1250000000
79360  18.869  -9.867  -19.205 0.1250000000
96626  16.300  5.201  -20.972 0.1250000000
99892  16.751  7.815  -20.490 0.1250000000
99882  16.999  8.760  -20.181 0.1250000000
100816  17.299  9.252  -19.691 0.1250000000
102793  18.102  11.176  -17.850 0.1250000000
103956  18.054  12.326  -17.950 0.1250000000
103960  17.632  12.595  -18.709 0.1250000000
98866  17.101  7.402  -21.166 0.1250000000
82677  18.371  -7.046  -19.771 0.1250000000
80447  18.987  -8.540  -20.207 0.1250000000
101780  17.915  10.861  -20.776 0.1250000000
79347  18.864  -10.397  -18.622 0.1250000000
81553  18.634  -8.069  -19.993 0.1250000000
81528  18.676  -8.443  -18.518 0.1250000000
80416  18.702  -9.279  -18.882 0.1250000000
100822  17.365  9.330  -20.291 0.1250000000
102798  17.506  11.023  -19.156 0.1250000000
99858  18.455  9.419  -18.847 0.1250000000
105027  18.495  12.603  -17.637 0.1250000000
75987  25.308  -13.026  -18.249 0.1250000000
79357  26.236  -10.460  -19.437 0.1250000000
80424  26.344  -9.534  -19.900 0.1250000000
80443  26.074  -9.197  -20.538 0.1250000000
81566  26.299  -8.435  -20.906 0.1250000000
81585  26.261  -8.006  -21.516 0.1250000000
82703  27.197  -7.012  -20.892 0.1250000000
82704  26.734  -7.448  -21.367 0.1250000000
84857  27.511  -5.604  -21.701 0.1250000000
83800  26.861  -6.556  -22.596 0.1250000000
85955  27.766  -4.821  -21.999 0.1250000000
84867  27.428  -5.528  -22.488 0.1250000000
85996  27.702  -4.873  -23.629 0.1250000000
72744  23.921  -16.026  -17.711 0.1250000000
72745  23.430  -16.458  -17.914 0.1250000000
73821  24.421  -15.389  -17.745 0.1250000000
74876  25.068  -14.419  -17.762 0.1250000000
77146  26.579  -12.285  -17.781 0.1250000000
75986  25.927  -12.854  -17.794 0.1250000000
78298  26.248  -11.078  -19.014 0.1250000000
80415  26.654  -9.809  -19.227 0.1250000000
81551  26.931  -8.393  -19.824 0.1250000000
81565  26.741  -8.058  -20.504 0.1250000000
82676  27.524  -7.406  -19.788 0.1250000000
85936  27.810  -5.024  -21.303 0.1250000000
87045  27.982  -4.375  -23.940 0.1250000000
87044  28.173  -3.795  -23.465 0.1250000000
87025  28.183  -3.769  -22.622 0.1250000000
86012  28.072  -4.335  -24.606 0.1250000000
77157  25.896  -12.247  -18.317 0.1250000000
84879  27.340  -5.535  -23.269 0.1250000000
83786  26.915  -6.764  -21.968 0.1250000000
74892  24.516  -14.448  -18.379 0.1250000000
72733  23.542  -16.915  -17.410 0.1250000000
75973  25.580  -13.617  -17.719 0.1250000000
79345  26.734  -10.422  -18.816 0.1250000000
81552  26.387  -8.881  -20.273 0.1250000000
80423  26.842  -9.201  -19.348 0.1250000000
82687  26.711  -7.875  -20.821 0.1250000000
83785  27.290  -6.467  -21.344 0.1250000000
82686  27.071  -7.539  -20.502 0.1250000000
84846  27.763  -5.637  -20.909 0.1250000000
83799  27.178  -6.168  -22.166 0.1250000000
87026  27.952  -4.379  -23.197 0.1250000000
85954  28.026  -4.429  -21.317 0.1250000000
72732  24.099  -16.457  -17.259 0.1250000000
73807  24.663  -15.895  -17.095 0.1250000000
78284  26.684  -11.366  -18.339 0.1250000000
88041  28.361  -3.155  -22.852 0.1250000000
72765  20.945  -16.205  -18.384 0.3750000000
73820  25.152  -14.896  -17.395 0.1250000000
73855  23.431  -15.082  -19.137 0.3750000000
76026  21.407  -12.945  -20.147 0.6250000000
77180  19.930  -12.301  -19.399 0.3750000000
77208  23.387  -12.024  -21.189 0.7500000000
82750  26.522  -6.835  -22.869 0.2500000000
83767  18.174  -6.109  -19.800 0.1250000000
83817  27.138  -6.037  -22.796 0.1250000000
84880  27.111  -5.671  -23.680 0.2500000000
85974  27.705  -4.943  -22.873 0.1250000000
86028  28.119  -4.212  -24.849 0.1250000000
87012  27.957  -4.374  -22.505 0.1250000000
87056  28.168  -3.952  -24.407 0.1250000000
87057  28.038  -4.385  -24.297 0.1250000000
87088  28.769  -3.093  -26.420 0.1250000000
87090  27.875  -2.988  -26.862 0.3750000000
87091  29.132  -2.761  -26.874 0.1250000000
87093  28.730  -2.713  -27.321 0.1250000000
87094  30.764  -2.668  -29.768 0.1250000000
87095  30.693  -2.406  -30.164 0.1250000000
87096  30.624  -2.090  -30.340 0.1250000000
87097  31.232  -2.503  -30.046 0.1250000000
87098  31.034  -2.117  -30.266 0.1250000000
87099  30.829  -1.872  -30.426 0.1250000000
88032  17.207  -2.608  -20.840 0.2500000000
88102  29.032  -2.776  -26.364 0.1250000000
88103  28.036  -2.562  -27.166 0.3750000000
88109  29.049  -2.471  -27.841 0.2500000000
88112  29.379  -2.064  -28.308 0.1250000000
88113  30.925  -2.072  -29.686 0.1250000000
88114  30.488  -2.105  -29.726 0.1250000000
88115  30.189  -2.116  -30.099 0.1250000000
88116  31.435  -1.908  -29.885 0.1250000000
88117  31.062  -1.554  -30.296 0.1250000000
88118  30.410  -1.664  -30.468 0.1250000000
88119  30.654  -1.238  -30.458 0.1250000000
88120  30.338  -1.276  -30.547 0.1250000000
89146  28.159  -1.724  -27.687 0.1250000000
89150  30.969  -1.109  -29.062 0.1250000000
89153  28.975  -1.787  -28.350 0.1250000000
89155  31.022  -1.419  -29.430 0.1250000000
89156  30.485  -1.585  -29.418 0.1250000000
89157  29.969  -1.631  -29.597 0.1250000000
89158  31.451  -1.248  -29.848 0.1250000000
89159  30.984  -0.921  -30.213 0.1250000000
89160  29.863  -1.602  -30.129 0.1250000000
89161  30.398  -0.970  -30.508 0.1250000000
89162  30.033  -1.339  -30.547 0.1250000000
90220  26.398  -0.145  -26.628 0.6250000000
90235  31.187  -1.087  -29.199 0.1250000000
90239  28.066  -0.637  -28.495 0.1250000000
90241  31.281  -0.912  -29.447 0.1250000000
90242  30.952  -0.302  -29.610 0.1250000000
90244  28.847  -0.428  -29.049 0.1250000000
90245  28.353  -0.246  -29.084 0.1250000000
90247  30.454  -0.524  -30.232 0.1250000000
90248  29.812  -1.003  -29.991 0.1250000000
90249  29.904  -0.896  -30.491 0.1250000000
90250  29.774  -1.260  -30.273 0.1250000000
91214  21.916  1.309  -21.903 1.0000000000
91292  29.919  0.317  -29.096 0.1250000000
91293  27.557  0.181  -28.800 0.1250000000
91299  30.262  0.058  -29.769 0.1250000000
91302  27.997  0.025  -29.185 0.1250000000
91303  29.856  -0.358  -30.082 0.1250000000
91304  29.616  -0.590  -29.784 0.1250000000
92311  21.127  1.603  -22.276 1.0000000000
92385  28.159  0.575  -29.251 0.1250000000
93352  21.049  2.709  -22.097 1.0000000000
94444  20.516  3.439  -21.974 1.0000000000
94455  20.121  3.347  -22.172 1.0000000000
94465  24.909  3.728  -23.598 0.8750000000
94512  25.151  3.013  -28.495 0.2500000000
94526  25.428  3.258  -28.850 0.1250000000
95516  16.089  4.370  -20.806 0.1250000000
95538  19.644  4.562  -21.875 1.0000000000
95572  24.597  5.298  -24.238 0.8750000000
96668  23.978  6.190  -22.046 1.0000000000
97825  23.696  6.638  -25.610 0.5000000000
97865  22.616  6.885  -27.960 0.1250000000
98943  23.465  7.912  -25.433 0.5000000000
98962  22.733  7.298  -26.683 0.1250000000
99966  23.653  8.114  -24.989 0.5000000000
99974  22.536  8.351  -26.746 0.2500000000
100004  21.762  8.811  -28.852 0.1250000000
100914  21.757  9.291  -27.693 0.1250000000
102920  21.638  11.027  -29.907 0.1250000000
103987  22.746  12.671  -23.144 0.7500000000
103990  19.666  12.869  -22.415 0.6250000000
104050  21.409  11.418  -28.442 0.1250000000
104074  21.593  11.426  -29.832 0.1250000000
105089  22.908  13.374  -23.852 0.3750000000
105106  23.219  13.329  -24.300 0.3750000000
105139  22.502  12.251  -27.808 0.2500000000
106032  22.349  13.887  -23.999 0.3750000000
106062  23.302  13.704  -25.857 0.3750000000
106914  20.345  16.386  -26.825 0.2500000000
107832  19.543  16.607  -26.157 0.3750000000
107859  21.453  16.549  -29.483 0.1250000000
107860  20.936  16.849  -28.975 0.1250000000
107871  21.075  16.816  -29.840 0.1250000000
107878  21.252  16.939  -30.485 0.1250000000
108846  19.904  17.250  -28.350 0.1250000000
