#!ascii label  , from subject 3457 vox2ras=TkReg
661
66743  22.147  -21.181  -16.400 0.1428571492
66744  21.094  -21.626  -16.528 0.1428571492
67919  22.105  -19.898  -17.519 0.1428571492
66742  22.827  -20.838  -16.324 0.1428571492
67905  22.463  -20.319  -17.016 0.2857142985
67906  21.545  -20.779  -17.046 0.1428571492
67904  23.593  -20.315  -16.355 0.1428571492
70400  22.743  -18.417  -17.558 0.5714285970
69151  23.894  -19.032  -16.650 0.1428571492
71573  24.385  -17.254  -16.661 0.2857142985
70384  23.939  -17.989  -16.653 0.2857142985
72731  24.889  -16.412  -16.692 0.1428571492
75973  25.580  -13.617  -17.719 0.2857142985
74876  25.068  -14.419  -17.762 0.1428571492
78298  26.248  -11.078  -19.014 0.2857142985
77146  26.579  -12.285  -17.781 0.2857142985
79357  26.236  -10.460  -19.437 0.2857142985
81565  26.741  -8.058  -20.504 0.2857142985
83799  27.178  -6.168  -22.166 0.8571428657
82704  26.734  -7.448  -21.367 0.4285714328
81551  26.931  -8.393  -19.824 0.2857142985
87045  27.982  -4.375  -23.940 0.7142857313
87026  27.952  -4.379  -23.197 0.7142857313
84867  27.428  -5.528  -22.488 0.7142857313
83786  26.915  -6.764  -21.968 0.7142857313
88071  28.492  -2.805  -24.693 0.8571428657
87056  28.168  -3.952  -24.407 0.5714285970
86012  28.072  -4.335  -24.606 0.8571428657
85996  27.702  -4.873  -23.629 0.7142857313
84879  27.340  -5.535  -23.269 0.7142857313
89134  29.988  -1.380  -27.151 0.4285714328
88087  28.888  -2.584  -25.780 0.7142857313
87073  28.392  -3.577  -25.376 0.8571428657
90236  30.862  -0.676  -28.957 0.2857142985
90246  31.285  -0.620  -29.888 0.5714285970
88108  29.448  -2.293  -27.426 0.8571428657
89144  30.180  -1.797  -28.043 0.7142857313
87087  29.074  -2.813  -26.610 0.8571428657
92368  29.744  0.912  -28.356 0.1428571492
91283  30.677  0.084  -28.211 0.1428571492
91291  30.472  -0.085  -29.064 0.4285714328
89152  29.819  -1.584  -28.743 0.5714285970
88111  29.614  -2.141  -28.119 0.8571428657
93423  27.608  2.630  -28.339 0.1428571492
92356  29.340  1.507  -27.758 0.1428571492
92369  28.908  1.448  -28.412 0.1428571492
92375  29.227  0.775  -29.046 0.4285714328
90237  29.378  -1.310  -28.717 0.8571428657
94500  27.021  3.485  -28.158 0.1428571492
93411  27.700  2.909  -27.746 0.1428571492
93422  28.128  1.921  -28.590 0.1428571492
93433  27.840  1.567  -28.913 0.4285714328
92384  28.757  0.528  -29.286 0.5714285970
91301  28.569  0.064  -29.366 0.7142857313
89154  28.549  -1.298  -28.291 0.8571428657
95607  26.053  4.074  -28.770 0.1428571492
94510  26.876  3.003  -28.967 0.1428571492
93434  27.251  2.047  -28.840 0.5714285970
92386  27.777  0.464  -29.121 0.8571428657
90238  28.959  -1.012  -28.621 0.8571428657
90240  27.410  -0.168  -28.354 0.8571428657
95598  26.248  4.428  -27.973 0.1428571492
95608  25.623  4.580  -28.791 0.2857142985
94525  26.084  3.286  -29.112 0.1428571492
93448  25.779  2.883  -29.010 0.8571428657
92378  26.853  1.396  -28.549 0.8571428657
92377  27.577  1.005  -28.916 0.7142857313
92379  26.247  1.525  -28.281 0.8571428657
96724  24.206  5.450  -28.604 0.1428571492
95625  24.880  3.808  -28.802 0.4285714328
94513  24.738  3.369  -28.214 0.8571428657
93437  25.027  2.693  -28.106 0.8571428657
92370  25.805  1.410  -27.662 0.8571428657
95609  24.307  4.416  -28.175 0.4285714328
93425  24.796  2.812  -27.484 0.8571428657
93424  25.232  2.095  -27.575 0.8571428657
93412  25.059  2.197  -26.696 0.8571428657
97864  23.135  6.501  -28.427 0.2857142985
95610  23.884  4.801  -27.724 0.5714285970
95601  23.703  5.137  -27.285 0.8571428657
94502  24.397  3.614  -27.446 0.8571428657
93413  24.717  3.070  -26.710 0.8571428657
94494  24.388  3.863  -26.596 0.8571428657
97850  22.811  6.595  -27.626 0.2857142985
96715  23.289  5.932  -27.368 0.7142857313
96725  23.663  5.318  -28.010 0.5714285970
95590  23.573  5.466  -26.856 0.8571428657
95589  24.005  5.008  -26.337 0.8571428657
95580  24.455  5.066  -25.125 0.8571428657
93402  24.757  3.369  -26.168 0.8571428657
96704  23.520  5.918  -26.406 0.8571428657
96695  23.587  6.250  -25.937 0.8571428657
96687  24.387  5.914  -24.639 0.7142857313
97826  23.347  6.683  -26.104 0.8571428657
98951  23.455  7.066  -25.759 0.8571428657
96694  23.923  5.856  -25.644 0.8571428657
98929  24.237  7.357  -24.399 0.8571428657
99951  23.980  7.998  -24.426 0.8571428657
97808  24.448  6.691  -24.092 0.7142857313
99973  22.858  8.626  -26.268 0.7142857313
99967  23.400  8.580  -25.437 0.8571428657
99952  23.727  8.737  -24.493 0.8571428657
101810  23.665  10.656  -24.342 0.7142857313
97816  24.157  6.650  -24.974 0.8571428657
104049  21.919  11.815  -27.952 0.1428571492
100880  23.592  9.607  -24.884 0.8571428657
101824  23.423  10.494  -25.354 0.7142857313
102867  23.259  11.310  -25.921 0.7142857313
105148  22.824  13.451  -28.651 0.1428571492
105129  23.371  13.038  -26.221 0.5714285970
105120  23.390  13.363  -25.219 0.5714285970
105138  23.065  12.872  -27.467 0.1428571492
106089  22.970  14.735  -29.061 0.1428571492
106063  22.783  14.403  -25.459 0.5714285970
106090  22.518  15.482  -28.700 0.1428571492
106931  22.059  16.060  -29.300 0.1428571492
106073  22.828  14.806  -26.739 0.1428571492
107870  21.678  16.505  -30.163 0.1428571492
106072  23.264  13.877  -26.580 0.5714285970
106932  21.496  16.493  -29.033 0.1428571492
106922  21.414  16.391  -28.389 0.1428571492
108866  20.648  17.231  -30.098 0.1428571492
107861  20.325  17.048  -28.421 0.1428571492
66734  21.814  -21.852  -15.794 0.1428571492
66735  21.225  -22.110  -15.965 0.1428571492
69152  23.151  -19.632  -17.011 0.2857142985
67903  24.346  -19.750  -16.344 0.1428571492
70383  24.676  -18.161  -16.433 0.2857142985
74875  25.779  -14.375  -17.248 0.2857142985
73806  25.379  -15.416  -16.897 0.1428571492
81552  26.387  -8.881  -20.273 0.2857142985
80424  26.344  -9.534  -19.900 0.2857142985
83785  27.290  -6.467  -21.344 0.4285714328
82687  26.711  -7.875  -20.821 0.5714285970
89111  28.750  -1.827  -24.979 0.2857142985
83800  26.861  -6.556  -22.596 0.7142857313
87089  28.339  -3.002  -26.857 0.8571428657
90243  29.586  -0.899  -29.220 0.7142857313
94501  26.415  3.889  -28.463 0.1428571492
93447  26.151  2.672  -29.039 0.8571428657
93435  26.435  2.086  -28.790 0.8571428657
91286  26.386  0.849  -27.764 0.8571428657
97837  22.902  6.753  -26.817 0.8571428657
98953  22.698  8.055  -26.483 0.8571428657
100893  23.187  9.520  -25.797 0.8571428657
104041  23.187  12.065  -26.599 0.2857142985
107877  22.100  16.843  -30.908 0.1428571492
65533  20.804  -22.257  -16.042 0.1428571492
70399  23.368  -18.199  -17.053 0.4285714328
72732  24.099  -16.457  -17.259 0.2857142985
71574  23.683  -17.355  -17.029 0.4285714328
71586  23.114  -17.457  -17.574 0.2857142985
73807  24.663  -15.895  -17.095 0.1428571492
75972  26.564  -13.335  -17.355 0.2857142985
78284  26.684  -11.366  -18.339 0.2857142985
77157  25.896  -12.247  -18.317 0.2857142985
75987  25.308  -13.026  -18.249 0.2857142985
78285  25.911  -11.697  -18.861 0.2857142985
93410  28.534  2.228  -27.385 0.1428571492
95597  26.995  3.854  -27.526 0.1428571492
95599  25.618  4.954  -28.496 0.1428571492
96740  24.816  4.601  -28.917 0.2857142985
96723  25.053  5.311  -28.862 0.1428571492
94527  25.029  3.363  -28.640 0.8571428657
91294  27.005  0.482  -28.224 0.8571428657
90231  27.279  -0.624  -27.691 1.0000000000
97863  24.193  6.553  -28.877 0.1428571492
97851  22.511  7.181  -27.438 0.2857142985
94475  24.786  4.423  -24.241 0.8571428657
97838  22.603  7.210  -26.952 0.5714285970
99982  22.495  8.876  -26.797 0.5714285970
100903  22.653  9.493  -26.504 0.5714285970
101840  22.924  10.355  -26.209 0.7142857313
102880  22.631  11.121  -26.808 0.4285714328
102881  22.074  10.718  -27.295 0.2857142985
102892  22.120  11.290  -27.441 0.2857142985
104048  22.605  11.877  -27.377 0.1428571492
106080  23.160  14.183  -27.742 0.1428571492
106912  22.093  15.545  -26.927 0.2857142985
106921  22.011  15.831  -28.039 0.1428571492
107849  20.698  16.708  -27.962 0.1428571492
106930  22.607  15.463  -29.269 0.1428571492
108856  20.680  17.055  -29.546 0.1428571492
108857  20.113  17.369  -29.153 0.1428571492
109895  20.459  18.451  -30.503 0.1428571492
98971  22.213  7.839  -27.556 0.4285714328
99983  22.228  8.551  -27.285 0.4285714328
100904  22.217  9.414  -27.129 0.4285714328
101855  21.813  10.090  -27.456 0.4285714328
101854  22.341  10.200  -26.877 0.5714285970
66745  20.193  -21.439  -16.627 0.1428571492
69168  22.496  -19.374  -17.497 0.4285714328
67920  21.681  -20.165  -17.400 0.2857142985
69167  23.145  -18.949  -17.192 0.5714285970
75986  25.927  -12.854  -17.794 0.2857142985
84893  27.423  -5.225  -23.844 0.7142857313
88101  29.264  -2.292  -26.578 0.8571428657
89151  30.539  -1.161  -28.761 0.5714285970
91300  29.401  -0.035  -29.529 0.5714285970
92376  28.392  1.208  -29.101 0.1428571492
95624  25.510  4.015  -29.045 0.5714285970
91295  26.613  1.084  -28.198 0.8571428657
93436  25.615  2.355  -28.521 0.8571428657
95600  23.986  4.410  -27.288 0.8571428657
94485  24.774  3.893  -25.509 0.8571428657
96703  23.781  5.568  -26.133 0.8571428657
98952  23.086  7.594  -26.103 0.8571428657
98942  23.759  7.416  -25.233 0.8571428657
105149  22.349  12.536  -28.344 0.1428571492
104035  23.514  12.317  -25.582 0.5714285970
106941  22.735  15.477  -29.988 0.1428571492
106081  22.725  15.177  -27.852 0.1428571492
106942  22.363  16.115  -30.539 0.1428571492
74874  26.547  -14.179  -16.949 0.1428571492
98963  22.509  7.732  -26.891 0.5714285970
72733  23.542  -16.915  -17.410 0.4285714328
106913  21.063  16.171  -27.159 0.1428571492
77159  24.542  -12.975  -19.336 0.5714285970
76004  24.164  -13.557  -19.471 0.5714285970
76005  23.447  -13.463  -20.164 0.2857142985
78300  24.941  -11.697  -20.035 0.5714285970
77192  24.169  -12.107  -20.699 0.5714285970
74914  22.790  -14.532  -19.809 0.4285714328
77176  24.380  -12.542  -20.088 0.5714285970
76006  22.315  -13.744  -20.139 0.2857142985
76024  22.709  -13.014  -20.526 0.4285714328
80425  25.820  -9.813  -20.496 0.4285714328
79377  25.271  -10.474  -20.777 0.5714285970
78336  24.275  -11.289  -21.287 0.5714285970
78337  23.552  -11.557  -21.400 0.4285714328
80444  25.636  -9.345  -21.181 0.5714285970
80461  24.951  -9.435  -22.122 0.5714285970
79378  24.701  -10.808  -21.225 0.4285714328
81586  25.790  -8.430  -21.793 0.7142857313
77193  23.506  -12.408  -20.815 0.4285714328
76025  21.915  -13.007  -20.361 0.2857142985
79392  24.289  -10.551  -21.848 0.4285714328
81567  25.880  -8.733  -21.287 0.7142857313
82726  25.968  -7.388  -22.784 0.7142857313
82727  25.092  -7.557  -22.960 0.4285714328
83819  26.183  -6.305  -23.655 0.7142857313
83802  25.084  -6.537  -23.321 0.5714285970
83820  25.656  -6.001  -23.755 0.7142857313
84868  24.603  -5.632  -23.168 0.2857142985
82725  26.542  -7.129  -22.284 0.5714285970
82751  26.385  -6.726  -23.195 0.5714285970
83801  25.583  -7.011  -23.285 0.7142857313
84895  26.671  -5.369  -24.200 0.7142857313
85997  25.804  -4.662  -24.069 0.7142857313
86015  26.573  -4.562  -24.384 0.7142857313
85998  25.077  -4.719  -23.529 0.4285714328
87046  25.607  -3.781  -23.828 0.4285714328
86013  27.805  -4.573  -24.383 0.5714285970
83839  26.790  -5.868  -23.740 0.5714285970
87058  27.021  -3.673  -25.267 0.7142857313
88072  26.494  -2.810  -25.301 0.7142857313
89123  26.561  -1.863  -26.073 0.7142857313
88073  26.024  -2.824  -24.396 0.7142857313
90190  26.329  -1.272  -25.250 0.5714285970
87092  28.927  -2.822  -27.168 0.7142857313
87075  27.624  -3.362  -26.315 0.5714285970
86030  27.631  -3.895  -25.496 0.5714285970
88104  27.599  -2.634  -26.794 0.7142857313
88062  25.374  -2.774  -23.389 0.4285714328
90219  26.681  -0.710  -26.659 0.7142857313
90191  26.207  -0.817  -24.902 0.7142857313
90205  26.325  -0.310  -26.107 0.7142857313
88110  28.530  -2.483  -27.449 0.5714285970
88088  26.959  -2.788  -26.255 0.7142857313
91271  26.444  -0.073  -26.879 0.8571428657
91258  25.965  0.450  -25.889 0.7142857313
91249  25.892  0.578  -24.774 0.5714285970
91242  25.698  0.942  -23.648 0.2857142985
90230  27.758  -1.063  -27.862 0.7142857313
91272  26.139  0.435  -26.896 0.7142857313
92323  25.413  2.031  -23.675 0.7142857313
91285  26.604  0.056  -27.366 0.7142857313
93401  25.110  2.685  -25.694 0.8571428657
92343  25.496  1.468  -25.786 0.8571428657
92332  25.544  1.723  -24.713 0.5714285970
93390  25.272  2.663  -24.572 0.8571428657
93380  25.131  2.946  -23.673 0.7142857313
92357  25.558  1.318  -26.775 0.8571428657
94474  25.051  3.470  -24.465 0.8571428657
94484  25.122  3.180  -25.097 0.8571428657
94453  24.764  3.869  -23.050 0.7142857313
98912  24.325  7.477  -23.623 0.7142857313
98913  24.161  7.684  -22.751 0.7142857313
99931  24.217  7.844  -23.971 0.5714285970
97768  23.492  6.832  -21.681 0.7142857313
99932  24.020  8.495  -23.489 0.7142857313
100863  23.715  9.676  -23.839 0.8571428657
100847  23.515  9.737  -22.720 0.7142857313
99906  23.668  8.635  -22.354 0.7142857313
101800  23.025  10.928  -22.377 0.7142857313
102820  23.073  12.044  -22.890 0.7142857313
101787  22.230  10.774  -21.912 0.5714285970
101799  23.641  10.832  -23.256 0.7142857313
102809  21.521  11.364  -21.882 0.5714285970
102821  22.057  11.808  -22.239 0.5714285970
102822  21.271  11.869  -22.037 0.5714285970
102838  23.647  11.782  -23.874 0.5714285970
104010  22.607  12.969  -23.262 0.5714285970
103988  22.102  12.844  -22.859 0.5714285970
103989  20.871  12.574  -22.340 0.5714285970
102810  20.567  11.650  -21.904 0.4285714328
101789  20.331  10.551  -21.687 0.4285714328
103973  20.152  12.331  -22.208 0.5714285970
105090  22.333  13.474  -23.552 0.5714285970
103974  19.521  12.279  -22.067 0.4285714328
101790  19.276  10.440  -21.692 0.4285714328
105057  18.190  13.797  -21.512 0.4285714328
84857  27.511  -5.604  -21.701 0.2857142985
87074  28.150  -3.676  -26.034 0.5714285970
105072  18.801  13.790  -22.545 0.2857142985
103991  18.826  12.981  -22.168 0.4285714328
105058  17.978  13.203  -20.974 0.2857142985
74913  23.605  -14.552  -19.324 0.5714285970
79358  25.756  -10.471  -20.070 0.2857142985
78299  25.577  -11.382  -19.565 0.4285714328
77209  23.060  -12.029  -21.260 0.4285714328
80462  24.321  -9.874  -22.254 0.5714285970
77194  22.353  -12.276  -20.904 0.2857142985
78338  22.501  -11.451  -21.351 0.2857142985
81602  25.177  -8.372  -22.522 0.5714285970
87025  28.183  -3.769  -22.622 0.2857142985
83803  23.986  -6.555  -22.838 0.2857142985
84882  25.361  -5.533  -23.707 0.7142857313
96680  24.549  5.956  -23.717 0.7142857313
97793  24.407  6.765  -23.183 0.7142857313
96667  24.384  5.920  -22.760 0.7142857313
100848  22.887  10.116  -22.085 0.7142857313
101788  21.371  10.619  -21.688 0.5714285970
102811  19.442  11.451  -21.840 0.2857142985
102853  23.595  11.525  -24.933 0.5714285970
104023  23.588  12.567  -24.557 0.5714285970
104009  23.142  12.843  -23.594 0.5714285970
105070  21.059  13.376  -22.972 0.5714285970
105071  19.969  13.395  -22.886 0.2857142985
79408  23.878  -10.078  -22.275 0.4285714328
86029  27.931  -4.143  -25.172 0.7142857313
83818  26.820  -6.243  -23.282 0.5714285970
89145  28.672  -2.197  -27.874 0.7142857313
89147  27.627  -1.271  -27.536 0.7142857313
89135  27.781  -2.182  -27.147 0.7142857313
81585  26.261  -8.006  -21.516 0.5714285970
82705  26.233  -7.674  -21.954 0.5714285970
94466  24.733  4.366  -23.227 0.7142857313
84894  27.133  -5.308  -24.077 0.5714285970
77175  25.019  -12.021  -19.706 0.5714285970
77177  23.792  -12.830  -20.387 0.4285714328
78318  25.232  -11.107  -20.223 0.5714285970
78319  24.618  -11.483  -20.670 0.5714285970
78320  24.059  -11.824  -21.041 0.4285714328
73856  23.118  -15.176  -19.372 0.5714285970
79391  25.012  -10.162  -21.472 0.5714285970
79393  23.241  -10.534  -21.856 0.4285714328
80478  24.687  -8.887  -22.511 0.4285714328
82728  24.268  -7.481  -22.807 0.4285714328
81603  24.492  -8.339  -22.668 0.4285714328
83840  26.694  -5.724  -23.920 0.7142857313
84881  26.019  -5.465  -24.083 0.7142857313
86014  27.300  -4.433  -24.599 0.7142857313
87059  26.322  -3.721  -24.490 0.7142857313
89112  26.245  -1.829  -25.155 0.7142857313
89136  27.356  -1.712  -26.942 0.5714285970
90204  26.451  -1.133  -25.680 0.7142857313
89103  25.575  -1.545  -23.641 0.2857142985
90155  25.013  0.212  -22.798 0.2857142985
105069  21.716  13.391  -23.197 0.7142857313
103975  18.561  12.474  -21.617 0.4285714328
79394  22.261  -10.409  -21.597 0.1428571492
79409  23.435  -9.777  -22.249 0.4285714328
69169  21.697  -19.488  -17.644 0.4285714328
79344  27.498  -10.412  -18.300 0.1428571492
79345  26.734  -10.422  -18.816 0.1428571492
80415  26.654  -9.809  -19.227 0.1428571492
82686  27.071  -7.539  -20.502 0.1428571492
82703  27.197  -7.012  -20.892 0.1428571492
80414  27.246  -9.492  -18.806 0.1428571492
83776  27.635  -6.542  -20.341 0.1428571492
81541  27.195  -8.860  -19.181 0.1428571492
84846  27.763  -5.637  -20.909 0.1428571492
88041  28.361  -3.155  -22.852 0.2857142985
89102  28.616  -1.739  -23.804 0.1428571492
95565  24.639  5.154  -23.456 0.5714285970
111759  19.510  20.234  -28.706 0.1428571492
94454  24.461  4.063  -22.486 0.4285714328
110842  18.974  20.083  -28.510 0.1428571492
107850  19.939  16.976  -27.732 0.1428571492
96645  23.447  5.796  -21.599 0.4285714328
97794  24.079  6.856  -22.346 0.5714285970
97769  22.594  6.696  -21.340 0.4285714328
106891  19.562  16.279  -25.246 0.2857142985
106878  20.150  15.179  -24.335 0.2857142985
106033  21.849  14.153  -23.972 0.2857142985
106049  20.856  15.118  -24.579 0.2857142985
97771  20.522  6.489  -21.444 0.1428571492
98889  22.810  7.707  -21.415 0.5714285970
100831  23.184  9.408  -21.978 0.5714285970
106035  19.501  14.866  -23.732 0.2857142985
105107  22.727  13.694  -24.119 0.4285714328
98891  20.727  7.532  -21.361 0.4285714328
100832  22.299  9.699  -21.687 0.5714285970
99910  19.913  8.486  -21.452 0.4285714328
100834  20.126  9.512  -21.565 0.2857142985
105093  19.319  14.098  -23.228 0.1428571492
105092  20.314  14.008  -23.394 0.1428571492
100835  19.112  9.419  -21.570 0.1428571492
106014  18.684  14.937  -22.810 0.1428571492
106862  18.875  15.973  -23.122 0.1428571492
105046  17.878  14.000  -20.601 0.1428571492
106002  18.363  14.917  -21.750 0.1428571492
106834  18.423  15.746  -21.189 0.1428571492
71588  21.592  -17.798  -18.118 0.4285714328
71607  21.443  -16.950  -18.454 0.2857142985
81550  27.609  -7.910  -19.437 0.1428571492
85936  27.810  -5.024  -21.303 0.1428571492
96644  24.142  5.551  -22.126 0.2857142985
106064  21.914  15.143  -25.371 0.2857142985
106879  19.421  15.942  -24.240 0.2857142985
106890  20.313  15.537  -25.119 0.2857142985
71589  20.774  -17.326  -17.959 0.2857142985
73805  26.461  -15.518  -16.546 0.1428571492
77145  27.387  -12.404  -17.477 0.1428571492
78272  27.210  -11.722  -17.801 0.1428571492
88061  28.348  -2.960  -23.650 0.1428571492
85955  27.766  -4.821  -21.999 0.1428571492
99911  18.934  8.413  -21.503 0.1428571492
95533  24.066  4.864  -21.850 0.4285714328
100833  21.192  9.603  -21.536 0.5714285970
105121  22.969  13.832  -24.683 0.4285714328
107820  19.089  16.978  -24.602 0.2857142985
106889  21.232  15.275  -25.093 0.2857142985
106905  19.588  16.462  -25.776 0.2857142985
107842  19.165  17.067  -26.469 0.1428571492
109871  18.476  18.158  -26.415 0.1428571492
108847  19.237  17.554  -28.139 0.1428571492
106849  18.403  16.017  -22.058 0.2857142985
107807  18.863  16.959  -23.556 0.2857142985
107851  19.321  17.129  -27.233 0.1428571492
108848  18.693  18.306  -28.468 0.1428571492
107840  20.360  16.562  -27.285 0.1428571492
106902  22.269  15.215  -26.034 0.4285714328
106903  21.305  15.616  -25.942 0.2857142985
106904  20.153  16.149  -26.135 0.1428571492
71587  22.393  -17.772  -17.986 0.4285714328
70401  21.981  -18.668  -17.927 0.4285714328
87044  28.173  -3.795  -23.465 0.4285714328
106047  22.423  14.150  -24.453 0.2857142985
98888  23.643  7.745  -21.924 0.5714285970
99907  23.042  8.673  -21.616 0.5714285970
95554  24.489  4.984  -22.616 0.5714285970
105091  21.350  13.846  -23.481 0.2857142985
82676  27.524  -7.406  -19.788 0.1428571492
80413  28.217  -9.493  -18.334 0.1428571492
84845  28.206  -5.503  -20.164 0.1428571492
96646  22.383  5.675  -21.298 0.2857142985
106034  20.819  14.585  -23.977 0.2857142985
106048  21.725  14.746  -24.646 0.2857142985
98890  21.781  7.621  -21.318 0.2857142985
99909  20.960  8.567  -21.416 0.4285714328
98892  19.706  7.456  -21.495 0.2857142985
99908  22.030  8.653  -21.408 0.5714285970
85935  28.183  -4.704  -20.673 0.1428571492
95534  23.154  4.809  -21.486 0.2857142985
107841  19.805  16.654  -26.827 0.2857142985
108838  18.522  18.134  -27.702 0.1428571492
89113  25.882  -1.974  -24.306 0.4285714328
109824  19.067  18.407  -22.947 0.1428571492
109841  19.103  18.851  -23.626 0.1428571492
107776  19.346  16.905  -21.731 0.1428571492
109823  19.750  18.595  -22.964 0.1428571492
108791  18.732  17.903  -23.111 0.1428571492
108806  18.736  17.887  -24.067 0.1428571492
107791  19.727  17.437  -22.176 0.1428571492
107792  18.755  17.072  -22.427 0.1428571492
108789  20.302  18.027  -22.519 0.1428571492
109840  20.124  19.253  -23.471 0.1428571492
108790  19.277  17.972  -22.556 0.1428571492
108775  21.889  17.598  -22.185 0.1428571492
90176  25.725  -0.329  -23.661 0.2857142985
107775  20.641  16.985  -21.920 0.1428571492
108788  21.302  18.145  -22.574 0.1428571492
110800  19.769  19.866  -24.152 0.1428571492
81566  26.299  -8.435  -20.906 0.2857142985
108818  18.801  17.826  -25.109 0.1428571492
109852  18.819  18.767  -24.678 0.1428571492
108776  20.904  17.610  -22.322 0.1428571492
80443  26.074  -9.197  -20.538 0.4285714328
73839  23.542  -15.468  -18.660 0.4285714328
73838  24.149  -15.044  -18.413 0.2857142985
73821  24.421  -15.389  -17.745 0.1428571492
74912  24.192  -14.167  -18.950 0.2857142985
74892  24.516  -14.448  -18.379 0.1428571492
75988  24.644  -13.460  -18.768 0.2857142985
73822  23.806  -15.826  -17.992 0.2857142985
77158  25.165  -12.428  -19.114 0.2857142985
75974  25.011  -13.792  -18.160 0.1428571492
74893  24.006  -14.751  -18.758 0.2857142985
72762  22.808  -16.466  -18.642 0.2857142985
71606  22.169  -17.126  -18.447 0.2857142985
72763  21.983  -16.402  -18.860 0.2857142985
73840  22.610  -15.771  -19.144 0.2857142985
80479  24.088  -9.290  -22.532 0.2857142985
81604  23.662  -8.371  -22.611 0.2857142985
85975  24.360  -4.740  -22.914 0.1428571492
87047  24.898  -3.870  -23.201 0.2857142985
91226  25.111  1.403  -22.758 0.1428571492
92307  24.985  2.467  -22.815 0.1428571492
92308  24.374  1.967  -22.100 0.1428571492
93366  24.312  3.086  -22.115 0.1428571492
92293  23.533  2.509  -21.724 0.1428571492
96648  20.353  5.420  -21.594 0.1428571492
96647  21.340  5.552  -21.327 0.1428571492
102812  18.516  11.382  -21.462 0.1428571492
101791  18.311  10.360  -21.228 0.1428571492
102813  18.041  11.280  -20.942 0.1428571492
72745  23.430  -16.458  -17.914 0.1428571492
93365  24.838  3.358  -22.926 0.2857142985
93349  23.495  3.297  -21.663 0.1428571492
97770  21.550  6.587  -21.274 0.1428571492
70402  20.911  -18.744  -17.483 0.2857142985
80480  23.196  -9.133  -22.380 0.2857142985
88042  25.137  -2.061  -22.974 0.1428571492
89084  24.849  -1.184  -22.762 0.1428571492
90156  24.001  -0.276  -22.175 0.1428571492
91227  24.259  0.877  -22.135 0.1428571492
92309  23.428  1.553  -21.781 0.1428571492
94440  23.833  3.989  -21.697 0.1428571492
80481  22.567  -9.088  -22.142 0.2857142985
71605  22.772  -17.064  -18.122 0.2857142985
100836  18.306  9.285  -21.328 0.1428571492
81605  22.711  -8.387  -22.377 0.1428571492
91228  23.154  0.589  -21.896 0.1428571492
70403  20.318  -17.801  -17.225 0.1428571492
71575  19.903  -17.335  -16.600 0.1428571492
73841  21.682  -15.445  -18.972 0.1428571492
89122  29.082  -1.805  -25.647 0.1428571492
89110  29.185  -1.207  -25.278 0.1428571492
99989  21.788  8.431  -27.986 0.1428571492
69153  20.616  -19.677  -17.108 0.1428571492
71608  20.969  -16.611  -18.339 0.1428571492
72764  21.334  -16.232  -18.589 0.1428571492
73857  22.389  -15.123  -19.392 0.1428571492
74915  21.758  -14.520  -19.399 0.1428571492
98982  22.318  7.459  -28.194 0.1428571492
100915  21.488  9.296  -28.289 0.1428571492
76007  21.424  -13.486  -19.806 0.1428571492
98981  22.659  7.260  -28.624 0.1428571492
89121  29.431  -1.297  -26.116 0.1428571492
78321  22.176  -11.831  -21.088 0.1428571492
74894  21.504  -14.899  -18.972 0.1428571492
69170  21.098  -19.867  -17.402 0.2857142985
72746  20.557  -16.226  -18.038 0.1428571492
72765  20.945  -16.205  -18.384 0.1428571492
73820  25.152  -14.896  -17.395 0.2857142985
73855  23.431  -15.082  -19.137 0.5714285970
77208  23.387  -12.024  -21.189 0.4285714328
80463  22.790  -9.727  -21.985 0.4285714328
82750  26.522  -6.835  -22.869 0.5714285970
83817  27.138  -6.037  -22.796 0.7142857313
84880  27.111  -5.671  -23.680 0.7142857313
85974  27.705  -4.943  -22.873 0.7142857313
86028  28.119  -4.212  -24.849 0.8571428657
87012  27.957  -4.374  -22.505 0.7142857313
87057  28.038  -4.385  -24.297 0.8571428657
87088  28.769  -3.093  -26.420 0.8571428657
87090  27.875  -2.988  -26.862 0.5714285970
87091  29.132  -2.761  -26.874 0.8571428657
87093  28.730  -2.713  -27.321 0.7142857313
87094  30.764  -2.668  -29.768 0.5714285970
87095  30.693  -2.406  -30.164 0.5714285970
87096  30.624  -2.090  -30.340 0.5714285970
87097  31.232  -2.503  -30.046 0.5714285970
87098  31.034  -2.117  -30.266 0.5714285970
87099  30.829  -1.872  -30.426 0.5714285970
88086  29.172  -2.029  -26.045 0.1428571492
88102  29.032  -2.776  -26.364 0.8571428657
88103  28.036  -2.562  -27.166 0.5714285970
88109  29.049  -2.471  -27.841 0.7142857313
88112  29.379  -2.064  -28.308 0.8571428657
88113  30.925  -2.072  -29.686 0.5714285970
88114  30.488  -2.105  -29.726 0.5714285970
88115  30.189  -2.116  -30.099 0.5714285970
88116  31.435  -1.908  -29.885 0.5714285970
88117  31.062  -1.554  -30.296 0.5714285970
88118  30.410  -1.664  -30.468 0.5714285970
88119  30.654  -1.238  -30.458 0.5714285970
88120  30.338  -1.276  -30.547 0.5714285970
89146  28.159  -1.724  -27.687 0.8571428657
89150  30.969  -1.109  -29.062 0.5714285970
89153  28.975  -1.787  -28.350 0.8571428657
89155  31.022  -1.419  -29.430 0.5714285970
89156  30.485  -1.585  -29.418 0.5714285970
89157  29.969  -1.631  -29.597 0.5714285970
89158  31.451  -1.248  -29.848 0.5714285970
89159  30.984  -0.921  -30.213 0.5714285970
89160  29.863  -1.602  -30.129 0.7142857313
89161  30.398  -0.970  -30.508 0.5714285970
89162  30.033  -1.339  -30.547 0.5714285970
90220  26.398  -0.145  -26.628 0.8571428657
90235  31.187  -1.087  -29.199 0.5714285970
90239  28.066  -0.637  -28.495 0.8571428657
90241  31.281  -0.912  -29.447 0.5714285970
90242  30.952  -0.302  -29.610 0.5714285970
90244  28.847  -0.428  -29.049 0.7142857313
90245  28.353  -0.246  -29.084 0.7142857313
90247  30.454  -0.524  -30.232 0.5714285970
90248  29.812  -1.003  -29.991 0.7142857313
90249  29.904  -0.896  -30.491 0.5714285970
90250  29.774  -1.260  -30.273 0.7142857313
91284  30.288  0.404  -28.601 0.1428571492
91292  29.919  0.317  -29.096 0.4285714328
91293  27.557  0.181  -28.800 0.8571428657
91299  30.262  0.058  -29.769 0.4285714328
91302  27.997  0.025  -29.185 0.8571428657
91303  29.856  -0.358  -30.082 0.5714285970
91304  29.616  -0.590  -29.784 0.7142857313
92385  28.159  0.575  -29.251 0.5714285970
93446  26.629  2.572  -28.976 0.8571428657
94465  24.909  3.728  -23.598 0.7142857313
94511  26.424  3.607  -28.816 0.1428571492
94512  25.151  3.013  -28.495 0.8571428657
94524  26.441  2.899  -29.101 0.8571428657
94526  25.428  3.258  -28.850 0.8571428657
95572  24.597  5.298  -24.238 0.5714285970
95623  26.037  3.778  -29.043 0.1428571492
96668  23.978  6.190  -22.046 0.4285714328
96739  25.250  4.642  -29.065 0.2857142985
97825  23.696  6.638  -25.610 0.8571428657
97865  22.616  6.885  -27.960 0.2857142985
98943  23.465  7.912  -25.433 0.8571428657
98962  22.733  7.298  -26.683 0.5714285970
99966  23.653  8.114  -24.989 0.8571428657
99974  22.536  8.351  -26.746 0.5714285970
100914  21.757  9.291  -27.693 0.4285714328
103987  22.746  12.671  -23.144 0.5714285970
103990  19.666  12.869  -22.415 0.5714285970
105089  22.908  13.374  -23.852 0.4285714328
105106  23.219  13.329  -24.300 0.4285714328
105139  22.502  12.251  -27.808 0.1428571492
106032  22.349  13.887  -23.999 0.2857142985
106062  23.302  13.704  -25.857 0.5714285970
106914  20.345  16.386  -26.825 0.1428571492
107790  20.377  17.511  -22.211 0.1428571492
107832  19.543  16.607  -26.157 0.2857142985
107859  21.453  16.549  -29.483 0.1428571492
107860  20.936  16.849  -28.975 0.1428571492
107871  21.075  16.816  -29.840 0.1428571492
107878  21.252  16.939  -30.485 0.1428571492
108830  18.718  17.687  -26.045 0.1428571492
108837  18.680  17.668  -26.992 0.1428571492
108846  19.904  17.250  -28.350 0.1428571492
108867  20.106  17.975  -30.214 0.1428571492
108872  20.619  18.084  -30.702 0.1428571492
110843  18.695  19.663  -28.253 0.1428571492
110847  19.991  20.106  -28.941 0.1428571492
110848  19.252  19.703  -29.079 0.1428571492
111757  18.850  20.522  -28.040 0.1428571492
111760  19.223  20.296  -28.538 0.1428571492
