#!ascii label  , from subject 3457 vox2ras=TkReg
303
89136  27.356  -1.712  -26.942 0.0000000000
79377  25.271  -10.474  -20.777 0.0000000000
92323  25.413  2.031  -23.675 0.0000000000
103989  20.871  12.574  -22.340 0.0000000000
77176  24.380  -12.542  -20.088 0.0000000000
95589  24.005  5.008  -26.337 0.0000000000
98929  24.237  7.357  -24.399 0.0000000000
85997  25.804  -4.662  -24.069 0.0000000000
83819  26.183  -6.305  -23.655 0.0000000000
86029  27.931  -4.143  -25.172 0.0000000000
92386  27.777  0.464  -29.121 0.0000000000
89144  30.180  -1.797  -28.043 0.0000000000
91258  25.965  0.450  -25.889 0.0000000000
93424  25.232  2.095  -27.575 0.0000000000
100832  22.299  9.699  -21.687 0.0000000000
100880  23.592  9.607  -24.884 0.0000000000
82687  26.711  -7.875  -20.821 0.0000000000
96680  24.549  5.956  -23.717 0.0000000000
98913  24.161  7.684  -22.751 0.0000000000
88072  26.494  -2.810  -25.301 0.0000000000
86015  26.573  -4.562  -24.384 0.0000000000
87075  27.624  -3.362  -26.315 0.0000000000
78300  24.941  -11.697  -20.035 0.0000000000
91242  25.698  0.942  -23.648 0.0000000000
92357  25.558  1.318  -26.775 0.0000000000
93412  25.059  2.197  -26.696 0.0000000000
95590  23.573  5.466  -26.856 0.0000000000
95609  24.307  4.416  -28.175 0.0000000000
103973  20.152  12.331  -22.208 0.0000000000
100833  21.192  9.603  -21.536 0.0000000000
102809  21.521  11.364  -21.882 0.0000000000
106072  23.264  13.877  -26.580 0.0000000000
105129  23.371  13.038  -26.221 0.0000000000
102853  23.595  11.525  -24.933 0.0000000000
102867  23.259  11.310  -25.921 0.0000000000
100893  23.187  9.520  -25.797 0.0000000000
84879  27.340  -5.535  -23.269 0.0000000000
82725  26.542  -7.129  -22.284 0.0000000000
76005  23.447  -13.463  -20.164 0.0000000000
94484  25.122  3.180  -25.097 0.0000000000
94475  24.786  4.423  -24.241 0.0000000000
96694  23.923  5.856  -25.644 0.0000000000
97826  23.347  6.683  -26.104 0.0000000000
83802  25.084  -6.537  -23.321 0.0000000000
84881  26.019  -5.465  -24.083 0.0000000000
84894  27.133  -5.308  -24.077 0.0000000000
87045  27.982  -4.375  -23.940 0.0000000000
90230  27.758  -1.063  -27.862 0.0000000000
89145  28.672  -2.197  -27.874 0.0000000000
90243  29.586  -0.899  -29.220 0.0000000000
89112  26.245  -1.829  -25.155 0.0000000000
90191  26.207  -0.817  -24.902 0.0000000000
90219  26.681  -0.710  -26.659 0.0000000000
91285  26.604  0.056  -27.366 0.0000000000
92379  26.247  1.525  -28.281 0.0000000000
93447  26.151  2.672  -29.039 0.0000000000
93413  24.717  3.070  -26.710 0.0000000000
94527  25.029  3.363  -28.640 0.0000000000
99907  23.042  8.673  -21.616 0.0000000000
104010  22.607  12.969  -23.262 0.0000000000
102820  23.073  12.044  -22.890 0.0000000000
100847  23.515  9.737  -22.720 0.0000000000
99906  23.668  8.635  -22.354 0.0000000000
99952  23.727  8.737  -24.493 0.0000000000
98953  22.698  8.055  -26.483 0.0000000000
80461  24.951  -9.435  -22.122 0.0000000000
82727  25.092  -7.557  -22.960 0.0000000000
87087  29.074  -2.813  -26.610 0.0000000000
88071  28.492  -2.805  -24.693 0.0000000000
97794  24.079  6.856  -22.346 0.0000000000
97768  23.492  6.832  -21.681 0.0000000000
88088  26.959  -2.788  -26.255 0.0000000000
88104  27.599  -2.634  -26.794 0.0000000000
73856  23.118  -15.176  -19.372 0.0000000000
74913  23.605  -14.552  -19.324 0.0000000000
78318  25.232  -11.107  -20.223 0.0000000000
92332  25.544  1.723  -24.713 0.0000000000
93390  25.272  2.663  -24.572 0.0000000000
96715  23.289  5.932  -27.368 0.0000000000
96725  23.663  5.318  -28.010 0.0000000000
102810  20.567  11.650  -21.904 0.0000000000
102822  21.271  11.869  -22.037 0.0000000000
102880  22.631  11.121  -26.808 0.0000000000
84867  27.428  -5.528  -22.488 0.0000000000
83799  27.178  -6.168  -22.166 0.0000000000
78336  24.275  -11.289  -21.287 0.0000000000
94453  24.764  3.869  -23.050 0.0000000000
94466  24.733  4.366  -23.227 0.0000000000
97808  24.448  6.691  -24.092 0.0000000000
96687  24.387  5.914  -24.639 0.0000000000
97816  24.157  6.650  -24.974 0.0000000000
96695  23.587  6.250  -25.937 0.0000000000
98951  23.455  7.066  -25.759 0.0000000000
105071  19.969  13.395  -22.886 0.0000000000
84882  25.361  -5.533  -23.707 0.0000000000
86030  27.631  -3.895  -25.496 0.0000000000
86014  27.300  -4.433  -24.599 0.0000000000
86013  27.805  -4.573  -24.383 0.0000000000
86012  28.072  -4.335  -24.606 0.0000000000
76004  24.164  -13.557  -19.471 0.0000000000
90240  27.410  -0.168  -28.354 0.0000000000
90238  28.959  -1.012  -28.621 0.0000000000
91301  28.569  0.064  -29.366 0.0000000000
88073  26.024  -2.824  -24.396 0.0000000000
91249  25.892  0.578  -24.774 0.0000000000
90205  26.325  -0.310  -26.107 0.0000000000
91271  26.444  -0.073  -26.879 0.0000000000
91272  26.139  0.435  -26.896 0.0000000000
92370  25.805  1.410  -27.662 0.0000000000
93435  26.435  2.086  -28.790 0.0000000000
93436  25.615  2.355  -28.521 0.0000000000
94485  24.774  3.893  -25.509 0.0000000000
93402  24.757  3.369  -26.168 0.0000000000
94494  24.388  3.863  -26.596 0.0000000000
95625  24.880  3.808  -28.802 0.0000000000
95624  25.510  4.015  -29.045 0.0000000000
99908  22.030  8.653  -21.408 0.0000000000
105120  23.390  13.363  -25.219 0.0000000000
106063  22.783  14.403  -25.459 0.0000000000
104009  23.142  12.843  -23.594 0.0000000000
102838  23.647  11.782  -23.874 0.0000000000
101810  23.665  10.656  -24.342 0.0000000000
101799  23.641  10.832  -23.256 0.0000000000
100863  23.715  9.676  -23.839 0.0000000000
99932  24.020  8.495  -23.489 0.0000000000
100903  22.653  9.493  -26.504 0.0000000000
99973  22.858  8.626  -26.268 0.0000000000
99982  22.495  8.876  -26.797 0.0000000000
98963  22.509  7.732  -26.891 0.0000000000
80462  24.321  -9.874  -22.254 0.0000000000
83801  25.583  -7.011  -23.285 0.0000000000
82704  26.734  -7.448  -21.367 0.0000000000
82705  26.233  -7.674  -21.954 0.0000000000
81585  26.261  -8.006  -21.516 0.0000000000
81567  25.880  -8.733  -21.287 0.0000000000
88111  29.614  -2.141  -28.119 0.0000000000
87092  28.927  -2.822  -27.168 0.0000000000
88108  29.448  -2.293  -27.426 0.0000000000
95554  24.489  4.984  -22.616 0.0000000000
96667  24.384  5.920  -22.760 0.0000000000
97793  24.407  6.765  -23.183 0.0000000000
98912  24.325  7.477  -23.623 0.0000000000
87059  26.322  -3.721  -24.490 0.0000000000
87058  27.021  -3.673  -25.267 0.0000000000
87074  28.150  -3.676  -26.034 0.0000000000
77159  24.542  -12.975  -19.336 0.0000000000
77175  25.019  -12.021  -19.706 0.0000000000
78285  25.911  -11.697  -18.861 0.0000000000
92377  27.577  1.005  -28.916 0.0000000000
92384  28.757  0.528  -29.286 0.0000000000
92343  25.496  1.468  -25.786 0.0000000000
95600  23.986  4.410  -27.288 0.0000000000
95601  23.703  5.137  -27.285 0.0000000000
95610  23.884  4.801  -27.724 0.0000000000
101788  21.371  10.619  -21.688 0.0000000000
101787  22.230  10.774  -21.912 0.0000000000
104035  23.514  12.317  -25.582 0.0000000000
104023  23.588  12.567  -24.557 0.0000000000
101824  23.423  10.494  -25.354 0.0000000000
101840  22.924  10.355  -26.209 0.0000000000
101854  22.341  10.200  -26.877 0.0000000000
83818  26.820  -6.243  -23.282 0.0000000000
82751  26.385  -6.726  -23.195 0.0000000000
83800  26.861  -6.556  -22.596 0.0000000000
83786  26.915  -6.764  -21.968 0.0000000000
77192  24.169  -12.107  -20.699 0.0000000000
78319  24.618  -11.483  -20.670 0.0000000000
93380  25.131  2.946  -23.673 0.0000000000
94474  25.051  3.470  -24.465 0.0000000000
95580  24.455  5.066  -25.125 0.0000000000
95565  24.639  5.154  -23.456 0.0000000000
96703  23.781  5.568  -26.133 0.0000000000
96704  23.520  5.918  -26.406 0.0000000000
97837  22.902  6.753  -26.817 0.0000000000
103974  19.521  12.279  -22.067 0.0000000000
105070  21.059  13.376  -22.972 0.0000000000
83820  25.656  -6.001  -23.755 0.0000000000
83840  26.694  -5.724  -23.920 0.0000000000
84895  26.671  -5.369  -24.200 0.0000000000
83839  26.790  -5.868  -23.740 0.0000000000
84893  27.423  -5.225  -23.844 0.0000000000
85996  27.702  -4.873  -23.629 0.0000000000
87026  27.952  -4.379  -23.197 0.0000000000
89147  27.627  -1.271  -27.536 0.0000000000
89135  27.781  -2.182  -27.147 0.0000000000
89154  28.549  -1.298  -28.291 0.0000000000
90237  29.378  -1.310  -28.717 0.0000000000
89152  29.819  -1.584  -28.743 0.0000000000
91300  29.401  -0.035  -29.529 0.0000000000
90246  31.285  -0.620  -29.888 0.0000000000
89151  30.539  -1.161  -28.761 0.0000000000
89123  26.561  -1.863  -26.073 0.0000000000
90190  26.329  -1.272  -25.250 0.0000000000
90204  26.451  -1.133  -25.680 0.0000000000
90231  27.279  -0.624  -27.691 0.0000000000
91294  27.005  0.482  -28.224 0.0000000000
91286  26.386  0.849  -27.764 0.0000000000
91295  26.613  1.084  -28.198 0.0000000000
92378  26.853  1.396  -28.549 0.0000000000
93434  27.251  2.047  -28.840 0.0000000000
93401  25.110  2.685  -25.694 0.0000000000
93425  24.796  2.812  -27.484 0.0000000000
94502  24.397  3.614  -27.446 0.0000000000
94513  24.738  3.369  -28.214 0.0000000000
93437  25.027  2.693  -28.106 0.0000000000
93448  25.779  2.883  -29.010 0.0000000000
98889  22.810  7.707  -21.415 0.0000000000
105069  21.716  13.391  -23.197 0.0000000000
105090  22.333  13.474  -23.552 0.0000000000
103988  22.102  12.844  -22.859 0.0000000000
102821  22.057  11.808  -22.239 0.0000000000
101800  23.025  10.928  -22.377 0.0000000000
100848  22.887  10.116  -22.085 0.0000000000
100831  23.184  9.408  -21.978 0.0000000000
98888  23.643  7.745  -21.924 0.0000000000
99931  24.217  7.844  -23.971 0.0000000000
99951  23.980  7.998  -24.426 0.0000000000
99967  23.400  8.580  -25.437 0.0000000000
98942  23.759  7.416  -25.233 0.0000000000
98952  23.086  7.594  -26.103 0.0000000000
97838  22.603  7.210  -26.952 0.0000000000
79391  25.012  -10.162  -21.472 0.0000000000
81602  25.177  -8.372  -22.522 0.0000000000
82726  25.968  -7.388  -22.784 0.0000000000
81586  25.790  -8.430  -21.793 0.0000000000
80444  25.636  -9.345  -21.181 0.0000000000
88110  28.530  -2.483  -27.449 0.0000000000
87089  28.339  -3.002  -26.857 0.0000000000
87073  28.392  -3.577  -25.376 0.0000000000
88101  29.264  -2.292  -26.578 0.0000000000
88087  28.888  -2.584  -25.780 0.0000000000
87056  28.168  -3.952  -24.407 0.0000000000
73855  23.431  -15.082  -19.137 0.0000000000
82750  26.522  -6.835  -22.869 0.0000000000
83817  27.138  -6.037  -22.796 0.0000000000
84880  27.111  -5.671  -23.680 0.0000000000
85974  27.705  -4.943  -22.873 0.0000000000
86028  28.119  -4.212  -24.849 0.0000000000
87012  27.957  -4.374  -22.505 0.0000000000
87057  28.038  -4.385  -24.297 0.0000000000
87088  28.769  -3.093  -26.420 0.0000000000
87090  27.875  -2.988  -26.862 0.0000000000
87091  29.132  -2.761  -26.874 0.0000000000
87093  28.730  -2.713  -27.321 0.0000000000
87094  30.764  -2.668  -29.768 0.0000000000
87095  30.693  -2.406  -30.164 0.0000000000
87096  30.624  -2.090  -30.340 0.0000000000
87097  31.232  -2.503  -30.046 0.0000000000
87098  31.034  -2.117  -30.266 0.0000000000
87099  30.829  -1.872  -30.426 0.0000000000
88102  29.032  -2.776  -26.364 0.0000000000
88103  28.036  -2.562  -27.166 0.0000000000
88109  29.049  -2.471  -27.841 0.0000000000
88112  29.379  -2.064  -28.308 0.0000000000
88113  30.925  -2.072  -29.686 0.0000000000
88114  30.488  -2.105  -29.726 0.0000000000
88115  30.189  -2.116  -30.099 0.0000000000
88116  31.435  -1.908  -29.885 0.0000000000
88117  31.062  -1.554  -30.296 0.0000000000
88118  30.410  -1.664  -30.468 0.0000000000
88119  30.654  -1.238  -30.458 0.0000000000
88120  30.338  -1.276  -30.547 0.0000000000
89146  28.159  -1.724  -27.687 0.0000000000
89150  30.969  -1.109  -29.062 0.0000000000
89153  28.975  -1.787  -28.350 0.0000000000
89155  31.022  -1.419  -29.430 0.0000000000
89156  30.485  -1.585  -29.418 0.0000000000
89157  29.969  -1.631  -29.597 0.0000000000
89158  31.451  -1.248  -29.848 0.0000000000
89159  30.984  -0.921  -30.213 0.0000000000
89160  29.863  -1.602  -30.129 0.0000000000
89161  30.398  -0.970  -30.508 0.0000000000
89162  30.033  -1.339  -30.547 0.0000000000
90220  26.398  -0.145  -26.628 0.0000000000
90235  31.187  -1.087  -29.199 0.0000000000
90239  28.066  -0.637  -28.495 0.0000000000
90241  31.281  -0.912  -29.447 0.0000000000
90242  30.952  -0.302  -29.610 0.0000000000
90244  28.847  -0.428  -29.049 0.0000000000
90245  28.353  -0.246  -29.084 0.0000000000
90247  30.454  -0.524  -30.232 0.0000000000
90248  29.812  -1.003  -29.991 0.0000000000
90249  29.904  -0.896  -30.491 0.0000000000
90250  29.774  -1.260  -30.273 0.0000000000
91293  27.557  0.181  -28.800 0.0000000000
91302  27.997  0.025  -29.185 0.0000000000
91303  29.856  -0.358  -30.082 0.0000000000
91304  29.616  -0.590  -29.784 0.0000000000
92385  28.159  0.575  -29.251 0.0000000000
93446  26.629  2.572  -28.976 0.0000000000
94465  24.909  3.728  -23.598 0.0000000000
94512  25.151  3.013  -28.495 0.0000000000
94524  26.441  2.899  -29.101 0.0000000000
94526  25.428  3.258  -28.850 0.0000000000
95572  24.597  5.298  -24.238 0.0000000000
97825  23.696  6.638  -25.610 0.0000000000
98943  23.465  7.912  -25.433 0.0000000000
98962  22.733  7.298  -26.683 0.0000000000
99966  23.653  8.114  -24.989 0.0000000000
99974  22.536  8.351  -26.746 0.0000000000
103987  22.746  12.671  -23.144 0.0000000000
103990  19.666  12.869  -22.415 0.0000000000
106062  23.302  13.704  -25.857 0.0000000000
