#!ascii label  , from subject 3006 vox2ras=TkReg
948
71290  -35.092  -21.890  62.737 0.0000000000
65640  -17.508  -25.842  64.901 0.0000000000
68556  -25.307  -23.891  61.606 0.0000000000
96933  -46.416  -1.349  37.066 0.0000000000
101767  -52.062  2.667  31.315 0.0000000000
65595  -10.210  -25.849  68.796 0.0000000000
95775  -42.865  -2.984  41.508 0.0000000000
75535  -36.235  -19.286  60.104 0.0000000000
68561  -30.397  -23.994  62.819 0.0000000000
64221  -13.973  -26.363  66.830 0.0000000000
61244  -13.849  -29.540  71.047 0.0000000000
74244  -31.157  -20.260  62.085 0.0000000000
75533  -30.451  -18.744  60.086 0.0000000000
68539  -21.232  -23.222  63.697 0.0000000000
74243  -27.611  -20.060  61.305 0.0000000000
84871  -38.831  -11.807  45.206 0.0000000000
88797  -43.058  -9.276  42.560 0.0000000000
91231  -48.071  -6.763  40.138 0.0000000000
58444  -3.821  -30.439  72.247 0.0000000000
58384  -0.448  -30.927  75.635 0.0000000000
77909  -30.158  -18.015  56.832 0.0000000000
77990  -32.515  -17.584  52.013 0.0000000000
80697  -35.352  -14.669  48.126 0.0000000000
59873  -9.232  -29.819  70.781 0.0000000000
62741  -17.602  -27.161  67.656 0.0000000000
65629  -19.695  -25.823  66.651 0.0000000000
68563  -32.939  -23.514  63.103 0.0000000000
68488  -15.867  -22.982  65.746 0.0000000000
64223  -15.843  -26.326  65.789 0.0000000000
62729  -16.054  -28.031  68.334 0.0000000000
74208  -30.400  -19.361  63.445 0.0000000000
74225  -29.446  -20.019  62.528 0.0000000000
88781  -38.138  -8.533  44.432 0.0000000000
87563  -40.846  -9.965  43.765 0.0000000000
89971  -40.562  -7.340  42.788 0.0000000000
92452  -44.871  -5.368  40.173 0.0000000000
93656  -46.736  -3.936  38.308 0.0000000000
93646  -50.849  -5.153  38.941 0.0000000000
95819  -48.976  -2.562  35.996 0.0000000000
96948  -50.145  -1.342  35.015 0.0000000000
77867  -29.011  -17.071  60.564 0.0000000000
76742  -30.407  -18.631  58.532 0.0000000000
77888  -28.279  -16.521  57.580 0.0000000000
77970  -29.461  -15.944  52.678 0.0000000000
79317  -30.976  -15.100  50.559 0.0000000000
79341  -33.985  -16.133  49.626 0.0000000000
81917  -33.033  -13.366  48.511 0.0000000000
86203  -34.792  -11.324  47.291 0.0000000000
69854  -23.003  -22.957  62.648 0.0000000000
61260  -7.097  -28.424  69.326 0.0000000000
61262  -9.222  -28.589  69.124 0.0000000000
54373  -1.418  -33.736  77.482 0.0000000000
54361  0.941  -33.771  78.428 0.0000000000
93600  -40.817  -4.679  43.069 0.0000000000
77878  -35.571  -17.723  58.947 0.0000000000
67100  -28.303  -24.358  62.715 0.0000000000
64212  -12.354  -26.573  67.772 0.0000000000
61284  -11.524  -28.455  68.612 0.0000000000
61305  -13.847  -28.197  67.867 0.0000000000
101783  -53.746  2.274  29.783 0.0000000000
71306  -32.943  -21.960  62.079 0.0000000000
72789  -33.274  -20.595  60.627 0.0000000000
74245  -31.362  -19.884  61.459 0.0000000000
69841  -16.960  -22.419  64.011 0.0000000000
68520  -19.282  -24.269  63.963 0.0000000000
71296  -19.456  -21.460  62.412 0.0000000000
72748  -21.155  -20.779  61.114 0.0000000000
71328  -23.620  -20.958  60.210 0.0000000000
75521  -24.935  -18.401  61.015 0.0000000000
71331  -26.436  -21.693  59.998 0.0000000000
71318  -28.508  -21.837  61.323 0.0000000000
71304  -30.547  -21.770  62.337 0.0000000000
83374  -39.488  -13.047  48.119 0.0000000000
91214  -42.520  -6.025  41.238 0.0000000000
90006  -45.796  -7.760  41.286 0.0000000000
98081  -51.888  -0.395  34.130 0.0000000000
57029  -1.508  -30.659  73.672 0.0000000000
55647  -2.706  -32.933  75.860 0.0000000000
75545  -33.418  -19.058  59.159 0.0000000000
76745  -33.450  -18.042  58.358 0.0000000000
77912  -34.067  -16.920  57.418 0.0000000000
77937  -28.238  -16.077  55.113 0.0000000000
77940  -30.921  -17.931  54.841 0.0000000000
77943  -34.525  -17.072  55.444 0.0000000000
77993  -35.775  -17.016  52.637 0.0000000000
79344  -37.123  -15.941  50.528 0.0000000000
80680  -37.817  -14.889  49.513 0.0000000000
83396  -37.313  -13.280  47.075 0.0000000000
86217  -36.453  -9.984  45.900 0.0000000000
68504  -21.228  -24.406  65.904 0.0000000000
62700  -4.669  -28.148  70.706 0.0000000000
59846  -6.369  -30.094  71.208 0.0000000000
59875  -11.229  -29.878  70.672 0.0000000000
54348  2.160  -34.382  79.137 0.0000000000
64225  -17.790  -26.798  66.300 0.0000000000
64226  -18.657  -26.459  66.544 0.0000000000
65641  -18.658  -26.009  65.539 0.0000000000
69872  -33.726  -22.774  62.664 0.0000000000
67057  -16.699  -24.337  64.491 0.0000000000
67037  -15.446  -24.347  65.759 0.0000000000
64233  -16.764  -26.174  65.347 0.0000000000
62750  -16.947  -27.193  66.594 0.0000000000
89960  -38.338  -7.343  44.453 0.0000000000
88793  -39.389  -8.377  43.560 0.0000000000
91197  -39.630  -6.408  43.491 0.0000000000
96923  -45.570  -1.507  38.051 0.0000000000
94715  -45.720  -3.511  38.570 0.0000000000
95806  -46.423  -2.338  37.348 0.0000000000
94742  -47.509  -3.066  37.045 0.0000000000
95817  -47.260  -2.237  36.694 0.0000000000
96946  -48.201  -1.278  35.750 0.0000000000
77875  -28.409  -16.510  58.815 0.0000000000
80639  -30.704  -13.992  51.111 0.0000000000
80659  -32.349  -14.313  48.980 0.0000000000
83351  -32.366  -12.505  49.356 0.0000000000
84796  -33.017  -11.603  48.965 0.0000000000
69866  -24.035  -23.325  61.786 0.0000000000
68526  -24.242  -24.139  63.734 0.0000000000
67062  -24.936  -24.420  63.384 0.0000000000
64200  -8.893  -26.799  68.901 0.0000000000
62725  -9.977  -27.449  68.542 0.0000000000
100524  -52.468  1.662  31.988 0.0000000000
54362  0.005  -33.932  78.164 0.0000000000
75526  -36.691  -18.812  61.098 0.0000000000
76722  -35.892  -17.827  59.816 0.0000000000
67101  -29.256  -24.387  62.975 0.0000000000
67088  -30.323  -24.519  63.775 0.0000000000
65614  -13.974  -24.868  67.088 0.0000000000
65613  -13.465  -25.400  67.298 0.0000000000
66998  -12.499  -25.231  68.128 0.0000000000
64213  -13.214  -26.507  67.278 0.0000000000
62736  -13.014  -27.539  67.502 0.0000000000
62737  -14.021  -27.427  67.160 0.0000000000
62719  -16.644  -27.761  69.063 0.0000000000
62718  -15.920  -28.174  69.252 0.0000000000
71320  -31.946  -21.144  61.867 0.0000000000
72771  -31.969  -20.701  61.577 0.0000000000
72770  -31.462  -20.513  61.902 0.0000000000
71277  -17.472  -20.731  64.506 0.0000000000
69849  -18.238  -22.484  62.884 0.0000000000
72735  -18.424  -20.394  63.508 0.0000000000
74237  -20.697  -19.671  61.728 0.0000000000
74238  -21.212  -19.062  61.520 0.0000000000
72765  -22.438  -20.282  60.537 0.0000000000
74240  -23.176  -19.351  60.466 0.0000000000
75481  -27.514  -18.542  63.337 0.0000000000
75523  -26.755  -19.028  61.195 0.0000000000
74257  -25.683  -19.902  60.052 0.0000000000
72787  -27.123  -20.817  60.453 0.0000000000
71317  -27.874  -21.782  60.799 0.0000000000
72768  -28.055  -20.838  61.267 0.0000000000
72752  -29.956  -20.863  62.317 0.0000000000
72753  -31.008  -20.844  62.232 0.0000000000
71305  -31.751  -21.668  62.203 0.0000000000
83424  -38.737  -12.924  46.349 0.0000000000
83399  -40.151  -12.929  47.245 0.0000000000
84872  -40.016  -12.210  45.421 0.0000000000
87580  -42.488  -9.818  43.099 0.0000000000
86260  -42.453  -11.213  44.452 0.0000000000
94687  -41.906  -3.693  42.198 0.0000000000
92431  -41.157  -5.395  42.087 0.0000000000
92449  -42.572  -4.959  40.785 0.0000000000
92454  -46.625  -5.984  39.971 0.0000000000
91228  -45.127  -6.246  40.460 0.0000000000
91219  -46.938  -7.482  40.874 0.0000000000
89990  -47.150  -8.663  41.519 0.0000000000
96962  -51.450  -1.073  34.580 0.0000000000
99243  -50.615  0.705  34.116 0.0000000000
100497  -51.050  1.110  33.726 0.0000000000
59828  -3.271  -29.504  72.145 0.0000000000
59808  -1.364  -29.423  73.143 0.0000000000
58424  -2.978  -30.908  72.988 0.0000000000
55658  -3.114  -32.640  75.357 0.0000000000
55633  -3.068  -33.158  77.688 0.0000000000
74259  -31.733  -19.687  60.115 0.0000000000
74261  -33.713  -20.253  60.179 0.0000000000
74270  -31.981  -19.426  59.470 0.0000000000
77890  -30.389  -18.329  57.853 0.0000000000
76744  -32.450  -18.431  58.252 0.0000000000
77891  -32.038  -18.244  57.550 0.0000000000
77892  -33.136  -17.584  57.863 0.0000000000
77911  -32.808  -17.441  57.074 0.0000000000
79264  -28.502  -15.091  54.478 0.0000000000
77989  -31.323  -17.172  51.859 0.0000000000
77956  -30.642  -17.630  53.728 0.0000000000
77957  -31.931  -17.854  53.988 0.0000000000
77942  -33.423  -17.456  55.311 0.0000000000
77974  -34.061  -17.617  53.285 0.0000000000
77960  -35.357  -17.064  54.449 0.0000000000
77991  -33.714  -17.548  52.212 0.0000000000
79357  -34.780  -15.724  49.091 0.0000000000
79342  -35.086  -16.393  49.833 0.0000000000
79358  -35.704  -15.811  49.253 0.0000000000
80661  -37.185  -15.494  49.871 0.0000000000
81918  -37.056  -14.462  48.441 0.0000000000
81939  -37.500  -14.044  47.936 0.0000000000
81961  -36.639  -13.598  47.515 0.0000000000
87525  -35.127  -9.852  47.898 0.0000000000
86215  -35.720  -11.077  46.517 0.0000000000
87534  -36.177  -9.410  46.509 0.0000000000
68538  -20.175  -23.417  63.492 0.0000000000
67061  -20.064  -24.373  64.854 0.0000000000
68522  -20.846  -23.907  64.746 0.0000000000
59900  -7.602  -29.295  69.726 0.0000000000
59899  -6.672  -29.086  69.822 0.0000000000
59872  -8.105  -29.889  70.631 0.0000000000
61266  -13.342  -29.380  69.729 0.0000000000
59904  -11.609  -29.621  69.920 0.0000000000
59877  -12.952  -29.838  70.787 0.0000000000
64193  -17.661  -27.015  69.099 0.0000000000
64206  -18.725  -26.333  68.629 0.0000000000
64207  -19.386  -26.033  68.325 0.0000000000
65616  -20.432  -25.316  67.604 0.0000000000
68562  -31.750  -23.652  63.042 0.0000000000
68546  -31.147  -24.314  63.489 0.0000000000
68487  -15.431  -23.301  66.393 0.0000000000
67019  -14.855  -24.264  66.389 0.0000000000
64222  -14.730  -26.122  66.371 0.0000000000
62738  -15.037  -27.623  67.170 0.0000000000
62748  -15.415  -27.094  66.540 0.0000000000
62740  -17.100  -27.411  67.239 0.0000000000
74226  -30.465  -19.961  62.439 0.0000000000
74227  -30.490  -19.124  62.594 0.0000000000
75482  -28.218  -18.838  62.929 0.0000000000
72750  -28.296  -20.440  61.966 0.0000000000
74207  -29.831  -19.582  63.197 0.0000000000
86227  -38.264  -10.606  44.794 0.0000000000
86228  -39.522  -11.181  44.751 0.0000000000
87562  -39.677  -9.463  43.755 0.0000000000
87578  -40.526  -9.093  43.347 0.0000000000
88805  -41.725  -8.158  42.481 0.0000000000
93629  -43.680  -4.470  40.402 0.0000000000
94714  -44.682  -3.470  39.547 0.0000000000
93641  -45.328  -4.412  39.473 0.0000000000
92469  -47.120  -5.385  39.330 0.0000000000
92471  -49.226  -5.841  39.363 0.0000000000
93658  -48.443  -4.313  38.041 0.0000000000
94744  -49.513  -4.026  37.237 0.0000000000
94758  -50.227  -3.511  36.479 0.0000000000
95835  -49.552  -2.064  35.441 0.0000000000
96947  -49.156  -1.226  35.309 0.0000000000
58445  -4.901  -30.888  72.560 0.0000000000
58425  -4.018  -31.337  73.118 0.0000000000
58426  -5.155  -31.490  73.773 0.0000000000
76729  -29.673  -17.593  60.119 0.0000000000
76731  -30.745  -19.022  58.813 0.0000000000
77876  -29.306  -17.572  59.157 0.0000000000
77889  -29.236  -17.365  57.836 0.0000000000
79275  -28.936  -14.811  53.729 0.0000000000
79286  -29.577  -14.846  52.252 0.0000000000
78006  -30.491  -15.618  51.359 0.0000000000
78008  -32.230  -16.919  51.048 0.0000000000
78009  -33.371  -17.234  51.207 0.0000000000
79318  -32.038  -15.918  50.342 0.0000000000
79355  -33.264  -15.090  48.845 0.0000000000
80695  -34.015  -13.860  48.153 0.0000000000
81959  -34.964  -13.224  47.535 0.0000000000
83371  -33.930  -12.713  48.033 0.0000000000
69853  -22.430  -22.789  62.950 0.0000000000
68523  -21.878  -23.534  64.569 0.0000000000
68541  -22.838  -23.283  63.515 0.0000000000
61261  -8.122  -28.495  69.200 0.0000000000
59901  -8.674  -29.354  69.786 0.0000000000
55646  -0.369  -32.539  76.522 0.0000000000
56969  -0.062  -31.630  76.873 0.0000000000
55639  0.090  -32.715  77.579 0.0000000000
55632  0.567  -33.236  78.069 0.0000000000
55631  1.088  -32.346  78.434 0.0000000000
79210  -35.609  -17.419  58.471 0.0000000000
68557  -26.369  -23.950  61.499 0.0000000000
67084  -26.467  -24.554  63.105 0.0000000000
66983  -12.172  -24.805  68.655 0.0000000000
64203  -11.503  -26.615  68.133 0.0000000000
62726  -10.974  -27.541  68.330 0.0000000000
62727  -11.885  -27.699  68.059 0.0000000000
61285  -12.571  -28.646  68.491 0.0000000000
61267  -14.440  -28.980  69.510 0.0000000000
61306  -14.711  -28.093  67.807 0.0000000000
61268  -15.255  -28.630  69.376 0.0000000000
61228  -15.044  -28.933  71.041 0.0000000000
101768  -52.694  2.354  30.797 0.0000000000
71307  -34.019  -22.013  61.943 0.0000000000
71323  -34.474  -21.456  61.453 0.0000000000
71322  -33.473  -21.346  61.374 0.0000000000
74260  -32.597  -20.205  60.407 0.0000000000
75534  -30.959  -19.118  60.659 0.0000000000
75525  -30.472  -18.839  61.786 0.0000000000
75524  -30.320  -18.345  61.105 0.0000000000
77860  -29.352  -16.760  61.520 0.0000000000
67058  -17.661  -24.303  63.875 0.0000000000
65648  -18.158  -25.245  64.490 0.0000000000
67080  -18.093  -23.766  63.446 0.0000000000
69850  -19.383  -22.591  62.624 0.0000000000
69863  -19.963  -22.105  62.293 0.0000000000
74219  -19.514  -19.942  62.672 0.0000000000
72746  -19.786  -20.524  62.286 0.0000000000
71287  -21.370  -22.251  62.083 0.0000000000
71299  -21.860  -21.750  61.237 0.0000000000
71316  -23.560  -22.270  60.853 0.0000000000
69889  -24.127  -22.317  60.564 0.0000000000
75500  -24.103  -17.682  61.804 0.0000000000
75531  -24.374  -18.890  60.410 0.0000000000
71330  -25.357  -21.669  59.860 0.0000000000
68587  -26.019  -23.065  60.379 0.0000000000
68574  -27.094  -23.309  60.854 0.0000000000
68576  -28.513  -23.487  61.752 0.0000000000
69868  -29.258  -22.606  62.001 0.0000000000
71302  -28.852  -21.582  61.812 0.0000000000
69869  -29.976  -22.741  62.379 0.0000000000
69871  -32.369  -22.743  62.547 0.0000000000
69840  -16.466  -22.436  64.679 0.0000000000
86230  -41.658  -11.652  44.920 0.0000000000
91198  -40.417  -6.239  42.772 0.0000000000
89985  -41.695  -7.214  42.016 0.0000000000
89986  -43.092  -7.749  41.764 0.0000000000
91226  -43.750  -5.610  40.595 0.0000000000
90004  -43.808  -7.162  41.363 0.0000000000
89987  -44.236  -8.052  41.778 0.0000000000
88809  -45.841  -9.094  42.202 0.0000000000
98082  -52.918  -0.486  33.731 0.0000000000
100509  -52.239  1.184  32.676 0.0000000000
101752  -51.467  2.889  32.152 0.0000000000
58406  -0.854  -30.175  74.045 0.0000000000
57007  -1.464  -31.334  74.381 0.0000000000
57031  -3.159  -31.626  73.715 0.0000000000
55665  -1.969  -31.982  74.583 0.0000000000
54393  -1.447  -33.024  75.825 0.0000000000
54383  -1.442  -33.437  76.592 0.0000000000
72791  -35.023  -20.971  60.777 0.0000000000
74274  -34.943  -20.052  59.875 0.0000000000
75547  -35.307  -19.642  59.590 0.0000000000
76732  -31.642  -18.963  58.647 0.0000000000
75558  -33.442  -18.539  58.736 0.0000000000
76746  -34.507  -18.186  58.638 0.0000000000
77894  -35.023  -17.724  58.447 0.0000000000
79209  -34.834  -17.386  57.923 0.0000000000
79232  -35.016  -17.150  57.582 0.0000000000
77907  -28.163  -16.505  56.458 0.0000000000
77924  -29.866  -17.867  55.748 0.0000000000
77954  -28.932  -15.792  53.681 0.0000000000
77939  -29.567  -17.574  54.591 0.0000000000
77925  -31.246  -18.086  55.934 0.0000000000
77926  -32.545  -17.695  56.147 0.0000000000
77927  -33.668  -17.081  56.351 0.0000000000
78010  -34.344  -17.230  51.428 0.0000000000
79302  -36.757  -16.815  52.222 0.0000000000
83353  -39.128  -13.373  48.698 0.0000000000
83397  -38.262  -13.286  47.078 0.0000000000
83423  -37.791  -12.793  46.371 0.0000000000
83421  -35.973  -12.149  46.738 0.0000000000
84844  -36.668  -11.763  46.034 0.0000000000
84870  -37.768  -11.548  45.360 0.0000000000
87543  -37.439  -9.634  45.094 0.0000000000
89947  -37.488  -7.619  45.934 0.0000000000
65650  -19.450  -25.001  64.999 0.0000000000
67021  -20.595  -24.912  66.442 0.0000000000
68505  -21.924  -23.868  65.561 0.0000000000
59843  -3.830  -29.280  71.766 0.0000000000
61258  -5.658  -28.212  69.805 0.0000000000
59869  -5.064  -29.233  70.722 0.0000000000
58464  -4.721  -30.299  71.737 0.0000000000
58466  -6.692  -30.625  72.059 0.0000000000
61283  -10.598  -28.311  68.719 0.0000000000
59903  -10.693  -29.534  69.889 0.0000000000
59874  -10.297  -29.859  70.726 0.0000000000
53052  0.087  -34.766  79.539 0.0000000000
54350  1.335  -34.126  78.871 0.0000000000
55630  1.906  -32.579  78.960 0.0000000000
71308  -34.906  -21.679  62.142 0.0000000000
64234  -17.651  -26.454  65.610 0.0000000000
64235  -18.206  -26.500  65.959 0.0000000000
69873  -34.560  -22.201  62.532 0.0000000000
65647  -17.299  -25.060  64.445 0.0000000000
65639  -16.569  -25.320  64.902 0.0000000000
91175  -38.658  -6.288  45.012 0.0000000000
91189  -38.876  -6.691  44.037 0.0000000000
91190  -39.232  -5.910  44.504 0.0000000000
98056  -45.749  -0.999  37.915 0.0000000000
95805  -45.862  -1.959  37.723 0.0000000000
95807  -47.021  -2.643  37.095 0.0000000000
95816  -46.762  -1.828  36.886 0.0000000000
96934  -47.015  -1.332  36.533 0.0000000000
81905  -31.894  -13.126  49.552 0.0000000000
69867  -24.603  -23.640  61.609 0.0000000000
67082  -24.726  -24.164  62.955 0.0000000000
68544  -24.807  -24.095  62.338 0.0000000000
65579  -9.714  -25.474  69.296 0.0000000000
64201  -9.476  -26.405  68.864 0.0000000000
100525  -53.728  1.246  31.645 0.0000000000
100539  -52.634  2.111  31.249 0.0000000000
76723  -36.139  -18.032  60.301 0.0000000000
67102  -29.852  -24.449  63.292 0.0000000000
68545  -30.635  -24.328  63.319 0.0000000000
65625  -14.078  -25.565  66.774 0.0000000000
72754  -31.619  -20.973  61.953 0.0000000000
71284  -17.660  -21.260  63.680 0.0000000000
75499  -21.874  -17.749  62.447 0.0000000000
75518  -21.338  -18.244  61.952 0.0000000000
75519  -22.186  -18.078  61.494 0.0000000000
74239  -22.287  -19.050  60.815 0.0000000000
76710  -22.948  -17.691  61.613 0.0000000000
74222  -27.305  -19.375  61.620 0.0000000000
75503  -26.611  -18.516  62.222 0.0000000000
74242  -27.113  -19.822  60.822 0.0000000000
72767  -27.537  -20.362  60.929 0.0000000000
72788  -27.620  -21.282  60.678 0.0000000000
83445  -39.137  -12.542  45.705 0.0000000000
83425  -39.782  -12.842  46.266 0.0000000000
88798  -44.186  -9.467  42.673 0.0000000000
94688  -42.433  -3.149  42.036 0.0000000000
93620  -42.153  -4.243  41.275 0.0000000000
92455  -47.581  -6.156  39.792 0.0000000000
91230  -47.129  -6.906  40.451 0.0000000000
90008  -47.620  -7.814  40.929 0.0000000000
58443  -2.760  -30.125  72.548 0.0000000000
74271  -32.599  -19.556  59.573 0.0000000000
75543  -31.229  -19.315  59.441 0.0000000000
77910  -31.586  -18.078  56.866 0.0000000000
77972  -31.612  -17.638  52.900 0.0000000000
77973  -32.858  -17.768  53.112 0.0000000000
80678  -35.531  -15.303  48.626 0.0000000000
80679  -36.694  -15.160  48.910 0.0000000000
80698  -35.993  -14.889  48.392 0.0000000000
81938  -36.289  -14.273  48.066 0.0000000000
59848  -8.626  -30.397  71.941 0.0000000000
59905  -12.425  -29.650  70.053 0.0000000000
58364  -0.228  -30.630  76.353 0.0000000000
74228  -36.580  -19.618  62.081 0.0000000000
64205  -18.021  -26.964  68.049 0.0000000000
64227  -19.148  -26.399  67.102 0.0000000000
64217  -19.354  -26.312  67.730 0.0000000000
65615  -19.896  -25.819  67.978 0.0000000000
68547  -32.444  -24.405  64.032 0.0000000000
69816  -16.013  -22.276  66.338 0.0000000000
65638  -15.804  -25.269  65.387 0.0000000000
65627  -15.056  -25.252  65.891 0.0000000000
64214  -17.323  -27.055  66.665 0.0000000000
62731  -17.410  -27.336  68.154 0.0000000000
75505  -28.307  -19.327  62.460 0.0000000000
72738  -30.142  -19.650  63.623 0.0000000000
87544  -38.114  -9.545  44.612 0.0000000000
86257  -39.157  -10.231  44.330 0.0000000000
87561  -38.719  -9.470  44.169 0.0000000000
89970  -39.626  -7.491  43.356 0.0000000000
87577  -39.937  -8.815  43.456 0.0000000000
88794  -40.197  -8.260  43.253 0.0000000000
88795  -41.120  -8.436  42.923 0.0000000000
89972  -41.277  -7.788  42.565 0.0000000000
94713  -44.186  -3.123  39.859 0.0000000000
94716  -46.406  -3.836  38.357 0.0000000000
93642  -46.552  -4.422  38.803 0.0000000000
93643  -47.744  -4.811  38.735 0.0000000000
93657  -47.326  -4.105  38.231 0.0000000000
94756  -48.327  -2.959  36.496 0.0000000000
94743  -48.491  -3.649  37.105 0.0000000000
94757  -49.235  -3.282  36.515 0.0000000000
95820  -49.890  -2.798  35.922 0.0000000000
98070  -47.786  -0.402  35.897 0.0000000000
79316  -30.351  -14.846  51.322 0.0000000000
78007  -31.203  -16.263  51.112 0.0000000000
80675  -32.772  -13.855  48.600 0.0000000000
80660  -32.953  -14.874  48.852 0.0000000000
80676  -33.441  -14.403  48.404 0.0000000000
81935  -33.676  -13.407  48.207 0.0000000000
83370  -33.271  -12.620  48.410 0.0000000000
86179  -33.635  -11.414  48.309 0.0000000000
71289  -22.565  -22.673  62.426 0.0000000000
68508  -23.924  -24.070  65.119 0.0000000000
62716  -8.641  -27.508  68.896 0.0000000000
54382  -0.658  -33.354  76.939 0.0000000000
77869  -36.254  -17.376  60.400 0.0000000000
79170  -36.084  -17.100  59.936 0.0000000000
79189  -35.933  -17.096  59.540 0.0000000000
68558  -27.265  -23.979  61.672 0.0000000000
67099  -27.354  -24.314  62.507 0.0000000000
65598  -12.225  -25.668  68.152 0.0000000000
65597  -11.651  -25.585  68.459 0.0000000000
64204  -11.959  -26.134  68.177 0.0000000000
64211  -11.979  -27.072  67.829 0.0000000000
61304  -13.112  -28.313  67.967 0.0000000000
62728  -12.554  -27.959  67.876 0.0000000000
61286  -13.652  -28.731  68.661 0.0000000000
61307  -15.443  -28.018  67.804 0.0000000000
62703  -15.871  -28.487  70.150 0.0000000000
61246  -15.194  -28.917  70.292 0.0000000000
71321  -32.466  -21.254  61.709 0.0000000000
74246  -32.184  -20.371  61.145 0.0000000000
75507  -30.618  -17.995  62.998 0.0000000000
75506  -30.372  -17.930  62.045 0.0000000000
76712  -30.063  -17.259  61.558 0.0000000000
76711  -29.644  -17.171  61.392 0.0000000000
68519  -17.419  -23.293  63.546 0.0000000000
71285  -18.591  -21.448  62.824 0.0000000000
72747  -20.481  -20.453  61.700 0.0000000000
71297  -20.202  -21.478  62.026 0.0000000000
71298  -20.897  -21.538  61.564 0.0000000000
72766  -23.331  -20.338  60.256 0.0000000000
71315  -22.943  -21.425  60.557 0.0000000000
71329  -24.159  -21.578  60.179 0.0000000000
75502  -25.549  -18.330  61.844 0.0000000000
76695  -25.362  -17.967  62.481 0.0000000000
76694  -24.573  -17.574  62.517 0.0000000000
75501  -24.667  -18.039  61.780 0.0000000000
72786  -26.061  -20.793  59.903 0.0000000000
72785  -25.001  -20.682  59.865 0.0000000000
69891  -25.808  -22.482  60.017 0.0000000000
68588  -26.503  -23.147  60.572 0.0000000000
69892  -26.686  -22.577  60.321 0.0000000000
69881  -28.021  -22.637  60.951 0.0000000000
69882  -28.702  -22.840  61.544 0.0000000000
68560  -29.077  -23.560  62.259 0.0000000000
72751  -28.803  -20.914  62.180 0.0000000000
71303  -29.493  -21.790  62.072 0.0000000000
69870  -31.133  -22.769  62.549 0.0000000000
68518  -16.821  -23.378  64.175 0.0000000000
83354  -39.716  -13.199  49.029 0.0000000000
83426  -40.800  -12.721  46.330 0.0000000000
83400  -41.168  -12.824  47.332 0.0000000000
86258  -40.193  -10.537  44.275 0.0000000000
86229  -40.641  -11.446  44.850 0.0000000000
86259  -41.294  -10.850  44.338 0.0000000000
93591  -40.763  -4.427  44.294 0.0000000000
92420  -40.258  -5.383  43.570 0.0000000000
91213  -41.989  -5.840  41.483 0.0000000000
91207  -41.568  -6.085  41.784 0.0000000000
90002  -42.101  -6.408  41.579 0.0000000000
90003  -42.770  -6.795  41.470 0.0000000000
93630  -44.510  -4.482  40.027 0.0000000000
92451  -44.058  -5.175  40.392 0.0000000000
91217  -45.414  -7.081  40.778 0.0000000000
91216  -44.476  -6.693  40.879 0.0000000000
90005  -44.831  -7.527  41.298 0.0000000000
89988  -45.277  -8.319  41.744 0.0000000000
89989  -46.236  -8.494  41.677 0.0000000000
89973  -47.578  -9.407  42.093 0.0000000000
93645  -49.877  -5.130  38.873 0.0000000000
96949  -51.011  -1.703  34.891 0.0000000000
96963  -52.373  -1.224  34.460 0.0000000000
99245  -52.214  0.078  33.711 0.0000000000
100507  -50.822  2.053  33.411 0.0000000000
99255  -51.835  0.873  33.312 0.0000000000
100508  -51.518  1.524  33.087 0.0000000000
101736  -51.378  2.328  32.685 0.0000000000
58422  -1.136  -30.050  73.424 0.0000000000
59789  -0.878  -29.607  73.606 0.0000000000
58385  -0.724  -30.419  75.025 0.0000000000
57032  -4.088  -31.776  74.045 0.0000000000
55667  -2.829  -32.481  74.980 0.0000000000
55657  -2.467  -32.635  75.258 0.0000000000
55656  -1.650  -32.334  75.118 0.0000000000
54394  -2.078  -32.891  75.619 0.0000000000
54384  -2.150  -33.243  76.244 0.0000000000
54364  -2.285  -33.649  78.174 0.0000000000
71333  -33.731  -21.090  60.934 0.0000000000
71334  -34.126  -21.231  60.947 0.0000000000
72790  -33.960  -20.822  60.574 0.0000000000
74272  -33.542  -19.687  59.665 0.0000000000
74262  -34.582  -20.355  60.194 0.0000000000
74273  -34.431  -19.829  59.770 0.0000000000
75546  -34.589  -19.074  59.153 0.0000000000
75557  -32.942  -18.460  58.564 0.0000000000
75559  -33.972  -18.683  58.905 0.0000000000
77893  -34.345  -17.453  58.135 0.0000000000
79231  -34.522  -17.168  57.779 0.0000000000
79263  -28.113  -15.495  55.268 0.0000000000
79247  -27.910  -15.565  56.141 0.0000000000
77922  -28.169  -16.273  55.514 0.0000000000
77923  -28.777  -17.122  55.597 0.0000000000
77969  -29.115  -15.353  53.270 0.0000000000
77941  -32.260  -17.966  55.102 0.0000000000
77928  -34.879  -16.832  56.592 0.0000000000
77975  -35.137  -17.318  53.421 0.0000000000
79320  -34.228  -16.912  50.475 0.0000000000
79322  -36.593  -16.665  51.079 0.0000000000
80662  -37.860  -15.287  50.404 0.0000000000
80681  -38.309  -14.684  49.969 0.0000000000
81920  -38.755  -13.958  49.449 0.0000000000
81940  -38.119  -13.971  48.600 0.0000000000
83372  -37.943  -13.604  47.517 0.0000000000
83393  -34.534  -12.728  47.584 0.0000000000
83394  -35.336  -12.527  47.125 0.0000000000
83420  -35.520  -11.962  46.880 0.0000000000
86216  -36.091  -10.607  46.170 0.0000000000
84843  -36.171  -11.562  46.314 0.0000000000
86225  -36.549  -11.018  45.695 0.0000000000
84869  -36.955  -11.502  45.696 0.0000000000
86226  -36.969  -10.551  45.427 0.0000000000
87535  -36.791  -9.422  45.771 0.0000000000
67059  -18.734  -24.583  63.979 0.0000000000
65649  -19.050  -25.236  64.744 0.0000000000
67060  -19.475  -24.624  64.549 0.0000000000
67040  -20.405  -24.549  65.529 0.0000000000
67001  -20.932  -24.791  67.307 0.0000000000
68489  -21.347  -24.481  66.835 0.0000000000
68506  -22.496  -23.607  65.164 0.0000000000
71265  -22.759  -23.546  65.752 0.0000000000
67064  -26.519  -24.900  64.100 0.0000000000
62685  -3.770  -28.438  71.827 0.0000000000
61225  -4.421  -28.747  71.084 0.0000000000
62714  -6.534  -27.527  69.373 0.0000000000
62702  -5.983  -27.235  69.773 0.0000000000
61259  -6.254  -28.395  69.613 0.0000000000
59871  -7.018  -29.760  70.457 0.0000000000
59870  -5.994  -29.299  70.427 0.0000000000
59845  -5.373  -29.877  71.166 0.0000000000
58465  -5.679  -30.517  71.884 0.0000000000
61264  -11.120  -29.025  69.249 0.0000000000
101782  -53.109  2.431  30.176 0.0000000000
54349  1.783  -34.186  79.127 0.0000000000
54360  1.595  -33.435  78.765 0.0000000000
54359  2.389  -33.558  78.658 0.0000000000
64215  -17.861  -26.908  67.157 0.0000000000
64216  -18.678  -26.675  67.542 0.0000000000
65628  -18.981  -26.062  66.258 0.0000000000
68564  -33.652  -23.372  63.182 0.0000000000
68503  -16.256  -23.374  65.044 0.0000000000
68502  -15.813  -23.679  65.634 0.0000000000
67038  -16.069  -24.394  65.174 0.0000000000
64232  -16.232  -25.790  65.341 0.0000000000
64224  -16.948  -26.863  66.035 0.0000000000
72726  -30.232  -19.602  64.132 0.0000000000
88792  -38.665  -8.130  43.925 0.0000000000
89969  -38.951  -7.512  43.742 0.0000000000
91196  -39.195  -7.015  43.561 0.0000000000
95790  -45.001  -2.530  39.036 0.0000000000
95796  -45.624  -2.463  38.071 0.0000000000
94725  -45.986  -3.107  37.994 0.0000000000
94726  -46.653  -3.403  37.790 0.0000000000
94727  -47.800  -3.771  37.621 0.0000000000
94741  -46.884  -2.889  37.293 0.0000000000
94755  -47.780  -2.655  36.551 0.0000000000
95818  -48.098  -2.218  36.117 0.0000000000
96935  -47.621  -1.633  36.228 0.0000000000
96945  -47.553  -1.044  36.131 0.0000000000
79188  -28.648  -16.459  59.941 0.0000000000
79187  -27.886  -15.416  59.888 0.0000000000
79208  -27.756  -15.423  58.411 0.0000000000
79338  -31.233  -14.568  49.988 0.0000000000
79339  -31.772  -14.984  49.727 0.0000000000
80658  -31.445  -14.047  49.601 0.0000000000
81916  -32.435  -13.279  48.877 0.0000000000
83352  -32.738  -12.579  48.853 0.0000000000
84795  -32.644  -12.146  49.198 0.0000000000
69865  -23.337  -23.005  62.003 0.0000000000
68542  -23.538  -23.503  63.221 0.0000000000
68543  -24.216  -23.734  62.665 0.0000000000
68527  -24.826  -24.515  63.845 0.0000000000
62724  -9.257  -27.182  68.728 0.0000000000
62717  -9.383  -27.807  68.770 0.0000000000
99277  -53.134  0.881  32.355 0.0000000000
99278  -54.126  0.645  32.192 0.0000000000
54363  -1.199  -34.206  78.562 0.0000000000
54372  -0.604  -33.721  77.670 0.0000000000
53064  -0.304  -34.545  78.860 0.0000000000
77868  -35.950  -17.465  59.845 0.0000000000
67087  -29.335  -24.627  63.775 0.0000000000
67068  -30.427  -24.836  64.768 0.0000000000
67018  -14.295  -24.183  67.031 0.0000000000
67000  -13.701  -24.154  67.853 0.0000000000
66999  -12.892  -24.815  68.025 0.0000000000
65612  -12.740  -25.682  67.719 0.0000000000
62704  -16.413  -27.910  70.010 0.0000000000
71283  -17.148  -21.798  63.896 0.0000000000
69848  -17.462  -22.395  63.377 0.0000000000
74220  -20.224  -19.282  62.394 0.0000000000
74221  -20.870  -18.648  62.075 0.0000000000
72764  -21.598  -19.964  60.953 0.0000000000
72749  -21.767  -20.821  60.758 0.0000000000
75522  -25.946  -18.696  61.152 0.0000000000
75532  -25.372  -19.031  60.378 0.0000000000
74241  -26.319  -19.309  60.492 0.0000000000
74258  -26.499  -20.108  60.276 0.0000000000
71332  -27.231  -21.761  60.406 0.0000000000
83398  -39.169  -13.121  47.200 0.0000000000
84845  -40.336  -12.650  45.896 0.0000000000
83446  -41.003  -12.510  45.847 0.0000000000
87564  -41.925  -10.305  43.761 0.0000000000
93601  -41.314  -3.816  43.423 0.0000000000
93609  -40.961  -4.951  42.448 0.0000000000
93610  -41.442  -4.362  42.160 0.0000000000
93619  -41.799  -4.806  41.534 0.0000000000
92440  -42.160  -5.275  41.220 0.0000000000
92453  -45.709  -5.744  40.098 0.0000000000
91229  -46.051  -6.571  40.404 0.0000000000
91218  -46.326  -7.318  40.803 0.0000000000
90007  -46.689  -7.885  41.259 0.0000000000
89991  -48.168  -8.724  41.528 0.0000000000
98073  -50.368  -0.721  34.798 0.0000000000
96961  -50.753  -1.020  34.727 0.0000000000
98080  -50.816  -0.236  34.475 0.0000000000
99244  -51.559  0.543  33.743 0.0000000000
100496  -50.457  1.626  33.823 0.0000000000
59827  -2.416  -29.394  72.571 0.0000000000
58423  -1.981  -30.306  73.041 0.0000000000
57030  -2.212  -31.200  73.597 0.0000000000
55640  -2.904  -33.106  76.678 0.0000000000
76743  -31.292  -18.651  58.203 0.0000000000
77988  -30.394  -16.380  51.860 0.0000000000
77971  -30.438  -17.056  52.730 0.0000000000
77958  -33.198  -17.849  54.232 0.0000000000
77959  -34.309  -17.449  54.396 0.0000000000
77992  -34.909  -17.227  52.264 0.0000000000
79343  -36.317  -16.176  49.991 0.0000000000
81919  -37.664  -14.386  48.832 0.0000000000
86204  -35.208  -10.628  47.141 0.0000000000
84824  -35.151  -11.638  47.012 0.0000000000
86205  -35.730  -9.951  46.810 0.0000000000
68521  -19.815  -24.046  64.159 0.0000000000
59847  -7.409  -30.329  71.370 0.0000000000
61265  -12.096  -29.191  69.289 0.0000000000
59876  -12.070  -29.819  70.723 0.0000000000
74247  -36.233  -19.870  60.937 0.0000000000
68486  -14.764  -23.558  66.915 0.0000000000
65626  -14.393  -25.037  66.500 0.0000000000
62747  -14.605  -26.996  66.703 0.0000000000
62739  -16.059  -27.768  67.299 0.0000000000
62749  -16.382  -27.205  66.510 0.0000000000
62730  -16.787  -27.742  68.124 0.0000000000
62720  -17.139  -27.482  68.729 0.0000000000
75504  -27.683  -18.997  62.354 0.0000000000
74223  -27.989  -19.859  61.856 0.0000000000
74224  -28.614  -19.966  62.328 0.0000000000
88782  -38.859  -8.834  43.859 0.0000000000
87579  -41.472  -9.466  43.208 0.0000000000
88796  -42.059  -8.930  42.740 0.0000000000
88806  -42.533  -8.350  42.256 0.0000000000
94695  -42.940  -3.438  40.922 0.0000000000
94703  -43.896  -3.540  40.232 0.0000000000
94704  -44.457  -3.906  39.884 0.0000000000
93640  -44.737  -4.078  39.724 0.0000000000
92467  -45.411  -5.119  39.841 0.0000000000
92468  -46.107  -5.211  39.551 0.0000000000
92456  -48.424  -6.219  39.684 0.0000000000
92470  -48.162  -5.566  39.281 0.0000000000
93644  -48.845  -4.992  38.778 0.0000000000
93659  -49.492  -4.587  38.056 0.0000000000
94728  -48.390  -3.954  37.578 0.0000000000
93668  -49.039  -4.338  37.652 0.0000000000
95821  -50.837  -3.017  35.849 0.0000000000
95836  -50.467  -2.286  35.310 0.0000000000
95834  -48.775  -1.900  35.657 0.0000000000
98072  -49.722  -0.316  34.903 0.0000000000
75542  -30.520  -18.971  59.408 0.0000000000
76730  -30.065  -18.380  59.410 0.0000000000
77877  -29.901  -18.317  58.691 0.0000000000
79285  -29.243  -14.774  53.028 0.0000000000
80625  -30.161  -14.055  51.904 0.0000000000
79300  -29.961  -14.935  51.722 0.0000000000
77987  -29.945  -15.562  51.859 0.0000000000
79319  -33.115  -16.526  50.287 0.0000000000
79340  -32.891  -15.471  49.398 0.0000000000
79356  -33.811  -15.372  48.925 0.0000000000
80677  -34.541  -15.075  48.386 0.0000000000
80696  -34.488  -14.235  48.074 0.0000000000
81937  -35.220  -13.884  47.845 0.0000000000
81936  -34.418  -13.410  47.866 0.0000000000
84812  -34.062  -12.041  47.765 0.0000000000
84811  -33.580  -12.015  48.227 0.0000000000
86191  -33.850  -11.659  48.004 0.0000000000
86192  -34.218  -11.183  47.753 0.0000000000
86193  -34.603  -10.227  48.242 0.0000000000
87514  -35.112  -9.372  48.652 0.0000000000
69852  -21.697  -22.719  62.917 0.0000000000
68540  -22.117  -23.218  63.664 0.0000000000
68524  -22.637  -23.493  64.386 0.0000000000
68507  -23.116  -23.648  65.052 0.0000000000
68525  -23.368  -23.705  64.189 0.0000000000
62715  -7.581  -27.450  69.166 0.0000000000
61227  -14.594  -29.044  71.505 0.0000000000
56985  -0.319  -31.679  75.992 0.0000000000
56957  0.363  -31.495  77.570 0.0000000000
55638  0.554  -31.987  77.951 0.0000000000
55622  1.327  -31.536  78.897 0.0000000000
94677  -41.873  -3.441  42.765 0.0000000000
95769  -42.921  -2.784  41.795 0.0000000000
67097  -25.924  -24.124  62.016 0.0000000000
67083  -25.510  -24.354  62.655 0.0000000000
67098  -26.486  -24.239  62.248 0.0000000000
67085  -27.440  -24.627  63.390 0.0000000000
67089  -31.215  -24.629  64.258 0.0000000000
66982  -11.555  -24.968  68.759 0.0000000000
65581  -11.167  -25.138  68.765 0.0000000000
65596  -10.920  -25.796  68.573 0.0000000000
64202  -10.483  -26.590  68.443 0.0000000000
62735  -12.343  -27.376  67.762 0.0000000000
61245  -14.467  -29.253  70.518 0.0000000000
61287  -14.549  -28.520  68.614 0.0000000000
61288  -15.332  -28.281  68.526 0.0000000000
72773  -33.431  -20.911  60.927 0.0000000000
72772  -32.784  -20.728  61.141 0.0000000000
76721  -30.044  -17.935  60.532 0.0000000000
76720  -29.511  -17.453  61.029 0.0000000000
79153  -29.453  -15.990  61.925 0.0000000000
67081  -18.367  -24.121  63.611 0.0000000000
68537  -18.952  -23.753  63.274 0.0000000000
68536  -18.006  -23.211  63.147 0.0000000000
69851  -20.625  -22.673  62.589 0.0000000000
74203  -19.187  -19.507  63.409 0.0000000000
72736  -19.066  -20.524  62.767 0.0000000000
69864  -20.345  -22.123  62.175 0.0000000000
71286  -20.687  -22.057  62.031 0.0000000000
71288  -22.156  -22.444  62.267 0.0000000000
71314  -22.204  -21.130  60.655 0.0000000000
71300  -22.802  -22.496  61.664 0.0000000000
71301  -23.534  -22.788  61.457 0.0000000000
69878  -24.063  -22.824  60.975 0.0000000000
69879  -24.643  -23.365  61.107 0.0000000000
75520  -23.569  -18.112  60.968 0.0000000000
75530  -23.731  -18.939  60.446 0.0000000000
72784  -24.114  -20.473  60.069 0.0000000000
74256  -24.737  -19.728  60.073 0.0000000000
69890  -24.807  -22.641  60.309 0.0000000000
68572  -25.373  -23.319  60.710 0.0000000000
68573  -26.117  -23.559  60.861 0.0000000000
69880  -27.419  -22.425  60.595 0.0000000000
68575  -28.029  -23.468  61.329 0.0000000000
68559  -28.152  -24.001  61.935 0.0000000000
72769  -28.519  -21.304  61.691 0.0000000000
71319  -29.012  -22.120  61.692 0.0000000000
69828  -16.153  -22.407  65.433 0.0000000000
71275  -16.385  -21.888  65.126 0.0000000000
83375  -40.459  -12.916  48.214 0.0000000000
84873  -41.092  -12.187  45.456 0.0000000000
92419  -39.729  -5.603  44.208 0.0000000000
92430  -40.705  -5.457  42.658 0.0000000000
91206  -41.040  -6.203  42.246 0.0000000000
89984  -40.899  -6.758  42.419 0.0000000000
88807  -43.639  -8.663  42.166 0.0000000000
93628  -42.944  -4.385  40.634 0.0000000000
92450  -43.280  -5.209  40.572 0.0000000000
91215  -43.437  -6.140  40.911 0.0000000000
91227  -44.275  -5.886  40.551 0.0000000000
88810  -46.682  -9.164  41.991 0.0000000000
98092  -53.194  0.083  33.270 0.0000000000
99256  -52.471  0.606  33.136 0.0000000000
100523  -51.720  2.127  32.363 0.0000000000
101753  -51.886  2.300  31.932 0.0000000000
102972  -51.145  3.767  32.190 0.0000000000
56986  -0.828  -31.578  75.241 0.0000000000
57009  -3.278  -32.193  74.639 0.0000000000
57008  -2.410  -31.812  74.248 0.0000000000
55655  -0.793  -32.476  75.707 0.0000000000
54392  -0.819  -33.113  76.211 0.0000000000
54374  -2.238  -33.452  77.133 0.0000000000
76734  -35.868  -18.872  59.361 0.0000000000
75544  -32.456  -18.975  58.943 0.0000000000
76733  -35.688  -18.165  59.240 0.0000000000
80569  -28.192  -14.514  56.612 0.0000000000
79230  -28.018  -15.481  57.174 0.0000000000
77908  -28.904  -17.428  56.704 0.0000000000
77938  -28.593  -16.381  54.649 0.0000000000
77955  -29.429  -16.933  53.540 0.0000000000
77913  -34.712  -16.802  57.232 0.0000000000
79248  -35.035  -16.790  57.182 0.0000000000
79249  -35.555  -17.047  57.110 0.0000000000
79321  -35.381  -16.979  50.935 0.0000000000
79301  -35.889  -16.962  51.832 0.0000000000
83373  -38.554  -13.516  48.101 0.0000000000
83444  -38.267  -12.387  45.719 0.0000000000
81960  -35.796  -13.412  47.522 0.0000000000
83395  -36.307  -12.919  47.025 0.0000000000
84842  -35.595  -11.509  46.710 0.0000000000
83422  -36.810  -12.367  46.379 0.0000000000
83443  -37.416  -12.146  45.859 0.0000000000
88767  -37.647  -8.943  44.910 0.0000000000
88766  -37.207  -8.692  45.501 0.0000000000
88780  -37.516  -8.265  45.071 0.0000000000
89959  -37.754  -7.654  44.993 0.0000000000
89948  -38.065  -6.811  45.543 0.0000000000
65642  -19.454  -25.337  65.494 0.0000000000
67039  -19.787  -24.798  65.232 0.0000000000
67020  -19.950  -25.031  65.897 0.0000000000
65630  -20.517  -25.295  67.003 0.0000000000
69817  -22.466  -23.737  66.268 0.0000000000
69801  -22.234  -23.957  66.809 0.0000000000
68490  -21.913  -24.171  66.476 0.0000000000
68468  -21.992  -24.215  67.501 0.0000000000
67063  -25.493  -24.682  63.776 0.0000000000
61211  -2.802  -28.614  72.408 0.0000000000
59829  -3.926  -29.764  71.848 0.0000000000
61243  -5.900  -28.670  70.015 0.0000000000
61242  -5.284  -28.585  70.248 0.0000000000
61241  -4.789  -28.771  70.682 0.0000000000
59868  -4.663  -29.079  70.922 0.0000000000
59844  -4.434  -29.500  71.328 0.0000000000
58446  -5.992  -30.906  72.855 0.0000000000
61282  -9.873  -28.231  68.834 0.0000000000
61263  -10.206  -28.864  69.262 0.0000000000
59902  -9.722  -29.386  69.885 0.0000000000
59853  -13.350  -29.807  71.759 0.0000000000
59852  -12.457  -29.898  71.588 0.0000000000
59850  -10.957  -30.051  71.562 0.0000000000
59849  -9.930  -30.135  71.724 0.0000000000
100540  -53.361  1.891  30.918 0.0000000000
53063  0.491  -34.499  78.748 0.0000000000
53051  1.050  -34.729  79.282 0.0000000000
53062  0.999  -34.335  78.803 0.0000000000
54358  2.613  -32.678  78.478 0.0000000000
55629  2.392  -32.393  78.747 0.0000000000
55666  -2.428  -32.280  74.771 0.0000000000
58365  -0.561  -30.238  75.779 0.0000000000
58405  -0.844  -29.832  73.707 0.0000000000
58421  -0.948  -29.832  73.514 0.0000000000
58442  -2.266  -29.898  72.717 0.0000000000
58463  -4.221  -30.031  71.758 0.0000000000
59790  -0.822  -29.244  73.770 0.0000000000
59807  -1.015  -29.637  73.426 0.0000000000
59809  -1.957  -29.659  72.832 0.0000000000
59826  -1.863  -29.157  72.830 0.0000000000
59898  -6.214  -28.873  69.959 0.0000000000
61212  -3.498  -28.779  71.968 0.0000000000
61224  -3.997  -28.815  71.554 0.0000000000
62713  -5.891  -27.762  69.620 0.0000000000
64192  -17.112  -27.418  69.179 0.0000000000
68555  -24.547  -23.793  61.982 0.0000000000
68586  -25.482  -22.930  60.281 0.0000000000
69829  -22.535  -23.638  65.723 0.0000000000
69830  -22.875  -23.541  65.552 0.0000000000
69855  -23.571  -23.343  62.460 0.0000000000
71253  -22.712  -23.548  65.981 0.0000000000
71254  -22.868  -23.489  66.137 0.0000000000
72763  -20.990  -19.962  61.367 0.0000000000
74255  -23.893  -19.593  60.201 0.0000000000
75498  -20.979  -18.237  62.639 0.0000000000
76696  -25.889  -18.194  62.344 0.0000000000
78005  -30.181  -15.281  51.552 0.0000000000
80640  -30.979  -13.951  50.305 0.0000000000
81958  -34.628  -13.129  47.662 0.0000000000
83442  -36.956  -11.970  45.961 0.0000000000
83447  -41.385  -12.542  45.908 0.0000000000
84823  -34.611  -11.909  47.314 0.0000000000
84846  -40.670  -12.506  45.756 0.0000000000
84868  -36.445  -11.319  45.918 0.0000000000
86180  -33.834  -10.750  48.722 0.0000000000
86256  -38.570  -9.979  44.462 0.0000000000
90019  -47.810  -7.210  40.507 0.0000000000
92439  -41.631  -5.307  41.651 0.0000000000
92441  -42.758  -5.556  40.886 0.0000000000
93611  -41.952  -3.848  41.889 0.0000000000
93631  -45.034  -4.845  39.891 0.0000000000
93667  -48.767  -4.097  37.499 0.0000000000
94702  -43.361  -3.971  40.522 0.0000000000
95770  -43.179  -2.428  42.311 0.0000000000
95788  -43.945  -2.910  40.023 0.0000000000
95797  -46.130  -2.868  37.742 0.0000000000
96924  -45.991  -1.447  37.592 0.0000000000
99276  -52.575  1.067  32.538 0.0000000000
101781  -52.448  2.931  30.413 0.0000000000
