#!ascii label  , from subject 3006 vox2ras=TkReg
650
12005  -43.392  -72.298  24.850 0.0000000000
11184  -36.697  -73.366  15.447 0.0000000000
14786  -45.659  -69.732  18.352 0.0000000000
11094  -40.961  -73.467  20.204 0.0000000000
15634  -38.242  -68.142  20.256 0.0000000000
17399  -48.753  -66.821  25.479 0.0000000000
19468  -44.336  -64.724  21.945 0.0000000000
23653  -39.536  -60.893  22.036 0.0000000000
15698  -44.373  -68.354  16.912 0.0000000000
15636  -42.089  -68.535  19.060 0.0000000000
16551  -41.304  -68.116  16.891 0.0000000000
18471  -47.399  -65.501  23.136 0.0000000000
19440  -43.918  -64.091  24.791 0.0000000000
27128  -40.870  -57.379  20.388 0.0000000000
23712  -41.775  -60.420  19.627 0.0000000000
9355  -40.009  -74.841  21.619 0.0000000000
11168  -39.263  -73.783  16.846 0.0000000000
9469  -41.868  -75.781  15.109 0.0000000000
9466  -39.260  -75.556  14.138 0.0000000000
14707  -46.103  -68.671  22.588 0.0000000000
12026  -41.534  -72.650  23.021 0.0000000000
13858  -38.557  -70.379  21.731 0.0000000000
12989  -36.273  -71.690  19.059 0.0000000000
15643  -48.146  -68.211  21.100 0.0000000000
16514  -46.398  -67.237  19.999 0.0000000000
17496  -44.198  -66.338  19.099 0.0000000000
20457  -40.710  -62.914  24.931 0.0000000000
20473  -41.618  -63.194  22.831 0.0000000000
20505  -42.835  -63.326  20.244 0.0000000000
20538  -43.560  -63.334  17.889 0.0000000000
9410  -41.439  -75.752  18.554 0.0000000000
15720  -35.395  -67.943  14.281 0.0000000000
13052  -36.935  -71.266  12.805 0.0000000000
12174  -39.876  -72.370  11.404 0.0000000000
16569  -43.422  -67.408  16.779 0.0000000000
14814  -43.034  -68.807  16.432 0.0000000000
10164  -40.973  -74.453  22.957 0.0000000000
11185  -37.819  -73.704  15.884 0.0000000000
10292  -39.807  -75.080  15.014 0.0000000000
10290  -37.709  -74.586  14.391 0.0000000000
9492  -38.146  -75.446  12.382 0.0000000000
10298  -36.841  -74.168  12.832 0.0000000000
14743  -45.993  -69.581  20.032 0.0000000000
15615  -44.706  -68.864  20.195 0.0000000000
16497  -40.139  -68.054  20.181 0.0000000000
15585  -40.051  -68.310  21.136 0.0000000000
15582  -38.069  -69.190  21.457 0.0000000000
12969  -37.110  -71.609  20.098 0.0000000000
14739  -36.450  -69.819  20.634 0.0000000000
14691  -48.203  -68.323  23.092 0.0000000000
17435  -49.475  -66.956  23.949 0.0000000000
19470  -45.647  -65.203  22.616 0.0000000000
17462  -47.011  -66.226  21.581 0.0000000000
18507  -45.603  -65.987  20.928 0.0000000000
17497  -44.929  -66.762  19.429 0.0000000000
18506  -44.822  -65.857  20.501 0.0000000000
21501  -40.264  -62.021  23.701 0.0000000000
21485  -41.543  -62.904  24.358 0.0000000000
21517  -40.473  -62.192  22.591 0.0000000000
23713  -42.674  -60.483  19.064 0.0000000000
22595  -42.256  -61.913  19.824 0.0000000000
21557  -43.098  -62.147  19.090 0.0000000000
21540  -43.239  -63.152  19.394 0.0000000000
11076  -41.055  -73.232  21.157 0.0000000000
11096  -42.153  -74.315  20.043 0.0000000000
11114  -42.255  -74.220  19.233 0.0000000000
7677  -40.513  -77.379  15.216 0.0000000000
17588  -36.502  -66.382  13.225 0.0000000000
13972  -36.232  -70.092  13.600 0.0000000000
13055  -39.322  -71.040  12.412 0.0000000000
14796  -44.443  -69.398  17.119 0.0000000000
15650  -43.890  -69.280  18.517 0.0000000000
14784  -43.772  -69.460  17.571 0.0000000000
15648  -41.839  -68.769  17.931 0.0000000000
16529  -39.678  -67.710  18.243 0.0000000000
18459  -48.280  -65.855  24.633 0.0000000000
19442  -45.564  -64.723  24.283 0.0000000000
19456  -44.890  -64.594  23.405 0.0000000000
23696  -39.661  -59.726  20.832 0.0000000000
23697  -40.328  -60.298  20.510 0.0000000000
24888  -40.753  -59.319  19.868 0.0000000000
24890  -42.354  -59.466  19.140 0.0000000000
24912  -43.931  -59.510  18.432 0.0000000000
11126  -39.749  -73.516  18.510 0.0000000000
10234  -41.734  -74.465  17.165 0.0000000000
10249  -41.103  -74.535  16.514 0.0000000000
9467  -40.326  -75.753  14.345 0.0000000000
8588  -40.222  -77.028  12.731 0.0000000000
8608  -39.493  -76.574  11.668 0.0000000000
9515  -38.685  -75.833  10.594 0.0000000000
10338  -39.067  -74.146  10.162 0.0000000000
14659  -44.176  -69.798  24.684 0.0000000000
12004  -42.682  -72.081  24.480 0.0000000000
12910  -40.837  -71.355  23.448 0.0000000000
12940  -40.201  -71.937  22.221 0.0000000000
15587  -42.168  -68.274  21.218 0.0000000000
14705  -39.797  -69.489  22.513 0.0000000000
12057  -39.291  -72.581  20.514 0.0000000000
12072  -38.485  -72.804  19.472 0.0000000000
12108  -37.647  -73.036  17.795 0.0000000000
12122  -36.764  -72.813  17.034 0.0000000000
13813  -46.995  -68.599  22.923 0.0000000000
147870  -47.510  -68.953  21.052 0.0000000000
14788  -47.461  -69.487  19.066 0.0000000000
147871  -48.246  -66.315  22.577 0.0000000000
15641  -47.453  -67.632  20.284 0.0000000000
15676  -46.746  -68.898  18.251 0.0000000000
16533  -45.362  -67.962  18.339 0.0000000000
16531  -44.133  -67.219  18.071 0.0000000000
17549  -43.238  -66.105  17.173 0.0000000000
20443  -42.655  -63.735  25.112 0.0000000000
20460  -43.190  -63.779  24.451 0.0000000000
20486  -42.824  -64.008  22.158 0.0000000000
22585  -40.897  -61.862  21.014 0.0000000000
20495  -42.016  -63.120  21.152 0.0000000000
20497  -43.249  -64.303  21.108 0.0000000000
19488  -43.708  -64.812  20.244 0.0000000000
18551  -43.331  -65.298  18.229 0.0000000000
10181  -41.370  -74.070  21.670 0.0000000000
9390  -41.201  -75.386  19.353 0.0000000000
8525  -42.112  -75.781  16.816 0.0000000000
7656  -39.933  -77.267  15.999 0.0000000000
14762  -35.090  -69.478  19.496 0.0000000000
13006  -35.236  -71.363  17.427 0.0000000000
12127  -35.474  -72.119  15.682 0.0000000000
13039  -35.082  -70.667  14.630 0.0000000000
11193  -35.731  -72.597  13.967 0.0000000000
12171  -37.222  -73.118  11.789 0.0000000000
11237  -38.408  -73.373  11.002 0.0000000000
16568  -42.623  -67.490  16.306 0.0000000000
10144  -41.286  -74.586  24.083 0.0000000000
11054  -42.624  -73.109  24.311 0.0000000000
10268  -38.084  -74.312  15.211 0.0000000000
11195  -37.206  -73.949  14.893 0.0000000000
10299  -37.450  -74.758  13.462 0.0000000000
10289  -36.812  -74.120  13.875 0.0000000000
14765  -45.738  -69.675  19.204 0.0000000000
14742  -45.540  -69.300  20.183 0.0000000000
14764  -45.181  -69.489  19.116 0.0000000000
16496  -39.309  -68.046  20.171 0.0000000000
15610  -39.259  -68.297  20.733 0.0000000000
15609  -38.469  -68.373  20.684 0.0000000000
14740  -37.131  -69.716  21.076 0.0000000000
15633  -37.835  -68.224  20.299 0.0000000000
16390  -48.153  -67.864  26.757 0.0000000000
16422  -48.947  -67.232  25.111 0.0000000000
16423  -48.845  -67.184  24.658 0.0000000000
18447  -48.924  -66.701  24.660 0.0000000000
19482  -45.265  -65.289  21.877 0.0000000000
18496  -45.860  -65.630  21.703 0.0000000000
18495  -45.244  -65.599  21.293 0.0000000000
19481  -44.668  -65.212  21.436 0.0000000000
23652  -38.805  -60.348  22.371 0.0000000000
23651  -38.189  -59.885  22.703 0.0000000000
22570  -39.037  -61.041  23.085 0.0000000000
22548  -39.463  -61.484  23.604 0.0000000000
22571  -39.645  -61.381  22.719 0.0000000000
23728  -43.368  -60.218  18.607 0.0000000000
22612  -42.782  -61.598  19.223 0.0000000000
22613  -43.434  -61.611  18.671 0.0000000000
23729  -44.001  -60.642  18.384 0.0000000000
11113  -41.551  -73.707  19.350 0.0000000000
14844  -37.611  -69.403  13.068 0.0000000000
13978  -38.161  -70.603  12.654 0.0000000000
13979  -38.968  -70.304  12.603 0.0000000000
14817  -44.849  -68.977  16.838 0.0000000000
14795  -43.632  -69.322  16.830 0.0000000000
15695  -41.713  -68.243  16.682 0.0000000000
15672  -42.399  -69.057  17.187 0.0000000000
15647  -41.100  -68.402  17.666 0.0000000000
16530  -40.487  -68.238  18.123 0.0000000000
19441  -44.605  -64.368  24.442 0.0000000000
25963  -39.310  -57.997  20.751 0.0000000000
25964  -40.143  -58.198  20.396 0.0000000000
24864  -40.079  -59.200  20.292 0.0000000000
25990  -40.592  -58.611  20.031 0.0000000000
26018  -42.861  -58.744  18.900 0.0000000000
9371  -39.550  -75.247  20.597 0.0000000000
11146  -40.078  -73.862  17.504 0.0000000000
10232  -40.334  -74.066  17.238 0.0000000000
10248  -40.052  -74.149  16.756 0.0000000000
9487  -39.815  -76.302  13.350 0.0000000000
9494  -39.753  -76.646  12.382 0.0000000000
9501  -38.328  -75.632  11.734 0.0000000000
10336  -38.249  -75.218  10.782 0.0000000000
10337  -38.594  -74.794  10.265 0.0000000000
10321  -38.321  -74.152  10.711 0.0000000000
14706  -45.529  -68.642  23.086 0.0000000000
14687  -44.705  -69.061  24.120 0.0000000000
13810  -40.838  -70.592  23.588 0.0000000000
14683  -40.583  -69.567  23.151 0.0000000000
15637  -43.261  -68.776  19.225 0.0000000000
15613  -42.701  -68.391  20.194 0.0000000000
15563  -39.895  -68.756  22.029 0.0000000000
13835  -38.918  -70.073  22.033 0.0000000000
13859  -39.010  -70.983  22.001 0.0000000000
12938  -38.808  -71.282  21.558 0.0000000000
12073  -39.017  -72.894  19.840 0.0000000000
12070  -36.643  -71.902  19.249 0.0000000000
12071  -37.302  -72.155  19.551 0.0000000000
12087  -36.620  -72.195  18.625 0.0000000000
12123  -37.345  -72.980  17.423 0.0000000000
12106  -36.124  -72.239  17.809 0.0000000000
147865  -48.227  -68.182  22.113 0.0000000000
14690  -47.801  -68.533  22.217 0.0000000000
14770  -47.974  -68.526  21.273 0.0000000000
13902  -47.573  -69.521  19.888 0.0000000000
15656  -47.962  -68.539  20.107 0.0000000000
19445  -47.922  -65.539  24.032 0.0000000000
18473  -48.313  -65.982  23.304 0.0000000000
19473  -47.906  -65.562  23.118 0.0000000000
16499  -46.591  -66.801  20.511 0.0000000000
16515  -47.151  -67.159  20.488 0.0000000000
15640  -46.769  -67.818  19.547 0.0000000000
15654  -47.011  -68.361  19.159 0.0000000000
15653  -46.414  -68.474  18.603 0.0000000000
15675  -46.039  -68.971  17.827 0.0000000000
16534  -46.065  -67.941  18.965 0.0000000000
16532  -44.737  -67.489  18.352 0.0000000000
17530  -44.315  -66.875  18.672 0.0000000000
16552  -43.772  -67.175  17.471 0.0000000000
17529  -43.722  -66.413  18.313 0.0000000000
20442  -41.894  -63.620  25.205 0.0000000000
21502  -41.229  -62.841  23.499 0.0000000000
21503  -41.835  -63.066  24.030 0.0000000000
20474  -42.326  -63.431  23.407 0.0000000000
20475  -43.663  -64.207  23.333 0.0000000000
23698  -41.062  -60.747  20.123 0.0000000000
22594  -41.524  -61.587  20.229 0.0000000000
21539  -42.768  -62.728  19.836 0.0000000000
21529  -42.183  -62.868  20.666 0.0000000000
20496  -42.560  -63.498  20.870 0.0000000000
20506  -43.149  -63.745  19.987 0.0000000000
20524  -43.320  -63.589  18.899 0.0000000000
19520  -43.237  -64.240  18.126 0.0000000000
12017  -41.920  -72.268  23.951 0.0000000000
10165  -41.533  -73.877  22.565 0.0000000000
11065  -41.689  -73.349  22.786 0.0000000000
9391  -41.976  -75.503  19.060 0.0000000000
9373  -41.830  -75.110  19.805 0.0000000000
9409  -40.584  -75.711  18.688 0.0000000000
8482  -40.920  -76.088  17.954 0.0000000000
10251  -42.256  -75.081  15.981 0.0000000000
10235  -42.228  -74.874  16.845 0.0000000000
8545  -42.062  -76.116  15.847 0.0000000000
7676  -39.408  -77.757  15.245 0.0000000000
7657  -40.535  -77.152  15.818 0.0000000000
15631  -35.777  -68.787  20.074 0.0000000000
15630  -34.905  -68.453  19.163 0.0000000000
13012  -34.739  -70.803  16.654 0.0000000000
13013  -35.119  -71.484  16.305 0.0000000000
13050  -36.268  -71.048  13.330 0.0000000000
13049  -35.555  -70.864  13.851 0.0000000000
12156  -35.678  -71.770  13.569 0.0000000000
11207  -35.854  -72.384  13.340 0.0000000000
11208  -36.173  -73.150  13.105 0.0000000000
12167  -37.010  -72.311  12.241 0.0000000000
12173  -38.802  -72.254  11.681 0.0000000000
11238  -39.151  -72.819  11.116 0.0000000000
16570  -44.007  -67.737  17.103 0.0000000000
14815  -43.416  -68.990  16.496 0.0000000000
15697  -43.345  -68.408  16.544 0.0000000000
16567  -41.602  -67.578  16.492 0.0000000000
27147  -41.364  -57.658  20.085 0.0000000000
27130  -42.875  -56.987  20.650 0.0000000000
10163  -40.597  -74.593  22.411 0.0000000000
11186  -38.550  -73.723  16.412 0.0000000000
10247  -39.470  -74.061  16.511 0.0000000000
10269  -39.129  -74.255  15.915 0.0000000000
10291  -38.707  -74.836  14.769 0.0000000000
9465  -38.241  -75.223  13.909 0.0000000000
9486  -38.720  -75.700  13.222 0.0000000000
9485  -37.943  -75.282  13.126 0.0000000000
10307  -37.480  -74.819  12.509 0.0000000000
10306  -37.157  -74.172  11.989 0.0000000000
14725  -46.004  -69.069  21.115 0.0000000000
14724  -45.660  -69.083  20.860 0.0000000000
15589  -44.339  -68.616  21.222 0.0000000000
15566  -42.719  -68.459  22.226 0.0000000000
16498  -40.833  -68.077  19.854 0.0000000000
15612  -41.567  -68.171  20.190 0.0000000000
16482  -40.525  -68.130  20.744 0.0000000000
15584  -39.159  -68.736  21.505 0.0000000000
14722  -38.494  -69.509  21.680 0.0000000000
12952  -37.596  -71.312  20.625 0.0000000000
13857  -37.698  -70.439  21.175 0.0000000000
13876  -36.957  -70.493  20.695 0.0000000000
13875  -36.137  -70.556  20.214 0.0000000000
15553  -48.741  -67.573  23.570 0.0000000000
17454  -48.755  -67.219  22.648 0.0000000000
19471  -46.360  -65.381  22.958 0.0000000000
18498  -47.258  -65.889  22.155 0.0000000000
18497  -46.652  -65.917  21.744 0.0000000000
18508  -46.171  -66.071  21.195 0.0000000000
17499  -46.307  -66.748  20.422 0.0000000000
16513  -45.610  -67.410  19.272 0.0000000000
17471  -45.428  -66.396  20.312 0.0000000000
18526  -44.361  -66.018  19.701 0.0000000000
22532  -39.795  -61.775  24.109 0.0000000000
21484  -40.884  -62.631  24.397 0.0000000000
20458  -41.453  -62.964  24.962 0.0000000000
21518  -41.147  -62.872  22.289 0.0000000000
22611  -42.196  -61.212  19.578 0.0000000000
21558  -43.488  -62.589  18.698 0.0000000000
12039  -41.190  -72.913  22.109 0.0000000000
11077  -41.377  -73.570  21.803 0.0000000000
11095  -41.733  -73.842  20.527 0.0000000000
10194  -42.215  -74.705  19.655 0.0000000000
9392  -42.341  -75.307  18.768 0.0000000000
7678  -41.198  -77.052  14.859 0.0000000000
16594  -36.596  -67.431  13.389 0.0000000000
15727  -36.752  -68.358  13.410 0.0000000000
14842  -36.164  -69.128  13.781 0.0000000000
14843  -36.905  -69.303  13.380 0.0000000000
13973  -37.071  -70.291  13.199 0.0000000000
13053  -37.693  -71.334  12.484 0.0000000000
13054  -38.539  -71.236  12.397 0.0000000000
13059  -39.590  -71.630  12.028 0.0000000000
14797  -45.492  -69.437  17.597 0.0000000000
15651  -44.560  -69.334  18.888 0.0000000000
14785  -44.731  -69.557  18.079 0.0000000000
15649  -42.856  -69.197  18.105 0.0000000000
14794  -42.958  -69.134  16.636 0.0000000000
16511  -41.213  -68.227  19.342 0.0000000000
16510  -40.420  -68.060  19.090 0.0000000000
16509  -39.472  -67.823  19.399 0.0000000000
17416  -48.513  -66.336  25.188 0.0000000000
18457  -47.048  -65.386  24.451 0.0000000000
19430  -45.987  -64.988  24.821 0.0000000000
19443  -46.514  -65.198  24.246 0.0000000000
19457  -45.978  -65.092  23.532 0.0000000000
19469  -44.870  -64.887  22.323 0.0000000000
23682  -39.074  -59.656  21.353 0.0000000000
23683  -39.573  -60.405  21.441 0.0000000000
23711  -41.053  -60.053  19.841 0.0000000000
25991  -41.312  -58.373  19.739 0.0000000000
24889  -41.561  -59.331  19.515 0.0000000000
24911  -43.099  -59.474  18.702 0.0000000000
11112  -40.492  -73.512  19.323 0.0000000000
11128  -42.002  -73.947  18.549 0.0000000000
10221  -41.179  -74.077  17.878 0.0000000000
10271  -41.413  -74.878  15.684 0.0000000000
9468  -41.257  -75.924  14.626 0.0000000000
8589  -40.498  -76.968  13.604 0.0000000000
9493  -38.970  -76.138  12.327 0.0000000000
9502  -38.760  -76.125  11.413 0.0000000000
8631  -39.179  -76.341  10.389 0.0000000000
9526  -38.967  -75.672  9.948 0.0000000000
10345  -39.067  -75.173  9.727 0.0000000000
13785  -43.676  -70.656  24.850 0.0000000000
12018  -42.657  -72.698  24.371 0.0000000000
13784  -42.719  -70.671  24.634 0.0000000000
13811  -41.782  -70.604  24.245 0.0000000000
14657  -42.355  -69.945  24.342 0.0000000000
12016  -41.062  -71.952  23.317 0.0000000000
12025  -40.730  -72.270  22.524 0.0000000000
12038  -40.298  -72.451  21.553 0.0000000000
12058  -40.412  -72.984  20.698 0.0000000000
15638  -44.189  -68.947  19.388 0.0000000000
15588  -43.260  -68.466  21.244 0.0000000000
15586  -41.068  -68.107  21.173 0.0000000000
15564  -40.682  -68.461  22.047 0.0000000000
12923  -39.699  -71.160  22.399 0.0000000000
12037  -39.581  -72.141  21.339 0.0000000000
11093  -40.122  -73.196  20.069 0.0000000000
11111  -39.316  -73.149  19.478 0.0000000000
11145  -38.980  -73.448  17.769 0.0000000000
12056  -38.084  -72.126  20.243 0.0000000000
11124  -38.182  -73.093  18.466 0.0000000000
11144  -38.180  -73.185  18.063 0.0000000000
11167  -37.986  -73.233  17.023 0.0000000000
11166  -37.086  -73.189  16.287 0.0000000000
12128  -36.179  -72.856  16.065 0.0000000000
14660  -45.125  -69.714  24.760 0.0000000000
14688  -45.655  -68.839  23.933 0.0000000000
13838  -46.596  -68.638  22.440 0.0000000000
13789  -47.768  -68.466  23.305 0.0000000000
13840  -47.186  -68.690  22.029 0.0000000000
14708  -46.605  -68.767  21.781 0.0000000000
14726  -46.497  -69.329  20.675 0.0000000000
13900  -46.540  -70.028  19.041 0.0000000000
12990  -46.275  -70.817  17.963 0.0000000000
18460  -48.672  -66.327  24.278 0.0000000000
18487  -48.613  -66.471  23.203 0.0000000000
147868  -48.211  -66.957  21.845 0.0000000000
17463  -47.514  -66.237  21.835 0.0000000000
16516  -47.855  -66.741  21.577 0.0000000000
15678  -47.677  -68.825  19.211 0.0000000000
14799  -46.954  -69.600  18.107 0.0000000000
13933  -46.041  -69.716  17.770 0.0000000000
15674  -45.217  -68.608  17.366 0.0000000000
15699  -44.854  -68.661  16.939 0.0000000000
16554  -44.917  -68.063  17.686 0.0000000000
20459  -42.191  -63.238  24.598 0.0000000000
20476  -44.285  -64.282  23.894 0.0000000000
20487  -43.720  -64.450  22.091 0.0000000000
22584  -40.187  -61.367  21.561 0.0000000000
21527  -40.771  -62.253  21.698 0.0000000000
21528  -41.509  -62.603  21.135 0.0000000000
20485  -41.921  -63.365  21.979 0.0000000000
19480  -43.986  -64.787  21.267 0.0000000000
19489  -44.212  -65.289  20.745 0.0000000000
18505  -44.162  -65.514  20.108 0.0000000000
18525  -43.806  -65.562  19.280 0.0000000000
19505  -43.401  -64.544  19.156 0.0000000000
18565  -43.163  -64.826  17.193 0.0000000000
11053  -42.243  -73.084  23.694 0.0000000000
10180  -40.898  -74.488  21.688 0.0000000000
10193  -41.604  -74.483  20.586 0.0000000000
10192  -41.099  -74.594  20.974 0.0000000000
9372  -40.831  -74.902  20.442 0.0000000000
9389  -40.164  -75.436  19.606 0.0000000000
10223  -42.319  -74.510  18.070 0.0000000000
9423  -42.236  -75.547  17.743 0.0000000000
8502  -41.908  -75.902  17.427 0.0000000000
8544  -41.288  -76.758  15.618 0.0000000000
8523  -40.769  -76.806  16.366 0.0000000000
8501  -41.254  -76.318  17.263 0.0000000000
17560  -42.062  -66.636  16.014 0.0000000000
16528  -38.848  -67.444  18.889 0.0000000000
17495  -38.313  -67.404  19.093 0.0000000000
16507  -37.381  -67.828  19.717 0.0000000000
15632  -36.923  -68.418  20.263 0.0000000000
13874  -35.678  -70.122  20.079 0.0000000000
12967  -35.838  -71.238  19.256 0.0000000000
14782  -34.590  -69.519  18.596 0.0000000000
13918  -35.036  -70.400  18.717 0.0000000000
12988  -35.842  -71.617  18.455 0.0000000000
12121  -35.701  -72.267  16.752 0.0000000000
11183  -35.838  -72.772  15.025 0.0000000000
13970  -35.492  -69.876  14.106 0.0000000000
13038  -34.756  -70.509  15.331 0.0000000000
12140  -35.357  -71.763  14.550 0.0000000000
11194  -36.315  -73.400  14.397 0.0000000000
11223  -36.804  -73.443  12.206 0.0000000000
11235  -37.196  -73.664  11.775 0.0000000000
12172  -37.815  -72.714  11.635 0.0000000000
11245  -38.751  -73.939  10.479 0.0000000000
8483  -41.562  -75.967  17.906 0.0000000000
8500  -40.447  -76.502  17.282 0.0000000000
8503  -42.171  -75.621  17.352 0.0000000000
8524  -41.630  -76.318  16.553 0.0000000000
8543  -40.807  -77.043  15.736 0.0000000000
8564  -41.647  -76.433  14.930 0.0000000000
8565  -42.075  -75.967  15.251 0.0000000000
8617  -39.242  -76.505  10.931 0.0000000000
8648  -39.037  -76.059  10.184 0.0000000000
9356  -40.769  -74.660  21.176 0.0000000000
9374  -42.292  -75.141  19.273 0.0000000000
9411  -42.071  -75.657  18.266 0.0000000000
9412  -42.431  -75.220  18.203 0.0000000000
9424  -42.339  -75.286  17.352 0.0000000000
9433  -42.273  -75.441  16.378 0.0000000000
9446  -41.690  -75.352  15.182 0.0000000000
9447  -42.096  -75.411  15.329 0.0000000000
9448  -42.208  -75.547  15.594 0.0000000000
9470  -42.101  -75.664  15.287 0.0000000000
9514  -38.268  -75.543  11.156 0.0000000000
10145  -41.896  -73.963  23.744 0.0000000000
10146  -42.489  -73.445  24.302 0.0000000000
10179  -40.395  -74.657  22.148 0.0000000000
10209  -42.473  -74.860  18.896 0.0000000000
10222  -41.591  -74.115  17.882 0.0000000000
10233  -40.865  -74.181  17.459 0.0000000000
10250  -41.903  -74.696  16.244 0.0000000000
10272  -42.038  -74.961  15.593 0.0000000000
10273  -42.197  -75.242  15.563 0.0000000000
10319  -37.398  -74.018  11.596 0.0000000000
11110  -38.793  -73.076  19.237 0.0000000000
11125  -38.620  -73.174  18.733 0.0000000000
11127  -40.942  -73.919  18.263 0.0000000000
11129  -42.285  -74.219  18.631 0.0000000000
11147  -40.644  -73.990  17.745 0.0000000000
11169  -39.787  -73.929  17.034 0.0000000000
11236  -37.606  -73.575  11.466 0.0000000000
12055  -37.500  -71.839  20.154 0.0000000000
12086  -36.198  -72.013  18.286 0.0000000000
12088  -37.799  -72.843  18.614 0.0000000000
12089  -38.277  -72.984  18.949 0.0000000000
12107  -37.022  -72.739  17.887 0.0000000000
12157  -36.180  -71.959  12.917 0.0000000000
12899  -42.246  -71.461  24.410 0.0000000000
12900  -43.168  -71.471  24.730 0.0000000000
12911  -41.396  -71.415  23.899 0.0000000000
12924  -40.230  -71.327  22.796 0.0000000000
12937  -38.208  -71.044  21.240 0.0000000000
12939  -39.583  -71.547  21.963 0.0000000000
12951  -36.827  -71.107  20.304 0.0000000000
12954  -39.143  -71.885  21.281 0.0000000000
12968  -36.464  -71.450  19.719 0.0000000000
12970  -46.909  -70.384  19.097 0.0000000000
12971  -47.055  -70.071  19.128 0.0000000000
12991  -46.871  -70.937  18.222 0.0000000000
12992  -47.168  -70.452  18.611 0.0000000000
13005  -34.793  -70.699  17.238 0.0000000000
13007  -46.379  -71.108  17.437 0.0000000000
13008  -46.839  -71.174  17.698 0.0000000000
13009  -47.193  -71.005  17.996 0.0000000000
13014  -46.753  -71.054  17.400 0.0000000000
13015  -47.084  -71.164  17.446 0.0000000000
13016  -47.200  -71.015  17.650 0.0000000000
13021  -35.067  -71.253  15.393 0.0000000000
13058  -38.970  -71.591  12.150 0.0000000000
13790  -47.918  -68.375  23.468 0.0000000000
13812  -46.691  -68.623  22.891 0.0000000000
13814  -47.410  -68.519  23.209 0.0000000000
13815  -47.825  -68.549  22.972 0.0000000000
13816  -48.017  -68.440  23.252 0.0000000000
13836  -39.389  -70.539  22.339 0.0000000000
13837  -40.101  -70.295  22.965 0.0000000000
13839  -46.855  -68.644  22.430 0.0000000000
13841  -47.567  -68.583  22.632 0.0000000000
13877  -47.276  -69.385  20.499 0.0000000000
13878  -47.479  -69.403  20.349 0.0000000000
13896  -34.937  -69.991  19.140 0.0000000000
13897  -35.437  -70.417  19.542 0.0000000000
13898  -35.892  -70.979  19.745 0.0000000000
13899  -45.983  -69.919  18.857 0.0000000000
13901  -47.190  -69.842  20.034 0.0000000000
13919  -35.442  -70.960  18.857 0.0000000000
13920  -46.011  -69.883  17.951 0.0000000000
13921  -45.935  -70.000  18.310 0.0000000000
13922  -46.409  -70.741  18.410 0.0000000000
13923  -47.309  -69.738  19.283 0.0000000000
13924  -47.594  -69.480  19.629 0.0000000000
13932  -35.268  -70.956  18.255 0.0000000000
13934  -46.555  -70.350  17.920 0.0000000000
13935  -46.956  -69.984  18.017 0.0000000000
13936  -47.027  -70.076  18.496 0.0000000000
13938  -46.976  -70.840  17.164 0.0000000000
13939  -46.900  -70.834  17.673 0.0000000000
13940  -47.239  -70.708  17.965 0.0000000000
14662  -47.732  -68.361  23.635 0.0000000000
14685  -42.688  -69.250  23.922 0.0000000000
14689  -46.758  -68.613  23.953 0.0000000000
14721  -37.884  -69.666  21.440 0.0000000000
14723  -38.775  -69.133  21.684 0.0000000000
14738  -35.901  -69.718  20.309 0.0000000000
14741  -45.110  -69.193  19.847 0.0000000000
14744  -46.280  -69.736  19.820 0.0000000000
14763  -35.499  -69.703  19.976 0.0000000000
14766  -45.860  -69.778  18.954 0.0000000000
14767  -46.298  -69.866  19.341 0.0000000000
14768  -46.611  -69.772  19.943 0.0000000000
14769  -47.814  -69.141  20.463 0.0000000000
14783  -43.100  -69.353  17.206 0.0000000000
14787  -45.911  -69.840  18.677 0.0000000000
14789  -47.869  -69.232  19.813 0.0000000000
14790  -48.029  -68.950  20.493 0.0000000000
14798  -46.213  -69.594  17.928 0.0000000000
14800  -47.291  -69.454  18.673 0.0000000000
14801  -47.831  -69.030  19.257 0.0000000000
14816  -44.042  -68.965  16.649 0.0000000000
15514  -48.901  -67.280  24.751 0.0000000000
15533  -48.824  -67.371  24.317 0.0000000000
15545  -40.394  -68.955  22.584 0.0000000000
15552  -48.534  -68.036  23.107 0.0000000000
15570  -48.489  -68.067  22.752 0.0000000000
15571  -48.557  -67.867  22.651 0.0000000000
15583  -38.403  -68.896  21.405 0.0000000000
15590  -45.272  -68.898  20.988 0.0000000000
15591  -45.694  -68.958  21.145 0.0000000000
15606  -36.156  -69.340  20.473 0.0000000000
15607  -36.617  -69.103  20.692 0.0000000000
15608  -37.599  -68.836  21.054 0.0000000000
15611  -39.692  -68.188  20.552 0.0000000000
15614  -43.770  -68.588  20.236 0.0000000000
15616  -45.193  -69.068  20.303 0.0000000000
15635  -41.177  -68.387  18.526 0.0000000000
15639  -44.770  -69.181  19.475 0.0000000000
15642  -48.129  -67.442  21.407 0.0000000000
15652  -45.804  -68.476  18.179 0.0000000000
15655  -47.613  -68.298  19.772 0.0000000000
15657  -48.032  -68.702  20.525 0.0000000000
15670  -41.149  -68.224  17.214 0.0000000000
15671  -41.656  -68.554  17.106 0.0000000000
15673  -44.769  -68.244  17.266 0.0000000000
15677  -47.311  -68.888  18.713 0.0000000000
15696  -42.404  -68.468  16.562 0.0000000000
15726  -36.058  -68.173  13.825 0.0000000000
16412  -48.712  -67.331  25.984 0.0000000000
16421  -48.929  -67.027  25.387 0.0000000000
16434  -49.098  -67.148  23.920 0.0000000000
16450  -48.876  -67.344  23.146 0.0000000000
16466  -48.505  -67.490  22.309 0.0000000000
16483  -40.828  -68.071  20.443 0.0000000000
16495  -38.869  -68.149  20.340 0.0000000000
16500  -46.913  -66.804  20.685 0.0000000000
16508  -38.447  -67.849  19.808 0.0000000000
16512  -45.149  -67.449  18.852 0.0000000000
16549  -39.907  -67.338  17.662 0.0000000000
16553  -44.416  -67.783  17.483 0.0000000000
17417  -48.875  -66.718  24.956 0.0000000000
17418  -49.084  -66.899  24.530 0.0000000000
17419  -49.254  -67.030  24.024 0.0000000000
17432  -48.666  -66.360  24.718 0.0000000000
17433  -48.820  -66.547  24.657 0.0000000000
17434  -49.499  -66.964  24.221 0.0000000000
17444  -48.160  -65.804  23.066 0.0000000000
17445  -48.455  -66.284  23.065 0.0000000000
17446  -48.882  -66.781  23.377 0.0000000000
17447  -49.023  -66.957  23.495 0.0000000000
17453  -48.518  -66.747  22.620 0.0000000000
17461  -46.781  -66.207  21.446 0.0000000000
17464  -48.280  -66.942  21.940 0.0000000000
17465  -48.359  -67.139  22.030 0.0000000000
17472  -46.010  -66.409  20.633 0.0000000000
17473  -46.647  -66.410  21.030 0.0000000000
17474  -47.164  -66.523  21.256 0.0000000000
17475  -47.480  -66.579  21.418 0.0000000000
17498  -45.773  -66.873  20.034 0.0000000000
18446  -49.029  -66.394  24.759 0.0000000000
18461  -49.084  -66.777  24.313 0.0000000000
18462  -49.844  -66.962  23.903 0.0000000000
18472  -47.673  -65.477  23.164 0.0000000000
18474  -48.598  -66.322  23.590 0.0000000000
18475  -48.906  -66.652  23.809 0.0000000000
18476  -49.263  -66.925  23.937 0.0000000000
18483  -46.304  -65.542  22.352 0.0000000000
18484  -46.945  -65.615  22.681 0.0000000000
18485  -47.621  -65.620  22.807 0.0000000000
18486  -48.008  -65.924  22.639 0.0000000000
18488  -48.743  -66.586  23.384 0.0000000000
18499  -47.634  -65.883  22.351 0.0000000000
19444  -47.283  -65.430  24.029 0.0000000000
19446  -48.320  -65.829  24.056 0.0000000000
19455  -44.301  -64.561  22.636 0.0000000000
19458  -46.890  -65.422  23.464 0.0000000000
19459  -47.660  -65.485  23.466 0.0000000000
19460  -48.126  -65.688  23.493 0.0000000000
19461  -48.411  -66.000  23.783 0.0000000000
19472  -47.804  -65.472  23.202 0.0000000000
20461  -43.929  -64.144  24.236 0.0000000000
21538  -42.060  -62.343  20.346 0.0000000000
22593  -40.765  -61.210  20.653 0.0000000000
23714  -43.232  -60.929  18.748 0.0000000000
24863  -39.412  -58.962  20.685 0.0000000000
25965  -40.844  -58.027  20.114 0.0000000000
147864  -46.845  -68.953  21.283 0.0000000000
147866  -48.276  -68.172  22.368 0.0000000000
147867  -47.007  -69.266  20.749 0.0000000000
147869  -48.536  -68.103  22.466 0.0000000000
147872  -47.340  -66.756  21.053 0.0000000000
147873  -48.180  -68.208  21.869 0.0000000000
147874  -48.298  -68.040  22.035 0.0000000000
147875  -48.220  -67.105  21.779 0.0000000000
147876  -48.313  -67.870  21.852 0.0000000000
147877  -48.194  -68.170  21.610 0.0000000000
147878  -48.467  -67.784  22.299 0.0000000000
147879  -48.406  -68.029  22.235 0.0000000000
