#!ascii label  , from subject 3006 vox2ras=TkReg
1074
74501  18.137  -21.297  79.750 0.0000000000
66575  11.829  -28.242  65.188 0.0000000000
71794  11.083  -24.296  82.870 0.0000000000
75893  10.476  -20.845  76.591 0.0000000000
77341  5.202  -18.958  68.807 0.0000000000
74478  15.821  -21.586  83.693 0.0000000000
77242  13.063  -19.459  81.810 0.0000000000
69205  20.893  -25.216  78.296 0.0000000000
66320  16.162  -26.059  80.638 0.0000000000
64969  12.266  -27.193  81.900 0.0000000000
78514  7.433  -17.675  77.223 0.0000000000
73206  7.639  -21.893  72.676 0.0000000000
82242  6.456  -16.167  74.374 0.0000000000
70555  8.914  -25.709  78.381 0.0000000000
69247  11.173  -25.316  75.872 0.0000000000
73112  12.217  -22.646  80.295 0.0000000000
77250  10.362  -18.993  79.168 0.0000000000
71869  13.303  -23.626  71.685 0.0000000000
71942  10.847  -22.058  66.142 0.0000000000
73279  7.133  -21.542  63.284 0.0000000000
83624  6.543  -16.188  66.946 0.0000000000
74489  16.666  -21.961  81.867 0.0000000000
77247  15.932  -19.709  81.223 0.0000000000
71811  19.409  -23.039  79.337 0.0000000000
67841  18.152  -25.168  78.906 0.0000000000
70526  17.199  -23.564  80.867 0.0000000000
69188  16.091  -24.205  81.992 0.0000000000
80980  7.238  -16.787  76.106 0.0000000000
70527  10.251  -25.344  80.956 0.0000000000
71816  10.627  -24.903  80.048 0.0000000000
71796  11.628  -23.555  81.631 0.0000000000
79749  12.812  -17.770  79.133 0.0000000000
77248  11.733  -18.722  80.063 0.0000000000
67813  11.597  -26.034  83.815 0.0000000000
64975  10.109  -27.727  81.484 0.0000000000
69191  10.012  -26.015  82.091 0.0000000000
67842  8.650  -26.630  79.355 0.0000000000
71838  13.181  -23.255  77.083 0.0000000000
70594  12.859  -24.633  73.961 0.0000000000
73156  12.289  -22.178  74.850 0.0000000000
74614  5.419  -20.919  70.885 0.0000000000
71889  9.308  -22.094  70.549 0.0000000000
73260  7.473  -20.986  67.987 0.0000000000
71968  8.548  -21.905  64.642 0.0000000000
74653  7.029  -19.529  66.198 0.0000000000
73084  12.836  -22.837  85.938 0.0000000000
75853  12.709  -21.570  84.050 0.0000000000
77230  14.588  -19.877  83.479 0.0000000000
78502  14.252  -18.269  79.686 0.0000000000
66353  22.000  -27.153  77.111 0.0000000000
67888  19.449  -25.183  75.434 0.0000000000
66357  19.378  -25.602  77.530 0.0000000000
66359  16.819  -26.091  78.004 0.0000000000
66323  14.653  -26.668  81.174 0.0000000000
67804  13.884  -24.987  83.513 0.0000000000
74536  8.155  -19.632  76.335 0.0000000000
73171  9.170  -21.592  74.889 0.0000000000
75915  7.789  -19.287  75.448 0.0000000000
77301  6.374  -18.875  73.249 0.0000000000
79830  4.954  -17.661  72.783 0.0000000000
75891  19.423  -20.963  77.340 0.0000000000
69277  23.737  -25.390  74.480 0.0000000000
70577  25.269  -24.917  76.098 0.0000000000
70565  22.587  -24.231  77.914 0.0000000000
73135  21.081  -22.370  77.795 0.0000000000
67878  7.203  -26.810  76.643 0.0000000000
69286  8.475  -26.835  75.117 0.0000000000
70571  9.924  -25.057  77.598 0.0000000000
70536  12.405  -24.331  78.610 0.0000000000
74502  12.275  -21.722  79.077 0.0000000000
75861  12.309  -20.579  81.170 0.0000000000
75867  11.504  -20.263  79.854 0.0000000000
74505  9.939  -20.195  78.259 0.0000000000
77252  8.340  -18.576  78.141 0.0000000000
69315  10.440  -26.388  73.276 0.0000000000
67945  12.184  -26.246  71.236 0.0000000000
69369  12.966  -25.669  68.151 0.0000000000
73202  10.527  -22.823  72.185 0.0000000000
73236  12.262  -22.705  68.781 0.0000000000
70684  13.027  -24.596  64.862 0.0000000000
71991  10.478  -23.236  62.778 0.0000000000
72008  8.309  -23.189  61.964 0.0000000000
83544  7.122  -15.628  72.940 0.0000000000
81050  6.114  -16.620  71.032 0.0000000000
82298  7.572  -15.683  69.670 0.0000000000
79857  4.802  -17.241  68.335 0.0000000000
77378  4.988  -19.231  65.070 0.0000000000
75864  17.211  -21.018  80.540 0.0000000000
75874  17.011  -20.457  80.005 0.0000000000
77260  17.353  -19.674  78.891 0.0000000000
73114  18.589  -22.334  79.667 0.0000000000
71812  18.539  -23.228  79.805 0.0000000000
73109  18.067  -22.153  80.209 0.0000000000
73107  16.914  -22.531  81.656 0.0000000000
65112  10.596  -28.546  63.776 0.0000000000
66594  12.097  -27.783  64.060 0.0000000000
70523  10.291  -25.388  81.767 0.0000000000
71803  10.678  -24.747  81.433 0.0000000000
73105  11.141  -24.135  82.439 0.0000000000
66396  19.982  -24.684  74.172 0.0000000000
69185  11.424  -25.302  83.487 0.0000000000
67815  10.623  -25.826  82.395 0.0000000000
69190  10.247  -25.765  82.126 0.0000000000
70528  9.772  -25.839  81.301 0.0000000000
73138  11.844  -21.887  76.878 0.0000000000
73136  12.844  -22.616  76.180 0.0000000000
73148  11.463  -21.764  76.185 0.0000000000
74622  5.918  -20.613  69.661 0.0000000000
74621  6.906  -20.659  69.478 0.0000000000
74634  6.860  -19.918  68.692 0.0000000000
74643  7.375  -20.327  67.657 0.0000000000
76003  6.433  -18.995  68.282 0.0000000000
73081  14.871  -22.030  85.232 0.0000000000
77221  13.817  -19.854  85.749 0.0000000000
77218  15.410  -20.575  84.004 0.0000000000
78489  15.060  -18.761  80.586 0.0000000000
79758  14.481  -17.712  78.543 0.0000000000
67847  21.444  -26.131  77.876 0.0000000000
66356  20.396  -25.767  77.448 0.0000000000
66333  19.651  -25.525  78.059 0.0000000000
66327  17.045  -26.064  79.789 0.0000000000
66335  17.360  -26.010  79.047 0.0000000000
66336  16.567  -26.332  79.569 0.0000000000
66321  15.573  -26.335  80.777 0.0000000000
70508  15.850  -22.924  83.076 0.0000000000
67808  15.042  -24.821  82.742 0.0000000000
70510  14.654  -23.360  83.535 0.0000000000
69171  13.634  -23.748  83.841 0.0000000000
75888  7.349  -19.052  76.961 0.0000000000
74554  7.986  -19.574  75.773 0.0000000000
77266  7.752  -18.651  75.940 0.0000000000
80984  6.796  -16.088  75.715 0.0000000000
78535  7.055  -18.039  74.532 0.0000000000
79806  6.400  -17.359  74.334 0.0000000000
78557  5.189  -18.596  73.239 0.0000000000
81028  5.314  -16.794  73.277 0.0000000000
69229  22.716  -25.131  77.556 0.0000000000
70573  8.301  -25.561  77.630 0.0000000000
70585  8.539  -25.400  77.153 0.0000000000
70572  9.021  -25.218  77.687 0.0000000000
71807  11.747  -23.619  80.151 0.0000000000
70537  11.496  -24.744  79.017 0.0000000000
71806  12.352  -23.066  79.655 0.0000000000
73115  12.563  -22.468  79.010 0.0000000000
74495  12.383  -21.771  79.772 0.0000000000
77237  13.296  -20.030  82.989 0.0000000000
75857  12.540  -21.188  82.800 0.0000000000
75860  12.538  -19.904  81.473 0.0000000000
77249  11.253  -18.812  79.741 0.0000000000
75862  11.508  -19.763  80.027 0.0000000000
75868  10.757  -19.650  79.186 0.0000000000
75877  10.787  -20.132  78.944 0.0000000000
75869  9.485  -19.438  78.478 0.0000000000
75879  8.658  -19.556  78.010 0.0000000000
77251  9.186  -18.769  78.471 0.0000000000
67889  18.385  -25.521  75.585 0.0000000000
67902  18.444  -25.703  74.679 0.0000000000
64981  12.699  -28.039  80.998 0.0000000000
63724  12.127  -28.049  79.612 0.0000000000
64982  11.709  -28.123  80.715 0.0000000000
66324  9.261  -27.612  81.357 0.0000000000
64984  9.829  -28.078  80.810 0.0000000000
69217  8.857  -26.080  78.790 0.0000000000
69232  7.382  -26.505  77.634 0.0000000000
69268  9.812  -26.163  75.619 0.0000000000
69301  9.479  -26.803  74.156 0.0000000000
69283  10.780  -26.033  74.576 0.0000000000
70598  13.276  -24.101  72.774 0.0000000000
69313  11.965  -25.769  72.466 0.0000000000
69327  12.899  -25.419  71.463 0.0000000000
67983  12.373  -26.100  69.510 0.0000000000
69355  13.530  -25.011  69.620 0.0000000000
73189  8.563  -21.414  73.402 0.0000000000
74590  9.727  -21.789  73.514 0.0000000000
73204  8.946  -22.586  72.753 0.0000000000
71913  9.659  -21.637  68.530 0.0000000000
73238  11.136  -22.137  69.678 0.0000000000
71911  11.237  -22.094  67.935 0.0000000000
71925  12.837  -23.368  66.937 0.0000000000
71952  11.962  -22.872  65.233 0.0000000000
71975  11.850  -23.421  63.725 0.0000000000
71965  10.561  -22.731  64.443 0.0000000000
71969  8.079  -21.413  64.497 0.0000000000
71979  8.800  -22.320  63.668 0.0000000000
71995  8.022  -22.665  62.874 0.0000000000
83543  7.504  -15.189  72.742 0.0000000000
82279  6.503  -15.781  72.019 0.0000000000
82278  7.212  -15.429  71.198 0.0000000000
83608  7.718  -15.418  67.680 0.0000000000
83593  6.445  -15.365  67.986 0.0000000000
82301  5.653  -15.859  68.625 0.0000000000
82319  4.978  -16.029  67.393 0.0000000000
78608  5.123  -17.995  66.600 0.0000000000
79886  5.168  -17.375  65.876 0.0000000000
74482  16.235  -21.837  82.897 0.0000000000
75850  16.112  -20.950  82.755 0.0000000000
75859  16.387  -20.656  81.490 0.0000000000
70533  19.829  -23.921  79.121 0.0000000000
67840  19.285  -25.196  78.358 0.0000000000
70534  18.910  -23.818  79.431 0.0000000000
69195  17.411  -24.758  80.041 0.0000000000
67830  16.513  -25.270  80.664 0.0000000000
67825  15.803  -25.406  81.299 0.0000000000
70522  16.718  -23.367  81.758 0.0000000000
73101  16.876  -22.572  82.224 0.0000000000
80973  6.351  -16.539  78.249 0.0000000000
79773  7.229  -16.965  77.068 0.0000000000
82209  6.556  -15.735  77.281 0.0000000000
82215  6.741  -15.602  76.378 0.0000000000
83482  6.920  -14.982  76.069 0.0000000000
70540  9.547  -26.007  79.308 0.0000000000
70539  10.049  -25.618  79.263 0.0000000000
71809  10.611  -24.738  80.709 0.0000000000
71802  11.093  -24.202  81.175 0.0000000000
73108  12.062  -22.632  81.127 0.0000000000
78491  13.187  -18.483  80.270 0.0000000000
78486  12.802  -18.907  80.815 0.0000000000
78492  12.242  -18.523  80.143 0.0000000000
78493  11.442  -18.326  79.677 0.0000000000
78494  10.605  -18.330  79.195 0.0000000000
78495  9.669  -18.310  78.638 0.0000000000
66305  12.077  -26.811  82.597 0.0000000000
66315  11.582  -27.038  81.941 0.0000000000
66306  11.315  -26.357  82.494 0.0000000000
66317  9.528  -27.141  81.739 0.0000000000
67828  9.072  -27.015  81.153 0.0000000000
67837  9.007  -26.914  79.844 0.0000000000
69198  9.199  -26.355  80.858 0.0000000000
70532  9.604  -25.991  80.367 0.0000000000
70568  12.477  -24.566  76.822 0.0000000000
69265  12.122  -25.319  75.065 0.0000000000
70579  13.055  -24.124  75.563 0.0000000000
71849  13.477  -23.378  74.092 0.0000000000
73166  13.144  -22.755  73.417 0.0000000000
73219  6.501  -22.035  72.252 0.0000000000
71882  8.432  -22.500  71.655 0.0000000000
73228  7.497  -21.629  70.776 0.0000000000
71915  8.236  -21.334  69.224 0.0000000000
71930  9.068  -21.702  67.685 0.0000000000
71955  9.457  -22.217  65.501 0.0000000000
71957  8.238  -21.395  65.879 0.0000000000
73270  7.815  -20.755  65.496 0.0000000000
74663  6.835  -20.378  64.671 0.0000000000
84909  7.305  -16.001  66.696 0.0000000000
82366  6.474  -17.195  65.294 0.0000000000
83651  7.226  -16.559  65.339 0.0000000000
71787  12.092  -23.507  84.274 0.0000000000
74485  11.919  -22.693  84.388 0.0000000000
75843  12.422  -21.452  85.764 0.0000000000
75846  13.590  -20.526  84.292 0.0000000000
77236  13.896  -19.602  82.834 0.0000000000
77234  15.478  -19.837  82.494 0.0000000000
78484  14.534  -18.962  81.202 0.0000000000
78485  13.623  -18.911  81.092 0.0000000000
79748  13.816  -17.982  79.211 0.0000000000
67872  21.488  -25.836  76.525 0.0000000000
67887  20.812  -25.256  75.666 0.0000000000
67873  20.502  -25.535  76.424 0.0000000000
66334  18.297  -25.460  78.425 0.0000000000
66358  18.170  -25.691  77.766 0.0000000000
67861  16.725  -26.070  77.344 0.0000000000
64989  14.137  -27.303  80.402 0.0000000000
64971  13.316  -26.991  81.659 0.0000000000
66300  15.091  -25.797  81.597 0.0000000000
67819  14.187  -25.649  82.510 0.0000000000
66296  12.725  -25.997  82.813 0.0000000000
67805  13.135  -25.221  83.455 0.0000000000
70511  12.662  -23.969  83.868 0.0000000000
75895  9.409  -20.247  76.869 0.0000000000
73150  9.532  -21.359  75.449 0.0000000000
74552  8.659  -20.586  75.661 0.0000000000
74561  7.989  -20.496  75.089 0.0000000000
73191  7.750  -20.458  73.742 0.0000000000
78523  7.697  -18.172  75.614 0.0000000000
75931  7.087  -19.106  74.291 0.0000000000
75959  6.335  -20.341  72.836 0.0000000000
75972  5.513  -20.241  72.615 0.0000000000
77331  4.735  -19.403  71.230 0.0000000000
78578  4.768  -18.496  70.901 0.0000000000
75883  18.655  -20.694  78.370 0.0000000000
69278  22.792  -25.240  74.699 0.0000000000
69238  26.375  -25.346  75.366 0.0000000000
70561  26.056  -24.670  75.926 0.0000000000
69239  25.308  -25.297  75.580 0.0000000000
69258  24.540  -25.447  75.139 0.0000000000
69260  22.700  -25.414  75.672 0.0000000000
69261  21.851  -25.530  75.962 0.0000000000
69214  22.065  -25.509  77.885 0.0000000000
69215  21.538  -25.128  78.229 0.0000000000
70547  21.946  -23.755  78.183 0.0000000000
70549  20.593  -24.223  78.805 0.0000000000
71826  19.940  -23.085  79.020 0.0000000000
74512  19.526  -21.569  78.229 0.0000000000
69249  9.528  -25.636  76.342 0.0000000000
70583  10.104  -24.941  76.766 0.0000000000
70554  9.853  -25.474  78.384 0.0000000000
70570  10.859  -24.841  77.424 0.0000000000
70569  11.753  -24.726  77.165 0.0000000000
71828  13.014  -23.612  77.812 0.0000000000
73124  12.693  -22.630  78.171 0.0000000000
74515  11.592  -21.383  78.315 0.0000000000
73098  12.075  -22.473  82.767 0.0000000000
73103  12.029  -22.749  82.122 0.0000000000
74492  12.362  -21.719  81.245 0.0000000000
77243  12.053  -19.315  80.580 0.0000000000
75866  12.088  -20.897  80.308 0.0000000000
74496  12.354  -21.599  80.299 0.0000000000
74503  11.703  -21.124  79.244 0.0000000000
74516  10.889  -20.790  78.200 0.0000000000
74533  10.331  -20.591  77.556 0.0000000000
74518  9.273  -20.146  77.366 0.0000000000
75880  7.828  -19.197  77.543 0.0000000000
77254  7.518  -18.093  77.662 0.0000000000
78507  9.002  -17.662  78.376 0.0000000000
79755  7.498  -16.979  78.549 0.0000000000
79756  7.058  -16.900  78.138 0.0000000000
63731  11.471  -28.541  78.943 0.0000000000
64983  10.709  -28.166  80.965 0.0000000000
69298  11.615  -25.485  73.497 0.0000000000
67927  11.178  -26.316  72.318 0.0000000000
68027  12.663  -26.950  66.654 0.0000000000
73169  10.507  -21.829  74.664 0.0000000000
73185  11.270  -22.264  73.026 0.0000000000
73200  12.479  -22.703  71.711 0.0000000000
71880  9.763  -22.549  71.040 0.0000000000
73216  11.705  -22.529  71.108 0.0000000000
71886  13.103  -22.981  70.044 0.0000000000
70633  13.453  -24.369  68.146 0.0000000000
69397  13.605  -25.200  66.855 0.0000000000
68041  13.159  -26.639  65.375 0.0000000000
69429  12.457  -26.021  63.715 0.0000000000
71978  9.444  -22.510  63.629 0.0000000000
72006  9.358  -23.185  62.290 0.0000000000
83493  7.058  -15.115  75.263 0.0000000000
83509  7.446  -14.754  74.182 0.0000000000
82253  6.658  -15.831  74.033 0.0000000000
82269  5.788  -16.253  72.707 0.0000000000
81051  5.536  -17.158  71.312 0.0000000000
79847  4.881  -17.608  70.602 0.0000000000
81058  6.620  -16.161  69.723 0.0000000000
81068  5.266  -16.500  68.980 0.0000000000
78592  5.025  -18.045  68.636 0.0000000000
77360  5.815  -18.344  66.779 0.0000000000
76032  5.650  -19.718  65.256 0.0000000000
76038  5.153  -20.165  64.405 0.0000000000
77393  4.822  -19.336  63.219 0.0000000000
74494  17.802  -21.546  80.336 0.0000000000
75873  17.736  -20.688  79.557 0.0000000000
74500  18.529  -21.375  79.151 0.0000000000
65100  11.335  -28.548  65.721 0.0000000000
65101  10.650  -28.782  65.085 0.0000000000
66576  11.303  -28.353  64.244 0.0000000000
71798  10.801  -24.650  82.169 0.0000000000
69279  21.812  -25.106  74.929 0.0000000000
67899  21.197  -24.673  74.031 0.0000000000
67900  20.788  -24.740  74.704 0.0000000000
70518  11.038  -24.831  83.105 0.0000000000
69186  10.864  -25.409  82.743 0.0000000000
70521  10.650  -25.032  82.500 0.0000000000
74548  11.495  -21.646  76.778 0.0000000000
74549  10.877  -21.289  76.520 0.0000000000
75992  5.590  -19.797  69.132 0.0000000000
74479  15.619  -21.629  84.394 0.0000000000
75840  15.705  -21.016  84.611 0.0000000000
75839  15.634  -20.925  83.965 0.0000000000
67848  21.148  -25.593  78.153 0.0000000000
67838  20.984  -25.991  77.902 0.0000000000
67839  20.553  -25.627  78.118 0.0000000000
66319  16.647  -25.990  80.336 0.0000000000
66328  16.402  -26.276  80.103 0.0000000000
64996  16.046  -26.433  79.700 0.0000000000
66329  15.818  -26.393  80.289 0.0000000000
64987  15.258  -26.590  80.452 0.0000000000
71783  16.011  -22.403  83.117 0.0000000000
70509  15.276  -23.107  83.295 0.0000000000
71785  14.812  -22.522  83.757 0.0000000000
71777  14.567  -22.422  84.653 0.0000000000
77258  7.425  -18.406  77.367 0.0000000000
77262  7.507  -18.491  76.697 0.0000000000
80998  6.705  -16.486  74.867 0.0000000000
81015  5.902  -16.729  74.131 0.0000000000
79818  5.415  -17.567  73.793 0.0000000000
75856  12.748  -20.281  82.326 0.0000000000
77245  10.908  -19.350  79.401 0.0000000000
64972  12.779  -27.555  81.656 0.0000000000
64973  12.036  -27.707  81.678 0.0000000000
66325  9.232  -27.332  81.121 0.0000000000
64985  9.095  -27.928  80.919 0.0000000000
69218  8.063  -26.238  78.409 0.0000000000
70556  8.160  -25.728  78.015 0.0000000000
69231  7.776  -25.982  77.629 0.0000000000
69248  10.357  -25.425  76.075 0.0000000000
69267  10.619  -25.948  75.407 0.0000000000
69266  11.402  -25.715  75.207 0.0000000000
70601  13.257  -24.186  72.033 0.0000000000
70602  13.031  -24.652  72.282 0.0000000000
70606  13.188  -24.690  71.766 0.0000000000
69340  13.415  -24.998  70.638 0.0000000000
70605  13.384  -24.454  71.216 0.0000000000
73190  8.066  -20.934  73.503 0.0000000000
73188  9.062  -21.903  73.140 0.0000000000
73205  8.397  -22.131  72.783 0.0000000000
71929  9.813  -21.776  67.409 0.0000000000
71912  10.484  -21.772  68.342 0.0000000000
71928  10.616  -21.916  67.182 0.0000000000
71927  11.393  -22.301  67.046 0.0000000000
71953  11.066  -22.574  65.270 0.0000000000
71954  10.211  -22.399  65.367 0.0000000000
71981  7.636  -21.859  63.519 0.0000000000
83525  7.840  -14.460  73.126 0.0000000000
83542  7.797  -14.694  72.411 0.0000000000
83557  7.293  -15.259  72.068 0.0000000000
83556  7.732  -14.873  71.542 0.0000000000
83609  7.051  -15.556  67.674 0.0000000000
83592  7.184  -15.516  68.139 0.0000000000
83610  6.381  -15.678  67.540 0.0000000000
82318  5.631  -15.614  67.694 0.0000000000
82325  5.693  -16.197  67.033 0.0000000000
81092  4.871  -16.811  66.580 0.0000000000
81091  5.286  -16.913  66.342 0.0000000000
74486  16.476  -21.960  82.460 0.0000000000
75849  16.251  -21.424  82.608 0.0000000000
75854  16.375  -21.403  82.038 0.0000000000
77261  16.891  -19.648  79.351 0.0000000000
71810  19.925  -23.357  79.074 0.0000000000
70529  17.880  -23.535  80.229 0.0000000000
69201  17.786  -24.208  80.023 0.0000000000
69202  17.517  -23.913  80.448 0.0000000000
67829  17.061  -24.981  80.312 0.0000000000
69196  17.108  -24.269  80.642 0.0000000000
69192  16.555  -24.147  81.263 0.0000000000
70525  16.935  -23.551  81.320 0.0000000000
73106  16.927  -22.754  81.914 0.0000000000
73102  16.780  -22.233  81.910 0.0000000000
73097  16.532  -22.353  82.641 0.0000000000
80976  6.547  -16.425  77.567 0.0000000000
83472  6.762  -14.995  76.936 0.0000000000
70531  10.219  -25.431  80.135 0.0000000000
71797  11.124  -24.197  81.893 0.0000000000
71801  11.664  -23.524  80.852 0.0000000000
78503  12.675  -18.185  79.757 0.0000000000
78504  11.989  -17.993  79.473 0.0000000000
78505  11.026  -17.846  78.976 0.0000000000
78506  9.987  -17.834  78.589 0.0000000000
66298  11.802  -26.567  83.492 0.0000000000
66299  11.535  -26.208  83.267 0.0000000000
66308  9.951  -26.584  82.122 0.0000000000
67823  9.623  -26.473  81.856 0.0000000000
66318  9.198  -27.044  81.536 0.0000000000
67827  9.332  -26.723  81.514 0.0000000000
67832  8.999  -26.806  81.057 0.0000000000
71827  13.265  -23.778  77.025 0.0000000000
70567  13.020  -24.194  76.491 0.0000000000
71837  13.157  -23.305  76.268 0.0000000000
73146  12.875  -22.699  75.479 0.0000000000
71844  13.153  -23.392  75.096 0.0000000000
73155  13.008  -22.688  74.478 0.0000000000
74606  5.829  -21.561  71.536 0.0000000000
73229  6.678  -21.723  71.121 0.0000000000
73252  7.555  -20.978  69.115 0.0000000000
73251  7.862  -21.174  69.298 0.0000000000
71932  7.887  -21.245  68.449 0.0000000000
71931  8.403  -21.506  68.048 0.0000000000
71945  8.573  -21.659  66.840 0.0000000000
71946  7.965  -21.353  67.323 0.0000000000
74652  7.376  -20.231  66.464 0.0000000000
74657  7.261  -20.202  65.326 0.0000000000
84892  8.226  -15.144  67.003 0.0000000000
84907  7.799  -15.541  66.202 0.0000000000
84908  7.556  -15.797  66.454 0.0000000000
83640  7.635  -15.984  65.840 0.0000000000
71781  12.293  -23.193  84.726 0.0000000000
73090  12.058  -22.713  85.202 0.0000000000
74476  12.405  -22.445  86.022 0.0000000000
77225  14.567  -19.983  84.241 0.0000000000
77226  13.926  -20.005  84.725 0.0000000000
77231  13.864  -20.133  83.717 0.0000000000
77235  14.744  -19.599  82.681 0.0000000000
77238  16.126  -20.115  81.649 0.0000000000
77233  15.968  -20.289  82.318 0.0000000000
77239  15.638  -19.636  81.602 0.0000000000
78490  14.169  -18.557  80.375 0.0000000000
79744  13.715  -18.307  79.839 0.0000000000
66369  21.814  -26.729  76.834 0.0000000000
66370  21.181  -26.271  76.929 0.0000000000
66372  19.849  -25.615  77.082 0.0000000000
67858  19.327  -25.571  77.038 0.0000000000
66348  16.841  -26.303  78.899 0.0000000000
66347  17.702  -25.772  78.385 0.0000000000
65015  15.611  -26.760  77.995 0.0000000000
64978  14.848  -26.730  80.788 0.0000000000
64979  14.214  -27.070  81.124 0.0000000000
64980  13.564  -27.730  81.167 0.0000000000
64970  13.865  -26.836  81.544 0.0000000000
67816  16.094  -24.377  81.647 0.0000000000
67817  15.834  -24.742  81.689 0.0000000000
67809  14.518  -25.063  83.088 0.0000000000
67810  13.491  -25.561  82.969 0.0000000000
66295  13.326  -25.886  82.581 0.0000000000
67811  12.579  -25.902  83.293 0.0000000000
71779  13.294  -22.863  85.036 0.0000000000
69173  12.899  -23.946  83.829 0.0000000000
70506  12.726  -23.546  84.145 0.0000000000
71786  12.255  -23.493  84.445 0.0000000000
74535  8.752  -20.048  76.456 0.0000000000
75914  9.036  -20.248  76.310 0.0000000000
74562  7.787  -19.885  75.161 0.0000000000
73174  7.877  -20.400  74.396 0.0000000000
74580  7.629  -20.164  74.328 0.0000000000
79774  7.381  -17.091  76.338 0.0000000000
78518  7.584  -17.805  76.431 0.0000000000
78519  7.578  -17.593  75.890 0.0000000000
77288  6.829  -18.734  74.064 0.0000000000
75947  6.908  -19.304  73.803 0.0000000000
75946  7.023  -19.893  73.616 0.0000000000
75960  6.440  -19.655  72.985 0.0000000000
75971  5.832  -20.633  72.596 0.0000000000
77312  5.675  -19.342  72.840 0.0000000000
77325  4.851  -19.470  72.422 0.0000000000
78571  4.810  -18.560  72.076 0.0000000000
79838  4.983  -17.725  71.695 0.0000000000
75882  19.146  -20.897  77.898 0.0000000000
75892  18.892  -20.542  77.686 0.0000000000
69295  22.925  -25.215  73.703 0.0000000000
70562  25.294  -24.307  76.489 0.0000000000
70576  25.743  -25.065  75.750 0.0000000000
69240  24.436  -25.125  75.957 0.0000000000
69241  23.501  -25.223  76.249 0.0000000000
69242  22.594  -25.581  76.693 0.0000000000
69230  22.247  -24.934  78.053 0.0000000000
70566  21.953  -24.451  78.193 0.0000000000
71823  21.912  -23.055  78.015 0.0000000000
71824  21.324  -23.206  78.366 0.0000000000
70548  21.307  -24.132  78.525 0.0000000000
71825  20.468  -23.356  78.797 0.0000000000
73122  20.629  -22.403  78.208 0.0000000000
74529  20.017  -21.556  77.523 0.0000000000
74499  19.039  -21.572  78.734 0.0000000000
67891  7.350  -26.903  76.045 0.0000000000
70584  9.212  -25.097  76.961 0.0000000000
69250  8.703  -25.853  76.592 0.0000000000
70538  10.681  -25.193  79.265 0.0000000000
70552  11.695  -24.872  78.073 0.0000000000
70551  12.528  -24.545  77.685 0.0000000000
74514  12.275  -21.952  78.318 0.0000000000
74530  12.354  -22.173  77.757 0.0000000000
74488  11.890  -22.655  83.971 0.0000000000
73099  11.741  -23.135  83.152 0.0000000000
74487  12.172  -22.158  83.398 0.0000000000
74490  12.315  -21.826  82.274 0.0000000000
75875  11.937  -20.992  79.848 0.0000000000
75876  11.487  -20.611  79.483 0.0000000000
74504  10.839  -20.480  78.656 0.0000000000
74517  10.058  -20.438  77.869 0.0000000000
75886  9.611  -20.309  77.393 0.0000000000
74506  9.035  -19.967  77.978 0.0000000000
75870  8.546  -19.098  78.136 0.0000000000
75871  8.070  -18.859  77.906 0.0000000000
77257  7.539  -18.776  77.502 0.0000000000
77253  7.722  -18.501  77.793 0.0000000000
66383  20.019  -24.775  74.860 0.0000000000
66384  19.589  -25.042  74.717 0.0000000000
63725  11.689  -28.115  79.888 0.0000000000
66316  10.587  -27.026  81.840 0.0000000000
64974  11.107  -27.651  81.469 0.0000000000
67892  6.609  -27.010  76.055 0.0000000000
69316  9.927  -26.768  73.549 0.0000000000
67930  9.364  -27.217  73.361 0.0000000000
67929  10.058  -26.939  72.926 0.0000000000
70589  12.720  -24.719  74.895 0.0000000000
69282  11.502  -25.585  74.386 0.0000000000
69281  12.210  -25.126  74.196 0.0000000000
69328  12.207  -26.059  71.754 0.0000000000
67946  11.548  -26.439  71.658 0.0000000000
67947  10.748  -26.726  71.852 0.0000000000
67966  11.623  -26.626  70.744 0.0000000000
69356  12.969  -25.582  69.103 0.0000000000
68000  11.914  -26.628  68.997 0.0000000000
67999  12.421  -26.167  68.597 0.0000000000
68028  11.956  -27.065  67.354 0.0000000000
68014  12.517  -26.427  67.698 0.0000000000
73159  9.662  -21.597  75.286 0.0000000000
73158  10.480  -21.764  75.377 0.0000000000
73170  9.761  -21.720  74.886 0.0000000000
73186  10.332  -22.486  72.897 0.0000000000
74574  10.794  -22.044  73.519 0.0000000000
73184  12.439  -22.444  72.696 0.0000000000
73201  11.561  -22.548  72.026 0.0000000000
71890  8.636  -22.059  70.888 0.0000000000
71881  9.086  -22.584  71.301 0.0000000000
73237  11.757  -22.354  69.265 0.0000000000
73226  10.894  -22.292  70.553 0.0000000000
73224  12.431  -22.683  69.668 0.0000000000
73215  12.626  -22.773  70.690 0.0000000000
71897  12.999  -22.966  69.064 0.0000000000
71885  13.542  -23.514  69.588 0.0000000000
71896  13.344  -23.632  68.564 0.0000000000
71939  13.262  -23.609  65.994 0.0000000000
71924  13.420  -23.874  66.780 0.0000000000
69411  13.547  -25.017  66.104 0.0000000000
69398  13.254  -25.870  66.280 0.0000000000
69412  13.304  -25.380  65.420 0.0000000000
68056  12.659  -26.777  64.210 0.0000000000
70691  12.925  -24.757  64.095 0.0000000000
70693  11.769  -23.747  63.029 0.0000000000
70704  10.325  -23.588  62.140 0.0000000000
71956  8.815  -21.916  65.657 0.0000000000
71966  9.763  -22.510  64.535 0.0000000000
71967  9.086  -22.278  64.615 0.0000000000
71994  8.496  -22.710  62.819 0.0000000000
71993  9.105  -22.774  62.830 0.0000000000
72007  8.948  -23.227  62.086 0.0000000000
70713  8.923  -24.073  61.221 0.0000000000
84819  7.667  -14.225  73.763 0.0000000000
83510  7.110  -15.316  74.509 0.0000000000
83527  7.120  -15.524  73.737 0.0000000000
82254  6.013  -16.215  73.641 0.0000000000
82268  6.513  -15.875  73.188 0.0000000000
82280  5.864  -16.564  71.876 0.0000000000
81060  5.399  -16.951  70.247 0.0000000000
82307  7.917  -15.604  69.204 0.0000000000
82297  8.249  -15.484  69.875 0.0000000000
82288  7.791  -15.221  70.689 0.0000000000
82289  7.160  -15.790  70.212 0.0000000000
81074  4.686  -16.491  67.899 0.0000000000
79852  4.889  -17.408  69.447 0.0000000000
77347  5.755  -18.442  67.863 0.0000000000
78597  5.180  -17.861  67.601 0.0000000000
78621  4.921  -18.329  65.702 0.0000000000
77370  5.301  -18.916  65.990 0.0000000000
81125  5.807  -17.660  64.994 0.0000000000
74491  17.114  -21.812  81.117 0.0000000000
75858  16.719  -21.247  81.324 0.0000000000
77255  17.076  -20.075  79.498 0.0000000000
73113  19.186  -22.061  79.007 0.0000000000
71804  18.024  -22.797  80.244 0.0000000000
71805  17.495  -23.145  80.655 0.0000000000
71800  17.112  -23.027  81.226 0.0000000000
73110  17.482  -22.430  80.796 0.0000000000
66595  11.301  -27.945  63.294 0.0000000000
68058  11.301  -27.228  62.725 0.0000000000
73104  11.507  -23.630  82.374 0.0000000000
67814  11.206  -25.837  82.931 0.0000000000
69194  9.670  -26.139  81.724 0.0000000000
69193  10.011  -25.818  81.881 0.0000000000
73137  12.630  -22.407  76.998 0.0000000000
73147  12.312  -22.220  75.848 0.0000000000
73157  11.403  -21.937  75.214 0.0000000000
74613  6.240  -21.278  70.357 0.0000000000
74633  7.298  -20.530  68.603 0.0000000000
74644  7.253  -19.476  67.397 0.0000000000
76015  6.768  -18.592  67.023 0.0000000000
73083  13.521  -22.484  85.775 0.0000000000
75838  13.260  -21.279  86.057 0.0000000000
75836  14.753  -20.706  85.940 0.0000000000
77215  15.135  -19.879  85.231 0.0000000000
77224  15.130  -20.266  83.868 0.0000000000
78488  15.702  -19.333  80.796 0.0000000000
79746  15.328  -18.158  79.334 0.0000000000
79747  14.692  -18.010  79.231 0.0000000000
67846  21.339  -26.817  77.495 0.0000000000
66355  20.800  -26.181  77.393 0.0000000000
66331  21.118  -26.245  77.818 0.0000000000
66332  20.625  -25.861  77.876 0.0000000000
66345  20.063  -25.646  77.840 0.0000000000
66326  17.585  -25.666  79.147 0.0000000000
64977  15.189  -26.556  80.728 0.0000000000
66322  15.127  -26.491  81.030 0.0000000000
70515  16.140  -23.266  82.809 0.0000000000
69189  15.725  -24.531  82.156 0.0000000000
70516  15.706  -23.640  83.018 0.0000000000
69174  15.184  -23.930  83.299 0.0000000000
69175  14.575  -24.255  83.502 0.0000000000
69176  14.031  -24.326  83.690 0.0000000000
69170  14.121  -23.602  83.764 0.0000000000
71778  13.899  -22.635  84.868 0.0000000000
75887  7.754  -19.438  76.753 0.0000000000
74537  7.973  -19.454  76.066 0.0000000000
75898  7.764  -19.184  76.223 0.0000000000
80985  7.079  -16.639  75.668 0.0000000000
79781  7.372  -17.162  75.725 0.0000000000
79793  7.126  -17.196  75.003 0.0000000000
78546  6.259  -18.157  73.782 0.0000000000
70578  24.724  -24.764  76.484 0.0000000000
69228  23.526  -25.010  77.013 0.0000000000
70564  23.442  -24.312  77.486 0.0000000000
69251  7.863  -26.114  76.890 0.0000000000
71815  11.207  -24.384  79.795 0.0000000000
71814  12.053  -23.976  79.468 0.0000000000
71813  12.632  -23.365  78.867 0.0000000000
73111  12.444  -22.302  79.631 0.0000000000
75852  13.241  -20.768  83.497 0.0000000000
77244  11.238  -19.278  79.738 0.0000000000
75863  11.145  -19.509  79.570 0.0000000000
74497  9.888  -19.861  78.517 0.0000000000
75878  9.119  -19.702  78.194 0.0000000000
69263  18.995  -25.279  75.970 0.0000000000
64990  13.349  -27.667  80.211 0.0000000000
64991  12.387  -27.915  79.907 0.0000000000
64992  11.927  -28.055  80.204 0.0000000000
63721  11.520  -28.174  80.373 0.0000000000
69209  8.938  -26.332  79.344 0.0000000000
69210  8.416  -26.501  78.988 0.0000000000
69252  7.328  -26.533  77.146 0.0000000000
69285  9.248  -26.643  74.987 0.0000000000
69284  10.019  -26.386  74.778 0.0000000000
69300  10.214  -26.351  73.985 0.0000000000
69297  12.314  -25.009  73.284 0.0000000000
69312  12.620  -25.054  72.520 0.0000000000
67965  12.332  -26.153  70.477 0.0000000000
69341  13.029  -25.637  70.140 0.0000000000
73172  8.659  -21.212  74.506 0.0000000000
74577  9.255  -21.531  74.485 0.0000000000
74591  9.213  -21.454  73.779 0.0000000000
73187  9.637  -22.341  73.064 0.0000000000
73203  9.665  -22.911  72.545 0.0000000000
71899  9.504  -21.716  69.619 0.0000000000
71888  10.067  -22.041  70.356 0.0000000000
71898  10.171  -21.725  69.363 0.0000000000
73249  11.212  -21.989  68.819 0.0000000000
73247  12.045  -22.789  68.278 0.0000000000
71909  12.503  -23.216  68.037 0.0000000000
71926  12.014  -22.967  67.023 0.0000000000
71940  12.498  -22.944  66.105 0.0000000000
71951  12.635  -23.432  65.307 0.0000000000
70685  12.770  -24.139  64.315 0.0000000000
71963  12.293  -23.504  64.446 0.0000000000
71964  11.422  -23.026  64.426 0.0000000000
71976  11.048  -23.181  63.438 0.0000000000
71980  8.212  -22.152  63.638 0.0000000000
83558  7.118  -15.518  72.452 0.0000000000
81049  6.653  -16.078  70.701 0.0000000000
82308  7.378  -15.704  68.812 0.0000000000
82309  6.612  -15.636  68.433 0.0000000000
82300  6.225  -15.830  68.740 0.0000000000
82310  5.892  -15.451  68.217 0.0000000000
82311  5.172  -15.794  68.175 0.0000000000
79862  4.744  -17.278  67.308 0.0000000000
81080  4.705  -16.689  67.031 0.0000000000
79874  4.933  -17.367  66.338 0.0000000000
79887  4.952  -17.817  65.415 0.0000000000
74477  16.083  -21.932  83.103 0.0000000000
75845  15.984  -21.205  83.274 0.0000000000
75844  16.155  -21.378  82.909 0.0000000000
75855  16.164  -20.839  82.179 0.0000000000
77246  16.202  -19.849  80.826 0.0000000000
75865  16.699  -20.494  80.703 0.0000000000
78499  16.120  -19.353  80.188 0.0000000000
69206  20.165  -24.808  78.563 0.0000000000
69207  18.925  -24.543  78.947 0.0000000000
70535  18.302  -23.821  79.800 0.0000000000
69208  18.373  -24.249  79.520 0.0000000000
69200  17.939  -24.732  79.468 0.0000000000
67834  17.325  -25.387  79.820 0.0000000000
67835  16.919  -25.782  80.204 0.0000000000
67831  16.072  -25.695  80.929 0.0000000000
67824  16.133  -24.650  81.352 0.0000000000
69187  16.391  -23.922  81.812 0.0000000000
71799  16.901  -23.013  81.778 0.0000000000
71795  16.901  -23.081  81.972 0.0000000000
70519  16.591  -23.158  82.225 0.0000000000
71788  16.770  -22.859  83.096 0.0000000000
73093  16.342  -22.351  83.129 0.0000000000
79765  6.957  -16.950  77.710 0.0000000000
80979  6.934  -16.387  76.565 0.0000000000
80997  6.683  -16.002  75.252 0.0000000000
82227  6.650  -15.964  74.941 0.0000000000
71808  11.076  -24.216  80.489 0.0000000000
66314  12.021  -27.155  82.008 0.0000000000
67821  10.669  -26.092  82.377 0.0000000000
66307  10.255  -26.535  82.075 0.0000000000
67833  9.261  -26.905  80.845 0.0000000000
69204  9.245  -26.674  80.663 0.0000000000
69203  9.287  -26.513  80.181 0.0000000000
70581  11.810  -24.896  76.338 0.0000000000
69246  11.840  -25.253  75.704 0.0000000000
70580  12.458  -24.727  75.858 0.0000000000
70588  13.250  -24.116  74.577 0.0000000000
70593  13.399  -24.115  73.616 0.0000000000
71855  13.487  -23.477  73.111 0.0000000000
71863  13.335  -23.669  72.407 0.0000000000
71883  7.862  -22.417  72.066 0.0000000000
73218  7.273  -22.125  71.705 0.0000000000
71891  7.989  -21.986  71.316 0.0000000000
71901  8.168  -21.626  70.355 0.0000000000
73241  7.140  -21.148  70.172 0.0000000000
73240  7.776  -21.241  69.845 0.0000000000
71900  8.808  -21.705  69.930 0.0000000000
71914  8.951  -21.533  68.832 0.0000000000
71943  9.994  -21.962  66.311 0.0000000000
71944  9.248  -21.849  66.538 0.0000000000
73266  7.610  -20.926  66.788 0.0000000000
73274  7.348  -20.883  64.264 0.0000000000
73275  6.752  -20.649  64.263 0.0000000000
84879  7.565  -15.534  67.249 0.0000000000
84895  7.038  -16.057  66.950 0.0000000000
82344  6.174  -16.760  66.306 0.0000000000
83641  7.075  -16.470  66.208 0.0000000000
82365  7.703  -16.213  65.052 0.0000000000
66559  11.670  -27.984  66.553 0.0000000000
71790  11.582  -23.896  83.510 0.0000000000
73095  11.867  -23.097  84.143 0.0000000000
73094  11.979  -22.773  84.677 0.0000000000
75848  12.536  -21.535  85.200 0.0000000000
75842  12.819  -20.853  85.905 0.0000000000
75847  13.068  -20.947  84.739 0.0000000000
77232  13.462  -20.332  83.490 0.0000000000
77228  15.829  -20.479  82.991 0.0000000000
77229  15.308  -20.037  83.253 0.0000000000
78483  15.252  -19.202  81.217 0.0000000000
77240  14.984  -19.355  81.882 0.0000000000
77241  14.126  -19.310  81.922 0.0000000000
79745  13.224  -18.144  79.659 0.0000000000
69262  21.358  -25.428  75.766 0.0000000000
69280  21.334  -25.224  75.417 0.0000000000
66371  20.463  -25.799  76.978 0.0000000000
69245  18.857  -25.403  76.304 0.0000000000
67876  17.196  -25.848  76.450 0.0000000000
66346  18.901  -25.583  78.019 0.0000000000
67860  17.448  -25.696  77.181 0.0000000000
66373  16.573  -26.449  76.143 0.0000000000
64967  12.829  -26.662  82.057 0.0000000000
66309  15.856  -25.939  81.023 0.0000000000
66310  15.452  -26.024  81.276 0.0000000000
66311  14.855  -26.269  81.413 0.0000000000
67818  15.176  -25.212  82.102 0.0000000000
66301  14.506  -25.915  81.850 0.0000000000
66312  14.212  -26.524  81.576 0.0000000000
66313  13.659  -26.551  81.812 0.0000000000
66303  13.169  -26.357  82.254 0.0000000000
66304  12.523  -26.463  82.556 0.0000000000
66297  12.335  -26.503  83.351 0.0000000000
67812  12.195  -26.295  84.039 0.0000000000
69177  13.470  -24.473  83.668 0.0000000000
69178  12.765  -24.514  83.709 0.0000000000
69184  11.739  -25.562  83.915 0.0000000000
69180  11.713  -24.855  83.651 0.0000000000
70513  11.901  -24.331  83.752 0.0000000000
75894  10.086  -20.497  76.839 0.0000000000
74550  10.100  -21.143  75.836 0.0000000000
75912  10.027  -20.768  76.095 0.0000000000
74551  9.333  -20.952  75.625 0.0000000000
73151  9.000  -21.208  75.341 0.0000000000
74553  8.225  -20.035  75.695 0.0000000000
74560  8.245  -20.780  75.247 0.0000000000
73161  8.491  -21.057  75.191 0.0000000000
73173  8.093  -20.724  74.586 0.0000000000
73207  7.111  -21.162  72.935 0.0000000000
77273  7.634  -18.816  75.182 0.0000000000
78534  7.553  -18.327  74.990 0.0000000000
77287  7.265  -18.781  74.615 0.0000000000
75930  7.396  -19.447  74.569 0.0000000000
74593  7.060  -20.440  73.206 0.0000000000
74597  6.101  -21.064  72.570 0.0000000000
74607  5.420  -20.908  72.032 0.0000000000
75981  4.898  -20.313  71.630 0.0000000000
75987  4.970  -20.202  70.313 0.0000000000
77336  4.817  -19.258  69.979 0.0000000000
75872  18.245  -20.745  78.960 0.0000000000
77264  18.324  -19.951  77.656 0.0000000000
69259  23.613  -25.370  75.398 0.0000000000
67857  22.087  -25.930  77.358 0.0000000000
67856  21.709  -26.890  77.007 0.0000000000
71835  23.049  -23.477  77.568 0.0000000000
71836  22.382  -23.451  77.846 0.0000000000
69216  20.924  -24.723  78.488 0.0000000000
73123  19.884  -22.575  78.793 0.0000000000
69270  8.172  -26.618  76.003 0.0000000000
69269  9.001  -26.393  75.835 0.0000000000
70582  11.006  -24.867  76.557 0.0000000000
70553  10.747  -25.128  78.302 0.0000000000
70550  13.031  -24.265  77.232 0.0000000000
74531  11.757  -21.694  77.399 0.0000000000
74532  10.874  -20.955  77.364 0.0000000000
71793  11.380  -23.760  83.096 0.0000000000
75885  9.868  -20.398  77.337 0.0000000000
74534  9.103  -20.141  76.869 0.0000000000
74519  8.564  -19.805  77.065 0.0000000000
74507  8.288  -19.622  77.446 0.0000000000
74520  8.013  -19.608  76.925 0.0000000000
75881  7.424  -18.917  77.323 0.0000000000
78510  7.332  -17.606  77.731 0.0000000000
78496  8.706  -18.146  78.346 0.0000000000
78508  8.133  -17.538  78.397 0.0000000000
78497  7.957  -18.036  78.167 0.0000000000
78509  7.540  -17.484  78.162 0.0000000000
77259  18.046  -19.932  78.363 0.0000000000
67913  19.266  -25.204  73.680 0.0000000000
67901  19.163  -25.330  74.405 0.0000000000
63722  11.161  -28.223  80.373 0.0000000000
63726  10.871  -28.371  79.719 0.0000000000
67915  8.908  -27.228  74.026 0.0000000000
69299  10.876  -25.889  73.757 0.0000000000
69314  11.065  -26.003  72.959 0.0000000000
67928  10.603  -26.552  72.577 0.0000000000
67948  10.191  -27.088  72.162 0.0000000000
67968  10.252  -27.213  71.396 0.0000000000
67984  11.720  -26.679  69.790 0.0000000000
66558  12.284  -27.520  66.389 0.0000000000
73149  10.334  -21.486  75.747 0.0000000000
74575  10.417  -21.770  73.888 0.0000000000
73168  11.329  -21.903  74.140 0.0000000000
73167  12.360  -22.203  73.766 0.0000000000
73183  13.174  -23.016  72.340 0.0000000000
73199  13.079  -23.050  71.343 0.0000000000
71873  8.364  -22.596  72.355 0.0000000000
71871  9.677  -23.001  71.732 0.0000000000
71870  10.230  -22.804  71.441 0.0000000000
71887  10.410  -22.273  70.587 0.0000000000
73217  10.865  -22.593  71.393 0.0000000000
73214  13.119  -23.010  70.839 0.0000000000
71877  13.400  -23.445  70.694 0.0000000000
70609  13.732  -24.270  70.160 0.0000000000
70620  13.722  -24.277  69.084 0.0000000000
69368  13.434  -25.017  68.628 0.0000000000
71908  13.239  -23.780  67.620 0.0000000000
70646  13.568  -24.450  67.274 0.0000000000
69382  13.452  -25.125  67.714 0.0000000000
69383  13.092  -25.881  67.225 0.0000000000
66593  12.656  -27.567  64.886 0.0000000000
68057  11.981  -26.865  63.297 0.0000000000
68076  11.553  -26.508  62.617 0.0000000000
71977  10.165  -22.766  63.568 0.0000000000
71992  9.778  -23.056  62.665 0.0000000000
70712  9.763  -23.787  61.632 0.0000000000
82241  6.779  -15.673  74.772 0.0000000000
84806  7.357  -14.639  74.871 0.0000000000
81042  5.449  -17.058  72.292 0.0000000000
78586  4.773  -18.316  69.725 0.0000000000
81067  6.052  -16.149  69.172 0.0000000000
81059  6.084  -16.532  69.942 0.0000000000
76024  6.199  -19.178  66.067 0.0000000000
74658  6.540  -19.906  65.303 0.0000000000
74664  6.154  -20.435  64.484 0.0000000000
73280  6.647  -20.943  63.767 0.0000000000
81106  5.720  -17.339  65.716 0.0000000000
79901  5.314  -17.593  65.296 0.0000000000
77386  4.896  -19.362  64.109 0.0000000000
76044  4.971  -20.268  63.384 0.0000000000
73289  6.720  -21.398  62.823 0.0000000000
64968  12.541  -26.892  81.963 0.0000000000
65088  11.003  -28.783  66.074 0.0000000000
66302  13.792  -26.089  82.184 0.0000000000
66337  16.060  -26.401  79.918 0.0000000000
66342  21.668  -27.036  77.417 0.0000000000
66343  21.314  -26.757  77.745 0.0000000000
66344  20.940  -26.052  77.712 0.0000000000
66354  21.465  -27.018  77.174 0.0000000000
66397  19.625  -24.961  74.282 0.0000000000
66410  19.657  -24.905  73.979 0.0000000000
66574  12.499  -27.595  65.879 0.0000000000
67803  14.278  -24.696  83.495 0.0000000000
67806  12.403  -25.518  83.671 0.0000000000
67807  11.986  -25.712  84.195 0.0000000000
67820  13.669  -25.761  82.603 0.0000000000
67822  10.113  -26.214  82.080 0.0000000000
67826  15.405  -25.599  81.530 0.0000000000
67836  9.001  -26.587  79.661 0.0000000000
67877  16.636  -26.148  76.828 0.0000000000
67886  21.392  -25.535  75.998 0.0000000000
69172  13.135  -23.874  83.824 0.0000000000
69179  12.041  -25.019  83.792 0.0000000000
69181  15.967  -24.006  82.543 0.0000000000
69182  15.455  -24.427  82.718 0.0000000000
69183  15.004  -24.550  83.121 0.0000000000
69197  17.326  -23.854  80.668 0.0000000000
69199  9.187  -26.662  80.987 0.0000000000
69244  19.070  -25.350  76.196 0.0000000000
69264  18.718  -25.385  76.078 0.0000000000
69302  8.842  -26.994  74.521 0.0000000000
69326  13.287  -24.976  71.128 0.0000000000
69428  13.002  -25.641  64.427 0.0000000000
70503  14.173  -22.812  84.004 0.0000000000
70504  13.687  -23.083  84.232 0.0000000000
70505  13.200  -23.275  84.296 0.0000000000
70507  12.416  -23.554  84.270 0.0000000000
70512  12.328  -23.956  83.956 0.0000000000
70514  16.497  -22.990  82.737 0.0000000000
70517  11.474  -24.617  83.469 0.0000000000
70520  16.299  -23.544  82.343 0.0000000000
70524  9.903  -25.826  81.678 0.0000000000
70530  17.471  -23.603  80.581 0.0000000000
70599  12.890  -24.530  73.082 0.0000000000
70660  13.609  -24.465  66.493 0.0000000000
70661  13.530  -24.187  66.058 0.0000000000
70673  13.549  -24.540  66.058 0.0000000000
70674  13.367  -24.455  65.645 0.0000000000
71780  12.726  -23.032  84.992 0.0000000000
71782  12.206  -23.181  84.809 0.0000000000
71784  15.491  -22.423  83.509 0.0000000000
71789  16.270  -22.859  83.166 0.0000000000
71791  11.271  -24.407  83.233 0.0000000000
71792  16.620  -22.797  82.576 0.0000000000
71872  8.901  -23.020  72.064 0.0000000000
71874  8.035  -22.286  72.482 0.0000000000
71878  13.126  -22.992  70.573 0.0000000000
71879  10.350  -22.458  70.910 0.0000000000
71910  11.808  -22.649  67.807 0.0000000000
71916  7.887  -21.161  69.019 0.0000000000
71938  13.513  -23.989  66.321 0.0000000000
71941  11.709  -22.425  66.120 0.0000000000
71950  13.054  -23.950  65.289 0.0000000000
71962  12.777  -23.888  64.824 0.0000000000
73082  14.219  -22.205  85.483 0.0000000000
73085  12.161  -22.940  85.662 0.0000000000
73086  12.147  -23.017  85.134 0.0000000000
73087  15.975  -22.089  83.243 0.0000000000
73088  15.685  -21.990  83.714 0.0000000000
73089  15.239  -22.063  84.403 0.0000000000
73091  12.050  -22.989  84.806 0.0000000000
73092  16.522  -22.678  83.184 0.0000000000
73096  16.587  -22.660  82.794 0.0000000000
73100  11.335  -23.791  82.799 0.0000000000
73152  8.821  -20.983  75.420 0.0000000000
73160  9.038  -21.421  75.176 0.0000000000
73162  8.097  -20.846  75.055 0.0000000000
73225  11.745  -22.477  70.165 0.0000000000
73227  10.457  -22.163  70.374 0.0000000000
73239  10.566  -21.987  69.953 0.0000000000
73248  11.745  -22.387  68.465 0.0000000000
73250  10.722  -21.833  69.244 0.0000000000
74472  15.317  -21.408  85.263 0.0000000000
74473  14.522  -21.520  85.882 0.0000000000
74474  13.697  -21.703  86.063 0.0000000000
74475  12.839  -21.890  86.059 0.0000000000
74480  12.453  -21.517  85.996 0.0000000000
74481  12.093  -22.042  85.780 0.0000000000
74483  16.015  -21.668  83.206 0.0000000000
74484  12.140  -22.285  84.629 0.0000000000
74493  18.254  -21.728  79.835 0.0000000000
74498  9.366  -19.760  78.294 0.0000000000
74508  7.890  -19.519  77.168 0.0000000000
74513  18.925  -21.301  78.594 0.0000000000
74576  9.802  -21.611  74.229 0.0000000000
74578  8.946  -21.462  74.586 0.0000000000
74579  7.885  -20.443  74.665 0.0000000000
74588  10.664  -22.253  73.208 0.0000000000
74589  10.255  -22.101  73.335 0.0000000000
74592  8.898  -21.316  74.194 0.0000000000
74598  5.653  -20.747  72.479 0.0000000000
75835  15.322  -20.481  85.335 0.0000000000
75837  13.789  -20.764  86.063 0.0000000000
75841  13.382  -20.346  86.020 0.0000000000
75851  13.551  -20.457  83.731 0.0000000000
75884  18.006  -20.327  78.801 0.0000000000
75896  9.032  -20.169  76.628 0.0000000000
75897  7.886  -19.449  76.298 0.0000000000
75911  10.394  -20.990  76.219 0.0000000000
75913  9.424  -20.474  76.164 0.0000000000
77216  14.684  -20.030  85.655 0.0000000000
77217  14.262  -20.243  86.020 0.0000000000
77219  15.384  -20.171  84.526 0.0000000000
77220  14.590  -19.642  85.034 0.0000000000
77222  13.277  -20.241  85.781 0.0000000000
77223  15.619  -20.597  83.608 0.0000000000
77227  13.359  -20.323  85.231 0.0000000000
78482  15.532  -19.377  81.197 0.0000000000
78487  16.012  -19.481  80.599 0.0000000000
78498  7.588  -17.934  77.900 0.0000000000
78524  7.504  -17.740  75.266 0.0000000000
79873  5.063  -17.198  66.161 0.0000000000
81066  6.472  -16.048  69.170 0.0000000000
81105  7.817  -15.981  65.237 0.0000000000
81123  8.045  -16.008  64.967 0.0000000000
81124  7.876  -16.044  65.015 0.0000000000
82226  6.777  -15.603  75.499 0.0000000000
82299  6.894  -15.923  69.212 0.0000000000
82326  4.998  -16.430  66.804 0.0000000000
83594  6.030  -15.309  67.838 0.0000000000
83666  6.957  -16.773  64.976 0.0000000000
84880  7.071  -15.761  67.337 0.0000000000
84881  6.763  -15.903  67.258 0.0000000000
84893  7.926  -15.325  66.660 0.0000000000
84894  7.448  -15.742  66.936 0.0000000000
