#!ascii label  , from subject 3006 vox2ras=TkReg
1226
127726  53.991  26.956  25.295 0.0000000000
132644  55.839  32.585  23.461 0.0000000000
125970  59.945  23.393  28.141 0.0000000000
125113  49.814  23.103  25.295 0.0000000000
122907  52.775  20.745  26.491 0.0000000000
128617  57.466  27.722  19.807 0.0000000000
131129  51.542  30.067  22.842 0.0000000000
134070  52.751  34.492  17.997 0.0000000000
121239  57.273  18.121  29.209 0.0000000000
121321  60.386  18.353  22.123 0.0000000000
130295  57.762  29.550  23.737 0.0000000000
127710  57.729  25.253  27.472 0.0000000000
130244  58.119  29.554  28.443 0.0000000000
125911  55.841  24.819  31.164 0.0000000000
131206  53.513  30.677  15.513 0.0000000000
131924  56.771  31.421  19.117 0.0000000000
122144  56.713  19.354  23.797 0.0000000000
126020  51.987  24.808  24.964 0.0000000000
123574  50.692  21.583  26.387 0.0000000000
125102  52.820  23.581  26.369 0.0000000000
128596  55.177  27.808  22.339 0.0000000000
126907  53.101  26.094  23.135 0.0000000000
131176  49.461  30.869  19.919 0.0000000000
120402  58.959  16.637  31.885 0.0000000000
118582  60.412  15.921  28.051 0.0000000000
116742  59.133  15.460  29.378 0.0000000000
128675  55.719  27.235  12.858 0.0000000000
131882  57.529  31.131  23.926 0.0000000000
132604  58.460  30.428  26.205 0.0000000000
132584  57.211  31.696  26.871 0.0000000000
128522  52.020  27.276  29.260 0.0000000000
128499  54.510  27.831  31.308 0.0000000000
126792  53.182  25.404  32.447 0.0000000000
124229  54.433  22.785  32.170 0.0000000000
132664  54.553  33.192  20.623 0.0000000000
134066  56.154  34.144  18.294 0.0000000000
133364  56.458  32.620  21.202 0.0000000000
131902  57.411  30.773  21.387 0.0000000000
126876  59.165  24.576  27.682 0.0000000000
124310  57.591  22.046  25.696 0.0000000000
123592  59.468  21.003  24.932 0.0000000000
122149  50.005  19.063  25.017 0.0000000000
121285  51.540  18.452  23.316 0.0000000000
127831  58.549  27.466  16.779 0.0000000000
127799  55.662  26.660  17.831 0.0000000000
131897  53.884  31.705  22.873 0.0000000000
131850  54.598  31.693  26.546 0.0000000000
134111  46.782  34.496  15.911 0.0000000000
134126  50.458  34.805  15.491 0.0000000000
131926  52.495  31.725  19.876 0.0000000000
123559  59.139  21.602  28.592 0.0000000000
122924  60.394  20.346  25.522 0.0000000000
120435  60.515  17.951  25.853 0.0000000000
118670  60.193  16.851  22.525 0.0000000000
129439  55.732  28.414  24.587 0.0000000000
127721  55.299  26.516  26.549 0.0000000000
129436  57.802  28.404  26.028 0.0000000000
129413  58.348  27.999  27.385 0.0000000000
129336  59.113  26.477  29.731 0.0000000000
131048  55.998  30.286  29.535 0.0000000000
129327  57.261  28.119  31.747 0.0000000000
125937  58.475  24.271  30.499 0.0000000000
123542  57.110  21.705  29.777 0.0000000000
122090  56.340  19.113  32.328 0.0000000000
129554  53.538  28.327  13.925 0.0000000000
129533  55.923  29.302  14.413 0.0000000000
131955  56.155  31.426  15.988 0.0000000000
150217  58.340  29.285  16.229 0.0000000000
131153  57.978  28.990  18.981 0.0000000000
129501  57.014  28.795  21.454 0.0000000000
125099  55.839  23.357  26.476 0.0000000000
122131  54.447  19.304  25.045 0.0000000000
121305  53.920  18.476  22.378 0.0000000000
122190  58.684  18.977  22.247 0.0000000000
126889  53.056  25.615  25.419 0.0000000000
125110  52.279  23.927  26.092 0.0000000000
126883  53.649  25.659  26.072 0.0000000000
128589  54.231  27.527  23.881 0.0000000000
128594  53.989  27.134  22.687 0.0000000000
127730  53.477  26.754  24.068 0.0000000000
126896  52.254  25.350  24.380 0.0000000000
120368  59.738  16.204  33.513 0.0000000000
118562  59.891  15.793  31.086 0.0000000000
117622  60.426  15.144  32.863 0.0000000000
121332  49.365  18.615  21.105 0.0000000000
132626  56.542  32.358  24.044 0.0000000000
131847  57.184  31.682  25.546 0.0000000000
132609  55.906  32.362  25.597 0.0000000000
126842  50.998  25.756  29.892 0.0000000000
127664  52.801  26.637  30.857 0.0000000000
132652  54.962  32.498  22.462 0.0000000000
133365  56.051  33.143  21.238 0.0000000000
132651  56.010  32.759  22.469 0.0000000000
132642  56.972  31.902  22.557 0.0000000000
126869  59.729  24.200  28.188 0.0000000000
125118  59.871  22.480  26.282 0.0000000000
125116  61.095  22.307  26.801 0.0000000000
124317  48.105  22.198  25.384 0.0000000000
123584  49.218  21.626  25.900 0.0000000000
122908  51.779  20.764  26.518 0.0000000000
122125  50.211  20.206  26.168 0.0000000000
122134  51.331  19.359  25.587 0.0000000000
121266  51.071  18.719  24.222 0.0000000000
122133  52.343  19.220  25.358 0.0000000000
128629  58.434  27.577  18.412 0.0000000000
127813  58.019  26.799  17.129 0.0000000000
127781  56.687  26.966  18.959 0.0000000000
125122  49.703  23.567  24.807 0.0000000000
125123  48.734  23.401  24.695 0.0000000000
131128  52.493  30.541  23.128 0.0000000000
131121  53.267  30.858  24.718 0.0000000000
131123  51.841  30.008  23.782 0.0000000000
131158  50.630  30.442  20.774 0.0000000000
131927  51.379  31.513  19.645 0.0000000000
131157  51.574  30.670  20.999 0.0000000000
131911  53.537  31.742  21.129 0.0000000000
122106  58.044  19.753  28.704 0.0000000000
122117  59.604  19.392  27.287 0.0000000000
121248  59.443  18.051  27.896 0.0000000000
117682  59.951  16.025  25.995 0.0000000000
117688  60.173  16.451  25.375 0.0000000000
118654  59.453  16.546  23.360 0.0000000000
129458  57.242  28.735  24.626 0.0000000000
129437  57.156  28.519  25.656 0.0000000000
129457  57.888  28.861  25.172 0.0000000000
131067  58.234  29.958  27.777 0.0000000000
130264  58.468  28.840  27.089 0.0000000000
131055  58.414  28.702  28.068 0.0000000000
129368  58.628  26.921  28.668 0.0000000000
130211  58.374  27.790  29.251 0.0000000000
131841  53.486  30.938  27.180 0.0000000000
131829  54.756  30.964  27.971 0.0000000000
131050  54.658  30.122  28.987 0.0000000000
128477  55.332  27.237  32.204 0.0000000000
129329  55.697  28.328  31.697 0.0000000000
127627  57.006  26.837  31.998 0.0000000000
127638  58.110  26.424  31.496 0.0000000000
125909  57.647  24.937  30.871 0.0000000000
125059  57.837  23.413  30.307 0.0000000000
125061  56.427  23.737  30.645 0.0000000000
124208  54.888  22.205  33.159 0.0000000000
123532  55.075  21.292  31.827 0.0000000000
129535  54.061  29.074  14.529 0.0000000000
129553  54.593  28.495  13.873 0.0000000000
130370  55.437  30.013  14.702 0.0000000000
134106  51.874  35.325  16.410 0.0000000000
133450  52.254  34.001  15.570 0.0000000000
134104  53.509  35.129  16.564 0.0000000000
132688  56.607  32.317  18.160 0.0000000000
132703  56.320  33.237  17.030 0.0000000000
131946  56.438  31.537  17.481 0.0000000000
132714  57.332  30.845  16.252 0.0000000000
131187  57.449  30.220  17.238 0.0000000000
131938  58.015  29.129  17.624 0.0000000000
131172  57.231  30.148  19.028 0.0000000000
131127  57.675  30.148  22.359 0.0000000000
130327  57.469  29.569  21.532 0.0000000000
130296  57.362  29.378  22.943 0.0000000000
129478  56.420  28.767  23.091 0.0000000000
127712  56.802  25.752  27.343 0.0000000000
125995  55.602  24.329  26.717 0.0000000000
125994  56.459  24.136  26.773 0.0000000000
122913  57.659  20.599  24.812 0.0000000000
123582  56.394  21.345  25.789 0.0000000000
122931  56.335  19.804  24.638 0.0000000000
121263  54.236  18.656  24.186 0.0000000000
121281  55.488  18.692  23.007 0.0000000000
122187  60.264  18.963  23.237 0.0000000000
122169  60.018  19.439  23.572 0.0000000000
122199  59.068  18.738  21.731 0.0000000000
125112  50.738  23.372  25.407 0.0000000000
124315  50.024  22.453  25.789 0.0000000000
125111  51.614  23.592  25.811 0.0000000000
124301  52.085  22.591  26.437 0.0000000000
124300  53.120  22.632  26.591 0.0000000000
128600  55.992  28.029  20.932 0.0000000000
126021  51.454  24.594  24.579 0.0000000000
119521  58.290  16.734  30.816 0.0000000000
119546  59.340  16.885  28.824 0.0000000000
119532  59.381  16.301  30.283 0.0000000000
116732  59.815  15.617  28.713 0.0000000000
131881  57.849  30.529  23.974 0.0000000000
131112  58.447  29.740  25.095 0.0000000000
131865  58.026  30.803  24.897 0.0000000000
132582  58.155  31.033  26.653 0.0000000000
131068  57.781  30.609  27.934 0.0000000000
129372  52.496  28.568  28.806 0.0000000000
129352  53.689  28.527  29.671 0.0000000000
128501  53.087  27.303  30.343 0.0000000000
127643  53.762  26.554  31.902 0.0000000000
125912  55.034  24.996  31.418 0.0000000000
125036  54.653  23.785  31.138 0.0000000000
125037  53.635  23.967  31.252 0.0000000000
124209  53.941  22.799  33.232 0.0000000000
123487  53.763  22.080  34.198 0.0000000000
131199  52.137  31.387  15.484 0.0000000000
134056  53.882  34.073  19.038 0.0000000000
134083  54.552  34.967  17.673 0.0000000000
133381  55.559  34.038  19.848 0.0000000000
133380  56.341  33.613  19.638 0.0000000000
132663  56.774  32.092  19.881 0.0000000000
131155  57.319  30.537  19.903 0.0000000000
131903  57.238  31.231  20.919 0.0000000000
131888  57.361  31.303  22.929 0.0000000000
126877  58.629  24.574  27.366 0.0000000000
125097  57.508  23.285  26.417 0.0000000000
125109  58.668  23.114  26.214 0.0000000000
123580  58.172  21.301  25.205 0.0000000000
123594  58.326  20.596  24.566 0.0000000000
120495  59.127  17.614  19.690 0.0000000000
122219  58.814  18.272  19.830 0.0000000000
121269  47.860  18.925  24.060 0.0000000000
122918  49.459  20.875  26.131 0.0000000000
122136  49.254  19.916  25.793 0.0000000000
121268  48.882  18.662  24.222 0.0000000000
121287  49.375  18.492  23.242 0.0000000000
121309  49.899  18.518  22.194 0.0000000000
121308  50.990  18.403  22.260 0.0000000000
127833  57.853  26.534  15.914 0.0000000000
127834  57.116  26.429  16.129 0.0000000000
131896  54.417  31.910  23.516 0.0000000000
132628  55.175  32.265  25.109 0.0000000000
131884  53.931  31.439  24.962 0.0000000000
131105  53.059  30.813  26.296 0.0000000000
131071  52.298  30.197  27.333 0.0000000000
130228  51.343  29.214  28.020 0.0000000000
128542  50.575  27.569  28.474 0.0000000000
134109  48.555  35.128  15.826 0.0000000000
134087  50.814  35.026  16.960 0.0000000000
133413  51.549  34.299  17.797 0.0000000000
133394  52.795  33.684  18.614 0.0000000000
132665  53.992  32.715  20.540 0.0000000000
132659  54.219  32.259  21.585 0.0000000000
124274  59.547  22.806  29.119 0.0000000000
123576  60.392  21.389  26.476 0.0000000000
122899  59.853  20.759  27.048 0.0000000000
121253  60.518  18.701  25.337 0.0000000000
121279  60.475  18.261  23.940 0.0000000000
119543  60.883  16.280  27.673 0.0000000000
119562  60.496  17.296  24.845 0.0000000000
119611  60.374  17.355  22.054 0.0000000000
128585  55.052  27.988  25.114 0.0000000000
127722  54.373  26.606  26.008 0.0000000000
129417  56.214  28.313  25.988 0.0000000000
128575  57.045  27.430  26.751 0.0000000000
128574  57.756  27.356  26.913 0.0000000000
130283  58.459  29.235  25.908 0.0000000000
128582  58.272  27.986  26.801 0.0000000000
127717  58.173  25.976  27.649 0.0000000000
127716  58.549  25.624  27.957 0.0000000000
127691  59.204  25.507  28.949 0.0000000000
127681  59.429  25.147  28.938 0.0000000000
132596  55.718  32.076  26.583 0.0000000000
131827  56.376  31.219  28.274 0.0000000000
130224  57.081  30.101  29.354 0.0000000000
130204  54.958  29.130  30.211 0.0000000000
130202  56.304  29.102  30.763 0.0000000000
129349  57.462  28.533  30.445 0.0000000000
128497  58.398  27.220  30.782 0.0000000000
127636  59.234  25.806  30.521 0.0000000000
126802  59.630  24.037  29.854 0.0000000000
124267  58.693  22.753  29.762 0.0000000000
123550  57.897  21.593  29.381 0.0000000000
122891  56.836  19.965  29.499 0.0000000000
124251  55.185  22.358  31.014 0.0000000000
122887  55.653  20.135  30.774 0.0000000000
121235  55.978  18.417  30.667 0.0000000000
120386  57.640  17.763  32.354 0.0000000000
128656  55.145  27.900  13.314 0.0000000000
128655  56.117  27.957  13.397 0.0000000000
129550  57.262  28.789  14.110 0.0000000000
133431  55.190  33.906  16.396 0.0000000000
131195  55.436  31.150  15.372 0.0000000000
131203  56.525  30.580  14.941 0.0000000000
130382  57.776  29.915  14.909 0.0000000000
130380  58.412  28.727  15.206 0.0000000000
129529  58.534  28.133  16.411 0.0000000000
129524  58.605  28.184  17.758 0.0000000000
129521  59.233  27.666  19.213 0.0000000000
131154  57.582  29.571  19.688 0.0000000000
130343  57.692  29.124  20.053 0.0000000000
129512  57.455  28.273  20.275 0.0000000000
129494  56.378  28.646  22.062 0.0000000000
129460  55.701  28.473  23.638 0.0000000000
126882  54.490  25.559  26.416 0.0000000000
125100  54.878  23.483  26.666 0.0000000000
123570  54.457  21.670  26.463 0.0000000000
124297  56.193  22.253  26.140 0.0000000000
123569  55.367  21.630  26.281 0.0000000000
122917  54.115  19.980  25.813 0.0000000000
121264  53.196  18.680  24.340 0.0000000000
121284  52.577  18.448  23.369 0.0000000000
123590  60.399  21.006  25.727 0.0000000000
122949  59.211  19.854  23.689 0.0000000000
122172  58.159  19.312  23.032 0.0000000000
121343  57.879  18.525  20.348 0.0000000000
121303  55.768  18.559  21.993 0.0000000000
117649  58.536  15.199  29.944 0.0000000000
118598  58.062  15.547  27.596 0.0000000000
127727  53.450  26.468  24.957 0.0000000000
127723  53.663  26.287  25.602 0.0000000000
127729  53.838  27.116  24.618 0.0000000000
126895  52.921  25.933  24.617 0.0000000000
118540  60.233  15.747  32.903 0.0000000000
132608  56.678  32.155  25.024 0.0000000000
132627  55.872  32.505  24.569 0.0000000000
132643  56.537  32.383  23.047 0.0000000000
126868  59.861  24.049  28.070 0.0000000000
126003  60.553  23.154  27.089 0.0000000000
125989  60.373  22.825  27.369 0.0000000000
124316  49.012  22.414  25.506 0.0000000000
123585  48.332  21.543  25.656 0.0000000000
122123  52.068  19.875  26.205 0.0000000000
128623  58.309  27.613  18.990 0.0000000000
127780  57.495  27.039  18.722 0.0000000000
128625  56.987  27.011  19.050 0.0000000000
125114  49.148  23.080  25.129 0.0000000000
124324  48.567  22.777  25.174 0.0000000000
131137  52.346  30.623  22.262 0.0000000000
131139  50.804  30.164  21.551 0.0000000000
131138  51.570  30.368  21.902 0.0000000000
131156  52.237  30.753  21.518 0.0000000000
121238  57.955  18.595  28.736 0.0000000000
122112  58.480  19.109  28.384 0.0000000000
121243  58.523  18.055  28.520 0.0000000000
117704  59.600  16.413  24.132 0.0000000000
129476  57.726  29.091  24.347 0.0000000000
130285  58.129  29.409  24.670 0.0000000000
131056  58.348  29.259  28.079 0.0000000000
130222  58.198  28.731  28.840 0.0000000000
131062  53.287  30.061  28.093 0.0000000000
131061  54.181  30.330  28.408 0.0000000000
130225  54.130  29.761  28.993 0.0000000000
126791  55.653  26.383  32.041 0.0000000000
127628  56.166  26.696  32.053 0.0000000000
127641  56.188  26.430  31.875 0.0000000000
126806  56.656  25.747  31.483 0.0000000000
125910  56.849  24.991  31.071 0.0000000000
125939  57.015  24.321  30.711 0.0000000000
125940  56.334  24.317  30.824 0.0000000000
123485  55.329  21.364  33.949 0.0000000000
131207  52.697  30.572  15.356 0.0000000000
130373  52.272  29.737  14.887 0.0000000000
130372  53.487  29.888  15.064 0.0000000000
130371  54.609  29.977  14.884 0.0000000000
130365  54.250  30.509  15.396 0.0000000000
134746  52.680  35.437  17.144 0.0000000000
134753  53.034  35.473  16.548 0.0000000000
134084  53.426  35.143  17.423 0.0000000000
131940  56.574  31.503  18.291 0.0000000000
131188  56.624  30.844  17.621 0.0000000000
131183  56.803  30.712  18.283 0.0000000000
131182  57.301  30.132  18.195 0.0000000000
131173  57.033  30.648  19.110 0.0000000000
131120  57.917  30.108  23.378 0.0000000000
130311  57.596  29.702  22.685 0.0000000000
129477  57.223  28.997  23.611 0.0000000000
127711  57.334  25.609  27.435 0.0000000000
126873  56.959  25.161  27.347 0.0000000000
126872  57.430  24.790  27.325 0.0000000000
122930  57.214  19.916  24.392 0.0000000000
122145  55.737  19.196  23.963 0.0000000000
122174  56.278  18.938  23.243 0.0000000000
122197  60.273  18.668  22.465 0.0000000000
122198  59.756  18.843  22.031 0.0000000000
122206  59.426  18.456  21.312 0.0000000000
126010  51.487  24.175  25.236 0.0000000000
125103  52.044  23.341  26.224 0.0000000000
129495  55.792  28.193  21.737 0.0000000000
128601  55.482  27.561  21.317 0.0000000000
128602  55.011  27.171  21.712 0.0000000000
127732  53.509  26.668  23.217 0.0000000000
127735  53.761  26.718  22.305 0.0000000000
126011  50.895  24.011  24.964 0.0000000000
119520  58.691  16.577  31.016 0.0000000000
119533  58.928  16.498  30.294 0.0000000000
119519  59.311  16.376  31.178 0.0000000000
117634  59.952  15.295  31.267 0.0000000000
118572  59.858  15.947  30.422 0.0000000000
116741  59.568  15.542  28.652 0.0000000000
117668  59.843  15.176  27.374 0.0000000000
117669  59.382  15.576  27.904 0.0000000000
127878  55.275  26.554  12.296 0.0000000000
132594  57.492  31.554  26.185 0.0000000000
132583  57.848  31.310  26.771 0.0000000000
131836  57.564  31.225  27.439 0.0000000000
128540  52.389  27.844  29.130 0.0000000000
128521  52.754  27.567  29.707 0.0000000000
127631  52.950  26.083  32.132 0.0000000000
127644  52.938  26.365  31.636 0.0000000000
127630  53.253  25.867  32.252 0.0000000000
126809  53.856  25.751  32.063 0.0000000000
125913  53.987  24.869  31.569 0.0000000000
125888  53.457  25.020  32.346 0.0000000000
124994  53.628  23.507  32.804 0.0000000000
124995  53.310  23.586  33.285 0.0000000000
124210  53.084  22.856  33.845 0.0000000000
133374  54.465  33.418  20.204 0.0000000000
133382  54.758  33.948  19.767 0.0000000000
133373  55.039  33.550  20.537 0.0000000000
133371  56.391  33.133  20.516 0.0000000000
133379  56.660  32.816  19.757 0.0000000000
133363  56.604  32.420  20.848 0.0000000000
132656  56.802  32.069  20.816 0.0000000000
132649  56.900  31.872  21.629 0.0000000000
132625  57.153  31.948  23.681 0.0000000000
131887  57.674  30.670  23.142 0.0000000000
126006  58.700  24.042  26.872 0.0000000000
126893  59.232  23.750  26.757 0.0000000000
124307  59.818  21.797  25.673 0.0000000000
125095  59.566  22.198  25.731 0.0000000000
123579  58.987  21.493  25.258 0.0000000000
123593  58.858  20.890  24.656 0.0000000000
122152  47.474  19.454  24.727 0.0000000000
124303  50.547  22.169  26.163 0.0000000000
123583  49.986  21.624  26.180 0.0000000000
122910  50.138  20.921  26.341 0.0000000000
122135  50.288  19.431  25.512 0.0000000000
122150  49.474  19.118  25.037 0.0000000000
121267  50.030  18.793  24.392 0.0000000000
121286  50.473  18.492  23.278 0.0000000000
128633  58.561  27.766  16.506 0.0000000000
127832  58.388  26.930  16.345 0.0000000000
127798  56.582  26.737  17.917 0.0000000000
127814  57.298  26.579  17.002 0.0000000000
127815  56.461  26.510  16.965 0.0000000000
131889  54.355  31.785  24.256 0.0000000000
131890  53.695  31.338  23.961 0.0000000000
131114  53.185  30.847  25.496 0.0000000000
131086  53.002  30.702  26.963 0.0000000000
130247  51.300  29.720  27.492 0.0000000000
129373  51.458  28.492  28.425 0.0000000000
134128  48.269  34.891  15.175 0.0000000000
134110  47.624  34.904  15.811 0.0000000000
134088  49.783  34.995  16.739 0.0000000000
133415  49.952  34.376  17.455 0.0000000000
133414  50.874  34.350  17.612 0.0000000000
132674  52.216  32.649  19.120 0.0000000000
132689  52.099  33.338  18.653 0.0000000000
133384  53.181  33.208  19.117 0.0000000000
132673  53.250  32.556  19.676 0.0000000000
131904  53.680  31.658  22.012 0.0000000000
132653  54.207  32.046  22.237 0.0000000000
124285  59.197  22.093  28.888 0.0000000000
123558  59.541  21.767  28.085 0.0000000000
123564  59.424  21.184  28.062 0.0000000000
121246  60.139  18.721  27.010 0.0000000000
121245  60.307  19.278  26.531 0.0000000000
121250  60.563  18.915  26.028 0.0000000000
121261  60.467  18.461  24.614 0.0000000000
120439  60.497  17.901  25.094 0.0000000000
119537  60.379  16.426  28.257 0.0000000000
119544  60.256  16.785  28.001 0.0000000000
118594  60.506  16.132  26.861 0.0000000000
118635  60.228  16.568  24.155 0.0000000000
118634  60.412  16.779  24.600 0.0000000000
118652  60.414  16.920  23.490 0.0000000000
119581  60.525  17.382  23.408 0.0000000000
119612  60.202  16.822  22.118 0.0000000000
119628  60.130  17.086  21.195 0.0000000000
118693  60.466  16.437  21.310 0.0000000000
129418  55.714  28.294  25.393 0.0000000000
129416  56.812  28.059  26.338 0.0000000000
128584  57.348  28.129  26.294 0.0000000000
129415  57.951  27.931  26.471 0.0000000000
131103  58.551  30.004  25.575 0.0000000000
131111  58.504  29.592  25.595 0.0000000000
131102  58.531  29.725  26.104 0.0000000000
129434  58.358  28.448  26.768 0.0000000000
128581  58.283  27.769  27.128 0.0000000000
128572  58.277  26.959  27.676 0.0000000000
129347  58.859  26.570  29.239 0.0000000000
128537  58.865  26.130  28.863 0.0000000000
128517  59.198  26.058  29.370 0.0000000000
127690  59.439  24.896  28.842 0.0000000000
127682  59.417  25.462  29.450 0.0000000000
131868  54.551  31.830  25.562 0.0000000000
132610  55.176  32.117  26.000 0.0000000000
131849  55.186  31.868  26.745 0.0000000000
131060  55.073  30.618  28.600 0.0000000000
131828  55.562  31.218  28.150 0.0000000000
131059  55.839  30.757  28.828 0.0000000000
131058  56.656  30.608  28.950 0.0000000000
131047  56.571  30.073  29.626 0.0000000000
129343  54.057  28.234  30.301 0.0000000000
129351  54.444  28.753  30.084 0.0000000000
129342  54.709  28.487  30.792 0.0000000000
129328  56.549  28.429  31.703 0.0000000000
130192  56.217  28.725  31.342 0.0000000000
129340  56.601  28.775  31.153 0.0000000000
129350  57.074  28.894  30.442 0.0000000000
129338  57.543  28.127  31.116 0.0000000000
128519  57.821  28.043  30.596 0.0000000000
129326  57.690  27.782  31.501 0.0000000000
126804  58.422  25.395  30.948 0.0000000000
127637  58.979  25.781  30.775 0.0000000000
126830  59.030  25.054  30.593 0.0000000000
126829  59.544  24.529  29.975 0.0000000000
125936  58.921  24.041  30.313 0.0000000000
125057  58.957  23.162  29.939 0.0000000000
125058  58.544  23.340  30.159 0.0000000000
124269  56.991  22.607  30.199 0.0000000000
124268  57.935  22.434  29.760 0.0000000000
123551  57.172  20.894  29.512 0.0000000000
122886  56.388  20.651  29.961 0.0000000000
124252  54.843  22.873  31.377 0.0000000000
122071  55.894  19.938  32.392 0.0000000000
122881  55.378  20.390  31.695 0.0000000000
122091  55.866  19.471  31.856 0.0000000000
122103  55.656  19.218  31.014 0.0000000000
121236  55.881  18.787  31.273 0.0000000000
120404  57.072  17.791  31.653 0.0000000000
129555  52.429  28.272  13.756 0.0000000000
129556  51.200  28.286  13.284 0.0000000000
128657  54.113  27.733  13.387 0.0000000000
129552  55.579  28.622  13.859 0.0000000000
129551  56.470  28.688  13.969 0.0000000000
128654  56.953  28.037  13.458 0.0000000000
134082  55.399  34.784  17.793 0.0000000000
134102  55.308  34.639  17.071 0.0000000000
134101  55.703  34.476  17.376 0.0000000000
132707  55.905  32.671  16.505 0.0000000000
132715  55.671  32.043  16.077 0.0000000000
131956  55.531  31.468  15.636 0.0000000000
131971  55.851  31.128  15.413 0.0000000000
131970  56.157  31.023  15.436 0.0000000000
150214  57.589  30.508  16.003 0.0000000000
150218  57.994  30.728  15.027 0.0000000000
150215  58.219  29.609  15.863 0.0000000000
130381  58.226  29.079  14.886 0.0000000000
130367  58.436  28.832  15.872 0.0000000000
129532  58.527  28.174  15.660 0.0000000000
131194  58.383  29.061  16.501 0.0000000000
131170  57.920  29.120  18.434 0.0000000000
130352  58.429  28.553  17.988 0.0000000000
130350  58.437  28.795  18.143 0.0000000000
128621  59.672  27.906  18.748 0.0000000000
129509  59.277  28.188  18.979 0.0000000000
131136  57.427  30.443  20.629 0.0000000000
131135  57.502  30.053  21.131 0.0000000000
130328  57.512  28.936  20.933 0.0000000000
130344  57.727  28.656  20.207 0.0000000000
129502  56.451  28.308  21.035 0.0000000000
129459  56.519  28.634  24.085 0.0000000000
128588  54.976  28.073  24.210 0.0000000000
126881  55.438  25.393  26.745 0.0000000000
124299  54.151  22.600  26.609 0.0000000000
124298  55.160  22.502  26.510 0.0000000000
125098  56.739  23.318  26.401 0.0000000000
124296  57.099  22.618  26.040 0.0000000000
122915  55.974  20.378  25.403 0.0000000000
122904  55.628  20.944  26.011 0.0000000000
122916  55.081  20.157  25.605 0.0000000000
122905  54.772  20.821  26.201 0.0000000000
122132  53.385  19.232  25.215 0.0000000000
121283  53.574  18.440  23.334 0.0000000000
121306  53.015  18.428  22.428 0.0000000000
121307  52.043  18.346  22.349 0.0000000000
121329  52.626  18.478  21.451 0.0000000000
122912  60.436  20.573  26.014 0.0000000000
123589  60.554  21.234  26.001 0.0000000000
122925  60.283  20.236  24.915 0.0000000000
122189  59.376  19.118  22.501 0.0000000000
122948  59.741  19.936  23.900 0.0000000000
122171  58.981  19.379  23.058 0.0000000000
122950  58.671  19.728  23.597 0.0000000000
122191  57.871  18.755  21.905 0.0000000000
121378  57.946  18.099  19.046 0.0000000000
121360  58.230  18.406  19.862 0.0000000000
121361  57.606  18.421  19.611 0.0000000000
126890  52.455  25.304  25.023 0.0000000000
126009  52.333  24.598  25.581 0.0000000000
126008  53.060  24.990  25.951 0.0000000000
125997  53.600  24.621  26.350 0.0000000000
128592  54.963  28.077  23.247 0.0000000000
128593  54.447  27.521  22.924 0.0000000000
128590  53.863  27.192  23.338 0.0000000000
126900  52.940  26.057  23.833 0.0000000000
126901  52.358  25.600  23.594 0.0000000000
120384  59.337  16.549  32.714 0.0000000000
120401  59.662  16.367  32.007 0.0000000000
119507  60.131  16.039  32.369 0.0000000000
118554  60.346  15.569  32.166 0.0000000000
116725  59.516  15.218  30.877 0.0000000000
131866  57.291  31.628  24.791 0.0000000000
132607  56.967  32.100  24.399 0.0000000000
131848  56.888  31.910  25.450 0.0000000000
132595  56.697  31.934  26.041 0.0000000000
127684  51.833  26.562  29.700 0.0000000000
127665  52.159  26.345  30.340 0.0000000000
126833  51.899  25.840  30.870 0.0000000000
126793  52.587  25.482  32.444 0.0000000000
132658  54.730  32.893  21.159 0.0000000000
133366  55.414  33.145  21.311 0.0000000000
133354  55.751  33.005  21.888 0.0000000000
133352  56.407  32.639  21.657 0.0000000000
132650  56.518  32.419  21.980 0.0000000000
126875  59.644  23.988  27.623 0.0000000000
126005  59.759  22.861  26.822 0.0000000000
126004  59.941  22.954  26.966 0.0000000000
125117  60.338  22.644  26.346 0.0000000000
123611  60.380  21.982  25.908 0.0000000000
123573  51.498  21.626  26.515 0.0000000000
122909  50.882  20.825  26.471 0.0000000000
122124  51.072  19.978  26.233 0.0000000000
121258  50.258  19.027  25.011 0.0000000000
121257  50.741  18.955  25.002 0.0000000000
121256  51.522  18.892  24.964 0.0000000000
121265  52.150  18.688  24.374 0.0000000000
127811  58.565  27.716  17.580 0.0000000000
127812  58.428  27.268  17.329 0.0000000000
127796  58.127  27.205  18.177 0.0000000000
127797  57.419  26.834  17.991 0.0000000000
126023  49.669  24.056  24.278 0.0000000000
124325  47.926  22.704  25.037 0.0000000000
124318  47.488  22.133  25.243 0.0000000000
131891  53.226  31.016  23.311 0.0000000000
131122  52.743  30.535  24.090 0.0000000000
131175  50.465  30.819  20.004 0.0000000000
131928  50.276  31.539  19.329 0.0000000000
131913  51.872  31.143  20.286 0.0000000000
131925  53.271  31.898  20.331 0.0000000000
131912  52.620  31.202  20.789 0.0000000000
131905  52.986  31.099  21.690 0.0000000000
123560  58.736  21.000  28.593 0.0000000000
123565  59.329  20.779  28.057 0.0000000000
122111  58.928  19.548  28.095 0.0000000000
122118  59.269  18.958  27.669 0.0000000000
120430  60.540  17.916  26.651 0.0000000000
117675  60.106  15.671  26.773 0.0000000000
117681  60.072  16.102  25.829 0.0000000000
117689  59.987  16.382  24.967 0.0000000000
118653  60.009  16.567  23.487 0.0000000000
129438  56.464  28.549  25.057 0.0000000000
131834  58.435  30.026  27.084 0.0000000000
131085  58.498  29.553  26.770 0.0000000000
131066  58.446  29.260  27.479 0.0000000000
130243  58.409  28.364  27.717 0.0000000000
129392  58.421  27.425  28.029 0.0000000000
130221  58.429  27.862  28.488 0.0000000000
130210  58.629  27.174  29.130 0.0000000000
130200  58.571  27.233  29.663 0.0000000000
131851  53.627  31.221  26.754 0.0000000000
131840  54.107  31.125  27.430 0.0000000000
131049  55.275  30.208  29.265 0.0000000000
128489  54.829  27.521  31.871 0.0000000000
129330  55.018  28.215  31.437 0.0000000000
128488  55.610  27.743  32.096 0.0000000000
129318  56.116  28.062  32.148 0.0000000000
129316  57.212  27.700  32.075 0.0000000000
128474  57.477  27.264  31.945 0.0000000000
127626  57.629  26.825  31.826 0.0000000000
126805  57.529  25.647  31.341 0.0000000000
125908  58.214  24.782  30.709 0.0000000000
125938  57.739  24.230  30.598 0.0000000000
125060  57.044  23.547  30.481 0.0000000000
124270  56.154  22.895  30.546 0.0000000000
124228  54.879  22.128  32.098 0.0000000000
123508  55.369  21.415  32.972 0.0000000000
122862  55.844  20.414  32.878 0.0000000000
129536  52.928  28.999  14.433 0.0000000000
129534  55.058  29.263  14.354 0.0000000000
134107  50.683  35.373  16.096 0.0000000000
134125  51.519  34.785  15.741 0.0000000000
134124  52.558  34.733  15.839 0.0000000000
133411  56.519  33.037  18.109 0.0000000000
133412  56.359  33.605  17.687 0.0000000000
132702  56.445  32.504  17.264 0.0000000000
131951  56.268  31.637  16.421 0.0000000000
131954  56.812  30.965  16.067 0.0000000000
150216  56.887  30.863  16.385 0.0000000000
131191  56.817  30.809  16.875 0.0000000000
150220  58.135  29.551  16.729 0.0000000000
131949  58.269  29.219  16.889 0.0000000000
130353  57.628  29.774  17.749 0.0000000000
131181  57.583  29.700  17.773 0.0000000000
131171  57.765  29.292  18.673 0.0000000000
130312  57.307  29.288  22.018 0.0000000000
129493  56.965  29.031  22.533 0.0000000000
127720  56.257  26.354  27.089 0.0000000000
126880  56.315  25.091  27.118 0.0000000000
123581  57.257  21.287  25.452 0.0000000000
124311  56.821  21.928  25.819 0.0000000000
122914  56.836  20.522  25.152 0.0000000000
122130  55.428  19.647  24.862 0.0000000000
122146  54.955  19.131  24.365 0.0000000000
121282  54.507  18.539  23.165 0.0000000000
122141  60.421  19.393  24.848 0.0000000000
122946  60.254  19.781  24.429 0.0000000000
122168  60.267  19.309  24.080 0.0000000000
122188  59.961  19.145  22.798 0.0000000000
124314  50.944  22.795  25.932 0.0000000000
124302  51.203  22.295  26.309 0.0000000000
124313  51.556  22.936  26.172 0.0000000000
123572  52.441  21.677  26.602 0.0000000000
128611  56.472  27.863  20.444 0.0000000000
128618  56.634  27.396  19.656 0.0000000000
127751  55.399  27.170  20.841 0.0000000000
128597  54.581  27.204  22.141 0.0000000000
126897  51.755  25.082  24.012 0.0000000000
126029  51.172  24.693  24.058 0.0000000000
126022  50.533  24.167  24.504 0.0000000000
125121  50.332  23.641  24.993 0.0000000000
131159  49.723  30.384  20.634 0.0000000000
131140  49.960  29.996  21.333 0.0000000000
120421  57.394  17.416  29.929 0.0000000000
120428  58.688  17.531  28.770 0.0000000000
119541  58.634  16.751  29.745 0.0000000000
119539  59.477  16.472  29.287 0.0000000000
119538  59.866  16.300  28.935 0.0000000000
119518  59.868  16.075  31.442 0.0000000000
118571  59.782  15.999  29.949 0.0000000000
117657  60.262  15.729  28.190 0.0000000000
116753  59.989  15.374  27.108 0.0000000000
117683  59.589  16.015  25.945 0.0000000000
131113  58.204  30.046  24.386 0.0000000000
131104  58.418  30.222  25.098 0.0000000000
132605  58.444  30.612  26.039 0.0000000000
131846  57.743  31.300  25.590 0.0000000000
132606  58.265  30.926  25.793 0.0000000000
132592  58.330  30.786  26.453 0.0000000000
131835  58.159  30.710  27.121 0.0000000000
130245  57.891  30.066  28.406 0.0000000000
130227  52.361  29.397  28.261 0.0000000000
130226  53.368  29.484  28.716 0.0000000000
129371  53.268  28.836  29.141 0.0000000000
128500  53.814  27.553  30.819 0.0000000000
127663  53.491  26.883  31.355 0.0000000000
128490  54.080  27.298  31.494 0.0000000000
127642  54.693  26.629  32.152 0.0000000000
126808  54.956  25.865  32.092 0.0000000000
125008  53.840  23.404  32.128 0.0000000000
123486  54.599  21.966  34.048 0.0000000000
123479  54.979  21.245  34.519 0.0000000000
131198  53.083  31.368  15.568 0.0000000000
134069  53.764  34.447  18.425 0.0000000000
134068  54.827  34.755  18.489 0.0000000000
134054  55.204  34.440  19.172 0.0000000000
134053  55.937  34.153  19.017 0.0000000000
133372  55.858  33.615  20.591 0.0000000000
133392  56.409  33.648  18.603 0.0000000000
133391  56.622  32.981  18.881 0.0000000000
132672  56.712  32.213  19.017 0.0000000000
131910  57.043  31.360  19.974 0.0000000000
131895  57.230  31.312  21.958 0.0000000000
131894  57.471  30.718  22.180 0.0000000000
126878  58.066  25.088  27.486 0.0000000000
125984  57.765  24.350  27.165 0.0000000000
125992  58.091  24.006  26.955 0.0000000000
125096  58.030  22.974  26.190 0.0000000000
124294  58.077  22.687  25.953 0.0000000000
125119  59.202  22.837  26.121 0.0000000000
124309  58.445  22.335  25.730 0.0000000000
122143  57.488  19.464  23.634 0.0000000000
121375  59.621  17.876  20.505 0.0000000000
122213  59.245  18.262  20.517 0.0000000000
121376  59.275  18.039  19.955 0.0000000000
121270  46.900  19.030  24.042 0.0000000000
122126  49.749  20.459  26.155 0.0000000000
122151  48.492  19.300  24.911 0.0000000000
121289  47.221  18.705  23.164 0.0000000000
121288  48.277  18.645  23.156 0.0000000000
127764  56.411  27.228  19.466 0.0000000000
127782  55.767  26.784  18.826 0.0000000000
132645  55.019  32.290  24.037 0.0000000000
131883  54.607  31.952  24.792 0.0000000000
131869  53.797  31.374  25.939 0.0000000000
131070  53.261  30.500  27.501 0.0000000000
128541  51.602  27.618  28.817 0.0000000000
134108  49.596  35.210  15.914 0.0000000000
134089  48.778  34.811  16.575 0.0000000000
134086  51.780  34.922  17.248 0.0000000000
134071  52.112  34.526  17.717 0.0000000000
132676  50.391  32.124  18.971 0.0000000000
133396  51.045  33.677  18.167 0.0000000000
133395  51.962  33.894  18.238 0.0000000000
133393  53.516  33.804  18.943 0.0000000000
133383  53.941  33.517  19.542 0.0000000000
125076  59.792  23.359  28.777 0.0000000000
125088  59.973  22.904  27.917 0.0000000000
124282  59.877  22.105  27.716 0.0000000000
122898  59.932  21.052  26.915 0.0000000000
122903  60.194  20.855  26.456 0.0000000000
122900  59.546  20.561  27.514 0.0000000000
122121  60.389  19.938  26.189 0.0000000000
122129  60.498  19.649  25.643 0.0000000000
122167  60.398  18.798  24.201 0.0000000000
122186  60.397  18.657  23.611 0.0000000000
121320  60.518  18.152  22.559 0.0000000000
120433  59.587  17.625  28.123 0.0000000000
120431  60.442  17.559  27.320 0.0000000000
118608  60.299  16.438  26.061 0.0000000000
119554  60.499  17.218  25.602 0.0000000000
120442  60.507  17.819  24.355 0.0000000000
120457  60.545  17.726  23.035 0.0000000000
121339  60.602  18.199  22.245 0.0000000000
120483  59.814  17.597  20.795 0.0000000000
128586  54.400  27.561  24.787 0.0000000000
128578  54.592  27.370  25.475 0.0000000000
128577  55.281  27.587  25.972 0.0000000000
128576  56.116  27.469  26.609 0.0000000000
127719  57.167  26.497  27.279 0.0000000000
127718  57.762  26.195  27.476 0.0000000000
130284  58.345  29.261  25.348 0.0000000000
129456  58.211  28.835  25.817 0.0000000000
130274  58.473  29.135  26.467 0.0000000000
129455  58.375  28.821  26.243 0.0000000000
129435  58.194  28.347  26.371 0.0000000000
129414  58.180  27.858  26.673 0.0000000000
128573  58.129  27.323  27.101 0.0000000000
128557  58.564  26.409  28.303 0.0000000000
127709  58.965  25.410  28.411 0.0000000000
126870  59.365  24.699  28.124 0.0000000000
127708  59.296  25.005  28.554 0.0000000000
126854  59.704  24.286  28.602 0.0000000000
132585  56.436  31.920  27.024 0.0000000000
131839  55.232  31.625  27.313 0.0000000000
131838  56.068  31.665  27.641 0.0000000000
131837  56.842  31.546  27.611 0.0000000000
131826  57.151  31.012  28.182 0.0000000000
131057  57.406  30.387  28.686 0.0000000000
130223  57.648  29.573  29.211 0.0000000000
130216  54.566  29.458  29.556 0.0000000000
130215  55.439  29.671  29.896 0.0000000000
129341  55.373  28.642  31.193 0.0000000000
130203  55.553  29.121  30.629 0.0000000000
130214  56.143  29.677  30.126 0.0000000000
130212  57.306  29.016  29.931 0.0000000000
129370  57.728  28.735  29.688 0.0000000000
128539  57.800  28.297  30.118 0.0000000000
129337  58.505  27.236  30.201 0.0000000000
129325  58.728  26.846  30.343 0.0000000000
128486  58.061  27.254  31.504 0.0000000000
128485  58.671  26.588  30.829 0.0000000000
128496  59.431  26.080  29.943 0.0000000000
126840  59.521  25.019  29.596 0.0000000000
126839  59.694  24.379  29.200 0.0000000000
125955  59.863  23.965  29.110 0.0000000000
124265  59.792  22.990  29.101 0.0000000000
125077  59.332  22.831  29.451 0.0000000000
123548  58.983  21.934  28.990 0.0000000000
124276  58.422  22.176  29.463 0.0000000000
123549  58.668  21.692  29.014 0.0000000000
122889  58.247  20.817  28.809 0.0000000000
122107  57.366  19.297  29.052 0.0000000000
125035  55.587  23.552  30.837 0.0000000000
123543  55.800  21.522  30.513 0.0000000000
122102  56.068  19.545  30.160 0.0000000000
122108  56.554  18.839  29.578 0.0000000000
120416  57.335  17.300  30.776 0.0000000000
120403  58.013  16.986  31.513 0.0000000000
120385  58.391  17.143  32.762 0.0000000000
128653  57.584  27.993  13.596 0.0000000000
128652  58.038  27.727  13.712 0.0000000000
131197  54.007  31.255  15.703 0.0000000000
134103  54.435  34.809  16.742 0.0000000000
133430  55.991  33.954  16.987 0.0000000000
131957  54.541  31.941  15.604 0.0000000000
131196  54.945  31.040  15.388 0.0000000000
131205  55.105  30.536  14.984 0.0000000000
131204  55.715  30.831  15.124 0.0000000000
130369  55.987  29.964  14.679 0.0000000000
131969  56.871  30.736  15.347 0.0000000000
131202  56.890  30.168  14.704 0.0000000000
130383  56.751  29.457  14.479 0.0000000000
129549  57.908  28.659  14.228 0.0000000000
129548  58.348  28.326  14.448 0.0000000000
129547  58.538  28.108  14.927 0.0000000000
131185  58.147  29.051  17.281 0.0000000000
129526  58.577  28.155  17.118 0.0000000000
128631  58.601  27.891  17.313 0.0000000000
128627  58.882  27.874  17.971 0.0000000000
128622  59.285  27.759  18.987 0.0000000000
128616  58.083  27.732  19.533 0.0000000000
130342  58.237  28.592  19.208 0.0000000000
129511  57.946  28.324  19.793 0.0000000000
129517  58.392  27.911  19.372 0.0000000000
128610  57.060  27.959  20.257 0.0000000000
129513  56.861  28.095  20.497 0.0000000000
129479  55.690  28.421  22.656 0.0000000000
125996  54.643  24.502  26.597 0.0000000000
125101  53.856  23.582  26.586 0.0000000000
123571  53.451  21.683  26.575 0.0000000000
122906  53.790  20.767  26.351 0.0000000000
125993  57.288  24.076  26.887 0.0000000000
124312  56.463  21.855  25.934 0.0000000000
123568  55.907  21.554  26.088 0.0000000000
122122  53.105  19.861  26.057 0.0000000000
122148  52.836  18.949  24.827 0.0000000000
124306  61.118  21.863  26.595 0.0000000000
123609  60.725  21.507  25.998 0.0000000000
123591  60.006  21.271  25.538 0.0000000000
122947  60.126  19.873  24.224 0.0000000000
122926  59.869  20.458  24.607 0.0000000000
122927  59.351  20.417  24.274 0.0000000000
122928  58.769  20.263  24.101 0.0000000000
122929  58.087  19.918  24.078 0.0000000000
122207  58.849  18.457  20.773 0.0000000000
122208  58.606  18.508  20.852 0.0000000000
122201  58.036  18.608  21.271 0.0000000000
121344  57.258  18.550  20.262 0.0000000000
121323  57.642  18.573  21.021 0.0000000000
122192  57.248  18.690  22.077 0.0000000000
122173  57.118  18.941  22.779 0.0000000000
121280  56.283  18.692  22.583 0.0000000000
121304  54.836  18.567  22.204 0.0000000000
116726  59.436  14.794  31.301 0.0000000000
117648  58.926  15.194  30.132 0.0000000000
117660  58.601  15.401  29.121 0.0000000000
118583  58.815  15.541  28.493 0.0000000000
116717  60.409  14.947  32.472 0.0000000000
116718  60.125  14.705  31.918 0.0000000000
116731  60.095  15.540  28.273 0.0000000000
116733  59.424  15.590  29.662 0.0000000000
116734  59.051  14.939  30.222 0.0000000000
116739  60.308  15.654  28.215 0.0000000000
116740  59.987  15.408  28.019 0.0000000000
116747  60.008  15.130  27.586 0.0000000000
116748  59.786  15.389  27.886 0.0000000000
116749  59.316  15.546  28.593 0.0000000000
116754  59.923  15.314  27.363 0.0000000000
117603  60.725  14.973  33.299 0.0000000000
117604  60.476  14.925  33.156 0.0000000000
117621  60.726  14.726  32.988 0.0000000000
117623  60.433  15.128  31.986 0.0000000000
117635  59.128  14.887  30.990 0.0000000000
117645  60.057  15.700  28.624 0.0000000000
117646  59.816  15.858  29.332 0.0000000000
117647  59.642  15.700  30.365 0.0000000000
117658  60.284  15.681  27.865 0.0000000000
117659  58.953  15.426  29.079 0.0000000000
117666  60.465  16.038  27.892 0.0000000000
117667  60.326  15.791  27.172 0.0000000000
117674  60.278  15.964  26.782 0.0000000000
117676  59.801  15.512  26.919 0.0000000000
117703  59.950  16.390  24.325 0.0000000000
118530  60.426  15.517  34.101 0.0000000000
118553  60.436  15.194  33.119 0.0000000000
118555  60.161  15.487  31.472 0.0000000000
118563  60.023  15.925  30.913 0.0000000000
118570  60.130  15.998  28.779 0.0000000000
118584  58.235  15.472  28.586 0.0000000000
118595  60.477  17.069  27.037 0.0000000000
118596  60.216  16.949  27.339 0.0000000000
118597  58.781  15.661  27.727 0.0000000000
118609  60.020  16.850  27.029 0.0000000000
118610  60.032  17.001  27.266 0.0000000000
118622  60.375  16.723  25.394 0.0000000000
118669  60.377  16.976  22.876 0.0000000000
118682  60.535  16.536  21.449 0.0000000000
118692  60.233  16.440  21.137 0.0000000000
119497  59.976  16.221  33.283 0.0000000000
119531  59.702  16.088  30.166 0.0000000000
119534  58.449  16.701  30.247 0.0000000000
119540  58.945  16.797  29.310 0.0000000000
119545  59.767  16.971  28.416 0.0000000000
119549  60.544  17.009  26.421 0.0000000000
119550  60.594  17.071  27.409 0.0000000000
119551  60.229  17.135  27.777 0.0000000000
119555  60.131  17.036  27.218 0.0000000000
119556  59.929  17.288  27.514 0.0000000000
119569  60.545  17.313  24.056 0.0000000000
119596  60.441  17.239  22.779 0.0000000000
119597  60.349  17.001  22.615 0.0000000000
119627  60.334  17.441  21.674 0.0000000000
119629  59.737  16.750  21.049 0.0000000000
120383  59.918  16.240  32.656 0.0000000000
120400  59.985  16.182  32.128 0.0000000000
120405  56.433  18.038  31.278 0.0000000000
120415  57.935  16.957  30.411 0.0000000000
120417  56.666  17.690  30.772 0.0000000000
120419  58.776  17.284  28.929 0.0000000000
120420  58.245  17.358  29.308 0.0000000000
120422  57.009  17.509  30.327 0.0000000000
120424  61.233  17.147  27.116 0.0000000000
120425  61.116  17.029  27.323 0.0000000000
120426  59.660  17.411  28.231 0.0000000000
120427  59.145  17.467  28.439 0.0000000000
120432  59.958  17.561  27.905 0.0000000000
120436  60.561  17.286  27.251 0.0000000000
120437  60.324  17.128  27.610 0.0000000000
120450  60.530  17.767  23.673 0.0000000000
120464  60.497  17.682  22.452 0.0000000000
120472  60.435  17.687  21.959 0.0000000000
120473  60.241  17.632  21.425 0.0000000000
120494  59.418  17.675  20.182 0.0000000000
121190  59.688  16.118  33.966 0.0000000000
121210  56.604  18.918  32.480 0.0000000000
121225  56.382  18.612  31.823 0.0000000000
121226  55.874  19.021  31.519 0.0000000000
121240  56.623  17.802  29.917 0.0000000000
121242  58.900  18.508  28.068 0.0000000000
121247  59.846  18.361  27.501 0.0000000000
121254  53.735  18.866  24.782 0.0000000000
121255  53.360  18.919  24.801 0.0000000000
121262  54.982  18.817  23.754 0.0000000000
121300  60.513  18.174  23.297 0.0000000000
121322  57.881  18.577  21.069 0.0000000000
121340  60.407  18.041  21.843 0.0000000000
121341  58.671  18.453  20.486 0.0000000000
121342  58.439  18.492  20.569 0.0000000000
121357  59.973  17.944  21.095 0.0000000000
121358  59.564  18.097  20.604 0.0000000000
121359  58.664  18.412  20.206 0.0000000000
121362  56.887  18.471  19.504 0.0000000000
121377  58.686  18.175  19.635 0.0000000000
122115  60.071  20.299  26.590 0.0000000000
122116  59.852  19.831  26.882 0.0000000000
122142  60.330  19.669  24.574 0.0000000000
122147  53.114  18.951  24.807 0.0000000000
122170  59.580  19.449  23.256 0.0000000000
122196  60.438  18.527  23.020 0.0000000000
122200  58.471  18.609  21.280 0.0000000000
122205  60.062  18.414  21.659 0.0000000000
122212  59.640  18.203  21.047 0.0000000000
122214  59.090  18.347  20.127 0.0000000000
122218  59.022  18.230  19.923 0.0000000000
122890  57.598  20.420  29.110 0.0000000000
122893  59.691  21.281  27.509 0.0000000000
122894  59.409  20.766  28.000 0.0000000000
122895  59.047  20.520  28.295 0.0000000000
122896  58.609  20.141  28.490 0.0000000000
122901  59.278  19.974  27.783 0.0000000000
123541  57.682  21.941  29.628 0.0000000000
123556  60.040  21.962  27.328 0.0000000000
123557  59.793  21.947  27.559 0.0000000000
123562  59.981  21.906  27.105 0.0000000000
123563  59.889  21.412  27.159 0.0000000000
123567  59.920  21.568  27.148 0.0000000000
123577  59.824  21.503  25.556 0.0000000000
123578  59.588  21.489  25.436 0.0000000000
123610  60.537  21.640  25.887 0.0000000000
124249  59.878  23.167  29.035 0.0000000000
124250  59.812  23.192  29.492 0.0000000000
124253  53.886  24.329  31.199 0.0000000000
124264  60.029  23.284  29.126 0.0000000000
124266  58.928  23.020  29.897 0.0000000000
124271  53.911  24.019  30.919 0.0000000000
124273  60.024  23.019  29.120 0.0000000000
124275  59.095  22.430  29.315 0.0000000000
124277  57.911  21.862  29.450 0.0000000000
124283  59.740  22.706  28.329 0.0000000000
124284  59.404  22.266  28.726 0.0000000000
124288  60.064  21.937  27.282 0.0000000000
124291  60.472  21.843  26.959 0.0000000000
124292  59.901  21.987  25.731 0.0000000000
124293  59.694  22.013  25.671 0.0000000000
124295  57.784  22.683  25.985 0.0000000000
124308  59.367  21.992  25.603 0.0000000000
124321  60.919  21.937  26.355 0.0000000000
124322  61.001  21.979  26.140 0.0000000000
124323  60.109  22.049  25.887 0.0000000000
124340  60.836  21.879  25.984 0.0000000000
124341  60.623  22.047  25.940 0.0000000000
124342  60.485  22.226  25.960 0.0000000000
125033  59.858  23.649  29.175 0.0000000000
125034  59.729  23.620  29.494 0.0000000000
125055  59.860  23.315  28.872 0.0000000000
125056  59.161  23.032  29.867 0.0000000000
125062  54.998  24.401  31.174 0.0000000000
125063  54.443  24.274  31.077 0.0000000000
125078  59.199  22.923  29.645 0.0000000000
125089  59.846  23.234  28.280 0.0000000000
125091  60.469  22.589  27.335 0.0000000000
125093  60.775  22.394  27.057 0.0000000000
125094  59.803  22.176  25.805 0.0000000000
125105  60.958  22.582  27.040 0.0000000000
125106  60.997  23.011  27.057 0.0000000000
125107  59.896  22.331  25.970 0.0000000000
125108  59.376  22.504  25.889 0.0000000000
125120  58.922  23.393  26.362 0.0000000000
125137  60.308  22.374  26.047 0.0000000000
125138  60.057  22.671  25.921 0.0000000000
125906  59.729  23.942  29.615 0.0000000000
125907  59.496  24.034  30.036 0.0000000000
125934  59.974  24.112  29.110 0.0000000000
125935  59.288  23.855  30.097 0.0000000000
125941  55.013  24.676  31.287 0.0000000000
125942  54.513  24.645  31.285 0.0000000000
125971  59.854  23.757  28.578 0.0000000000
125981  60.197  23.313  27.915 0.0000000000
125982  60.056  23.454  27.878 0.0000000000
125983  57.999  24.311  27.175 0.0000000000
125990  59.990  23.130  27.726 0.0000000000
125991  58.513  24.217  27.073 0.0000000000
125998  52.792  24.364  26.128 0.0000000000
126007  58.702  23.632  26.572 0.0000000000
126016  59.814  22.768  26.764 0.0000000000
126017  59.495  23.250  26.678 0.0000000000
126018  59.113  23.621  26.526 0.0000000000
126019  58.888  23.592  26.477 0.0000000000
126790  55.881  26.422  31.950 0.0000000000
126801  59.875  24.219  30.024 0.0000000000
126803  58.859  25.447  30.779 0.0000000000
126807  55.866  26.030  31.744 0.0000000000
126810  52.391  25.835  31.954 0.0000000000
126828  59.726  24.124  29.531 0.0000000000
126831  58.588  24.908  30.690 0.0000000000
126841  51.621  25.934  30.238 0.0000000000
126853  59.895  23.846  28.099 0.0000000000
126871  57.882  24.620  27.313 0.0000000000
126879  56.893  24.625  27.147 0.0000000000
126886  59.610  23.808  27.111 0.0000000000
126887  59.145  23.995  26.853 0.0000000000
126888  59.012  24.033  26.828 0.0000000000
126894  58.811  24.024  26.402 0.0000000000
127625  57.888  26.803  31.737 0.0000000000
127629  55.479  26.725  32.216 0.0000000000
127639  57.266  26.351  31.706 0.0000000000
127640  56.531  26.401  31.819 0.0000000000
127661  59.384  25.508  30.240 0.0000000000
127662  59.180  25.481  30.551 0.0000000000
127683  52.538  26.878  30.175 0.0000000000
127734  54.365  26.991  21.988 0.0000000000
127739  55.254  27.205  21.264 0.0000000000
127749  60.179  28.073  19.828 0.0000000000
127750  60.095  27.841  20.067 0.0000000000
127762  60.188  27.888  19.629 0.0000000000
127763  60.088  27.257  19.805 0.0000000000
127777  60.158  27.685  19.307 0.0000000000
127778  59.855  27.865  19.833 0.0000000000
127779  57.911  27.246  18.798 0.0000000000
127794  58.634  27.823  18.022 0.0000000000
127795  58.502  27.593  17.997 0.0000000000
128473  57.840  27.030  31.771 0.0000000000
128475  56.796  27.328  32.184 0.0000000000
128476  56.038  27.415  32.248 0.0000000000
128484  59.203  26.071  30.468 0.0000000000
128487  57.558  27.647  31.804 0.0000000000
128498  57.985  27.704  31.058 0.0000000000
128518  58.185  27.635  30.483 0.0000000000
128520  53.505  27.831  30.154 0.0000000000
128538  58.021  27.960  30.164 0.0000000000
128558  58.251  27.534  26.998 0.0000000000
128559  58.088  27.513  26.877 0.0000000000
128583  57.625  27.883  26.474 0.0000000000
128598  54.085  27.070  22.357 0.0000000000
128608  59.848  28.343  19.649 0.0000000000
128609  59.641  27.771  19.667 0.0000000000
128614  60.123  28.314  19.049 0.0000000000
128615  59.569  27.486  19.420 0.0000000000
128624  57.521  27.300  19.211 0.0000000000
128628  58.643  27.811  18.435 0.0000000000
129317  56.699  27.913  32.165 0.0000000000
129324  59.064  26.481  30.239 0.0000000000
129339  57.056  28.572  31.085 0.0000000000
129348  58.278  27.647  29.899 0.0000000000
129353  52.929  28.275  29.283 0.0000000000
129369  58.065  28.194  29.649 0.0000000000
129393  58.258  27.684  26.875 0.0000000000
129394  58.071  27.680  26.709 0.0000000000
129503  55.876  28.071  21.221 0.0000000000
129510  58.958  28.108  19.113 0.0000000000
129515  59.291  28.253  18.667 0.0000000000
129516  58.942  27.845  18.998 0.0000000000
129518  57.981  27.933  19.839 0.0000000000
129520  58.826  28.030  18.100 0.0000000000
129522  58.901  27.786  19.143 0.0000000000
130190  58.936  26.719  29.980 0.0000000000
130191  58.749  26.957  29.959 0.0000000000
130193  55.842  28.839  31.179 0.0000000000
130199  58.810  26.816  29.612 0.0000000000
130201  56.780  28.951  30.703 0.0000000000
130213  56.870  29.441  30.026 0.0000000000
130217  53.803  29.252  29.241 0.0000000000
130341  59.017  28.220  18.799 0.0000000000
130354  57.502  29.904  17.901 0.0000000000
130356  58.438  28.517  17.559 0.0000000000
130357  57.552  29.977  17.597 0.0000000000
130358  57.423  30.080  17.765 0.0000000000
130360  58.501  28.492  16.991 0.0000000000
130363  58.468  28.572  16.389 0.0000000000
130364  54.735  30.532  15.158 0.0000000000
130368  56.865  30.058  14.741 0.0000000000
130379  58.485  28.438  15.391 0.0000000000
131069  53.845  30.552  27.852 0.0000000000
131152  58.131  28.861  18.864 0.0000000000
131174  51.205  30.845  20.290 0.0000000000
131180  58.009  28.896  18.147 0.0000000000
131186  57.794  29.702  17.412 0.0000000000
131190  58.397  28.871  16.921 0.0000000000
131218  57.488  30.215  14.942 0.0000000000
131219  56.863  30.159  14.829 0.0000000000
131830  54.259  30.735  27.893 0.0000000000
131844  58.479  30.230  26.470 0.0000000000
131845  58.383  30.442  26.783 0.0000000000
131863  58.528  30.260  25.995 0.0000000000
131864  58.413  30.481  25.569 0.0000000000
131867  57.016  31.859  25.202 0.0000000000
131898  53.141  31.074  22.540 0.0000000000
131939  57.950  29.363  17.469 0.0000000000
131941  49.959  32.005  18.943 0.0000000000
131944  58.191  29.124  17.240 0.0000000000
131945  58.115  29.565  16.812 0.0000000000
131950  56.431  31.393  16.734 0.0000000000
131968  56.985  30.829  15.763 0.0000000000
131983  57.725  30.787  15.123 0.0000000000
131984  56.911  30.450  14.937 0.0000000000
132586  55.875  31.881  27.168 0.0000000000
132591  58.405  30.587  26.338 0.0000000000
132593  58.048  31.204  26.248 0.0000000000
132597  55.179  31.958  26.477 0.0000000000
132657  56.665  32.257  21.422 0.0000000000
132706  56.272  32.038  16.730 0.0000000000
132730  57.734  30.741  15.948 0.0000000000
132738  58.024  30.704  15.084 0.0000000000
132739  58.001  30.626  15.297 0.0000000000
133353  56.223  32.821  21.755 0.0000000000
133370  56.612  32.549  20.513 0.0000000000
133432  54.568  34.334  16.263 0.0000000000
134055  54.389  34.273  19.107 0.0000000000
134067  55.627  34.532  18.432 0.0000000000
134081  55.964  34.341  17.739 0.0000000000
134085  52.497  35.017  17.469 0.0000000000
134091  47.179  34.518  16.313 0.0000000000
134105  52.860  35.249  16.230 0.0000000000
134122  54.073  34.548  16.297 0.0000000000
134745  53.089  35.539  16.897 0.0000000000
134747  52.291  35.236  17.201 0.0000000000
134754  52.627  35.452  16.687 0.0000000000
134755  52.238  35.354  16.942 0.0000000000
150086  53.924  24.229  30.947 0.0000000000
150087  54.130  24.398  31.167 0.0000000000
150219  58.031  30.420  14.946 0.0000000000
150221  57.811  30.646  15.423 0.0000000000
150222  58.253  30.897  14.928 0.0000000000
