#!ascii label  , from subject 3006 vox2ras=TkReg
962
112745  51.821  9.127  33.434 0.0000000000
115887  48.703  12.269  21.544 0.0000000000
117778  56.251  15.809  16.110 0.0000000000
108280  50.761  5.763  12.108 0.0000000000
111687  53.328  8.784  27.149 0.0000000000
117706  58.653  16.476  23.899 0.0000000000
110631  50.666  7.773  14.198 0.0000000000
115025  47.224  11.928  17.828 0.0000000000
118602  54.244  15.648  27.400 0.0000000000
115850  50.524  12.565  30.071 0.0000000000
112830  51.839  9.962  23.011 0.0000000000
120514  53.856  17.724  17.516 0.0000000000
116833  49.096  13.259  14.266 0.0000000000
117748  52.225  15.023  18.732 0.0000000000
115091  50.153  11.695  12.774 0.0000000000
119662  47.838  16.381  18.737 0.0000000000
115838  54.580  11.912  32.266 0.0000000000
113877  53.725  10.357  30.341 0.0000000000
113918  53.667  9.997  25.214 0.0000000000
118734  57.763  16.917  18.237 0.0000000000
121379  57.259  18.250  18.828 0.0000000000
119681  54.591  16.615  15.909 0.0000000000
118753  51.238  15.697  15.833 0.0000000000
118776  52.584  15.090  14.365 0.0000000000
118643  51.305  15.358  24.419 0.0000000000
119605  53.600  16.337  23.037 0.0000000000
116791  50.399  13.676  20.153 0.0000000000
111873  51.326  7.885  11.094 0.0000000000
112987  49.707  9.702  12.394 0.0000000000
111876  49.271  8.212  10.924 0.0000000000
112996  47.917  9.416  11.330 0.0000000000
109481  49.216  6.437  13.241 0.0000000000
107097  49.620  4.800  16.045 0.0000000000
111625  49.654  8.681  32.486 0.0000000000
112771  51.782  9.362  30.381 0.0000000000
119649  57.682  16.525  19.841 0.0000000000
110541  49.689  7.813  19.772 0.0000000000
112915  49.046  9.745  18.306 0.0000000000
109427  51.454  6.741  15.963 0.0000000000
109496  53.351  7.130  12.498 0.0000000000
117637  57.871  14.870  30.976 0.0000000000
117608  56.294  14.081  32.870 0.0000000000
117662  51.729  14.816  28.638 0.0000000000
116755  48.999  13.718  26.219 0.0000000000
113888  52.569  10.486  28.210 0.0000000000
113910  49.696  10.738  26.601 0.0000000000
112833  49.154  9.710  23.233 0.0000000000
111753  52.943  8.309  20.162 0.0000000000
109243  47.795  6.474  34.387 0.0000000000
121346  55.591  18.606  20.311 0.0000000000
121368  50.847  18.300  18.943 0.0000000000
119672  49.735  16.274  17.430 0.0000000000
115931  48.310  12.818  15.747 0.0000000000
114070  45.548  9.751  15.053 0.0000000000
118613  57.068  15.846  26.447 0.0000000000
119618  55.739  16.341  21.737 0.0000000000
118740  54.205  15.455  17.345 0.0000000000
115050  50.275  11.417  16.495 0.0000000000
115939  51.990  12.614  14.997 0.0000000000
116840  53.015  13.744  14.300 0.0000000000
116853  49.385  12.734  12.859 0.0000000000
114096  46.540  10.101  13.431 0.0000000000
119651  47.075  16.734  19.017 0.0000000000
120488  48.364  17.616  18.794 0.0000000000
112758  54.535  9.736  31.773 0.0000000000
112759  53.614  9.577  31.656 0.0000000000
118750  56.818  16.306  17.018 0.0000000000
119678  57.109  16.848  16.915 0.0000000000
119691  55.242  16.089  15.664 0.0000000000
119693  53.505  15.850  14.928 0.0000000000
118774  54.245  15.222  14.781 0.0000000000
117717  49.568  13.915  22.755 0.0000000000
118675  50.637  14.932  22.792 0.0000000000
115886  49.185  12.722  20.834 0.0000000000
109530  51.049  7.145  10.640 0.0000000000
110701  50.644  7.749  10.773 0.0000000000
109520  50.268  6.909  11.073 0.0000000000
110673  49.118  7.372  11.807 0.0000000000
109500  49.625  6.602  12.165 0.0000000000
108250  50.297  5.384  13.727 0.0000000000
108262  50.741  5.297  13.175 0.0000000000
111643  49.747  8.848  30.305 0.0000000000
119614  58.953  16.592  21.394 0.0000000000
119600  58.094  16.568  22.209 0.0000000000
110574  52.373  6.902  18.712 0.0000000000
109396  50.987  6.609  17.560 0.0000000000
109408  53.116  6.199  17.257 0.0000000000
110648  54.218  7.118  12.668 0.0000000000
110688  53.851  7.204  11.459 0.0000000000
110698  53.254  7.110  11.045 0.0000000000
115846  52.488  12.283  31.407 0.0000000000
116727  52.280  13.985  30.896 0.0000000000
116735  51.180  14.077  29.836 0.0000000000
117672  49.778  14.439  27.430 0.0000000000
116744  49.422  13.617  28.426 0.0000000000
111665  52.898  8.855  28.764 0.0000000000
112791  53.577  9.309  28.777 0.0000000000
112799  53.858  9.373  27.618 0.0000000000
113931  53.138  10.279  24.557 0.0000000000
113921  51.475  10.425  25.673 0.0000000000
113933  50.925  10.283  24.787 0.0000000000
113935  48.864  10.413  24.578 0.0000000000
112831  50.855  9.683  23.148 0.0000000000
111721  50.397  8.770  21.904 0.0000000000
112867  52.403  8.953  21.223 0.0000000000
112895  55.281  9.343  19.034 0.0000000000
121395  55.350  18.103  17.947 0.0000000000
121363  56.055  18.518  19.477 0.0000000000
121383  53.782  18.187  18.422 0.0000000000
121366  53.061  18.372  19.459 0.0000000000
121384  52.786  18.169  18.592 0.0000000000
120501  50.876  17.627  17.872 0.0000000000
120517  50.643  16.991  17.155 0.0000000000
116832  49.644  13.885  14.920 0.0000000000
116825  49.416  13.963  16.018 0.0000000000
116826  48.910  13.411  15.389 0.0000000000
115066  46.541  11.039  15.310 0.0000000000
115079  47.212  11.547  14.229 0.0000000000
118576  55.720  15.432  29.228 0.0000000000
118585  57.388  15.471  28.441 0.0000000000
119557  55.053  16.383  25.893 0.0000000000
118698  52.507  15.777  20.473 0.0000000000
119604  54.563  16.344  22.832 0.0000000000
118697  53.364  16.158  20.194 0.0000000000
118712  54.623  16.080  19.098 0.0000000000
118727  53.087  15.411  18.448 0.0000000000
111806  49.869  8.637  16.123 0.0000000000
114040  49.413  10.580  17.654 0.0000000000
112952  49.812  9.625  15.327 0.0000000000
114102  49.777  10.705  12.751 0.0000000000
114094  50.415  11.346  13.905 0.0000000000
115085  50.950  11.955  13.222 0.0000000000
115938  52.495  13.114  14.458 0.0000000000
115084  51.366  12.496  13.304 0.0000000000
116857  50.632  12.902  12.740 0.0000000000
115964  49.898  12.231  12.621 0.0000000000
110675  47.785  8.082  12.817 0.0000000000
112989  46.822  9.575  12.747 0.0000000000
111847  46.600  8.753  13.696 0.0000000000
111848  45.993  8.582  14.357 0.0000000000
117677  59.263  15.731  26.919 0.0000000000
117744  47.619  14.655  18.955 0.0000000000
117751  48.255  14.752  18.468 0.0000000000
114918  56.603  10.947  33.005 0.0000000000
113871  55.672  10.303  32.276 0.0000000000
114926  53.907  11.323  31.207 0.0000000000
114932  52.626  11.209  30.426 0.0000000000
112807  53.891  9.318  26.600 0.0000000000
121392  58.066  17.578  18.784 0.0000000000
120512  55.980  17.773  17.364 0.0000000000
120528  53.752  17.182  16.421 0.0000000000
120516  51.751  17.093  16.786 0.0000000000
119683  52.771  16.389  15.625 0.0000000000
118765  51.671  15.395  15.225 0.0000000000
117784  50.398  14.166  14.511 0.0000000000
118629  53.053  15.722  25.735 0.0000000000
119565  53.757  16.138  25.499 0.0000000000
118659  51.877  15.852  23.655 0.0000000000
118685  51.442  15.303  21.728 0.0000000000
117742  51.422  14.534  19.634 0.0000000000
110672  51.172  7.716  12.501 0.0000000000
112976  49.958  8.921  13.821 0.0000000000
111867  50.180  8.649  11.899 0.0000000000
114114  49.837  9.948  10.936 0.0000000000
114109  49.302  10.493  10.970 0.0000000000
115101  48.903  11.016  11.334 0.0000000000
112995  48.414  9.159  10.879 0.0000000000
110674  48.369  7.693  12.243 0.0000000000
109482  48.342  7.144  13.342 0.0000000000
107105  50.130  4.647  15.248 0.0000000000
112746  51.090  9.069  33.059 0.0000000000
112761  51.800  9.458  31.352 0.0000000000
112762  50.940  9.310  31.109 0.0000000000
111655  50.892  8.879  29.509 0.0000000000
111678  51.428  8.398  27.615 0.0000000000
119646  59.274  16.911  20.354 0.0000000000
118707  58.099  16.693  19.341 0.0000000000
118737  56.387  16.201  17.605 0.0000000000
112882  48.452  9.901  21.108 0.0000000000
114011  48.601  10.768  19.994 0.0000000000
111785  48.859  9.157  18.955 0.0000000000
110588  50.280  7.173  16.825 0.0000000000
110616  51.159  7.233  14.981 0.0000000000
108249  53.839  6.222  14.714 0.0000000000
109458  52.863  6.750  14.175 0.0000000000
110649  51.654  7.271  13.356 0.0000000000
110690  51.724  7.621  11.543 0.0000000000
109529  52.037  6.945  10.625 0.0000000000
108294  52.050  5.809  11.568 0.0000000000
107137  51.674  4.814  13.141 0.0000000000
117628  56.745  14.650  31.887 0.0000000000
118566  54.973  15.265  30.087 0.0000000000
116708  55.106  12.732  32.753 0.0000000000
117641  54.069  14.894  30.908 0.0000000000
118589  53.622  15.304  28.172 0.0000000000
118605  51.661  15.218  27.091 0.0000000000
117685  50.218  14.654  25.738 0.0000000000
116771  48.401  12.794  23.928 0.0000000000
112769  53.426  9.695  30.710 0.0000000000
113882  53.256  10.193  29.252 0.0000000000
113884  50.996  11.094  29.111 0.0000000000
113907  52.949  10.304  26.315 0.0000000000
113898  51.784  10.545  27.363 0.0000000000
113891  49.544  11.309  28.053 0.0000000000
115860  48.433  12.362  26.657 0.0000000000
115864  47.976  11.847  24.512 0.0000000000
113967  48.387  10.484  22.486 0.0000000000
111742  49.038  8.729  21.401 0.0000000000
110539  51.363  7.585  19.960 0.0000000000
110573  53.333  7.269  18.742 0.0000000000
112880  53.527  8.898  20.346 0.0000000000
111768  54.183  8.458  19.293 0.0000000000
111617  49.494  8.083  33.665 0.0000000000
111618  48.838  8.016  32.983 0.0000000000
109245  46.861  5.993  33.088 0.0000000000
121324  56.938  18.599  20.986 0.0000000000
121327  54.222  18.565  21.418 0.0000000000
120487  49.168  17.724  18.648 0.0000000000
119660  49.132  16.666  17.868 0.0000000000
117750  48.697  14.491  17.800 0.0000000000
118742  50.087  15.676  16.906 0.0000000000
116818  48.829  13.736  16.824 0.0000000000
116819  48.353  13.173  17.213 0.0000000000
118638  57.910  16.249  24.845 0.0000000000
119572  54.958  16.362  24.483 0.0000000000
119585  56.159  16.407  23.450 0.0000000000
119601  57.311  16.499  22.393 0.0000000000
119633  56.823  16.336  20.705 0.0000000000
118724  55.760  16.108  18.145 0.0000000000
117769  54.859  15.423  16.269 0.0000000000
115011  49.396  11.732  19.061 0.0000000000
115910  50.003  12.333  18.509 0.0000000000
116816  51.018  13.013  17.785 0.0000000000
114084  49.984  10.545  14.572 0.0000000000
115049  50.772  11.751  15.985 0.0000000000
116815  51.715  13.728  17.409 0.0000000000
116823  52.750  14.163  16.442 0.0000000000
116839  53.323  14.128  15.034 0.0000000000
117793  54.355  14.937  15.027 0.0000000000
117795  52.864  14.480  13.937 0.0000000000
116841  50.680  13.776  13.574 0.0000000000
115949  48.496  12.692  13.689 0.0000000000
115093  48.633  11.481  12.165 0.0000000000
115086  48.197  11.628  12.841 0.0000000000
115087  47.548  11.462  13.351 0.0000000000
114086  46.118  9.658  14.243 0.0000000000
107090  49.195  5.080  16.988 0.0000000000
121371  48.005  17.978  19.108 0.0000000000
121370  48.599  18.067  19.267 0.0000000000
112744  52.809  9.138  33.820 0.0000000000
112751  53.765  9.445  32.749 0.0000000000
112752  52.780  9.486  32.621 0.0000000000
117777  56.376  15.894  16.631 0.0000000000
118759  56.339  16.014  16.295 0.0000000000
118760  55.644  15.818  15.836 0.0000000000
118762  54.509  15.546  14.858 0.0000000000
118761  54.963  15.489  15.119 0.0000000000
116778  49.119  13.354  22.491 0.0000000000
117726  49.592  13.734  22.154 0.0000000000
109519  51.278  6.339  11.177 0.0000000000
109531  50.461  7.377  10.733 0.0000000000
109499  50.448  6.365  11.572 0.0000000000
108281  50.208  5.803  12.626 0.0000000000
117690  59.555  16.345  24.998 0.0000000000
117705  59.087  16.505  23.966 0.0000000000
119599  58.881  16.609  22.266 0.0000000000
118655  58.764  16.569  23.255 0.0000000000
109393  53.528  6.743  18.016 0.0000000000
109394  52.740  6.593  17.977 0.0000000000
110687  55.014  6.694  12.066 0.0000000000
109516  54.295  6.535  11.577 0.0000000000
115849  51.172  12.501  30.545 0.0000000000
116728  51.556  13.530  30.593 0.0000000000
116729  50.852  13.073  30.272 0.0000000000
116743  50.146  14.077  28.708 0.0000000000
116737  49.712  13.183  29.208 0.0000000000
111677  52.563  8.624  27.827 0.0000000000
111676  53.354  8.961  28.115 0.0000000000
113945  52.507  10.275  23.630 0.0000000000
113932  52.128  10.369  24.816 0.0000000000
113946  51.422  10.211  23.862 0.0000000000
113947  50.378  10.083  23.928 0.0000000000
112848  51.354  9.216  22.129 0.0000000000
112847  52.612  9.848  22.432 0.0000000000
121396  54.475  17.998  17.946 0.0000000000
121382  54.749  18.350  18.623 0.0000000000
120499  52.746  17.852  17.905 0.0000000000
120500  51.892  17.719  17.705 0.0000000000
115941  48.245  12.876  14.637 0.0000000000
115942  47.569  12.157  15.004 0.0000000000
118587  55.502  15.447  28.239 0.0000000000
118601  55.227  15.672  27.318 0.0000000000
117741  52.055  15.132  19.432 0.0000000000
118714  52.686  15.558  19.474 0.0000000000
118713  53.683  15.848  19.251 0.0000000000
111817  50.220  8.209  15.148 0.0000000000
111818  49.896  8.819  15.215 0.0000000000
111831  49.924  8.797  14.637 0.0000000000
114101  50.256  11.325  13.241 0.0000000000
115963  50.542  12.387  12.770 0.0000000000
115092  49.444  11.285  12.126 0.0000000000
110652  47.302  7.965  13.487 0.0000000000
111846  47.062  8.681  13.210 0.0000000000
110632  46.834  7.827  14.083 0.0000000000
118730  47.891  15.434  18.780 0.0000000000
112749  55.622  9.732  33.052 0.0000000000
113875  54.492  10.372  31.048 0.0000000000
114930  54.182  10.859  30.803 0.0000000000
114931  53.503  11.020  30.549 0.0000000000
119666  58.701  17.266  19.270 0.0000000000
121391  58.294  17.664  19.018 0.0000000000
120522  58.131  17.184  18.660 0.0000000000
119680  55.486  16.667  16.257 0.0000000000
120525  56.634  17.385  16.950 0.0000000000
120526  55.760  17.332  16.726 0.0000000000
120527  54.773  17.266  16.612 0.0000000000
119682  53.664  16.547  15.634 0.0000000000
118763  52.901  15.512  14.695 0.0000000000
118764  52.317  15.462  14.881 0.0000000000
118777  52.025  15.116  14.635 0.0000000000
117783  51.067  14.757  14.906 0.0000000000
117782  51.659  14.975  14.708 0.0000000000
118630  52.260  15.545  25.525 0.0000000000
118641  52.840  15.921  24.942 0.0000000000
118642  52.038  15.712  24.700 0.0000000000
117724  50.899  14.870  21.669 0.0000000000
117733  51.040  14.782  21.007 0.0000000000
118699  51.761  15.271  20.694 0.0000000000
117743  50.881  13.996  19.965 0.0000000000
111865  51.148  8.026  11.215 0.0000000000
111857  50.470  8.304  12.478 0.0000000000
111866  50.703  8.236  11.543 0.0000000000
111875  49.966  8.377  10.735 0.0000000000
113001  50.031  9.098  10.833 0.0000000000
114115  49.277  9.842  10.623 0.0000000000
114116  48.798  9.731  10.560 0.0000000000
113002  49.060  9.062  10.588 0.0000000000
109501  48.858  6.948  12.736 0.0000000000
109460  48.931  6.487  13.800 0.0000000000
107120  50.300  4.893  14.668 0.0000000000
111624  50.352  8.712  33.091 0.0000000000
112754  50.796  9.251  32.200 0.0000000000
112755  50.182  9.119  31.636 0.0000000000
111642  50.466  9.004  30.104 0.0000000000
111656  49.610  8.677  29.166 0.0000000000
111667  50.544  8.581  28.372 0.0000000000
119631  58.382  16.554  20.625 0.0000000000
119648  58.329  16.631  19.921 0.0000000000
118708  57.555  16.533  19.150 0.0000000000
118722  56.823  16.418  18.363 0.0000000000
118709  56.980  16.359  19.074 0.0000000000
111757  49.168  8.326  20.359 0.0000000000
111772  48.718  9.109  19.772 0.0000000000
110559  49.303  7.978  19.005 0.0000000000
109410  51.345  6.508  16.927 0.0000000000
109397  50.531  6.807  17.266 0.0000000000
109428  51.057  6.838  16.403 0.0000000000
110603  50.675  7.436  15.971 0.0000000000
109443  51.895  6.738  15.037 0.0000000000
108237  54.270  6.029  15.053 0.0000000000
109456  54.521  6.378  14.294 0.0000000000
109478  53.793  6.940  13.108 0.0000000000
109497  52.953  6.982  12.729 0.0000000000
109480  52.384  6.960  13.446 0.0000000000
109498  52.604  6.954  13.014 0.0000000000
110671  52.077  7.268  12.547 0.0000000000
110670  52.789  7.213  12.100 0.0000000000
109517  53.350  6.456  11.221 0.0000000000
110699  52.772  7.251  10.953 0.0000000000
109518  52.434  6.395  11.068 0.0000000000
107154  52.349  4.868  12.637 0.0000000000
116706  56.951  13.411  33.333 0.0000000000
116705  57.827  13.745  33.235 0.0000000000
117639  56.243  14.926  31.060 0.0000000000
117640  55.217  14.896  31.100 0.0000000000
114920  55.316  11.287  32.112 0.0000000000
115837  55.746  11.807  32.727 0.0000000000
116709  54.399  12.984  32.453 0.0000000000
117643  52.235  14.325  30.382 0.0000000000
117642  52.952  14.445  30.798 0.0000000000
117653  52.808  14.833  29.724 0.0000000000
118579  53.059  15.114  28.837 0.0000000000
118590  52.678  15.163  28.144 0.0000000000
118604  52.548  15.339  27.214 0.0000000000
118591  51.993  15.127  27.808 0.0000000000
117679  49.618  14.321  26.458 0.0000000000
117678  50.340  14.810  26.617 0.0000000000
117686  49.525  14.194  25.521 0.0000000000
117694  49.413  14.163  24.592 0.0000000000
116758  48.866  13.647  25.257 0.0000000000
112760  52.721  9.571  31.527 0.0000000000
112770  52.665  9.541  30.511 0.0000000000
113887  53.432  10.025  27.979 0.0000000000
113883  52.187  10.760  29.326 0.0000000000
113906  53.486  9.859  26.052 0.0000000000
113896  53.478  9.899  26.955 0.0000000000
113922  50.350  10.390  25.669 0.0000000000
113909  51.001  10.530  26.548 0.0000000000
113899  50.631  10.729  27.477 0.0000000000
114948  49.254  11.117  27.110 0.0000000000
114946  48.585  11.967  27.276 0.0000000000
114949  48.720  11.368  26.596 0.0000000000
113948  49.431  10.041  23.889 0.0000000000
114951  48.459  11.045  25.367 0.0000000000
114953  48.082  10.985  24.195 0.0000000000
114965  48.001  11.201  23.226 0.0000000000
112869  48.490  9.884  21.912 0.0000000000
111723  48.914  9.115  22.115 0.0000000000
111739  51.639  8.495  20.973 0.0000000000
111755  51.146  8.008  20.559 0.0000000000
111754  52.146  8.098  20.397 0.0000000000
110556  51.982  7.320  19.495 0.0000000000
111770  52.708  7.810  19.853 0.0000000000
112879  54.250  9.490  20.617 0.0000000000
112896  54.726  9.177  19.440 0.0000000000
112914  55.012  8.767  18.696 0.0000000000
111605  49.813  7.765  34.657 0.0000000000
110407  48.064  6.796  34.873 0.0000000000
110418  48.948  7.417  34.435 0.0000000000
110419  48.335  7.158  33.733 0.0000000000
110427  48.225  7.576  32.685 0.0000000000
110420  47.794  6.906  33.028 0.0000000000
121345  56.485  18.584  20.253 0.0000000000
121325  56.114  18.620  21.090 0.0000000000
121302  56.701  18.600  21.864 0.0000000000
121326  55.179  18.620  21.232 0.0000000000
121347  54.603  18.572  20.414 0.0000000000
121367  52.005  18.435  19.308 0.0000000000
121369  49.569  18.222  19.239 0.0000000000
120486  50.020  17.866  18.491 0.0000000000
120518  50.144  16.710  17.332 0.0000000000
120502  49.765  17.206  17.826 0.0000000000
118728  49.080  15.929  17.844 0.0000000000
118744  48.981  15.194  17.723 0.0000000000
119685  51.081  16.030  16.319 0.0000000000
119670  51.140  16.552  16.599 0.0000000000
118754  50.644  15.427  16.221 0.0000000000
116817  49.229  14.052  16.497 0.0000000000
117761  49.493  14.454  16.626 0.0000000000
115921  48.285  12.839  16.641 0.0000000000
115037  47.106  11.781  16.711 0.0000000000
115932  47.723  12.255  16.146 0.0000000000
114069  46.111  10.479  15.133 0.0000000000
117636  58.752  14.876  30.842 0.0000000000
118599  57.206  15.569  27.447 0.0000000000
118625  57.894  15.993  25.723 0.0000000000
118626  57.089  16.194  25.455 0.0000000000
119588  53.259  16.225  24.098 0.0000000000
119564  54.620  16.330  25.292 0.0000000000
119587  54.296  16.328  23.790 0.0000000000
119619  54.811  16.365  21.866 0.0000000000
119603  55.500  16.362  22.675 0.0000000000
119602  56.426  16.423  22.560 0.0000000000
119617  56.633  16.385  21.613 0.0000000000
119634  55.966  16.233  20.805 0.0000000000
118726  54.001  15.651  18.327 0.0000000000
118711  55.538  16.129  19.036 0.0000000000
118725  54.886  16.002  18.136 0.0000000000
118739  55.280  15.693  17.229 0.0000000000
118752  54.623  15.419  16.741 0.0000000000
115012  48.880  11.265  19.557 0.0000000000
114026  48.999  10.560  18.565 0.0000000000
114053  49.886  10.721  16.499 0.0000000000
115036  49.935  11.372  17.182 0.0000000000
115920  50.217  12.088  17.615 0.0000000000
115909  50.597  12.631  17.940 0.0000000000
115035  50.507  11.968  16.766 0.0000000000
112977  49.829  9.577  13.437 0.0000000000
112964  49.826  9.589  14.419 0.0000000000
114095  49.946  10.578  13.703 0.0000000000
115064  51.194  11.824  15.043 0.0000000000
114083  50.479  11.285  14.758 0.0000000000
115940  51.371  12.257  15.602 0.0000000000
115918  51.450  13.030  16.527 0.0000000000
115929  51.668  12.797  15.803 0.0000000000
116824  52.032  13.409  16.113 0.0000000000
116831  52.094  13.083  15.501 0.0000000000
115947  52.393  13.238  13.871 0.0000000000
117781  53.814  14.626  15.374 0.0000000000
117794  53.544  14.658  14.704 0.0000000000
116849  52.488  13.744  13.702 0.0000000000
116852  49.990  13.032  12.785 0.0000000000
116851  50.994  13.529  13.242 0.0000000000
116843  49.272  13.022  13.301 0.0000000000
115102  48.181  10.967  11.498 0.0000000000
114103  47.624  10.369  11.601 0.0000000000
114104  47.059  10.325  12.456 0.0000000000
115095  46.995  10.854  12.994 0.0000000000
115088  46.868  10.866  13.787 0.0000000000
114097  46.370  9.608  13.826 0.0000000000
109464  45.993  7.674  14.966 0.0000000000
111832  45.493  8.606  14.768 0.0000000000
108240  49.413  5.512  15.268 0.0000000000
108228  49.079  5.678  16.046 0.0000000000
120504  48.188  17.068  18.567 0.0000000000
112750  54.698  9.564  32.897 0.0000000000
112768  54.088  9.833  30.826 0.0000000000
118749  57.377  16.761  17.551 0.0000000000
119677  57.565  16.991  17.618 0.0000000000
119689  56.568  16.407  16.525 0.0000000000
119690  56.012  16.263  16.101 0.0000000000
119692  54.452  16.016  15.108 0.0000000000
119701  54.168  15.597  14.783 0.0000000000
118775  53.416  15.173  14.473 0.0000000000
118644  50.616  14.941  24.231 0.0000000000
118660  51.014  15.261  23.552 0.0000000000
117716  50.036  14.489  23.079 0.0000000000
117725  50.271  14.323  21.848 0.0000000000
116792  49.729  13.236  20.491 0.0000000000
111874  50.748  8.221  10.978 0.0000000000
110702  49.920  7.676  10.857 0.0000000000
110692  49.540  7.356  11.383 0.0000000000
108263  49.897  5.785  13.166 0.0000000000
107119  50.830  4.726  14.307 0.0000000000
111626  48.666  8.389  32.161 0.0000000000
111633  49.440  8.865  31.441 0.0000000000
111634  48.462  8.429  31.066 0.0000000000
119613  59.506  16.694  21.522 0.0000000000
119598  59.289  16.657  21.896 0.0000000000
119615  58.276  16.540  21.420 0.0000000000
119632  57.636  16.469  20.629 0.0000000000
110557  50.909  7.236  19.160 0.0000000000
110558  49.977  7.502  18.971 0.0000000000
110575  51.376  6.796  18.511 0.0000000000
109409  52.139  6.235  17.024 0.0000000000
109426  52.576  6.132  15.986 0.0000000000
109477  54.783  6.766  13.069 0.0000000000
110668  54.779  6.866  12.400 0.0000000000
110647  54.405  7.090  12.519 0.0000000000
110669  53.781  7.317  12.229 0.0000000000
110689  52.767  7.352  11.482 0.0000000000
109527  53.510  6.904  11.185 0.0000000000
116690  56.803  12.462  33.409 0.0000000000
115845  53.492  12.111  31.853 0.0000000000
115839  54.010  12.529  32.234 0.0000000000
116722  52.615  13.376  31.528 0.0000000000
117655  51.157  14.341  29.275 0.0000000000
117670  51.362  14.936  27.929 0.0000000000
117663  50.776  14.486  28.565 0.0000000000
117664  50.102  14.385  28.167 0.0000000000
116750  49.059  13.867  27.215 0.0000000000
111653  52.646  8.895  29.182 0.0000000000
112782  52.700  9.184  29.475 0.0000000000
112792  53.185  9.020  29.029 0.0000000000
113920  52.356  10.435  25.745 0.0000000000
113923  49.293  10.515  25.541 0.0000000000
113934  49.844  10.247  24.748 0.0000000000
112832  49.893  9.612  23.274 0.0000000000
112850  49.388  9.289  22.678 0.0000000000
112849  50.246  9.155  22.579 0.0000000000
112868  51.589  8.771  21.431 0.0000000000
114010  55.094  9.611  19.649 0.0000000000
121394  56.149  18.135  18.032 0.0000000000
121380  56.507  18.343  18.752 0.0000000000
121381  55.661  18.381  18.685 0.0000000000
121364  55.125  18.550  19.477 0.0000000000
121365  54.117  18.456  19.485 0.0000000000
121385  51.923  18.124  18.428 0.0000000000
121386  51.367  17.967  18.235 0.0000000000
117772  50.756  14.989  15.617 0.0000000000
117773  50.211  14.544  15.708 0.0000000000
115051  47.058  11.611  15.672 0.0000000000
115065  46.995  11.475  14.909 0.0000000000
115080  46.685  10.932  14.580 0.0000000000
117651  57.223  15.226  29.986 0.0000000000
117650  57.842  15.157  30.060 0.0000000000
118586  56.466  15.492  28.337 0.0000000000
118600  56.248  15.682  27.321 0.0000000000
118614  55.960  16.242  26.221 0.0000000000
119621  52.879  16.313  22.230 0.0000000000
119620  53.850  16.384  22.031 0.0000000000
119637  53.113  16.286  21.207 0.0000000000
119636  54.095  16.373  21.027 0.0000000000
118696  54.354  16.235  20.045 0.0000000000
118695  55.303  16.220  19.955 0.0000000000
118741  53.460  15.323  17.697 0.0000000000
111794  49.419  8.666  17.114 0.0000000000
112928  49.383  9.671  17.330 0.0000000000
112940  49.719  9.629  16.294 0.0000000000
114068  49.976  10.534  15.483 0.0000000000
115078  51.118  11.789  14.114 0.0000000000
115063  51.625  12.232  14.354 0.0000000000
115077  51.532  12.338  13.708 0.0000000000
115948  52.049  12.695  14.089 0.0000000000
115955  51.731  12.988  13.479 0.0000000000
115954  52.133  13.391  13.631 0.0000000000
115956  51.120  12.709  12.990 0.0000000000
116858  50.294  12.661  12.674 0.0000000000
115957  49.482  12.471  12.694 0.0000000000
111860  47.504  8.771  12.452 0.0000000000
112988  47.300  9.712  12.050 0.0000000000
111861  46.875  9.076  13.118 0.0000000000
112978  46.535  9.415  13.476 0.0000000000
112979  46.187  9.207  14.057 0.0000000000
110653  46.523  8.203  14.122 0.0000000000
109463  46.340  7.592  14.840 0.0000000000
118636  59.062  16.308  25.294 0.0000000000
118716  47.165  15.804  19.148 0.0000000000
116801  47.553  13.706  18.825 0.0000000000
116810  48.237  13.723  18.001 0.0000000000
114919  55.986  10.956  32.404 0.0000000000
112757  55.207  9.866  32.253 0.0000000000
114925  54.773  11.111  31.429 0.0000000000
115844  54.196  11.543  31.692 0.0000000000
114927  53.049  11.523  31.122 0.0000000000
114928  52.308  11.749  30.957 0.0000000000
114933  51.727  11.665  30.503 0.0000000000
111695  53.380  8.508  25.925 0.0000000000
112814  53.882  9.473  25.761 0.0000000000
113930  53.843  10.122  24.449 0.0000000000
113944  53.454  10.227  23.698 0.0000000000
113965  53.014  10.234  23.073 0.0000000000
121378  57.946  18.099  19.046 0.0000000000
120497  57.212  18.053  18.323 0.0000000000
120524  57.276  17.329  17.421 0.0000000000
120511  56.758  17.761  17.587 0.0000000000
121393  56.903  18.075  18.197 0.0000000000
120513  55.052  17.708  17.316 0.0000000000
120515  52.801  17.390  17.115 0.0000000000
120529  52.839  16.852  16.306 0.0000000000
120530  52.286  16.647  16.149 0.0000000000
119684  51.818  16.211  15.860 0.0000000000
119695  52.106  15.728  15.309 0.0000000000
118766  51.069  15.265  15.565 0.0000000000
118617  53.145  15.589  26.553 0.0000000000
119559  53.833  16.175  26.073 0.0000000000
119566  53.275  15.964  25.264 0.0000000000
119574  53.451  16.091  24.896 0.0000000000
119606  52.686  16.217  23.224 0.0000000000
118674  51.296  15.406  22.714 0.0000000000
118673  52.038  15.876  22.491 0.0000000000
118684  52.265  15.833  21.459 0.0000000000
118715  52.074  15.255  19.940 0.0000000000
110650  50.857  7.750  13.330 0.0000000000
111830  50.168  8.424  14.334 0.0000000000
111844  50.172  8.609  13.362 0.0000000000
111858  49.935  8.936  12.386 0.0000000000
113000  50.496  8.661  11.040 0.0000000000
112994  49.991  9.242  11.507 0.0000000000
114108  49.595  10.351  11.657 0.0000000000
115100  49.338  10.832  11.428 0.0000000000
114110  48.459  10.299  10.797 0.0000000000
111868  48.430  8.565  11.299 0.0000000000
111869  47.956  8.838  11.739 0.0000000000
110651  47.969  7.767  13.004 0.0000000000
109461  48.452  6.640  14.360 0.0000000000
108251  49.706  5.705  14.270 0.0000000000
105908  50.168  4.022  16.037 0.0000000000
112753  51.829  9.441  32.396 0.0000000000
112763  50.245  9.090  30.856 0.0000000000
112772  50.921  9.143  30.234 0.0000000000
112783  51.608  9.115  29.757 0.0000000000
111654  52.132  8.854  29.234 0.0000000000
111666  51.776  8.628  28.570 0.0000000000
119645  59.455  17.340  20.353 0.0000000000
119657  58.647  16.824  19.497 0.0000000000
120475  59.378  16.662  20.783 0.0000000000
119647  58.849  16.682  20.086 0.0000000000
118720  57.923  16.749  18.829 0.0000000000
118721  57.268  16.534  18.605 0.0000000000
117766  56.455  15.970  17.007 0.0000000000
117767  56.164  15.646  16.721 0.0000000000
114990  48.520  11.381  21.120 0.0000000000
115001  48.695  11.350  20.284 0.0000000000
112898  48.540  9.983  20.112 0.0000000000
112916  48.741  9.841  19.161 0.0000000000
111784  49.131  8.752  18.276 0.0000000000
110576  50.222  6.932  17.933 0.0000000000
110577  49.347  7.747  18.011 0.0000000000
110604  50.126  7.804  16.286 0.0000000000
110617  50.629  7.711  15.022 0.0000000000
109425  53.565  5.876  16.557 0.0000000000
108226  53.243  5.965  15.691 0.0000000000
108227  52.912  6.178  15.497 0.0000000000
109457  53.597  6.536  14.247 0.0000000000
109441  53.171  6.470  14.613 0.0000000000
109459  52.160  6.912  14.201 0.0000000000
110630  51.401  7.278  14.187 0.0000000000
110691  51.423  7.712  11.980 0.0000000000
110700  51.665  7.591  10.908 0.0000000000
108295  51.411  5.769  11.721 0.0000000000
108261  51.199  5.320  12.687 0.0000000000
108279  51.699  5.380  12.277 0.0000000000
117627  57.684  14.591  31.667 0.0000000000
118564  56.670  15.175  30.298 0.0000000000
118588  54.536  15.369  28.213 0.0000000000
115828  56.561  11.715  33.178 0.0000000000
115829  56.166  12.098  33.108 0.0000000000
117609  55.339  13.691  32.753 0.0000000000
116721  53.646  13.239  32.181 0.0000000000
117630  54.495  14.139  32.142 0.0000000000
118567  54.206  15.210  29.875 0.0000000000
118578  53.794  15.145  29.134 0.0000000000
118603  53.360  15.483  27.349 0.0000000000
118618  52.399  15.425  26.369 0.0000000000
118631  51.509  15.302  25.290 0.0000000000
118606  51.038  15.105  26.653 0.0000000000
118620  50.936  15.007  25.912 0.0000000000
118632  50.794  14.967  25.071 0.0000000000
117707  50.011  14.533  23.987 0.0000000000
116770  48.936  13.459  23.338 0.0000000000
116779  48.563  12.783  22.999 0.0000000000
112780  53.706  9.958  30.242 0.0000000000
112781  53.256  9.803  29.796 0.0000000000
113881  53.426  10.150  29.946 0.0000000000
113878  52.947  10.596  30.034 0.0000000000
114936  52.095  11.108  30.023 0.0000000000
114938  50.401  11.714  29.604 0.0000000000
113897  52.792  10.342  27.201 0.0000000000
113908  52.086  10.465  26.471 0.0000000000
113889  51.419  10.718  28.319 0.0000000000
113885  50.390  11.341  29.044 0.0000000000
114939  49.765  12.058  29.178 0.0000000000
115855  48.934  12.721  28.454 0.0000000000
115858  48.493  12.634  27.436 0.0000000000
116759  48.514  13.000  25.954 0.0000000000
115862  48.288  12.068  25.704 0.0000000000
116762  48.348  12.877  24.949 0.0000000000
115873  47.979  12.102  23.496 0.0000000000
114980  48.328  11.337  22.078 0.0000000000
113983  48.405  10.591  21.573 0.0000000000
111758  48.647  9.160  20.732 0.0000000000
111741  49.868  8.446  21.301 0.0000000000
111756  50.203  8.024  20.579 0.0000000000
110540  50.542  7.619  19.876 0.0000000000
112866  53.512  9.552  21.474 0.0000000000
112881  52.761  8.595  20.532 0.0000000000
112897  54.013  8.681  19.690 0.0000000000
111769  53.469  8.099  19.576 0.0000000000
111783  54.009  7.874  18.987 0.0000000000
110572  54.207  7.325  18.341 0.0000000000
111615  51.760  8.538  34.361 0.0000000000
111616  50.751  8.438  33.914 0.0000000000
109244  47.412  6.213  33.739 0.0000000000
109251  47.302  6.494  32.716 0.0000000000
121328  53.432  18.502  21.661 0.0000000000
121348  53.464  18.509  20.606 0.0000000000
121329  52.626  18.478  21.451 0.0000000000
120503  48.827  17.176  18.295 0.0000000000
119661  48.598  16.479  18.304 0.0000000000
118729  48.527  15.528  18.327 0.0000000000
119671  50.498  16.252  16.884 0.0000000000
118755  50.018  15.064  16.589 0.0000000000
118743  49.512  15.321  17.238 0.0000000000
117762  49.121  14.632  17.281 0.0000000000
116809  48.606  13.972  17.569 0.0000000000
115922  47.846  12.588  17.283 0.0000000000
118573  58.198  15.335  29.422 0.0000000000
118611  58.662  15.762  26.824 0.0000000000
118624  58.659  16.024  25.922 0.0000000000
118637  58.566  16.280  25.152 0.0000000000
119563  55.504  16.388  25.212 0.0000000000
119586  55.247  16.361  23.594 0.0000000000
118627  56.389  16.348  25.025 0.0000000000
118639  57.167  16.343  24.405 0.0000000000
118657  57.463  16.376  23.943 0.0000000000
118656  57.996  16.385  23.910 0.0000000000
119616  57.481  16.472  21.487 0.0000000000
119650  56.962  16.344  19.846 0.0000000000
118694  56.177  16.150  19.898 0.0000000000
118710  56.333  16.172  19.039 0.0000000000
118738  56.020  15.904  17.468 0.0000000000
117756  55.873  15.511  16.957 0.0000000000
117768  55.614  15.585  16.452 0.0000000000
115894  48.886  12.062  20.592 0.0000000000
115893  49.405  12.610  20.073 0.0000000000
115900  49.690  12.410  19.329 0.0000000000
115023  49.508  11.427  18.187 0.0000000000
116800  50.090  13.124  19.547 0.0000000000
116799  50.846  13.785  19.410 0.0000000000
116806  51.279  13.939  18.750 0.0000000000
117749  51.866  14.375  18.249 0.0000000000
112963  49.886  9.064  14.132 0.0000000000
114067  50.410  11.264  15.626 0.0000000000
115930  51.106  12.413  16.287 0.0000000000
117760  52.070  14.258  17.669 0.0000000000
116814  52.367  14.185  17.060 0.0000000000
117771  53.058  14.519  16.722 0.0000000000
116830  52.680  13.514  15.290 0.0000000000
116829  53.297  14.226  15.758 0.0000000000
117770  53.706  14.796  16.411 0.0000000000
117780  54.535  14.978  15.598 0.0000000000
117792  54.883  15.065  15.160 0.0000000000
118773  54.702  15.111  14.913 0.0000000000
117796  51.863  14.597  14.139 0.0000000000
116850  51.860  13.625  13.504 0.0000000000
117807  51.508  14.014  13.543 0.0000000000
117798  50.490  13.961  14.031 0.0000000000
116842  50.156  13.644  13.797 0.0000000000
115094  47.665  11.091  12.334 0.0000000000
115959  48.175  12.050  13.368 0.0000000000
115950  47.769  12.226  13.989 0.0000000000
114085  46.326  10.266  14.352 0.0000000000
112965  45.586  9.137  14.589 0.0000000000
107138  51.206  4.825  13.636 0.0000000000
108225  53.961  5.722  15.794 0.0000000000
108238  53.479  6.150  15.039 0.0000000000
108239  53.092  6.178  15.308 0.0000000000
108248  54.050  6.266  14.559 0.0000000000
109257  47.134  6.753  31.950 0.0000000000
109395  51.827  6.490  17.834 0.0000000000
109411  50.782  6.818  16.800 0.0000000000
109442  52.755  6.413  14.976 0.0000000000
109446  46.136  7.578  15.155 0.0000000000
109447  45.850  7.721  15.114 0.0000000000
109479  53.035  6.860  13.440 0.0000000000
109528  52.921  6.886  10.853 0.0000000000
110542  49.256  8.112  19.627 0.0000000000
110555  52.806  7.445  19.324 0.0000000000
110589  49.691  7.704  16.947 0.0000000000
110602  50.979  7.273  15.486 0.0000000000
110633  46.427  7.847  14.475 0.0000000000
110634  45.794  7.999  14.853 0.0000000000
110654  46.145  8.160  14.460 0.0000000000
110693  48.966  7.793  11.401 0.0000000000
110703  49.416  7.773  11.116 0.0000000000
111664  53.386  8.989  28.556 0.0000000000
111722  49.607  8.814  22.050 0.0000000000
111724  48.664  9.479  22.058 0.0000000000
111740  50.892  8.516  21.285 0.0000000000
111743  48.645  9.333  21.570 0.0000000000
111771  48.976  8.502  19.331 0.0000000000
111805  50.163  8.174  15.734 0.0000000000
111845  49.864  9.227  12.897 0.0000000000
111859  48.055  8.494  11.935 0.0000000000
112773  50.339  9.031  30.381 0.0000000000
112784  51.142  9.064  29.827 0.0000000000
112829  52.385  10.149  23.005 0.0000000000
112851  48.741  9.709  22.591 0.0000000000
112993  50.341  8.860  11.150 0.0000000000
113003  48.465  9.557  10.690 0.0000000000
113874  55.120  10.345  31.656 0.0000000000
113879  52.489  10.876  29.949 0.0000000000
113890  50.212  11.093  28.422 0.0000000000
113900  49.708  11.043  27.558 0.0000000000
113911  48.938  10.795  26.082 0.0000000000
113919  53.013  10.294  25.459 0.0000000000
113949  48.611  10.319  23.478 0.0000000000
113966  52.631  10.202  23.021 0.0000000000
113997  48.473  10.653  20.697 0.0000000000
114027  48.723  10.596  19.365 0.0000000000
114052  50.333  11.286  16.138 0.0000000000
114924  55.406  10.802  31.913 0.0000000000
114934  50.951  11.868  30.242 0.0000000000
114937  51.388  11.318  29.827 0.0000000000
114941  49.987  11.561  28.986 0.0000000000
114942  49.384  11.839  28.505 0.0000000000
114943  48.700  12.187  27.949 0.0000000000
114945  49.054  11.488  27.612 0.0000000000
114954  47.864  11.221  24.033 0.0000000000
114966  47.880  11.183  23.801 0.0000000000
115024  49.029  11.143  18.918 0.0000000000
115836  56.255  11.329  32.774 0.0000000000
115847  51.805  12.401  30.981 0.0000000000
115852  49.936  12.638  29.551 0.0000000000
115853  49.401  12.680  28.988 0.0000000000
115856  48.606  12.812  28.007 0.0000000000
115865  47.894  11.383  24.205 0.0000000000
115874  47.862  11.488  23.884 0.0000000000
115881  48.271  12.118  22.559 0.0000000000
115901  49.130  11.917  19.803 0.0000000000
115919  50.907  12.715  17.174 0.0000000000
115958  48.847  12.283  12.893 0.0000000000
115965  49.278  11.932  12.527 0.0000000000
116691  56.386  12.236  33.238 0.0000000000
116707  56.028  12.801  33.208 0.0000000000
116723  52.043  12.886  31.228 0.0000000000
116736  50.446  13.623  29.531 0.0000000000
116745  48.832  13.155  28.210 0.0000000000
116751  48.717  13.274  27.727 0.0000000000
116756  48.555  13.199  26.881 0.0000000000
116761  48.818  13.572  24.280 0.0000000000
116784  50.057  13.799  20.899 0.0000000000
116785  49.393  13.312  21.543 0.0000000000
116786  48.777  12.789  22.215 0.0000000000
116798  51.180  14.079  19.270 0.0000000000
116807  50.703  13.159  18.539 0.0000000000
116808  50.102  12.768  18.974 0.0000000000
116822  53.283  14.355  16.179 0.0000000000
117607  57.289  14.245  32.643 0.0000000000
117610  54.805  13.401  32.572 0.0000000000
117626  58.453  14.581  31.552 0.0000000000
117629  55.694  14.520  32.042 0.0000000000
117631  53.497  14.106  31.608 0.0000000000
117638  57.234  14.968  30.829 0.0000000000
117652  53.538  14.970  30.100 0.0000000000
117654  51.810  14.511  29.693 0.0000000000
117661  52.404  14.931  29.013 0.0000000000
117671  50.690  14.855  27.511 0.0000000000
117684  59.090  15.970  26.238 0.0000000000
117691  59.127  16.422  24.666 0.0000000000
117692  58.594  16.406  24.414 0.0000000000
117693  50.094  14.592  24.855 0.0000000000
117708  49.437  14.063  23.662 0.0000000000
117734  50.684  14.179  20.582 0.0000000000
117754  56.407  16.090  17.237 0.0000000000
117755  56.238  15.809  17.112 0.0000000000
117757  55.404  15.552  16.705 0.0000000000
117758  53.484  15.113  17.154 0.0000000000
117759  52.683  14.651  17.416 0.0000000000
117779  55.136  15.561  15.762 0.0000000000
117797  50.909  14.088  13.850 0.0000000000
117806  52.177  14.134  13.587 0.0000000000
117808  51.146  13.885  13.501 0.0000000000
118565  55.918  15.225  30.197 0.0000000000
118574  57.610  15.380  29.322 0.0000000000
118575  56.713  15.398  29.403 0.0000000000
118577  54.785  15.314  29.115 0.0000000000
118612  57.947  15.705  26.634 0.0000000000
118615  54.792  16.107  26.624 0.0000000000
118616  53.862  15.980  26.629 0.0000000000
118619  51.645  15.269  26.133 0.0000000000
118623  59.224  16.183  25.686 0.0000000000
118628  53.514  15.944  26.100 0.0000000000
118640  56.545  16.377  24.460 0.0000000000
118658  52.505  16.030  24.271 0.0000000000
118661  50.462  14.851  23.524 0.0000000000
118671  59.631  16.687  22.446 0.0000000000
118672  59.235  16.615  22.838 0.0000000000
118683  60.059  16.779  21.693 0.0000000000
118686  50.894  14.991  22.133 0.0000000000
118723  56.405  16.263  18.250 0.0000000000
118735  57.276  16.638  17.963 0.0000000000
118736  56.732  16.358  17.639 0.0000000000
118748  57.642  16.947  17.897 0.0000000000
118751  54.777  15.505  16.839 0.0000000000
119558  54.310  16.309  26.021 0.0000000000
119570  56.610  16.386  24.034 0.0000000000
119571  55.933  16.403  24.330 0.0000000000
119573  54.074  16.224  24.672 0.0000000000
119582  58.467  16.579  22.690 0.0000000000
119583  57.991  16.545  23.000 0.0000000000
119584  57.159  16.435  23.472 0.0000000000
119589  52.572  16.139  23.825 0.0000000000
119630  59.087  16.645  20.726 0.0000000000
119635  55.056  16.291  20.903 0.0000000000
119655  59.257  17.475  19.926 0.0000000000
119656  59.005  17.229  19.632 0.0000000000
119658  57.177  18.075  18.118 0.0000000000
119659  56.974  18.033  17.990 0.0000000000
119667  58.399  17.068  18.979 0.0000000000
119668  57.301  18.115  18.301 0.0000000000
119669  57.272  17.859  18.170 0.0000000000
119676  58.042  16.795  18.359 0.0000000000
119679  56.338  16.823  16.479 0.0000000000
119694  52.576  15.872  15.194 0.0000000000
119702  53.880  15.438  14.691 0.0000000000
120474  59.326  16.715  20.614 0.0000000000
120484  59.148  16.696  20.401 0.0000000000
120485  59.192  16.511  20.572 0.0000000000
120496  57.472  18.065  18.532 0.0000000000
120498  53.284  17.970  18.104 0.0000000000
120507  58.835  17.445  19.388 0.0000000000
120508  58.525  17.389  19.112 0.0000000000
120509  57.597  17.757  18.401 0.0000000000
120510  57.277  17.696  17.989 0.0000000000
120523  57.712  17.205  18.125 0.0000000000
121301  57.307  18.622  21.559 0.0000000000
121390  58.802  17.740  19.414 0.0000000000
121397  54.038  17.932  17.962 0.0000000000
121401  57.993  17.373  18.618 0.0000000000
121402  58.142  16.947  18.497 0.0000000000
