#!ascii label  , from subject 3006 vox2ras=TkReg
1779
59688  13.493  -33.822  75.921 0.0000000000
81440  50.678  -17.729  41.547 0.0000000000
62607  34.329  -30.733  62.603 0.0000000000
71985  41.979  -23.080  63.278 0.0000000000
62545  25.991  -31.122  65.540 0.0000000000
61083  22.531  -32.207  73.781 0.0000000000
90430  62.331  -10.162  31.666 0.0000000000
83901  61.191  -14.998  43.675 0.0000000000
78811  43.163  -18.485  51.539 0.0000000000
96436  65.224  -5.206  22.274 0.0000000000
62455  34.230  -30.919  68.384 0.0000000000
61066  17.895  -32.473  74.201 0.0000000000
87854  61.757  -11.828  37.632 0.0000000000
83998  57.711  -14.586  36.374 0.0000000000
76270  51.387  -20.757  46.515 0.0000000000
74917  56.599  -21.142  45.109 0.0000000000
77621  46.052  -19.750  46.474 0.0000000000
70735  38.358  -25.120  57.757 0.0000000000
65132  39.490  -28.509  62.174 0.0000000000
62411  29.244  -31.076  69.966 0.0000000000
61056  27.448  -32.385  73.506 0.0000000000
62440  24.542  -31.083  69.878 0.0000000000
61158  19.112  -32.073  70.269 0.0000000000
62564  29.921  -31.193  64.365 0.0000000000
95152  66.872  -7.119  33.649 0.0000000000
86454  65.320  -11.778  38.780 0.0000000000
82652  56.461  -16.182  42.898 0.0000000000
82575  46.625  -15.754  51.339 0.0000000000
74715  42.673  -21.572  57.829 0.0000000000
92917  63.352  -7.427  26.775 0.0000000000
95214  68.025  -7.225  28.120 0.0000000000
92938  69.174  -8.115  25.023 0.0000000000
61125  33.148  -31.734  71.657 0.0000000000
59705  15.391  -32.959  75.371 0.0000000000
61020  17.552  -32.860  76.940 0.0000000000
59661  15.505  -32.723  78.383 0.0000000000
87891  56.505  -11.760  34.182 0.0000000000
77602  51.828  -19.506  48.852 0.0000000000
76247  54.171  -20.986  48.700 0.0000000000
60985  9.738  -32.709  81.043 0.0000000000
77674  45.876  -19.730  43.634 0.0000000000
63913  34.528  -30.589  59.349 0.0000000000
65150  37.604  -28.638  59.633 0.0000000000
63875  37.490  -30.425  62.184 0.0000000000
62490  27.248  -31.183  67.466 0.0000000000
62413  27.337  -31.095  70.237 0.0000000000
62492  25.123  -31.242  67.787 0.0000000000
62566  27.815  -31.055  64.439 0.0000000000
62487  30.298  -31.259  67.269 0.0000000000
61080  25.001  -31.841  73.728 0.0000000000
92835  64.769  -8.238  32.787 0.0000000000
91575  66.578  -9.085  36.919 0.0000000000
91586  64.932  -9.208  35.774 0.0000000000
87821  61.537  -12.651  40.530 0.0000000000
87792  63.243  -12.793  41.468 0.0000000000
81507  50.901  -16.767  38.048 0.0000000000
81487  54.376  -16.649  38.511 0.0000000000
81419  53.767  -16.841  42.229 0.0000000000
81341  41.332  -17.525  49.289 0.0000000000
81356  43.478  -17.155  49.231 0.0000000000
82577  43.970  -15.973  51.546 0.0000000000
72003  40.385  -23.697  60.648 0.0000000000
73321  40.353  -23.323  58.376 0.0000000000
76057  41.783  -21.867  60.892 0.0000000000
91652  59.728  -8.636  29.232 0.0000000000
92899  60.540  -7.296  26.909 0.0000000000
91649  62.506  -8.464  29.397 0.0000000000
94064  65.280  -7.451  29.400 0.0000000000
95302  67.587  -7.261  22.555 0.0000000000
95282  67.595  -7.116  23.501 0.0000000000
94071  69.001  -7.601  26.411 0.0000000000
94126  66.564  -7.273  24.738 0.0000000000
62537  34.198  -30.737  65.503 0.0000000000
62534  37.019  -30.539  65.616 0.0000000000
62453  36.193  -31.035  68.502 0.0000000000
61085  20.658  -32.134  73.630 0.0000000000
59702  21.257  -32.822  75.378 0.0000000000
59683  19.319  -33.152  76.155 0.0000000000
89196  59.709  -11.235  32.203 0.0000000000
90393  61.905  -10.351  35.059 0.0000000000
89160  58.989  -11.557  34.448 0.0000000000
85231  60.415  -13.107  36.438 0.0000000000
83961  59.612  -14.644  39.915 0.0000000000
77669  50.922  -20.146  43.402 0.0000000000
77666  53.624  -19.882  42.992 0.0000000000
74910  54.180  -21.392  45.873 0.0000000000
76177  41.515  -20.859  51.631 0.0000000000
77382  43.558  -19.912  64.127 0.0000000000
58372  11.298  -33.864  77.370 0.0000000000
59653  13.227  -32.821  79.366 0.0000000000
59644  11.306  -32.820  80.340 0.0000000000
78973  48.662  -18.523  41.475 0.0000000000
77671  48.991  -20.197  43.241 0.0000000000
76272  49.195  -20.377  46.403 0.0000000000
78866  49.677  -18.413  48.466 0.0000000000
68159  36.594  -26.528  56.808 0.0000000000
68117  38.524  -26.552  59.775 0.0000000000
69433  40.845  -25.870  62.882 0.0000000000
63839  39.738  -29.850  65.394 0.0000000000
66562  41.090  -27.293  65.868 0.0000000000
61097  32.075  -31.823  72.333 0.0000000000
58402  30.863  -33.140  73.244 0.0000000000
61100  28.602  -31.392  72.475 0.0000000000
62394  26.109  -31.211  71.384 0.0000000000
62417  23.582  -31.498  71.423 0.0000000000
62494  22.886  -31.291  67.890 0.0000000000
61174  21.963  -31.609  70.040 0.0000000000
61132  21.250  -31.954  71.766 0.0000000000
61111  18.542  -32.371  72.248 0.0000000000
59751  16.055  -32.896  72.584 0.0000000000
59727  13.747  -33.679  73.785 0.0000000000
62650  32.924  -30.837  60.473 0.0000000000
62628  31.071  -31.070  61.319 0.0000000000
62586  32.655  -30.871  63.485 0.0000000000
62516  31.768  -31.211  66.336 0.0000000000
62408  31.662  -31.044  69.598 0.0000000000
85219  64.230  -12.860  37.549 0.0000000000
90355  63.905  -10.701  38.870 0.0000000000
84001  54.677  -14.812  35.995 0.0000000000
82706  57.418  -15.965  39.744 0.0000000000
83904  58.523  -15.032  43.364 0.0000000000
77687  56.740  -18.957  42.866 0.0000000000
78924  59.310  -18.348  43.583 0.0000000000
78890  43.406  -18.910  46.985 0.0000000000
80117  46.482  -17.939  49.011 0.0000000000
81285  50.009  -16.325  51.045 0.0000000000
74758  40.836  -22.504  55.289 0.0000000000
77502  43.017  -20.610  54.457 0.0000000000
78675  44.900  -19.361  60.885 0.0000000000
78721  44.942  -19.133  57.748 0.0000000000
80033  45.259  -17.712  54.394 0.0000000000
83803  46.796  -15.121  53.461 0.0000000000
83801  49.316  -14.334  53.724 0.0000000000
92970  64.772  -7.295  24.503 0.0000000000
94084  65.877  -7.260  27.264 0.0000000000
95179  67.385  -6.762  30.588 0.0000000000
59764  34.625  -32.595  71.360 0.0000000000
59706  14.579  -33.574  75.132 0.0000000000
59686  15.762  -32.780  76.430 0.0000000000
59674  14.697  -32.933  77.303 0.0000000000
78847  51.897  -18.230  49.443 0.0000000000
77586  53.249  -19.119  49.843 0.0000000000
61000  7.487  -32.108  80.181 0.0000000000
62648  34.744  -30.625  60.873 0.0000000000
63886  36.613  -30.468  61.531 0.0000000000
62605  36.189  -30.712  62.678 0.0000000000
62521  26.580  -31.183  66.556 0.0000000000
62491  26.150  -31.237  67.614 0.0000000000
62522  25.268  -31.309  66.781 0.0000000000
62591  27.424  -31.078  63.419 0.0000000000
62544  27.171  -31.074  65.483 0.0000000000
62520  27.714  -31.173  66.449 0.0000000000
61081  24.177  -31.820  73.793 0.0000000000
61060  23.547  -32.276  74.286 0.0000000000
91619  63.661  -8.942  31.904 0.0000000000
92822  64.461  -8.808  33.805 0.0000000000
91605  63.659  -9.364  34.139 0.0000000000
85167  61.344  -13.714  42.555 0.0000000000
86380  62.080  -13.482  42.448 0.0000000000
81455  51.457  -17.302  40.678 0.0000000000
81454  52.282  -16.953  40.569 0.0000000000
81420  52.718  -17.175  41.973 0.0000000000
78825  41.748  -18.914  50.308 0.0000000000
80060  42.586  -17.715  50.806 0.0000000000
82578  43.451  -16.288  50.807 0.0000000000
80059  43.535  -17.633  51.542 0.0000000000
71987  41.232  -23.889  61.599 0.0000000000
73293  40.503  -22.967  60.826 0.0000000000
74672  41.965  -21.811  62.491 0.0000000000
90445  61.960  -9.829  30.624 0.0000000000
91650  61.853  -8.668  29.315 0.0000000000
91635  62.776  -8.934  30.151 0.0000000000
91634  63.539  -8.549  30.385 0.0000000000
95304  66.787  -6.522  22.227 0.0000000000
94165  66.743  -6.743  22.734 0.0000000000
95260  67.817  -7.079  24.393 0.0000000000
95284  65.818  -6.591  23.409 0.0000000000
62483  33.957  -30.851  67.394 0.0000000000
62512  35.459  -30.543  66.579 0.0000000000
62454  35.191  -31.072  68.600 0.0000000000
61065  18.887  -32.334  74.360 0.0000000000
61042  20.000  -32.374  75.297 0.0000000000
61043  19.042  -32.499  75.254 0.0000000000
59660  17.170  -32.997  78.388 0.0000000000
59659  17.734  -33.322  77.961 0.0000000000
89213  57.985  -10.904  31.311 0.0000000000
89180  59.496  -11.206  33.006 0.0000000000
89181  58.492  -11.320  33.147 0.0000000000
86500  57.136  -12.418  35.157 0.0000000000
86499  58.038  -12.291  35.288 0.0000000000
83997  58.785  -14.504  36.584 0.0000000000
85212  60.159  -14.164  38.292 0.0000000000
83986  59.044  -14.962  37.554 0.0000000000
76306  51.065  -20.687  44.733 0.0000000000
76304  52.931  -20.876  44.562 0.0000000000
76287  52.697  -21.138  45.513 0.0000000000
90448  58.753  -9.854  30.371 0.0000000000
58358  11.410  -33.772  78.783 0.0000000000
59666  10.058  -33.787  78.618 0.0000000000
78974  47.706  -18.525  41.411 0.0000000000
77695  48.629  -19.333  42.513 0.0000000000
78931  47.055  -19.312  42.639 0.0000000000
77635  46.567  -20.122  45.559 0.0000000000
76292  47.535  -20.349  45.534 0.0000000000
77619  47.967  -19.806  46.771 0.0000000000
77609  49.347  -19.232  47.662 0.0000000000
78874  48.535  -18.815  47.876 0.0000000000
66688  36.468  -28.029  56.665 0.0000000000
63894  38.372  -29.016  60.598 0.0000000000
66647  38.055  -27.560  59.889 0.0000000000
66635  39.521  -27.294  61.262 0.0000000000
68100  39.779  -26.306  61.184 0.0000000000
66618  39.897  -27.396  62.217 0.0000000000
62509  38.416  -30.388  66.461 0.0000000000
62533  37.974  -30.410  65.559 0.0000000000
62477  39.799  -29.995  67.250 0.0000000000
66525  41.079  -27.403  67.346 0.0000000000
69387  41.523  -25.653  66.267 0.0000000000
61127  30.816  -31.194  71.174 0.0000000000
61099  29.859  -31.350  72.028 0.0000000000
62373  29.538  -31.189  71.340 0.0000000000
62439  25.588  -30.991  69.629 0.0000000000
62393  27.089  -31.209  71.174 0.0000000000
62415  25.353  -31.081  70.659 0.0000000000
62395  25.163  -31.308  71.646 0.0000000000
62416  24.356  -31.142  71.005 0.0000000000
62524  22.666  -31.113  66.370 0.0000000000
61194  19.859  -31.666  68.300 0.0000000000
61193  20.854  -31.647  68.731 0.0000000000
61175  20.967  -31.673  69.766 0.0000000000
61156  21.105  -31.780  70.780 0.0000000000
61157  20.133  -31.868  70.538 0.0000000000
61133  20.315  -32.023  71.577 0.0000000000
61134  19.340  -32.223  71.366 0.0000000000
59739  15.303  -33.277  73.343 0.0000000000
62686  32.852  -30.653  58.428 0.0000000000
62673  31.535  -30.887  59.230 0.0000000000
62589  29.429  -31.240  63.259 0.0000000000
62611  30.281  -31.091  62.316 0.0000000000
62610  31.350  -30.962  62.391 0.0000000000
62587  31.645  -30.919  63.431 0.0000000000
62539  32.346  -31.177  65.402 0.0000000000
62540  31.364  -31.242  65.376 0.0000000000
62460  29.875  -31.158  68.184 0.0000000000
62459  30.794  -31.047  68.142 0.0000000000
62409  30.997  -31.016  69.836 0.0000000000
61152  31.784  -31.172  70.356 0.0000000000
59697  29.638  -32.760  73.100 0.0000000000
60995  13.061  -32.193  80.735 0.0000000000
60993  14.651  -32.280  80.415 0.0000000000
91585  67.687  -9.080  35.695 0.0000000000
89128  66.137  -10.844  38.192 0.0000000000
86469  66.226  -11.276  37.593 0.0000000000
86463  65.415  -12.067  38.028 0.0000000000
85201  64.030  -13.240  39.150 0.0000000000
89150  62.102  -11.041  36.244 0.0000000000
90382  62.857  -10.469  36.651 0.0000000000
90365  63.217  -10.771  38.396 0.0000000000
85182  63.565  -13.254  40.697 0.0000000000
82698  55.435  -16.350  40.542 0.0000000000
81466  55.865  -16.500  38.860 0.0000000000
82686  56.942  -15.656  41.746 0.0000000000
83952  57.806  -15.268  41.890 0.0000000000
83906  57.382  -15.774  43.208 0.0000000000
76318  55.225  -20.476  43.751 0.0000000000
77689  55.045  -19.012  42.831 0.0000000000
76317  56.270  -20.383  43.817 0.0000000000
78880  42.405  -18.366  47.533 0.0000000000
82604  45.101  -15.930  50.581 0.0000000000
81354  45.332  -17.670  49.808 0.0000000000
81336  46.411  -17.322  49.916 0.0000000000
81335  47.653  -17.245  49.839 0.0000000000
81287  47.903  -16.357  51.138 0.0000000000
70759  36.729  -24.930  56.065 0.0000000000
72056  37.844  -24.304  56.213 0.0000000000
74717  41.421  -22.619  58.222 0.0000000000
73350  40.582  -23.244  56.376 0.0000000000
74742  41.692  -22.116  56.240 0.0000000000
76128  41.985  -21.631  55.207 0.0000000000
76115  42.776  -21.156  56.281 0.0000000000
78661  44.199  -19.628  62.756 0.0000000000
79984  46.737  -17.615  56.938 0.0000000000
78759  45.127  -18.565  55.733 0.0000000000
80013  46.434  -17.272  55.523 0.0000000000
82522  46.191  -16.336  54.018 0.0000000000
82507  47.457  -15.749  55.162 0.0000000000
92898  61.610  -7.547  27.111 0.0000000000
92940  64.145  -7.458  26.115 0.0000000000
92959  65.024  -7.530  25.441 0.0000000000
92916  64.277  -7.438  27.182 0.0000000000
95182  65.967  -7.338  31.571 0.0000000000
95209  66.300  -7.111  29.931 0.0000000000
95166  67.154  -6.863  31.908 0.0000000000
92834  67.891  -8.199  32.505 0.0000000000
94123  69.087  -7.374  23.817 0.0000000000
94061  68.505  -7.463  27.689 0.0000000000
91647  69.030  -9.051  28.909 0.0000000000
92853  68.445  -7.970  29.471 0.0000000000
61170  33.715  -31.192  69.566 0.0000000000
61169  34.820  -31.391  69.564 0.0000000000
61124  34.338  -32.008  71.202 0.0000000000
61045  16.975  -32.691  75.126 0.0000000000
61044  18.016  -32.538  75.249 0.0000000000
59685  16.489  -32.721  75.865 0.0000000000
61022  16.095  -32.595  77.959 0.0000000000
61004  16.145  -32.844  78.989 0.0000000000
87892  55.744  -11.985  34.053 0.0000000000
85254  55.584  -13.275  35.369 0.0000000000
76259  51.058  -20.177  47.551 0.0000000000
76258  52.423  -20.768  47.428 0.0000000000
76248  53.063  -20.506  48.527 0.0000000000
77585  54.169  -19.612  50.100 0.0000000000
59646  9.339  -32.908  79.667 0.0000000000
60999  8.601  -32.593  79.865 0.0000000000
60974  8.499  -32.793  81.834 0.0000000000
78932  46.138  -19.443  42.752 0.0000000000
77636  45.316  -19.869  45.534 0.0000000000
65173  35.923  -29.059  57.352 0.0000000000
65152  36.322  -29.937  59.155 0.0000000000
63896  37.142  -29.827  60.357 0.0000000000
63874  38.813  -29.814  62.335 0.0000000000
62436  28.583  -31.053  69.172 0.0000000000
62412  28.306  -31.066  70.085 0.0000000000
62437  27.601  -31.060  69.291 0.0000000000
62464  25.856  -31.116  68.619 0.0000000000
62465  24.843  -31.073  68.786 0.0000000000
61159  18.059  -32.387  70.060 0.0000000000
61178  17.697  -32.246  69.017 0.0000000000
62590  28.472  -31.208  63.425 0.0000000000
62565  28.872  -31.100  64.389 0.0000000000
62541  30.354  -31.249  65.369 0.0000000000
62519  28.776  -31.249  66.383 0.0000000000
62488  29.315  -31.279  67.309 0.0000000000
61079  25.932  -31.856  73.607 0.0000000000
94019  65.687  -7.547  32.887 0.0000000000
93943  66.853  -8.567  35.353 0.0000000000
92820  65.861  -8.237  34.484 0.0000000000
92780  65.736  -8.596  36.599 0.0000000000
91545  65.511  -9.753  37.942 0.0000000000
87841  61.292  -12.277  39.089 0.0000000000
87839  62.457  -11.657  39.759 0.0000000000
89094  62.555  -12.298  41.035 0.0000000000
83912  62.563  -15.010  42.210 0.0000000000
82732  52.788  -16.256  37.306 0.0000000000
81489  52.680  -16.780  38.875 0.0000000000
81436  53.760  -16.686  41.080 0.0000000000
82668  54.904  -16.422  42.234 0.0000000000
76282  57.757  -20.981  45.156 0.0000000000
81358  41.367  -17.435  48.706 0.0000000000
81367  41.960  -17.762  48.360 0.0000000000
81339  43.087  -16.654  49.511 0.0000000000
82606  43.624  -16.328  50.209 0.0000000000
83867  44.840  -15.466  51.352 0.0000000000
72021  39.145  -24.420  58.731 0.0000000000
72044  39.063  -23.978  57.583 0.0000000000
73301  40.184  -23.326  59.911 0.0000000000
76081  40.777  -22.555  59.784 0.0000000000
76079  42.040  -21.898  59.382 0.0000000000
92860  59.203  -7.961  28.642 0.0000000000
92900  59.660  -7.044  27.004 0.0000000000
92859  60.258  -8.212  28.497 0.0000000000
92875  61.929  -7.950  27.981 0.0000000000
92874  62.879  -7.857  28.349 0.0000000000
92895  64.446  -7.521  28.160 0.0000000000
92855  64.224  -7.782  29.789 0.0000000000
94037  64.632  -8.037  30.973 0.0000000000
95303  66.781  -6.319  21.810 0.0000000000
95280  68.286  -7.328  23.299 0.0000000000
94097  68.685  -7.292  24.813 0.0000000000
92914  69.125  -8.166  26.072 0.0000000000
95239  68.353  -7.249  25.038 0.0000000000
95230  68.350  -7.143  25.976 0.0000000000
95232  67.767  -7.162  26.597 0.0000000000
62559  34.831  -30.700  64.573 0.0000000000
62583  35.488  -30.682  63.644 0.0000000000
62535  36.064  -30.492  65.612 0.0000000000
62511  36.421  -30.426  66.609 0.0000000000
62426  38.156  -30.861  69.076 0.0000000000
61084  21.604  -32.202  73.726 0.0000000000
61061  22.703  -32.432  74.482 0.0000000000
61063  20.824  -32.249  74.568 0.0000000000
61026  20.481  -32.761  75.573 0.0000000000
61019  18.271  -33.132  76.472 0.0000000000
59671  19.201  -33.567  76.670 0.0000000000
89210  60.994  -10.774  31.506 0.0000000000
90411  62.359  -10.134  33.287 0.0000000000
90413  60.847  -10.655  33.385 0.0000000000
90394  61.255  -10.596  34.664 0.0000000000
87871  61.275  -11.772  35.840 0.0000000000
89161  58.279  -11.523  34.497 0.0000000000
86497  59.847  -12.425  35.634 0.0000000000
86473  61.127  -12.525  37.615 0.0000000000
86464  60.838  -12.817  38.631 0.0000000000
86448  60.538  -13.849  40.857 0.0000000000
86402  60.210  -14.245  42.454 0.0000000000
78954  51.427  -18.474  42.412 0.0000000000
78953  52.490  -18.272  42.512 0.0000000000
77667  52.632  -19.879  43.149 0.0000000000
76303  53.856  -20.892  44.446 0.0000000000
74909  55.056  -21.513  45.806 0.0000000000
74883  54.329  -21.340  47.561 0.0000000000
74882  55.213  -21.851  47.492 0.0000000000
73552  56.569  -22.315  47.051 0.0000000000
77541  42.604  -20.318  51.987 0.0000000000
74666  42.562  -21.243  63.901 0.0000000000
92861  58.154  -7.834  28.745 0.0000000000
91653  58.681  -8.513  29.315 0.0000000000
90447  59.740  -9.874  30.349 0.0000000000
97596  65.092  -3.534  22.355 0.0000000000
97597  64.515  -4.497  22.555 0.0000000000
59689  12.705  -33.905  76.260 0.0000000000
59675  13.707  -33.439  77.139 0.0000000000
58363  12.195  -33.718  78.008 0.0000000000
59643  12.452  -32.679  80.125 0.0000000000
60982  12.737  -31.863  81.577 0.0000000000
59638  10.620  -32.706  80.856 0.0000000000
80231  50.125  -17.686  40.587 0.0000000000
80233  48.400  -17.659  39.740 0.0000000000
80198  49.965  -18.100  41.551 0.0000000000
78956  49.372  -18.573  42.014 0.0000000000
77670  50.129  -20.148  43.198 0.0000000000
76307  50.109  -20.653  44.687 0.0000000000
77649  47.486  -20.063  44.079 0.0000000000
76291  48.573  -20.510  45.522 0.0000000000
76271  50.292  -20.481  46.479 0.0000000000
77608  50.436  -19.538  47.882 0.0000000000
78865  50.621  -18.345  48.816 0.0000000000
80097  50.673  -17.633  49.411 0.0000000000
69509  37.312  -25.428  57.062 0.0000000000
66660  36.975  -27.587  58.642 0.0000000000
68135  37.531  -26.641  58.614 0.0000000000
69490  38.169  -25.740  58.499 0.0000000000
69465  39.754  -25.547  60.518 0.0000000000
70707  40.601  -24.462  61.309 0.0000000000
70698  41.465  -24.555  63.036 0.0000000000
62581  37.274  -30.606  63.739 0.0000000000
63862  39.008  -30.155  63.664 0.0000000000
63861  39.597  -29.352  63.503 0.0000000000
63824  40.422  -29.465  67.057 0.0000000000
65097  40.675  -28.713  65.618 0.0000000000
66579  40.520  -27.681  64.287 0.0000000000
68043  41.077  -26.172  64.548 0.0000000000
69414  41.544  -25.197  64.527 0.0000000000
71959  42.271  -23.551  64.669 0.0000000000
59733  32.993  -32.933  73.362 0.0000000000
61052  31.442  -32.459  72.884 0.0000000000
61054  29.991  -32.163  72.832 0.0000000000
61077  28.149  -31.860  73.138 0.0000000000
62392  28.068  -31.170  70.985 0.0000000000
62375  27.823  -31.209  71.891 0.0000000000
61102  26.447  -31.539  72.931 0.0000000000
61103  25.519  -31.612  73.096 0.0000000000
62379  24.509  -31.621  72.690 0.0000000000
61106  23.164  -31.854  73.021 0.0000000000
62523  24.032  -31.353  66.775 0.0000000000
62493  24.236  -31.266  67.864 0.0000000000
62466  23.757  -31.188  68.981 0.0000000000
61211  20.764  -31.488  67.659 0.0000000000
61209  22.264  -31.419  68.594 0.0000000000
62467  22.671  -31.409  69.252 0.0000000000
61173  22.567  -31.619  70.477 0.0000000000
61131  22.149  -31.889  71.939 0.0000000000
61107  22.327  -31.949  72.898 0.0000000000
61109  20.484  -32.082  72.609 0.0000000000
61086  19.697  -32.181  73.486 0.0000000000
61087  18.728  -32.349  73.316 0.0000000000
61135  18.285  -32.346  71.180 0.0000000000
61112  17.552  -32.524  72.066 0.0000000000
61067  16.971  -32.683  73.945 0.0000000000
59738  16.111  -32.896  73.636 0.0000000000
59726  14.557  -33.625  74.069 0.0000000000
59707  13.749  -33.747  74.701 0.0000000000
58393  12.906  -33.811  75.054 0.0000000000
58395  11.143  -33.874  75.492 0.0000000000
63930  33.558  -30.454  58.270 0.0000000000
62671  33.589  -30.805  59.755 0.0000000000
62625  34.103  -30.648  61.627 0.0000000000
62651  31.887  -31.054  60.313 0.0000000000
62626  33.143  -30.738  61.522 0.0000000000
62608  33.367  -30.750  62.544 0.0000000000
62561  32.966  -31.026  64.466 0.0000000000
62538  33.287  -30.991  65.446 0.0000000000
62484  33.078  -30.965  67.300 0.0000000000
62517  30.797  -31.294  66.330 0.0000000000
62458  31.699  -30.984  68.141 0.0000000000
62431  33.044  -31.059  68.932 0.0000000000
61151  32.918  -31.329  70.617 0.0000000000
59652  14.334  -32.757  79.073 0.0000000000
61005  15.521  -32.756  79.293 0.0000000000
87851  66.775  -10.368  36.591 0.0000000000
90401  63.261  -9.768  35.182 0.0000000000
91579  64.253  -9.632  37.389 0.0000000000
90338  64.931  -11.013  39.234 0.0000000000
89109  63.412  -11.494  40.303 0.0000000000
87819  64.345  -11.975  40.539 0.0000000000
85192  64.313  -12.760  40.008 0.0000000000
85255  54.538  -13.445  35.231 0.0000000000
84000  55.692  -14.748  36.050 0.0000000000
81503  54.601  -16.524  37.674 0.0000000000
81501  56.265  -16.314  37.473 0.0000000000
82727  57.325  -15.925  37.501 0.0000000000
82705  58.198  -15.497  40.070 0.0000000000
85170  59.107  -14.541  42.220 0.0000000000
83903  59.508  -14.901  43.567 0.0000000000
78952  53.562  -18.288  42.840 0.0000000000
78928  55.135  -17.565  43.206 0.0000000000
80167  55.838  -17.008  43.391 0.0000000000
76299  58.086  -20.477  44.539 0.0000000000
78925  58.330  -18.261  43.262 0.0000000000
80165  57.864  -17.315  43.359 0.0000000000
81402  59.408  -16.952  43.538 0.0000000000
81390  60.189  -16.724  43.620 0.0000000000
77638  43.105  -19.758  45.540 0.0000000000
78888  45.603  -19.296  47.203 0.0000000000
80131  43.392  -18.273  48.558 0.0000000000
80129  44.932  -18.495  48.708 0.0000000000
78876  46.268  -18.897  47.866 0.0000000000
80115  48.487  -17.983  48.722 0.0000000000
81333  49.415  -17.211  49.648 0.0000000000
81309  50.720  -16.478  50.742 0.0000000000
73352  39.196  -23.911  56.022 0.0000000000
76158  41.150  -22.049  53.637 0.0000000000
76156  42.492  -20.908  53.344 0.0000000000
77520  43.700  -19.475  53.098 0.0000000000
76047  42.621  -20.816  62.779 0.0000000000
76055  42.849  -20.891  61.076 0.0000000000
76077  43.595  -20.656  59.335 0.0000000000
78707  45.126  -19.071  58.924 0.0000000000
77461  44.215  -20.100  57.798 0.0000000000
77473  44.155  -19.772  56.518 0.0000000000
78783  44.261  -19.037  54.663 0.0000000000
80042  44.096  -18.185  53.042 0.0000000000
81272  44.692  -16.791  53.005 0.0000000000
83804  45.812  -15.454  53.151 0.0000000000
83828  46.450  -15.125  52.506 0.0000000000
83782  47.991  -14.637  54.922 0.0000000000
85046  47.711  -14.664  53.701 0.0000000000
82552  48.101  -15.334  52.183 0.0000000000
82551  49.159  -15.386  52.256 0.0000000000
96419  63.941  -4.756  22.973 0.0000000000
95307  64.622  -6.308  23.130 0.0000000000
92969  65.301  -7.366  24.702 0.0000000000
94099  66.673  -7.397  25.871 0.0000000000
95233  67.432  -7.246  27.180 0.0000000000
94074  65.785  -7.291  28.171 0.0000000000
95217  66.937  -6.690  28.771 0.0000000000
95207  67.768  -6.800  29.461 0.0000000000
91625  67.873  -8.520  30.983 0.0000000000
58427  33.089  -33.061  72.092 0.0000000000
58439  33.792  -33.119  71.518 0.0000000000
59687  14.575  -33.180  76.207 0.0000000000
80095  52.495  -17.609  50.086 0.0000000000
80094  53.453  -17.654  50.482 0.0000000000
62624  35.104  -30.627  61.625 0.0000000000
62623  35.794  -30.691  61.960 0.0000000000
62606  35.239  -30.693  62.685 0.0000000000
61082  23.390  -32.037  73.796 0.0000000000
91620  63.005  -9.637  32.336 0.0000000000
91612  63.659  -9.252  32.870 0.0000000000
85128  61.117  -14.365  43.468 0.0000000000
85127  61.599  -14.393  43.242 0.0000000000
83900  61.739  -15.035  43.288 0.0000000000
81439  51.525  -17.425  41.407 0.0000000000
78812  42.406  -18.983  51.127 0.0000000000
80061  42.115  -18.333  50.587 0.0000000000
71986  41.632  -23.524  62.472 0.0000000000
73284  41.574  -22.566  62.071 0.0000000000
73283  42.005  -22.493  62.858 0.0000000000
90444  62.609  -9.642  30.883 0.0000000000
91627  63.114  -9.415  31.289 0.0000000000
95305  66.168  -6.250  22.673 0.0000000000
95283  65.974  -6.426  23.177 0.0000000000
95306  65.359  -6.319  22.935 0.0000000000
62482  34.859  -30.727  67.529 0.0000000000
89214  56.999  -10.921  31.316 0.0000000000
89198  57.854  -11.389  32.138 0.0000000000
85234  57.183  -13.828  35.922 0.0000000000
85233  58.285  -13.744  35.999 0.0000000000
82742  58.101  -15.270  37.043 0.0000000000
76288  51.679  -20.892  45.562 0.0000000000
76269  52.317  -21.053  46.376 0.0000000000
80201  47.195  -18.163  40.809 0.0000000000
78975  46.785  -18.569  41.356 0.0000000000
78958  47.326  -18.950  41.911 0.0000000000
78959  46.453  -19.109  41.938 0.0000000000
77634  47.215  -20.211  46.028 0.0000000000
77620  47.300  -19.858  46.694 0.0000000000
77610  48.153  -19.444  47.211 0.0000000000
78886  47.241  -19.424  47.297 0.0000000000
65141  39.062  -28.411  61.333 0.0000000000
66619  39.461  -27.900  61.766 0.0000000000
62451  38.458  -30.651  68.247 0.0000000000
62478  38.937  -30.465  67.312 0.0000000000
62450  39.426  -30.179  68.081 0.0000000000
62390  29.916  -31.090  70.731 0.0000000000
61128  30.046  -31.191  71.355 0.0000000000
61176  19.966  -31.771  69.440 0.0000000000
62588  30.599  -31.092  63.363 0.0000000000
62563  30.972  -31.130  64.392 0.0000000000
62435  29.526  -31.152  69.083 0.0000000000
62434  30.434  -31.102  69.022 0.0000000000
62410  30.122  -31.101  69.859 0.0000000000
62389  30.592  -31.083  70.437 0.0000000000
61055  28.934  -32.373  73.316 0.0000000000
60981  13.654  -31.885  81.437 0.0000000000
93980  67.553  -7.637  33.982 0.0000000000
91595  68.068  -9.002  34.961 0.0000000000
93961  67.455  -8.389  34.720 0.0000000000
87838  65.781  -11.325  38.416 0.0000000000
86462  65.776  -11.587  38.152 0.0000000000
86455  65.132  -12.085  38.751 0.0000000000
85208  64.755  -12.488  38.376 0.0000000000
85200  64.532  -12.653  39.317 0.0000000000
87861  62.057  -11.500  37.008 0.0000000000
89143  62.351  -11.171  37.314 0.0000000000
89144  62.208  -11.377  37.884 0.0000000000
82687  55.579  -16.278  41.475 0.0000000000
82667  56.324  -16.066  42.398 0.0000000000
82666  56.766  -15.730  42.281 0.0000000000
82651  57.107  -16.000  43.182 0.0000000000
76301  55.868  -20.931  44.627 0.0000000000
80138  41.334  -18.309  47.245 0.0000000000
81314  45.578  -15.958  50.638 0.0000000000
81313  46.263  -16.303  50.685 0.0000000000
81312  47.239  -16.746  50.546 0.0000000000
81288  47.043  -16.251  51.156 0.0000000000
70747  37.760  -25.111  57.024 0.0000000000
72057  37.136  -24.420  55.956 0.0000000000
72045  38.489  -24.552  56.905 0.0000000000
74716  42.217  -22.055  58.249 0.0000000000
74729  41.930  -22.262  57.294 0.0000000000
74728  42.500  -21.663  57.255 0.0000000000
76109  43.106  -21.117  57.307 0.0000000000
79973  46.847  -17.692  57.915 0.0000000000
79996  46.559  -17.448  56.031 0.0000000000
81232  47.099  -16.999  56.411 0.0000000000
81253  47.125  -16.332  55.245 0.0000000000
81243  47.357  -16.362  55.879 0.0000000000
92897  62.609  -7.630  27.403 0.0000000000
92918  62.390  -7.400  26.411 0.0000000000
92941  63.192  -7.318  25.748 0.0000000000
95167  66.723  -7.045  32.248 0.0000000000
95181  66.851  -6.754  31.079 0.0000000000
95158  67.076  -6.893  32.882 0.0000000000
94000  67.761  -7.274  32.988 0.0000000000
92958  69.587  -7.866  23.998 0.0000000000
91700  69.435  -8.895  24.672 0.0000000000
90509  69.408  -9.482  25.018 0.0000000000
92870  68.987  -8.014  28.299 0.0000000000
91648  68.814  -8.528  29.167 0.0000000000
94053  68.249  -7.551  28.786 0.0000000000
61150  34.041  -31.530  70.562 0.0000000000
59724  16.156  -32.839  74.664 0.0000000000
59704  16.159  -32.789  75.503 0.0000000000
59673  15.529  -32.739  77.597 0.0000000000
61031  16.251  -32.618  77.181 0.0000000000
61014  16.519  -32.664  78.315 0.0000000000
61015  15.904  -32.722  78.646 0.0000000000
87893  54.893  -12.220  33.817 0.0000000000
86501  56.094  -12.532  34.944 0.0000000000
86502  55.000  -12.832  34.837 0.0000000000
76249  51.914  -20.013  48.467 0.0000000000
76229  52.650  -19.825  49.146 0.0000000000
61009  8.272  -32.489  78.607 0.0000000000
60986  8.535  -32.473  81.093 0.0000000000
60987  7.674  -32.289  81.199 0.0000000000
63929  34.914  -29.781  57.917 0.0000000000
63912  35.754  -30.138  58.767 0.0000000000
63885  37.873  -30.051  61.223 0.0000000000
62462  27.915  -31.085  68.334 0.0000000000
62542  29.329  -31.136  65.389 0.0000000000
62543  28.274  -31.075  65.430 0.0000000000
62489  28.304  -31.192  67.368 0.0000000000
62461  28.918  -31.056  68.239 0.0000000000
61058  25.209  -32.264  74.030 0.0000000000
94020  65.129  -7.731  32.504 0.0000000000
94002  66.030  -7.509  33.565 0.0000000000
94003  65.382  -7.988  33.268 0.0000000000
91596  64.634  -9.073  34.755 0.0000000000
92813  65.425  -8.680  35.043 0.0000000000
91564  65.571  -9.130  37.408 0.0000000000
91578  65.150  -9.136  36.849 0.0000000000
87832  61.417  -12.421  39.893 0.0000000000
87831  62.213  -11.993  40.205 0.0000000000
87820  61.922  -12.525  40.877 0.0000000000
85125  62.668  -14.145  42.382 0.0000000000
82733  51.540  -16.220  37.208 0.0000000000
81506  52.110  -16.722  38.038 0.0000000000
82690  53.006  -16.836  41.458 0.0000000000
81453  53.076  -16.674  40.645 0.0000000000
82689  53.522  -16.716  41.526 0.0000000000
82688  54.372  -16.552  41.610 0.0000000000
81418  54.284  -16.654  42.324 0.0000000000
81359  40.216  -17.379  48.398 0.0000000000
81340  42.200  -16.848  49.393 0.0000000000
82598  43.316  -16.322  50.417 0.0000000000
82597  44.122  -15.836  50.919 0.0000000000
82596  44.884  -15.641  50.876 0.0000000000
83868  44.481  -15.567  51.387 0.0000000000
72014  40.005  -23.886  60.166 0.0000000000
72020  39.589  -24.046  59.388 0.0000000000
74680  41.134  -22.283  60.907 0.0000000000
74687  40.853  -22.435  60.319 0.0000000000
76065  41.408  -22.195  60.242 0.0000000000
76080  41.174  -22.368  59.642 0.0000000000
76064  42.275  -21.674  60.389 0.0000000000
92858  61.325  -8.271  28.592 0.0000000000
92857  62.282  -8.249  28.803 0.0000000000
92873  63.810  -7.668  28.770 0.0000000000
92856  63.130  -8.130  29.335 0.0000000000
92842  64.286  -8.288  31.528 0.0000000000
92847  64.086  -8.239  30.560 0.0000000000
94036  64.997  -7.658  31.644 0.0000000000
95281  67.601  -7.210  23.216 0.0000000000
95258  68.295  -7.149  24.149 0.0000000000
95259  68.059  -7.099  24.285 0.0000000000
94125  67.310  -7.190  24.495 0.0000000000
95240  67.867  -7.025  25.178 0.0000000000
95241  67.871  -7.127  25.433 0.0000000000
95231  68.080  -7.053  26.267 0.0000000000
94098  67.360  -7.320  25.601 0.0000000000
62560  33.908  -30.874  64.517 0.0000000000
62536  35.121  -30.550  65.566 0.0000000000
62481  35.819  -30.630  67.603 0.0000000000
62480  36.831  -30.646  67.585 0.0000000000
62452  37.281  -31.095  68.610 0.0000000000
61062  21.781  -32.373  74.557 0.0000000000
61027  20.042  -32.746  75.698 0.0000000000
59682  20.245  -33.170  75.864 0.0000000000
61029  18.171  -32.847  76.006 0.0000000000
89211  60.059  -11.025  31.311 0.0000000000
90422  60.896  -10.765  32.772 0.0000000000
89179  60.300  -11.017  32.888 0.0000000000
89169  59.540  -11.247  33.850 0.0000000000
89168  60.315  -10.934  34.062 0.0000000000
89159  60.313  -11.170  34.568 0.0000000000
89158  61.360  -11.041  35.400 0.0000000000
87872  60.495  -11.707  35.369 0.0000000000
89171  56.939  -11.426  33.915 0.0000000000
87890  57.313  -11.592  34.402 0.0000000000
85250  59.278  -12.781  35.661 0.0000000000
86498  58.933  -12.287  35.320 0.0000000000
86484  60.355  -12.837  36.091 0.0000000000
86496  60.747  -12.320  35.894 0.0000000000
85221  60.605  -13.289  36.968 0.0000000000
85211  60.496  -13.323  37.919 0.0000000000
83969  59.618  -14.683  38.974 0.0000000000
85204  60.315  -14.030  39.282 0.0000000000
85196  60.374  -14.033  40.319 0.0000000000
85184  59.975  -14.280  41.430 0.0000000000
77693  50.886  -19.433  42.769 0.0000000000
77692  52.012  -19.187  42.706 0.0000000000
77668  51.680  -19.965  43.280 0.0000000000
76286  53.585  -21.154  45.232 0.0000000000
76285  54.442  -21.180  45.146 0.0000000000
76257  53.618  -20.951  47.886 0.0000000000
74884  53.343  -21.169  47.118 0.0000000000
76256  54.183  -21.116  48.070 0.0000000000
73528  55.967  -22.320  47.580 0.0000000000
74896  55.742  -22.003  46.593 0.0000000000
76198  40.574  -20.703  51.047 0.0000000000
77552  41.080  -20.277  50.786 0.0000000000
91654  57.640  -8.430  29.353 0.0000000000
90433  59.320  -10.476  30.820 0.0000000000
89223  60.108  -10.439  30.740 0.0000000000
89222  60.616  -10.607  30.962 0.0000000000
58380  11.930  -33.957  76.385 0.0000000000
58371  12.119  -33.835  77.536 0.0000000000
59655  10.744  -33.616  79.298 0.0000000000
59654  11.960  -33.453  79.127 0.0000000000
60996  12.131  -32.285  80.949 0.0000000000
60998  9.419  -32.778  80.200 0.0000000000
59645  10.114  -32.911  80.077 0.0000000000
81492  49.935  -17.065  38.641 0.0000000000
81473  49.131  -17.400  39.196 0.0000000000
80222  47.745  -17.872  40.270 0.0000000000
80221  48.836  -18.114  40.470 0.0000000000
80199  49.194  -18.349  41.118 0.0000000000
78972  49.325  -18.404  41.530 0.0000000000
76324  49.749  -20.479  43.887 0.0000000000
76308  49.017  -20.589  44.476 0.0000000000
77673  46.842  -19.713  43.458 0.0000000000
76273  48.134  -20.159  46.401 0.0000000000
76309  48.006  -20.439  44.699 0.0000000000
76290  49.635  -20.612  45.533 0.0000000000
76260  49.834  -20.028  47.221 0.0000000000
78873  49.204  -18.710  48.086 0.0000000000
77604  50.151  -18.907  48.241 0.0000000000
80113  50.016  -17.919  48.895 0.0000000000
69511  36.298  -25.961  56.336 0.0000000000
70749  36.689  -25.405  56.314 0.0000000000
69510  36.898  -25.850  57.018 0.0000000000
65161  36.940  -28.496  58.948 0.0000000000
66661  36.735  -28.243  58.517 0.0000000000
65160  37.260  -28.057  59.096 0.0000000000
68118  37.896  -26.879  59.380 0.0000000000
68134  38.081  -26.249  59.146 0.0000000000
69489  38.632  -25.665  59.169 0.0000000000
69478  39.249  -25.675  59.774 0.0000000000
68084  40.050  -26.293  61.899 0.0000000000
69464  40.109  -25.454  61.292 0.0000000000
69451  40.453  -25.441  62.198 0.0000000000
70699  41.054  -24.530  62.219 0.0000000000
69450  41.031  -25.211  62.758 0.0000000000
62557  36.674  -30.570  64.658 0.0000000000
62582  36.384  -30.590  63.707 0.0000000000
62532  38.914  -30.237  65.475 0.0000000000
62555  38.537  -30.393  64.578 0.0000000000
63847  39.363  -29.972  64.515 0.0000000000
63846  40.027  -29.255  64.615 0.0000000000
66546  41.148  -27.548  66.585 0.0000000000
65084  41.057  -28.208  67.000 0.0000000000
65108  40.840  -27.764  65.463 0.0000000000
65109  40.569  -28.334  65.029 0.0000000000
66578  40.739  -27.201  65.020 0.0000000000
66601  40.758  -27.009  64.134 0.0000000000
69400  41.451  -25.550  65.336 0.0000000000
70677  42.004  -24.435  64.568 0.0000000000
61073  31.958  -32.480  72.738 0.0000000000
61050  32.297  -33.004  73.893 0.0000000000
61074  31.336  -31.953  72.715 0.0000000000
61075  30.420  -31.787  72.616 0.0000000000
61076  29.348  -31.781  72.841 0.0000000000
62376  26.811  -31.320  72.091 0.0000000000
61101  27.483  -31.516  72.707 0.0000000000
62377  25.855  -31.373  72.298 0.0000000000
62396  24.242  -31.496  72.079 0.0000000000
61129  23.625  -31.678  72.433 0.0000000000
62397  23.630  -31.588  71.996 0.0000000000
62496  20.681  -31.305  66.597 0.0000000000
61192  21.756  -31.582  69.081 0.0000000000
62442  22.658  -31.532  69.987 0.0000000000
61155  21.985  -31.816  71.006 0.0000000000
61108  21.418  -32.013  72.763 0.0000000000
61110  19.535  -32.265  72.433 0.0000000000
61113  16.745  -32.756  71.904 0.0000000000
61089  16.881  -32.729  72.880 0.0000000000
59740  14.390  -33.480  73.096 0.0000000000
58410  12.312  -33.793  74.389 0.0000000000
58394  12.023  -33.891  75.258 0.0000000000
58411  11.347  -33.727  74.468 0.0000000000
62672  32.786  -30.842  59.220 0.0000000000
63914  33.635  -30.732  59.141 0.0000000000
62649  33.979  -30.717  60.561 0.0000000000
62652  30.755  -31.093  60.207 0.0000000000
62609  32.378  -30.815  62.471 0.0000000000
62585  33.629  -30.884  63.531 0.0000000000
62515  32.710  -31.088  66.364 0.0000000000
62485  32.171  -31.007  67.256 0.0000000000
62518  29.798  -31.335  66.343 0.0000000000
62433  31.286  -30.970  68.974 0.0000000000
62457  32.593  -30.961  68.151 0.0000000000
62432  32.143  -31.040  69.045 0.0000000000
61171  32.629  -31.139  69.734 0.0000000000
61172  32.065  -31.097  69.703 0.0000000000
61126  32.002  -31.425  71.452 0.0000000000
61096  32.616  -32.419  72.387 0.0000000000
58401  31.372  -33.014  73.183 0.0000000000
61040  21.952  -32.552  75.025 0.0000000000
61039  22.489  -32.617  74.818 0.0000000000
59701  22.368  -32.874  75.045 0.0000000000
59663  13.887  -32.985  78.207 0.0000000000
60979  15.023  -32.414  80.808 0.0000000000
61006  14.843  -32.601  79.651 0.0000000000
60978  15.349  -32.781  80.301 0.0000000000
60991  15.778  -32.863  79.727 0.0000000000
59641  15.626  -32.969  80.150 0.0000000000
92798  66.682  -8.768  35.988 0.0000000000
91574  66.988  -9.250  36.248 0.0000000000
89142  66.677  -10.308  37.013 0.0000000000
85207  65.491  -12.014  37.877 0.0000000000
90403  61.911  -10.235  34.259 0.0000000000
91606  62.584  -9.902  33.992 0.0000000000
90402  62.632  -9.942  34.700 0.0000000000
90373  63.751  -10.253  37.836 0.0000000000
90381  63.587  -9.982  37.029 0.0000000000
91566  64.252  -10.136  37.962 0.0000000000
91547  64.417  -10.257  38.228 0.0000000000
90354  64.378  -10.587  38.710 0.0000000000
89110  62.823  -11.826  40.623 0.0000000000
89123  62.909  -11.477  39.939 0.0000000000
89092  63.458  -11.871  40.879 0.0000000000
86434  64.113  -12.571  40.556 0.0000000000
85181  64.153  -12.734  40.326 0.0000000000
85193  63.746  -13.336  40.014 0.0000000000
83958  63.407  -13.724  39.639 0.0000000000
85237  54.080  -14.107  35.620 0.0000000000
85256  53.495  -13.484  35.175 0.0000000000
85236  55.118  -14.039  35.680 0.0000000000
81504  53.692  -16.539  37.884 0.0000000000
82731  53.907  -16.124  37.104 0.0000000000
82707  56.565  -16.278  39.345 0.0000000000
81485  56.066  -16.608  38.091 0.0000000000
81484  56.749  -16.337  37.932 0.0000000000
81500  56.750  -16.150  37.475 0.0000000000
82715  57.346  -16.138  38.600 0.0000000000
82714  58.267  -15.730  39.102 0.0000000000
83933  57.810  -15.220  42.424 0.0000000000
83932  58.440  -14.926  42.068 0.0000000000
83916  58.426  -14.871  42.702 0.0000000000
85147  59.115  -14.531  42.922 0.0000000000
77691  53.052  -19.017  42.696 0.0000000000
80181  52.962  -17.522  42.506 0.0000000000
77690  54.077  -18.975  42.693 0.0000000000
77688  55.962  -19.046  42.822 0.0000000000
78951  54.575  -18.151  42.886 0.0000000000
78950  55.499  -18.260  42.928 0.0000000000
78927  56.097  -17.704  43.169 0.0000000000
78949  56.347  -18.410  42.906 0.0000000000
77646  59.909  -19.368  44.491 0.0000000000
76314  59.025  -19.728  44.093 0.0000000000
77661  59.012  -19.220  43.725 0.0000000000
80164  58.871  -17.497  43.434 0.0000000000
81403  58.500  -16.703  43.575 0.0000000000
80163  59.770  -17.708  43.622 0.0000000000
77624  42.763  -19.385  46.294 0.0000000000
77623  43.803  -19.535  46.356 0.0000000000
78889  44.507  -19.143  47.144 0.0000000000
80121  43.087  -17.709  48.839 0.0000000000
80120  43.821  -17.822  49.166 0.0000000000
81353  45.971  -17.844  49.532 0.0000000000
80118  45.567  -18.166  49.227 0.0000000000
80128  45.890  -18.508  48.560 0.0000000000
80127  46.741  -18.475  48.384 0.0000000000
80116  47.528  -18.107  48.630 0.0000000000
80101  47.236  -17.620  49.269 0.0000000000
81311  48.311  -16.806  50.438 0.0000000000
81334  48.652  -17.200  49.744 0.0000000000
81310  49.477  -16.778  50.338 0.0000000000
81332  50.219  -17.068  49.869 0.0000000000
73322  39.680  -23.617  57.996 0.0000000000
73339  38.935  -24.060  56.740 0.0000000000
73338  39.457  -23.723  57.014 0.0000000000
74744  40.598  -23.011  55.792 0.0000000000
73351  40.046  -23.560  56.106 0.0000000000
74759  40.348  -23.008  55.169 0.0000000000
74776  39.972  -22.856  54.321 0.0000000000
76144  41.172  -22.120  54.326 0.0000000000
76127  42.588  -21.063  55.233 0.0000000000
76142  42.413  -21.140  54.133 0.0000000000
77521  43.053  -20.420  53.304 0.0000000000
77501  43.634  -19.806  54.267 0.0000000000
77383  43.071  -20.413  63.844 0.0000000000
76041  42.609  -20.902  63.460 0.0000000000
77390  43.039  -20.400  63.162 0.0000000000
77405  44.251  -19.601  61.701 0.0000000000
77406  43.847  -19.834  61.965 0.0000000000
77416  43.761  -20.200  61.026 0.0000000000
77433  43.228  -20.867  60.283 0.0000000000
77431  44.372  -19.803  60.454 0.0000000000
78720  45.665  -18.594  58.104 0.0000000000
78706  45.803  -18.557  58.908 0.0000000000
77460  44.561  -19.656  58.579 0.0000000000
78722  44.590  -19.374  57.010 0.0000000000
80015  45.273  -18.110  55.095 0.0000000000
78782  44.811  -18.455  54.940 0.0000000000
78796  44.658  -18.368  54.162 0.0000000000
78797  44.174  -18.781  53.578 0.0000000000
80041  44.561  -17.688  53.385 0.0000000000
80049  44.377  -17.222  52.833 0.0000000000
81264  45.283  -16.851  53.644 0.0000000000
82521  46.747  -15.851  54.267 0.0000000000
82536  45.844  -16.029  53.564 0.0000000000
82535  46.292  -15.554  53.571 0.0000000000
83829  45.699  -15.268  52.567 0.0000000000
85002  48.582  -14.508  56.331 0.0000000000
85010  48.847  -13.828  55.614 0.0000000000
85045  48.583  -14.212  54.356 0.0000000000
85068  48.781  -14.411  53.786 0.0000000000
85069  48.046  -14.563  53.382 0.0000000000
83826  48.789  -14.812  53.023 0.0000000000
83825  49.857  -14.929  52.760 0.0000000000
97584  63.547  -4.254  23.421 0.0000000000
94151  64.145  -6.708  23.828 0.0000000000
95285  63.951  -5.724  23.182 0.0000000000
94150  65.432  -7.023  23.875 0.0000000000
94100  65.895  -7.279  26.220 0.0000000000
94083  66.756  -7.346  27.009 0.0000000000
92872  64.804  -7.518  29.109 0.0000000000
92894  65.152  -7.449  28.477 0.0000000000
92871  65.171  -7.444  28.851 0.0000000000
96362  66.863  -6.209  30.110 0.0000000000
95208  66.632  -6.658  29.545 0.0000000000
96372  66.981  -6.300  29.585 0.0000000000
96378  67.403  -6.544  28.908 0.0000000000
95195  68.110  -6.920  30.054 0.0000000000
95194  67.960  -6.968  29.964 0.0000000000
94033  67.677  -7.464  31.083 0.0000000000
91611  68.027  -8.874  32.848 0.0000000000
95322  67.058  -6.440  21.593 0.0000000000
59765  33.508  -32.548  71.920 0.0000000000
77588  51.629  -18.757  49.109 0.0000000000
77587  52.158  -19.075  49.239 0.0000000000
78846  52.754  -18.307  49.879 0.0000000000
63898  34.764  -30.633  60.272 0.0000000000
63897  35.769  -30.405  60.262 0.0000000000
63887  35.815  -30.550  61.343 0.0000000000
63876  36.816  -30.577  62.321 0.0000000000
62567  26.694  -31.001  64.451 0.0000000000
61059  24.144  -31.943  74.098 0.0000000000
59722  23.516  -32.614  74.519 0.0000000000
92836  64.216  -8.542  32.399 0.0000000000
92829  64.803  -8.453  33.429 0.0000000000
92830  64.306  -8.821  33.212 0.0000000000
91604  64.459  -8.927  34.181 0.0000000000
86435  61.627  -13.093  41.444 0.0000000000
87795  61.992  -12.997  41.934 0.0000000000
86399  61.831  -13.745  42.725 0.0000000000
85126  62.063  -14.115  42.817 0.0000000000
81491  50.928  -17.236  39.050 0.0000000000
81490  51.782  -17.016  38.927 0.0000000000
81471  51.553  -17.150  39.847 0.0000000000
81438  52.352  -17.117  41.190 0.0000000000
80078  41.811  -17.900  50.037 0.0000000000
81316  41.815  -17.225  50.044 0.0000000000
81315  42.451  -16.754  50.267 0.0000000000
81290  43.311  -16.802  51.106 0.0000000000
81289  43.903  -16.820  51.853 0.0000000000
72002  40.808  -23.429  61.148 0.0000000000
73294  40.275  -23.287  60.406 0.0000000000
73292  41.156  -22.699  61.316 0.0000000000
74673  41.556  -21.974  61.727 0.0000000000
91637  60.270  -9.260  29.859 0.0000000000
91651  60.795  -8.693  29.242 0.0000000000
91636  61.403  -9.217  29.948 0.0000000000
92848  63.541  -8.285  30.037 0.0000000000
91626  63.695  -8.810  30.919 0.0000000000
94148  66.842  -7.019  23.350 0.0000000000
94149  66.419  -6.849  23.576 0.0000000000
62513  34.528  -30.698  66.503 0.0000000000
61064  19.865  -32.200  74.484 0.0000000000
61028  19.115  -32.831  75.873 0.0000000000
61013  17.263  -32.773  77.926 0.0000000000
61012  17.829  -33.105  77.242 0.0000000000
89212  58.900  -11.038  31.511 0.0000000000
89197  58.763  -11.317  32.255 0.0000000000
87876  56.834  -12.046  34.615 0.0000000000
87875  57.614  -11.883  34.790 0.0000000000
85251  58.635  -12.917  35.670 0.0000000000
85232  59.677  -13.498  36.188 0.0000000000
85222  60.212  -13.990  37.274 0.0000000000
83996  59.583  -14.411  36.967 0.0000000000
83976  59.552  -14.749  38.209 0.0000000000
76322  51.407  -20.491  43.962 0.0000000000
76321  52.298  -20.475  43.869 0.0000000000
76305  51.996  -20.819  44.682 0.0000000000
74911  53.464  -21.324  45.906 0.0000000000
76246  54.710  -21.155  49.090 0.0000000000
90434  58.420  -10.451  30.889 0.0000000000
58373  10.360  -33.817  77.280 0.0000000000
58365  10.797  -33.864  78.242 0.0000000000
78957  48.225  -18.836  41.931 0.0000000000
77696  47.782  -19.233  42.408 0.0000000000
77672  47.847  -19.696  43.195 0.0000000000
77651  45.633  -19.925  44.583 0.0000000000
77650  46.668  -20.053  44.435 0.0000000000
76293  46.998  -20.309  45.061 0.0000000000
76274  47.541  -20.182  46.181 0.0000000000
76261  48.786  -19.951  47.049 0.0000000000
76262  48.259  -19.837  46.850 0.0000000000
78867  48.888  -18.381  48.382 0.0000000000
68150  36.648  -27.215  56.984 0.0000000000
65149  38.358  -28.493  60.487 0.0000000000
66646  38.789  -27.466  60.525 0.0000000000
68101  39.294  -26.485  60.475 0.0000000000
66634  39.885  -26.824  61.621 0.0000000000
68065  40.369  -26.478  62.676 0.0000000000
62510  37.411  -30.415  66.565 0.0000000000
62508  39.442  -30.170  66.350 0.0000000000
68005  41.242  -26.581  67.620 0.0000000000
68030  41.198  -26.402  65.618 0.0000000000
61098  31.152  -31.387  71.897 0.0000000000
62374  28.825  -31.191  71.631 0.0000000000
62438  26.600  -31.063  69.442 0.0000000000
62414  26.348  -31.079  70.421 0.0000000000
62495  21.710  -31.228  67.119 0.0000000000
59752  15.151  -33.086  72.316 0.0000000000
62687  32.176  -30.683  58.186 0.0000000000
62562  31.984  -31.058  64.429 0.0000000000
61153  31.060  -31.101  70.477 0.0000000000
61008  13.483  -32.448  80.201 0.0000000000
61007  14.090  -32.475  79.911 0.0000000000
60994  13.922  -32.034  80.623 0.0000000000
60980  14.486  -31.953  81.169 0.0000000000
91562  66.303  -9.416  37.385 0.0000000000
89135  66.459  -10.537  37.520 0.0000000000
87845  66.227  -11.164  37.978 0.0000000000
85209  63.974  -13.179  38.438 0.0000000000
85210  63.516  -13.660  38.528 0.0000000000
89157  61.990  -10.657  35.574 0.0000000000
90392  62.594  -10.276  35.636 0.0000000000
90374  63.055  -10.580  37.585 0.0000000000
85165  62.959  -13.973  41.511 0.0000000000
86421  63.616  -12.959  40.924 0.0000000000
84002  53.640  -14.851  35.996 0.0000000000
81451  54.804  -16.424  39.998 0.0000000000
81467  55.033  -16.604  39.140 0.0000000000
82697  56.465  -16.146  40.513 0.0000000000
82696  57.515  -15.679  40.730 0.0000000000
83953  57.384  -15.383  42.192 0.0000000000
82641  58.032  -15.653  43.566 0.0000000000
76319  54.219  -20.509  43.669 0.0000000000
77665  54.629  -19.853  43.074 0.0000000000
77664  55.612  -19.795  43.195 0.0000000000
77663  56.590  -19.637  43.230 0.0000000000
78914  59.981  -18.527  43.991 0.0000000000
78891  42.137  -18.765  46.777 0.0000000000
78879  42.977  -18.521  47.700 0.0000000000
81338  44.014  -16.678  49.882 0.0000000000
81355  44.378  -17.332  49.651 0.0000000000
81337  45.161  -16.691  50.285 0.0000000000
81286  48.973  -16.475  51.132 0.0000000000
74718  40.883  -23.059  58.213 0.0000000000
73337  40.317  -23.429  57.241 0.0000000000
74730  41.206  -22.976  57.239 0.0000000000
74743  41.020  -22.717  56.126 0.0000000000
74757  41.327  -22.086  55.346 0.0000000000
74774  41.116  -22.149  54.776 0.0000000000
76116  42.220  -21.497  55.920 0.0000000000
77486  43.230  -20.476  55.344 0.0000000000
78650  43.986  -19.662  63.407 0.0000000000
78649  44.634  -19.346  63.265 0.0000000000
78660  44.785  -19.294  62.572 0.0000000000
78668  44.652  -19.355  61.781 0.0000000000
79985  46.172  -18.049  57.510 0.0000000000
78738  45.078  -18.855  56.696 0.0000000000
79997  46.106  -17.967  56.529 0.0000000000
80014  45.924  -17.721  55.346 0.0000000000
80032  45.761  -17.331  54.597 0.0000000000
81256  45.676  -17.071  54.196 0.0000000000
81255  46.191  -16.826  54.517 0.0000000000
82520  47.082  -16.132  54.835 0.0000000000
82508  47.342  -15.436  54.640 0.0000000000
92920  60.631  -6.858  26.225 0.0000000000
92919  61.404  -7.087  26.172 0.0000000000
92961  63.084  -7.033  24.962 0.0000000000
92960  63.973  -7.235  24.977 0.0000000000
92939  65.076  -7.479  26.636 0.0000000000
95198  65.588  -7.498  30.711 0.0000000000
94055  65.715  -7.371  29.612 0.0000000000
95197  66.290  -7.173  30.638 0.0000000000
95196  66.642  -6.610  30.302 0.0000000000
95180  67.158  -6.667  30.974 0.0000000000
94034  67.432  -7.122  31.093 0.0000000000
93999  67.904  -7.788  32.937 0.0000000000
94147  68.514  -7.362  23.330 0.0000000000
94164  68.412  -7.514  22.610 0.0000000000
94146  69.029  -7.628  23.239 0.0000000000
92968  69.288  -8.059  23.082 0.0000000000
92893  68.936  -7.641  27.276 0.0000000000
92869  69.129  -8.305  27.893 0.0000000000
90442  68.841  -9.883  29.292 0.0000000000
61191  34.022  -31.041  68.975 0.0000000000
61190  34.403  -31.136  69.032 0.0000000000
61149  35.103  -31.679  70.374 0.0000000000
61030  17.020  -32.637  76.321 0.0000000000
61021  16.809  -32.592  77.480 0.0000000000
61003  16.730  -32.885  78.641 0.0000000000
60990  16.317  -33.011  79.217 0.0000000000
87902  56.055  -11.750  33.816 0.0000000000
87877  56.135  -12.126  34.439 0.0000000000
85253  56.622  -13.119  35.514 0.0000000000
76228  53.642  -20.180  49.398 0.0000000000
76227  54.644  -20.682  49.754 0.0000000000
59667  9.336  -33.456  78.222 0.0000000000
59657  8.949  -32.975  78.951 0.0000000000
65162  36.352  -29.054  58.548 0.0000000000
65151  36.777  -29.499  59.387 0.0000000000
63895  38.047  -29.288  60.459 0.0000000000
63884  38.538  -29.245  61.019 0.0000000000
63873  39.517  -29.057  62.700 0.0000000000
62463  26.888  -31.175  68.464 0.0000000000
61195  19.000  -31.707  67.892 0.0000000000
61177  18.842  -31.939  69.014 0.0000000000
61240  28.892  -31.295  63.035 0.0000000000
95160  66.083  -7.381  33.117 0.0000000000
93962  66.977  -8.116  34.508 0.0000000000
94001  66.363  -7.337  33.893 0.0000000000
93964  66.016  -8.176  34.635 0.0000000000
92799  66.069  -8.301  36.152 0.0000000000
92821  65.099  -8.494  34.104 0.0000000000
92812  65.841  -8.207  35.062 0.0000000000
92778  66.381  -8.667  36.942 0.0000000000
91563  66.072  -9.034  37.431 0.0000000000
90363  65.915  -9.765  37.757 0.0000000000
90352  65.641  -10.594  38.380 0.0000000000
87847  61.743  -11.860  38.636 0.0000000000
89131  62.094  -11.624  38.877 0.0000000000
87840  61.953  -11.857  39.373 0.0000000000
89124  62.628  -11.832  40.426 0.0000000000
87793  62.965  -12.788  41.680 0.0000000000
87776  62.424  -13.049  42.005 0.0000000000
86378  63.165  -13.840  42.027 0.0000000000
86397  63.212  -13.321  41.582 0.0000000000
82748  52.096  -15.608  36.524 0.0000000000
81505  52.960  -16.648  38.146 0.0000000000
81488  53.523  -16.654  38.737 0.0000000000
81470  52.429  -16.824  39.772 0.0000000000
81469  53.286  -16.634  39.629 0.0000000000
81452  53.935  -16.562  40.284 0.0000000000
81435  54.637  -16.506  40.867 0.0000000000
82653  55.543  -16.402  42.670 0.0000000000
74907  57.192  -21.384  45.578 0.0000000000
81368  41.466  -17.599  48.241 0.0000000000
80133  41.696  -17.927  47.858 0.0000000000
81357  42.382  -17.326  48.804 0.0000000000
82607  42.873  -16.399  49.927 0.0000000000
82605  44.470  -16.170  50.489 0.0000000000
82595  45.438  -15.612  50.905 0.0000000000
83865  45.736  -15.486  51.217 0.0000000000
72031  38.854  -24.423  58.041 0.0000000000
72030  39.329  -23.950  58.492 0.0000000000
73308  40.075  -23.457  59.043 0.0000000000
73300  40.373  -22.942  60.350 0.0000000000
74689  40.359  -23.117  59.548 0.0000000000
74698  40.687  -22.904  59.140 0.0000000000
74697  41.539  -22.265  58.936 0.0000000000
74696  41.992  -21.998  58.856 0.0000000000
76098  42.795  -21.409  58.475 0.0000000000
92877  59.710  -7.575  27.712 0.0000000000
92876  60.886  -7.819  27.797 0.0000000000
92896  63.549  -7.561  27.779 0.0000000000
92854  64.681  -7.600  29.611 0.0000000000
94048  64.512  -7.888  30.445 0.0000000000
94057  64.678  -7.732  30.220 0.0000000000
95183  65.366  -7.576  31.185 0.0000000000
95168  66.098  -7.326  32.589 0.0000000000
96434  66.498  -4.722  21.360 0.0000000000
94124  68.671  -7.215  24.014 0.0000000000
94096  69.091  -7.477  24.514 0.0000000000
94080  69.247  -7.689  25.485 0.0000000000
94081  68.668  -7.310  25.720 0.0000000000
95222  68.211  -7.204  27.000 0.0000000000
95223  67.900  -7.121  27.394 0.0000000000
62584  34.571  -30.821  63.591 0.0000000000
62558  35.745  -30.513  64.623 0.0000000000
62479  37.884  -30.625  67.472 0.0000000000
62429  35.403  -31.310  69.174 0.0000000000
62428  35.738  -31.234  68.973 0.0000000000
61188  36.411  -31.296  69.045 0.0000000000
61167  36.683  -31.377  69.550 0.0000000000
62546  24.760  -31.178  65.531 0.0000000000
61041  20.912  -32.524  75.288 0.0000000000
59703  20.724  -32.784  75.518 0.0000000000
59684  18.786  -33.161  76.270 0.0000000000
59672  18.489  -33.365  76.852 0.0000000000
89209  61.708  -10.586  31.794 0.0000000000
90420  62.307  -10.195  32.807 0.0000000000
90421  61.518  -10.500  32.885 0.0000000000
90412  61.918  -10.278  33.530 0.0000000000
90404  60.923  -10.521  34.065 0.0000000000
90414  60.157  -11.043  33.444 0.0000000000
89151  61.650  -11.398  35.975 0.0000000000
87862  61.691  -11.727  36.570 0.0000000000
89182  57.333  -11.381  33.201 0.0000000000
89170  58.059  -11.290  34.096 0.0000000000
87874  58.420  -11.775  34.838 0.0000000000
87873  59.471  -11.740  35.051 0.0000000000
86495  61.268  -12.187  36.355 0.0000000000
86472  61.438  -12.194  37.443 0.0000000000
87848  61.348  -12.233  38.277 0.0000000000
86456  60.920  -12.955  39.558 0.0000000000
86465  60.477  -13.489  38.662 0.0000000000
85203  60.632  -13.528  39.665 0.0000000000
86447  60.954  -13.279  40.436 0.0000000000
86437  60.668  -13.745  41.160 0.0000000000
86401  60.574  -14.022  42.476 0.0000000000
85145  60.732  -14.074  43.107 0.0000000000
80183  50.924  -17.898  42.096 0.0000000000
81421  51.423  -17.599  41.853 0.0000000000
76320  53.242  -20.489  43.734 0.0000000000
76302  54.796  -20.893  44.443 0.0000000000
76284  55.233  -21.228  45.103 0.0000000000
74908  56.064  -21.516  45.559 0.0000000000
74885  52.779  -21.091  46.831 0.0000000000
74899  53.061  -21.256  46.387 0.0000000000
74898  53.846  -21.392  46.578 0.0000000000
74897  54.705  -21.666  46.639 0.0000000000
74895  56.813  -21.958  46.351 0.0000000000
77567  41.337  -19.477  50.331 0.0000000000
77551  41.723  -20.024  50.762 0.0000000000
78804  43.055  -19.313  51.783 0.0000000000
73272  42.363  -22.563  64.416 0.0000000000
73277  42.250  -22.412  63.681 0.0000000000
76028  42.998  -20.977  64.764 0.0000000000
91638  59.214  -9.211  29.838 0.0000000000
90446  60.819  -9.989  30.580 0.0000000000
90431  61.510  -10.388  31.133 0.0000000000
59676  12.773  -33.764  76.909 0.0000000000
59664  12.669  -33.559  78.157 0.0000000000
58364  11.814  -33.749  78.300 0.0000000000
59665  12.151  -33.634  78.554 0.0000000000
59642  13.053  -32.538  80.129 0.0000000000
59656  9.687  -33.401  79.204 0.0000000000
60997  11.455  -32.431  81.150 0.0000000000
60983  11.831  -32.021  81.669 0.0000000000
60970  12.411  -31.768  82.302 0.0000000000
81472  50.408  -17.473  39.897 0.0000000000
81456  50.578  -17.599  40.932 0.0000000000
80232  49.487  -17.765  40.135 0.0000000000
80220  49.925  -17.912  40.926 0.0000000000
81441  50.237  -17.886  41.358 0.0000000000
80184  50.220  -18.129  41.962 0.0000000000
78955  50.400  -18.589  42.302 0.0000000000
77694  49.721  -19.404  42.591 0.0000000000
76323  50.555  -20.487  43.958 0.0000000000
76289  50.688  -20.698  45.584 0.0000000000
77648  48.245  -20.232  43.922 0.0000000000
76310  47.326  -20.310  44.746 0.0000000000
77607  50.986  -19.700  48.070 0.0000000000
77603  51.210  -19.232  48.622 0.0000000000
78864  51.308  -18.509  49.060 0.0000000000
78848  51.233  -18.031  49.266 0.0000000000
80096  51.615  -17.590  49.775 0.0000000000
70760  36.047  -25.198  55.742 0.0000000000
70748  37.096  -25.029  56.624 0.0000000000
66674  36.615  -27.878  57.856 0.0000000000
66673  36.770  -27.235  58.152 0.0000000000
66659  37.545  -27.549  59.221 0.0000000000
68136  36.952  -26.882  58.269 0.0000000000
68149  36.816  -26.758  57.606 0.0000000000
69500  37.115  -26.227  57.545 0.0000000000
69499  37.616  -25.874  57.619 0.0000000000
70727  38.740  -24.992  58.579 0.0000000000
70718  39.703  -24.750  59.909 0.0000000000
70708  40.130  -24.621  60.572 0.0000000000
71972  41.857  -23.821  63.440 0.0000000000
62604  36.991  -30.658  62.913 0.0000000000
62556  37.619  -30.590  64.634 0.0000000000
62580  38.221  -30.507  63.621 0.0000000000
62603  37.799  -30.559  62.911 0.0000000000
63832  40.062  -29.778  66.011 0.0000000000
63830  40.781  -28.888  66.632 0.0000000000
63838  40.407  -29.266  65.519 0.0000000000
65122  40.095  -28.391  63.970 0.0000000000
65131  39.761  -28.336  63.019 0.0000000000
66602  40.288  -27.391  63.403 0.0000000000
68064  40.846  -26.454  63.502 0.0000000000
69432  41.260  -25.473  63.587 0.0000000000
70688  41.698  -24.585  63.876 0.0000000000
71960  42.057  -23.937  64.089 0.0000000000
71971  42.102  -23.207  63.953 0.0000000000
59750  32.504  -33.019  72.721 0.0000000000
58400  31.896  -33.007  73.442 0.0000000000
58385  31.150  -33.006  73.304 0.0000000000
61053  30.803  -31.985  72.804 0.0000000000
58387  30.863  -33.009  73.598 0.0000000000
61038  29.914  -32.529  72.948 0.0000000000
62391  28.990  -31.159  70.805 0.0000000000
61078  26.972  -31.901  73.371 0.0000000000
62378  25.018  -31.525  72.499 0.0000000000
61104  24.733  -31.702  73.173 0.0000000000
61105  23.995  -31.728  73.016 0.0000000000
61224  24.646  -31.390  67.141 0.0000000000
61207  24.656  -31.337  67.497 0.0000000000
61210  21.719  -31.464  68.173 0.0000000000
62441  23.381  -31.413  70.255 0.0000000000
61154  22.801  -31.696  71.181 0.0000000000
61130  23.047  -31.726  72.114 0.0000000000
61136  17.089  -32.698  71.035 0.0000000000
61088  17.770  -32.517  73.115 0.0000000000
59725  15.367  -33.234  74.375 0.0000000000
58409  13.116  -33.753  74.203 0.0000000000
58379  12.613  -33.920  75.785 0.0000000000
58381  10.796  -33.857  76.434 0.0000000000
62627  32.130  -30.909  61.421 0.0000000000
62514  33.621  -30.896  66.421 0.0000000000
62456  33.434  -30.923  68.179 0.0000000000
62486  31.241  -31.091  67.245 0.0000000000
62430  33.697  -31.010  68.827 0.0000000000
59723  22.938  -32.583  74.652 0.0000000000
59662  14.839  -32.825  78.258 0.0000000000
59651  15.101  -32.729  78.930 0.0000000000
59650  15.520  -32.732  78.829 0.0000000000
93941  67.441  -8.706  35.237 0.0000000000
90380  67.347  -9.581  36.015 0.0000000000
91613  62.757  -9.866  33.345 0.0000000000
91597  64.026  -9.467  35.405 0.0000000000
90391  63.454  -9.920  36.060 0.0000000000
91587  64.192  -9.461  36.469 0.0000000000
91565  64.759  -9.591  37.734 0.0000000000
90353  65.016  -10.484  38.556 0.0000000000
89120  65.368  -11.233  38.920 0.0000000000
89130  62.593  -11.343  39.028 0.0000000000
90356  63.381  -10.994  39.080 0.0000000000
90340  63.820  -11.053  39.498 0.0000000000
87808  63.649  -12.399  40.998 0.0000000000
89108  64.009  -11.544  40.444 0.0000000000
90320  64.375  -11.222  39.740 0.0000000000
89107  64.617  -11.500  39.854 0.0000000000
87829  64.952  -11.702  39.433 0.0000000000
86446  64.885  -12.127  39.390 0.0000000000
86503  53.971  -13.063  34.638 0.0000000000
85235  56.145  -13.923  35.810 0.0000000000
83999  56.690  -14.667  36.190 0.0000000000
82746  54.265  -15.526  36.456 0.0000000000
81486  55.252  -16.701  38.289 0.0000000000
81502  55.493  -16.477  37.528 0.0000000000
82745  55.263  -15.479  36.425 0.0000000000
82744  56.215  -15.418  36.489 0.0000000000
82743  57.142  -15.370  36.692 0.0000000000
82726  58.265  -15.681  38.026 0.0000000000
83977  59.000  -15.226  38.564 0.0000000000
83970  58.968  -15.209  39.526 0.0000000000
82695  58.194  -15.371  40.858 0.0000000000
83962  58.851  -15.136  40.446 0.0000000000
83950  59.421  -14.673  40.864 0.0000000000
85169  59.807  -14.374  42.351 0.0000000000
85146  59.888  -14.456  43.084 0.0000000000
83902  60.416  -14.821  43.658 0.0000000000
80182  51.982  -17.762  42.202 0.0000000000
80170  53.441  -17.239  42.612 0.0000000000
78929  54.267  -17.475  43.035 0.0000000000
80169  53.952  -17.118  42.896 0.0000000000
80168  54.812  -16.985  43.200 0.0000000000
81406  55.627  -16.580  43.060 0.0000000000
76300  56.996  -20.781  44.662 0.0000000000
76316  57.346  -20.161  43.798 0.0000000000
76298  59.188  -20.041  44.600 0.0000000000
76315  58.422  -19.891  43.902 0.0000000000
77662  57.627  -19.189  43.170 0.0000000000
78926  57.123  -18.110  43.027 0.0000000000
80166  56.856  -17.144  43.393 0.0000000000
81405  56.797  -16.443  43.269 0.0000000000
81393  57.579  -16.107  43.491 0.0000000000
81392  58.236  -16.077  43.735 0.0000000000
81391  59.138  -16.228  43.739 0.0000000000
81401  59.936  -17.189  43.597 0.0000000000
82640  58.831  -15.540  43.725 0.0000000000
82639  59.798  -15.648  43.716 0.0000000000
82638  60.713  -15.812  43.817 0.0000000000
82637  61.357  -15.911  43.619 0.0000000000
77637  44.191  -19.821  45.535 0.0000000000
77622  44.911  -19.608  46.391 0.0000000000
80132  42.454  -18.070  48.212 0.0000000000
78878  44.084  -18.651  48.000 0.0000000000
80119  44.664  -18.073  49.378 0.0000000000
80130  44.147  -18.368  48.870 0.0000000000
78877  45.223  -18.793  47.903 0.0000000000
78887  46.650  -19.408  47.274 0.0000000000
78875  47.435  -18.946  47.814 0.0000000000
78868  48.173  -18.450  48.301 0.0000000000
80100  48.090  -17.665  49.239 0.0000000000
80099  48.951  -17.542  49.178 0.0000000000
80114  49.298  -17.906  48.762 0.0000000000
80098  49.761  -17.545  49.282 0.0000000000
81331  51.206  -17.066  50.147 0.0000000000
73353  38.377  -24.001  55.983 0.0000000000
76178  40.638  -21.603  52.416 0.0000000000
76143  41.573  -21.755  54.364 0.0000000000
76157  41.932  -21.274  53.023 0.0000000000
78803  43.575  -19.001  52.076 0.0000000000
74667  42.367  -21.651  63.340 0.0000000000
76048  42.266  -21.246  62.095 0.0000000000
77396  43.611  -20.036  62.894 0.0000000000
77398  42.650  -20.903  61.845 0.0000000000
76056  42.444  -21.233  61.306 0.0000000000
76063  42.844  -21.107  60.610 0.0000000000
76078  43.062  -21.193  59.662 0.0000000000
76097  43.559  -20.767  58.685 0.0000000000
78667  45.500  -18.913  61.260 0.0000000000
79939  46.174  -18.411  60.511 0.0000000000
78674  45.433  -18.928  60.467 0.0000000000
78691  44.996  -19.283  59.981 0.0000000000
77447  44.468  -19.743  59.483 0.0000000000
77448  44.028  -20.230  58.977 0.0000000000
76108  43.503  -20.806  57.874 0.0000000000
77462  43.663  -20.423  57.166 0.0000000000
77474  43.468  -20.449  56.347 0.0000000000
77485  43.884  -19.783  55.459 0.0000000000
78739  44.605  -19.059  56.326 0.0000000000
78760  44.398  -19.042  55.620 0.0000000000
77539  43.674  -19.234  52.534 0.0000000000
78810  43.729  -18.317  51.988 0.0000000000
80050  44.032  -17.662  52.470 0.0000000000
81273  44.285  -16.796  52.483 0.0000000000
82555  44.166  -16.231  52.162 0.0000000000
82537  45.137  -16.141  53.088 0.0000000000
82576  44.418  -15.746  52.204 0.0000000000
83852  45.528  -15.253  51.856 0.0000000000
83851  46.231  -15.351  51.678 0.0000000000
82499  47.876  -15.754  56.194 0.0000000000
83770  47.625  -15.123  54.942 0.0000000000
83783  47.391  -15.085  54.384 0.0000000000
86253  48.742  -13.713  54.973 0.0000000000
85022  48.446  -14.169  54.886 0.0000000000
85070  47.241  -14.807  53.079 0.0000000000
83827  47.377  -15.055  52.465 0.0000000000
83850  46.994  -15.413  51.833 0.0000000000
82574  47.486  -15.736  51.629 0.0000000000
82573  48.522  -15.842  51.653 0.0000000000
82572  49.595  -15.930  51.630 0.0000000000
82550  50.180  -15.467  52.173 0.0000000000
82571  50.725  -16.044  51.468 0.0000000000
96437  64.555  -5.489  22.706 0.0000000000
94167  65.066  -6.630  23.276 0.0000000000
94127  65.848  -7.340  25.130 0.0000000000
94082  67.293  -7.359  26.475 0.0000000000
95224  67.647  -7.104  27.753 0.0000000000
92915  65.118  -7.452  27.639 0.0000000000
94054  66.175  -7.167  29.350 0.0000000000
94062  66.318  -7.051  28.784 0.0000000000
94073  66.526  -7.123  27.980 0.0000000000
95225  67.198  -7.073  27.908 0.0000000000
95215  67.685  -6.976  28.664 0.0000000000
95206  67.820  -7.101  29.168 0.0000000000
92846  67.998  -7.954  30.505 0.0000000000
92840  67.808  -8.019  31.553 0.0000000000
91618  67.745  -8.728  31.890 0.0000000000
58357  11.733  -33.707  78.763 0.0000000000
58386  30.918  -32.870  73.431 0.0000000000
58398  32.965  -33.203  73.875 0.0000000000
58403  30.690  -32.995  73.199 0.0000000000
58414  33.100  -33.080  73.676 0.0000000000
58428  32.456  -33.210  72.366 0.0000000000
59637  11.068  -32.582  81.011 0.0000000000
59694  31.146  -32.830  73.116 0.0000000000
59695  30.894  -32.766  73.171 0.0000000000
59696  30.441  -32.837  73.023 0.0000000000
59711  32.707  -33.233  73.896 0.0000000000
59712  32.232  -33.149  73.762 0.0000000000
59713  31.906  -33.030  73.679 0.0000000000
59714  31.590  -32.958  73.095 0.0000000000
59715  30.276  -33.137  72.960 0.0000000000
59732  33.113  -32.988  74.020 0.0000000000
59734  32.760  -32.979  72.934 0.0000000000
60969  13.306  -31.795  82.187 0.0000000000
60992  15.240  -32.574  80.078 0.0000000000
61035  31.267  -32.630  72.946 0.0000000000
61036  30.990  -31.895  73.191 0.0000000000
61037  30.561  -32.415  72.902 0.0000000000
61049  32.640  -33.029  74.007 0.0000000000
61051  31.995  -32.952  73.181 0.0000000000
61071  32.786  -33.058  73.635 0.0000000000
61072  32.428  -32.971  72.880 0.0000000000
61189  36.044  -31.258  69.023 0.0000000000
61208  24.383  -31.386  67.327 0.0000000000
61223  24.917  -31.344  67.312 0.0000000000
62507  40.075  -29.839  66.592 0.0000000000
63823  40.633  -28.797  67.420 0.0000000000
63831  40.456  -29.416  66.292 0.0000000000
63837  40.665  -28.922  66.004 0.0000000000
63931  32.830  -30.537  58.030 0.0000000000
65096  40.919  -28.229  66.007 0.0000000000
68148  37.149  -26.437  57.967 0.0000000000
68160  35.957  -26.928  56.259 0.0000000000
70676  42.233  -24.248  65.103 0.0000000000
70726  39.202  -24.897  59.215 0.0000000000
71948  42.419  -23.686  65.415 0.0000000000
72001  41.367  -23.197  61.612 0.0000000000
72046  37.651  -24.663  56.518 0.0000000000
73307  40.378  -23.258  58.903 0.0000000000
73336  40.850  -23.211  56.728 0.0000000000
74660  42.597  -21.138  64.140 0.0000000000
74681  40.597  -22.650  60.480 0.0000000000
74688  40.524  -22.712  59.987 0.0000000000
74699  40.328  -23.237  59.276 0.0000000000
74731  40.681  -23.249  57.803 0.0000000000
74741  42.226  -21.741  56.589 0.0000000000
74775  40.729  -22.438  54.439 0.0000000000
74868  54.472  -21.205  48.195 0.0000000000
74916  56.963  -21.080  45.128 0.0000000000
76035  42.703  -21.004  64.230 0.0000000000
76042  42.393  -21.270  62.820 0.0000000000
76049  41.807  -21.720  61.401 0.0000000000
76066  40.962  -22.384  59.996 0.0000000000
76099  42.229  -21.806  58.761 0.0000000000
76197  41.233  -20.487  51.037 0.0000000000
76230  52.115  -19.632  48.965 0.0000000000
76250  51.277  -19.801  48.194 0.0000000000
76283  57.211  -21.050  45.137 0.0000000000
77389  43.507  -20.000  63.564 0.0000000000
77397  42.988  -20.527  62.343 0.0000000000
77407  43.029  -20.637  61.523 0.0000000000
77408  42.684  -20.932  61.599 0.0000000000
77415  44.306  -19.703  61.320 0.0000000000
77417  43.218  -20.671  60.770 0.0000000000
77432  43.711  -20.416  60.003 0.0000000000
77522  42.525  -20.736  52.917 0.0000000000
77540  43.350  -19.680  52.416 0.0000000000
77566  53.524  -18.675  50.250 0.0000000000
77605  49.594  -18.798  48.099 0.0000000000
77611  47.542  -19.413  47.266 0.0000000000
77647  59.327  -19.620  44.219 0.0000000000
77660  59.614  -18.886  43.912 0.0000000000
77686  57.080  -18.703  42.930 0.0000000000
78637  43.793  -19.674  63.786 0.0000000000
78669  44.341  -19.492  62.281 0.0000000000
78690  45.644  -18.752  59.695 0.0000000000
78737  45.602  -18.512  57.134 0.0000000000
78758  45.620  -18.394  56.264 0.0000000000
78802  43.881  -18.680  52.660 0.0000000000
78930  54.002  -17.455  43.072 0.0000000000
78948  56.807  -18.540  42.912 0.0000000000
80077  42.078  -17.287  50.343 0.0000000000
80137  42.031  -18.203  47.475 0.0000000000
80155  60.347  -18.080  43.902 0.0000000000
80180  53.545  -17.401  42.767 0.0000000000
80197  50.528  -17.876  41.810 0.0000000000
80200  48.193  -18.244  40.949 0.0000000000
80219  50.218  -17.725  40.851 0.0000000000
81209  47.392  -17.129  58.359 0.0000000000
81244  46.821  -16.851  55.586 0.0000000000
81245  46.422  -17.034  55.165 0.0000000000
81254  46.752  -16.510  54.907 0.0000000000
81263  45.857  -16.628  53.947 0.0000000000
81284  50.497  -16.285  51.072 0.0000000000
81394  57.278  -16.123  43.329 0.0000000000
81404  57.615  -16.567  43.511 0.0000000000
81407  54.510  -16.700  42.704 0.0000000000
81408  53.603  -16.715  42.421 0.0000000000
81409  52.934  -17.182  42.250 0.0000000000
81422  50.858  -17.732  41.837 0.0000000000
81437  53.302  -16.688  41.184 0.0000000000
81450  55.699  -16.384  39.743 0.0000000000
81457  50.375  -17.768  41.214 0.0000000000
81468  54.154  -16.579  39.388 0.0000000000
82553  47.454  -15.335  52.024 0.0000000000
82554  44.597  -16.158  52.606 0.0000000000
82594  45.976  -15.637  51.012 0.0000000000
82642  57.533  -15.857  43.382 0.0000000000
82669  54.027  -16.663  42.003 0.0000000000
82670  53.412  -16.819  41.838 0.0000000000
82684  58.182  -15.294  41.180 0.0000000000
82685  57.853  -15.394  41.316 0.0000000000
82699  53.065  -16.721  41.217 0.0000000000
82700  52.792  -16.826  41.052 0.0000000000
82716  56.527  -16.382  38.562 0.0000000000
82728  56.604  -15.915  37.053 0.0000000000
82729  55.799  -15.985  36.961 0.0000000000
82730  54.892  -16.063  36.991 0.0000000000
83769  48.091  -14.978  55.647 0.0000000000
83802  47.823  -14.611  54.264 0.0000000000
83805  45.420  -15.714  53.124 0.0000000000
83830  45.049  -15.573  52.684 0.0000000000
83853  44.722  -15.403  51.870 0.0000000000
83854  44.264  -15.638  51.419 0.0000000000
83866  45.424  -15.440  51.300 0.0000000000
83905  57.717  -15.543  43.263 0.0000000000
83913  62.356  -15.114  42.707 0.0000000000
83914  60.261  -14.505  43.372 0.0000000000
83915  60.014  -14.673  43.463 0.0000000000
83917  57.763  -15.283  42.913 0.0000000000
83918  57.110  -15.750  42.964 0.0000000000
83919  56.647  -16.024  42.784 0.0000000000
83934  57.093  -15.586  42.495 0.0000000000
83935  56.794  -15.858  42.688 0.0000000000
83951  58.501  -15.128  41.315 0.0000000000
83985  59.737  -14.491  37.655 0.0000000000
85011  48.564  -14.114  55.510 0.0000000000
85124  62.929  -14.008  42.167 0.0000000000
85129  59.536  -14.673  43.375 0.0000000000
85130  59.286  -14.694  43.323 0.0000000000
85141  62.903  -14.170  42.019 0.0000000000
85142  62.588  -14.686  42.449 0.0000000000
85143  61.805  -14.121  43.084 0.0000000000
85144  61.497  -13.916  42.993 0.0000000000
85168  60.995  -13.750  42.374 0.0000000000
85185  59.082  -14.687  41.610 0.0000000000
85195  60.753  -13.423  39.996 0.0000000000
85202  63.703  -13.556  38.912 0.0000000000
85252  57.635  -12.996  35.658 0.0000000000
86239  48.681  -13.833  55.218 0.0000000000
86379  62.679  -13.521  42.161 0.0000000000
86381  61.976  -13.244  42.254 0.0000000000
86398  63.085  -13.216  41.824 0.0000000000
86400  61.810  -13.450  42.359 0.0000000000
86422  61.610  -13.351  41.951 0.0000000000
86423  61.125  -13.626  41.864 0.0000000000
86424  60.533  -13.975  41.851 0.0000000000
86433  64.500  -12.466  40.091 0.0000000000
86436  61.244  -13.306  41.149 0.0000000000
86445  65.079  -11.981  39.271 0.0000000000
86457  60.632  -13.322  39.158 0.0000000000
86461  66.112  -11.355  37.935 0.0000000000
86482  61.434  -12.241  37.035 0.0000000000
86483  60.907  -12.685  36.606 0.0000000000
86518  55.398  -12.357  34.402 0.0000000000
87777  62.183  -12.852  42.141 0.0000000000
87778  61.976  -13.011  41.996 0.0000000000
87794  62.419  -12.741  41.631 0.0000000000
87809  63.242  -12.350  41.211 0.0000000000
87810  62.444  -12.549  41.348 0.0000000000
87811  62.101  -12.690  41.414 0.0000000000
87818  64.704  -12.084  40.061 0.0000000000
87828  65.234  -11.745  38.952 0.0000000000
87830  62.546  -11.690  40.009 0.0000000000
87837  66.087  -11.135  38.227 0.0000000000
87846  65.958  -11.338  38.203 0.0000000000
87853  62.055  -11.495  37.330 0.0000000000
87855  61.409  -12.191  37.865 0.0000000000
87889  57.913  -11.544  34.557 0.0000000000
87911  58.629  -11.301  32.073 0.0000000000
87912  58.394  -11.325  31.991 0.0000000000
87917  58.599  -11.241  31.858 0.0000000000
87918  58.339  -11.211  31.743 0.0000000000
89075  62.708  -12.454  41.317 0.0000000000
89076  62.554  -12.485  41.277 0.0000000000
89093  63.013  -12.060  41.068 0.0000000000
89095  62.202  -12.411  40.932 0.0000000000
89111  62.419  -12.143  40.703 0.0000000000
89121  64.914  -11.339  39.384 0.0000000000
89122  63.446  -11.282  39.824 0.0000000000
89129  65.814  -11.029  38.511 0.0000000000
89136  62.592  -11.094  38.124 0.0000000000
89137  62.158  -11.506  38.389 0.0000000000
89141  66.905  -10.103  36.498 0.0000000000
89172  56.421  -11.612  33.849 0.0000000000
89193  61.911  -10.510  32.280 0.0000000000
89194  61.285  -10.743  32.275 0.0000000000
89195  60.583  -11.046  32.189 0.0000000000
89208  62.038  -10.487  31.933 0.0000000000
90319  64.618  -11.239  39.623 0.0000000000
90321  63.949  -11.189  39.895 0.0000000000
90337  65.346  -10.934  38.877 0.0000000000
90339  64.363  -10.923  39.278 0.0000000000
90341  63.531  -11.127  39.475 0.0000000000
90351  66.044  -10.580  38.125 0.0000000000
90362  66.188  -10.228  37.779 0.0000000000
90364  63.803  -10.522  38.472 0.0000000000
90371  66.966  -9.696  36.416 0.0000000000
90372  66.693  -9.818  37.022 0.0000000000
90405  60.380  -10.875  33.808 0.0000000000
90432  61.011  -10.497  30.981 0.0000000000
91546  64.946  -9.899  38.097 0.0000000000
91548  64.034  -10.425  38.346 0.0000000000
91576  66.343  -8.946  37.223 0.0000000000
91577  65.668  -8.748  36.992 0.0000000000
91607  62.227  -10.146  33.863 0.0000000000
91614  62.410  -10.081  33.673 0.0000000000
91632  68.698  -9.090  29.473 0.0000000000
91633  68.262  -8.681  30.036 0.0000000000
91665  69.120  -8.788  28.089 0.0000000000
91666  69.046  -8.562  28.652 0.0000000000
92754  66.328  -8.773  37.203 0.0000000000
92755  66.107  -8.754  37.208 0.0000000000
92776  67.146  -9.104  36.140 0.0000000000
92777  66.753  -8.942  36.369 0.0000000000
92779  65.969  -8.511  36.856 0.0000000000
92797  67.212  -8.937  35.758 0.0000000000
92800  65.983  -8.372  35.905 0.0000000000
92801  65.596  -8.632  35.956 0.0000000000
92811  67.705  -8.709  35.173 0.0000000000
92828  67.816  -7.837  33.508 0.0000000000
92841  64.624  -7.982  32.187 0.0000000000
93942  67.052  -8.703  35.202 0.0000000000
93944  66.092  -8.411  35.279 0.0000000000
93963  66.436  -8.082  34.467 0.0000000000
93981  66.991  -7.414  34.084 0.0000000000
93982  66.483  -7.469  34.135 0.0000000000
93983  66.181  -7.699  34.310 0.0000000000
93984  65.854  -7.994  33.904 0.0000000000
94017  67.722  -7.620  32.213 0.0000000000
94018  67.447  -7.246  31.960 0.0000000000
94035  65.527  -7.475  32.268 0.0000000000
94046  67.943  -7.385  29.900 0.0000000000
94047  64.973  -7.730  30.729 0.0000000000
94056  65.064  -7.543  29.927 0.0000000000
94063  65.561  -7.354  28.962 0.0000000000
94072  68.624  -7.342  26.666 0.0000000000
94166  66.653  -6.768  23.056 0.0000000000
94168  64.813  -6.716  23.463 0.0000000000
95151  67.342  -7.086  33.394 0.0000000000
95153  66.567  -7.220  33.809 0.0000000000
95157  67.334  -7.022  32.511 0.0000000000
95159  66.523  -7.185  33.274 0.0000000000
95165  67.207  -6.954  31.532 0.0000000000
95178  67.699  -7.047  30.371 0.0000000000
95210  65.823  -7.402  30.158 0.0000000000
95216  67.402  -6.780  28.580 0.0000000000
96350  67.204  -6.412  30.418 0.0000000000
96351  66.983  -6.176  30.703 0.0000000000
96352  66.885  -6.333  30.522 0.0000000000
96360  67.433  -6.444  30.016 0.0000000000
96361  67.152  -6.139  30.057 0.0000000000
96370  67.653  -6.607  29.560 0.0000000000
96371  67.158  -6.159  29.504 0.0000000000
96377  67.801  -6.802  29.202 0.0000000000
96379  67.017  -6.435  28.947 0.0000000000
