#!ascii label  , from subject 3468 vox2ras=TkReg
1145
48353  -8.646  -36.864  73.378 0.0000000000
60979  -36.068  -26.748  66.195 0.0000000000
69688  -31.135  -20.143  63.261 0.0000000000
62298  -26.875  -25.171  68.923 0.0000000000
83316  -37.305  -10.023  53.998 0.0000000000
77199  -31.588  -13.348  56.977 0.0000000000
62287  -34.770  -26.189  70.775 0.0000000000
58311  -30.323  -29.440  67.583 0.0000000000
85594  -42.032  -6.865  57.465 0.0000000000
85666  -46.824  -7.100  53.605 0.0000000000
90262  -50.414  -3.615  52.086 0.0000000000
78432  -29.866  -13.105  64.735 0.0000000000
74572  -28.687  -16.155  60.108 0.0000000000
78467  -34.473  -11.833  62.320 0.0000000000
75771  -37.034  -14.734  59.619 0.0000000000
63682  -18.291  -24.262  66.396 0.0000000000
47052  -4.646  -36.265  76.524 0.0000000000
68458  -35.234  -22.318  65.566 0.0000000000
75662  -32.996  -15.851  67.121 0.0000000000
64954  -22.569  -23.654  64.344 0.0000000000
62372  -27.656  -26.077  63.147 0.0000000000
91390  -50.147  -2.336  47.150 0.0000000000
95806  -48.995  1.273  53.367 0.0000000000
75878  -35.640  -15.528  54.389 0.0000000000
79783  -41.006  -12.510  57.679 0.0000000000
50997  -10.934  -35.016  70.023 0.0000000000
42213  -2.792  -41.231  72.572 0.0000000000
85624  -44.915  -6.955  55.516 0.0000000000
79706  -31.645  -12.175  62.972 0.0000000000
59584  -16.290  -27.036  65.277 0.0000000000
48325  -6.605  -36.763  75.270 0.0000000000
63719  -36.272  -24.992  64.060 0.0000000000
63690  -36.521  -24.497  66.092 0.0000000000
64901  -24.988  -23.831  66.279 0.0000000000
64957  -25.306  -23.807  63.465 0.0000000000
62336  -27.623  -25.072  65.782 0.0000000000
59595  -33.053  -29.019  66.581 0.0000000000
58381  -30.878  -29.155  63.969 0.0000000000
59635  -33.119  -28.352  63.942 0.0000000000
63627  -25.042  -24.039  69.541 0.0000000000
63668  -22.372  -23.564  67.792 0.0000000000
88000  -44.086  -5.591  49.419 0.0000000000
89179  -47.484  -4.261  46.679 0.0000000000
92491  -49.669  -1.499  52.519 0.0000000000
75768  -29.180  -13.815  58.291 0.0000000000
77245  -33.048  -14.506  55.681 0.0000000000
75797  -39.022  -15.565  58.481 0.0000000000
58263  -13.151  -28.393  68.418 0.0000000000
57084  -13.110  -30.150  70.272 0.0000000000
54660  -12.370  -32.060  72.053 0.0000000000
52296  -11.661  -33.824  68.645 0.0000000000
42228  -4.304  -41.847  72.344 0.0000000000
60943  -35.545  -26.950  68.419 0.0000000000
64884  -36.368  -24.171  68.305 0.0000000000
67205  -35.901  -22.481  70.491 0.0000000000
60928  -28.220  -27.024  70.107 0.0000000000
59573  -28.087  -27.532  67.171 0.0000000000
58270  -29.828  -28.684  69.808 0.0000000000
58296  -32.707  -28.757  69.196 0.0000000000
84535  -39.957  -8.620  55.445 0.0000000000
85661  -41.502  -7.126  54.133 0.0000000000
85688  -44.099  -6.655  53.045 0.0000000000
86854  -46.031  -5.906  50.658 0.0000000000
89137  -47.992  -4.857  49.742 0.0000000000
87982  -48.693  -5.771  52.019 0.0000000000
74551  -30.510  -16.624  63.618 0.0000000000
72231  -29.046  -18.158  62.211 0.0000000000
75720  -29.030  -14.622  62.459 0.0000000000
78521  -29.876  -12.419  60.037 0.0000000000
77158  -33.126  -12.134  58.614 0.0000000000
77182  -34.639  -13.505  58.112 0.0000000000
77117  -36.024  -12.463  60.477 0.0000000000
63641  -16.646  -24.423  68.385 0.0000000000
59565  -14.803  -27.459  66.746 0.0000000000
96972  -46.023  2.805  49.628 0.0000000000
48293  -2.412  -36.224  75.772 0.0000000000
67303  -35.336  -22.850  62.745 0.0000000000
69680  -33.036  -20.978  64.163 0.0000000000
68434  -34.776  -21.508  67.665 0.0000000000
70912  -33.065  -19.391  66.776 0.0000000000
73333  -32.213  -17.486  65.539 0.0000000000
77014  -31.094  -13.794  66.578 0.0000000000
60976  -28.326  -27.743  64.998 0.0000000000
63645  -20.996  -23.756  68.718 0.0000000000
63701  -20.321  -24.260  65.310 0.0000000000
90279  -50.126  -3.276  49.733 0.0000000000
92507  -49.346  -2.039  49.810 0.0000000000
94703  -47.348  0.457  51.687 0.0000000000
98182  -48.363  3.426  52.082 0.0000000000
48390  -7.527  -37.164  70.070 0.0000000000
45897  -6.333  -38.738  71.507 0.0000000000
79824  -36.970  -12.432  53.686 0.0000000000
75834  -36.076  -15.841  56.742 0.0000000000
77270  -38.121  -14.582  55.224 0.0000000000
80999  -39.500  -11.636  55.513 0.0000000000
83282  -40.772  -9.542  57.672 0.0000000000
49660  -9.629  -35.681  72.155 0.0000000000
45848  -4.575  -38.360  73.429 0.0000000000
44629  -3.236  -38.733  73.871 0.0000000000
45831  -1.852  -37.966  73.915 0.0000000000
48340  -8.025  -37.383  74.059 0.0000000000
62349  -35.694  -26.769  64.614 0.0000000000
62350  -36.233  -26.089  65.027 0.0000000000
63689  -36.547  -25.232  66.196 0.0000000000
63671  -25.370  -23.998  67.242 0.0000000000
63687  -25.846  -23.956  66.228 0.0000000000
62326  -27.410  -25.004  66.759 0.0000000000
59597  -34.822  -28.051  66.295 0.0000000000
59615  -32.911  -28.996  65.416 0.0000000000
59617  -34.882  -27.801  65.321 0.0000000000
60993  -34.620  -27.493  63.871 0.0000000000
62284  -26.438  -25.219  70.328 0.0000000000
62283  -25.699  -24.738  70.674 0.0000000000
63628  -25.982  -24.512  69.285 0.0000000000
63670  -24.330  -23.862  67.679 0.0000000000
89178  -46.931  -4.593  47.200 0.0000000000
69699  -31.670  -21.012  62.452 0.0000000000
69698  -30.305  -20.549  61.986 0.0000000000
77198  -30.345  -13.700  56.669 0.0000000000
75831  -29.660  -14.596  55.919 0.0000000000
77221  -32.382  -13.858  56.305 0.0000000000
55935  -13.792  -31.012  67.607 0.0000000000
57085  -12.830  -29.522  69.748 0.0000000000
55905  -13.361  -31.005  69.009 0.0000000000
53513  -12.596  -32.389  69.386 0.0000000000
53548  -12.746  -32.544  67.834 0.0000000000
62300  -35.101  -26.492  69.724 0.0000000000
63629  -36.005  -25.233  69.666 0.0000000000
63609  -35.436  -25.128  70.705 0.0000000000
59491  -29.617  -26.566  71.291 0.0000000000
59533  -28.971  -27.626  69.827 0.0000000000
59512  -30.193  -26.770  70.756 0.0000000000
60915  -33.580  -27.276  70.880 0.0000000000
58253  -32.125  -28.646  70.317 0.0000000000
59537  -33.734  -27.559  69.971 0.0000000000
59557  -34.327  -27.832  68.854 0.0000000000
84529  -40.554  -7.918  56.374 0.0000000000
85637  -40.602  -7.538  54.868 0.0000000000
85621  -41.757  -7.024  55.561 0.0000000000
85643  -46.488  -7.126  54.596 0.0000000000
85664  -44.722  -7.034  53.760 0.0000000000
85689  -45.051  -6.900  52.866 0.0000000000
86835  -45.578  -6.247  51.279 0.0000000000
86819  -46.600  -6.736  52.174 0.0000000000
86856  -47.422  -5.904  50.934 0.0000000000
86821  -48.115  -6.262  52.667 0.0000000000
77081  -30.103  -14.749  64.055 0.0000000000
75721  -29.454  -15.170  63.030 0.0000000000
78447  -29.486  -13.391  63.401 0.0000000000
78466  -33.327  -12.021  62.722 0.0000000000
79722  -30.763  -12.177  62.262 0.0000000000
78500  -32.429  -11.657  60.625 0.0000000000
77130  -31.883  -11.765  59.920 0.0000000000
78501  -33.676  -11.637  60.347 0.0000000000
78502  -34.495  -11.821  60.064 0.0000000000
78485  -34.784  -11.871  60.929 0.0000000000
63643  -18.872  -23.972  68.655 0.0000000000
64870  -17.449  -24.135  69.437 0.0000000000
63663  -17.100  -24.336  67.766 0.0000000000
60959  -15.164  -26.716  66.025 0.0000000000
99412  -47.124  4.342  50.038 0.0000000000
100668  -46.704  5.372  48.632 0.0000000000
47050  -3.354  -36.244  76.317 0.0000000000
66112  -36.114  -23.399  64.317 0.0000000000
66129  -35.878  -23.254  63.474 0.0000000000
67273  -35.154  -22.389  63.892 0.0000000000
68478  -34.648  -21.981  63.481 0.0000000000
69670  -34.130  -21.371  65.127 0.0000000000
68425  -35.221  -21.986  69.107 0.0000000000
67214  -36.016  -22.583  68.282 0.0000000000
69628  -34.697  -21.371  68.943 0.0000000000
75651  -33.139  -16.389  68.625 0.0000000000
72170  -33.272  -19.012  68.006 0.0000000000
73306  -33.181  -17.498  67.086 0.0000000000
72200  -32.575  -18.600  66.075 0.0000000000
74530  -32.647  -16.714  66.155 0.0000000000
75691  -31.821  -16.005  64.937 0.0000000000
75661  -32.355  -15.213  66.727 0.0000000000
63732  -26.999  -25.097  62.766 0.0000000000
58309  -28.930  -28.640  66.894 0.0000000000
59611  -28.136  -27.544  66.068 0.0000000000
59594  -28.813  -28.435  65.939 0.0000000000
59654  -30.070  -28.957  63.343 0.0000000000
63624  -21.688  -23.478  69.733 0.0000000000
64915  -22.602  -23.693  66.405 0.0000000000
63685  -21.583  -23.531  67.003 0.0000000000
64952  -21.042  -24.161  64.976 0.0000000000
63716  -20.301  -24.611  64.304 0.0000000000
89125  -49.770  -4.296  50.482 0.0000000000
89150  -49.213  -4.026  48.841 0.0000000000
89139  -49.889  -3.909  49.993 0.0000000000
93629  -49.140  -0.980  52.741 0.0000000000
92498  -49.337  -1.823  51.621 0.0000000000
94706  -48.488  -0.219  52.797 0.0000000000
93638  -48.479  -1.425  51.047 0.0000000000
94705  -48.150  -0.024  52.533 0.0000000000
95820  -47.831  1.340  52.043 0.0000000000
95805  -48.806  1.669  52.993 0.0000000000
73412  -28.602  -17.338  60.803 0.0000000000
70976  -28.682  -19.547  60.588 0.0000000000
78598  -36.016  -13.109  52.649 0.0000000000
77288  -36.268  -14.246  53.520 0.0000000000
75793  -35.902  -14.261  58.518 0.0000000000
75813  -35.485  -14.996  57.682 0.0000000000
75794  -36.376  -15.049  58.620 0.0000000000
77203  -40.106  -14.127  57.387 0.0000000000
75837  -38.754  -15.030  56.668 0.0000000000
78584  -39.244  -13.829  56.021 0.0000000000
79805  -38.953  -12.747  55.170 0.0000000000
79797  -40.022  -12.638  56.323 0.0000000000
82139  -40.141  -10.757  56.308 0.0000000000
80980  -40.804  -11.742  57.381 0.0000000000
52260  -12.024  -33.700  71.052 0.0000000000
52245  -11.310  -34.275  72.081 0.0000000000
50949  -10.804  -34.679  73.018 0.0000000000
50985  -10.478  -35.183  70.788 0.0000000000
49685  -9.396  -35.807  70.141 0.0000000000
50995  -9.583  -35.477  69.051 0.0000000000
44660  -5.774  -40.018  71.729 0.0000000000
45863  -5.774  -38.723  72.778 0.0000000000
44659  -5.243  -40.489  72.087 0.0000000000
42214  -3.323  -41.035  72.794 0.0000000000
43410  -3.848  -40.252  73.048 0.0000000000
43408  -3.066  -40.250  72.858 0.0000000000
45833  -2.538  -38.099  74.103 0.0000000000
44639  -2.298  -39.400  73.122 0.0000000000
58216  -31.276  -27.077  71.812 0.0000000000
85595  -43.606  -6.402  57.697 0.0000000000
85609  -43.088  -6.570  56.449 0.0000000000
85596  -45.046  -6.394  57.306 0.0000000000
79672  -30.451  -12.196  64.456 0.0000000000
63699  -18.714  -24.741  65.564 0.0000000000
62334  -16.813  -25.522  65.718 0.0000000000
48286  -6.149  -35.293  77.131 0.0000000000
47066  -5.534  -36.704  75.766 0.0000000000
62362  -35.937  -25.797  63.401 0.0000000000
64937  -36.382  -24.170  65.395 0.0000000000
66080  -36.173  -23.339  66.057 0.0000000000
78367  -31.717  -13.929  68.767 0.0000000000
64934  -23.448  -23.738  65.075 0.0000000000
64955  -23.469  -23.547  64.074 0.0000000000
64936  -25.193  -23.896  64.523 0.0000000000
63717  -26.166  -24.111  64.200 0.0000000000
62371  -27.372  -25.404  63.742 0.0000000000
58330  -31.910  -29.384  67.053 0.0000000000
58344  -30.236  -29.302  65.314 0.0000000000
58365  -31.668  -29.321  65.124 0.0000000000
59634  -32.019  -29.070  64.279 0.0000000000
59658  -33.892  -27.640  62.810 0.0000000000
63626  -23.956  -23.811  69.741 0.0000000000
63625  -22.837  -23.473  69.772 0.0000000000
63648  -24.170  -23.915  68.682 0.0000000000
64899  -23.510  -23.596  67.019 0.0000000000
86851  -42.829  -5.971  50.379 0.0000000000
90310  -49.293  -3.061  46.563 0.0000000000
91348  -50.630  -2.867  52.938 0.0000000000
91356  -50.369  -2.752  52.004 0.0000000000
75767  -28.810  -14.732  59.291 0.0000000000
75876  -33.503  -15.227  54.074 0.0000000000
75877  -34.500  -15.413  54.247 0.0000000000
75750  -38.765  -15.098  60.577 0.0000000000
75796  -38.251  -15.822  58.803 0.0000000000
75774  -39.841  -15.339  59.283 0.0000000000
60912  -13.289  -26.523  69.110 0.0000000000
59504  -12.654  -27.697  69.785 0.0000000000
57058  -13.332  -30.012  72.098 0.0000000000
54661  -12.732  -31.497  71.460 0.0000000000
53512  -12.317  -33.000  70.037 0.0000000000
52295  -11.217  -34.406  69.369 0.0000000000
52309  -10.186  -34.951  68.004 0.0000000000
52323  -10.771  -34.319  67.065 0.0000000000
60953  -35.883  -26.882  67.883 0.0000000000
63673  -36.466  -25.317  67.260 0.0000000000
63651  -36.292  -25.181  68.416 0.0000000000
64871  -36.206  -24.272  69.246 0.0000000000
62299  -27.479  -26.017  69.571 0.0000000000
62313  -27.601  -25.927  68.349 0.0000000000
60940  -27.972  -26.791  68.813 0.0000000000
59554  -28.760  -28.113  68.673 0.0000000000
58292  -29.467  -29.016  68.536 0.0000000000
58251  -30.884  -28.700  70.796 0.0000000000
58271  -30.616  -29.121  69.967 0.0000000000
58312  -31.200  -29.533  67.861 0.0000000000
58314  -32.747  -29.061  68.295 0.0000000000
59576  -34.145  -28.359  67.535 0.0000000000
62285  -27.355  -26.157  70.869 0.0000000000
83318  -38.949  -9.826  54.846 0.0000000000
84559  -37.901  -8.172  53.826 0.0000000000
84561  -39.287  -8.011  54.406 0.0000000000
85660  -40.508  -7.235  54.006 0.0000000000
85686  -41.939  -6.671  53.176 0.0000000000
85640  -43.254  -7.072  54.688 0.0000000000
85687  -43.018  -6.557  52.994 0.0000000000
86818  -42.929  -6.160  52.137 0.0000000000
86833  -43.499  -5.916  51.504 0.0000000000
86853  -45.067  -5.641  50.581 0.0000000000
89134  -45.763  -4.938  48.920 0.0000000000
89147  -46.379  -4.699  48.610 0.0000000000
88018  -47.092  -5.235  49.849 0.0000000000
88005  -48.183  -5.300  50.579 0.0000000000
89113  -49.666  -5.015  51.785 0.0000000000
86801  -49.081  -6.192  53.591 0.0000000000
90254  -50.583  -3.753  53.098 0.0000000000
72218  -30.723  -18.465  63.783 0.0000000000
72232  -29.600  -18.623  62.754 0.0000000000
74557  -29.584  -16.514  62.756 0.0000000000
74565  -29.145  -16.355  62.235 0.0000000000
75747  -28.701  -15.040  60.631 0.0000000000
79704  -30.155  -12.379  62.712 0.0000000000
78497  -29.129  -13.236  61.531 0.0000000000
77155  -28.651  -13.861  60.006 0.0000000000
77156  -29.515  -12.900  59.195 0.0000000000
77179  -30.463  -13.066  57.849 0.0000000000
77180  -32.198  -12.723  57.866 0.0000000000
77200  -32.888  -13.456  57.201 0.0000000000
77181  -33.647  -12.891  57.833 0.0000000000
77160  -35.523  -13.454  58.917 0.0000000000
77135  -36.939  -13.859  60.135 0.0000000000
77105  -37.988  -12.783  62.034 0.0000000000
75735  -38.332  -13.886  60.860 0.0000000000
63618  -15.499  -24.790  69.033 0.0000000000
62324  -16.225  -25.016  66.974 0.0000000000
62323  -15.078  -25.584  66.924 0.0000000000
60927  -14.302  -25.942  67.727 0.0000000000
59546  -14.378  -27.704  67.687 0.0000000000
68489  -33.159  -21.447  62.949 0.0000000000
69679  -31.964  -20.093  64.318 0.0000000000
64902  -36.418  -23.966  67.046 0.0000000000
67222  -35.956  -22.585  67.156 0.0000000000
68448  -35.261  -22.143  66.677 0.0000000000
70914  -33.553  -20.399  67.500 0.0000000000
69661  -34.078  -21.223  65.677 0.0000000000
69659  -32.981  -20.066  65.866 0.0000000000
70931  -32.138  -19.355  65.053 0.0000000000
72206  -31.311  -18.253  64.433 0.0000000000
74541  -31.265  -16.538  64.388 0.0000000000
75690  -31.097  -15.277  64.900 0.0000000000
78417  -30.212  -13.305  65.756 0.0000000000
78386  -30.769  -13.253  67.323 0.0000000000
78402  -30.358  -12.829  66.790 0.0000000000
62337  -27.770  -25.776  66.385 0.0000000000
62348  -27.758  -26.069  65.567 0.0000000000
60991  -27.921  -26.968  63.904 0.0000000000
59631  -29.191  -28.624  64.437 0.0000000000
59674  -28.766  -28.169  63.091 0.0000000000
63622  -19.664  -24.106  69.639 0.0000000000
63665  -19.111  -23.909  67.568 0.0000000000
63646  -22.066  -23.547  68.771 0.0000000000
63666  -20.221  -23.822  67.641 0.0000000000
63683  -19.377  -24.035  66.520 0.0000000000
63715  -19.493  -24.960  64.613 0.0000000000
89164  -47.521  -4.196  47.721 0.0000000000
90296  -48.919  -3.546  47.446 0.0000000000
90297  -49.928  -2.996  47.526 0.0000000000
91364  -50.085  -2.640  51.040 0.0000000000
91373  -49.928  -2.492  49.903 0.0000000000
91380  -50.200  -2.125  48.697 0.0000000000
92506  -49.223  -1.793  49.105 0.0000000000
93648  -48.276  -1.364  49.453 0.0000000000
93635  -46.965  -0.526  49.931 0.0000000000
95818  -46.525  1.467  50.919 0.0000000000
98181  -47.460  3.042  51.303 0.0000000000
48376  -7.756  -37.182  71.440 0.0000000000
47142  -7.611  -37.585  72.591 0.0000000000
47176  -6.596  -38.376  70.531 0.0000000000
69697  -29.641  -20.314  61.536 0.0000000000
81028  -37.024  -11.358  53.806 0.0000000000
77222  -33.463  -14.193  56.627 0.0000000000
75833  -34.988  -15.490  56.451 0.0000000000
75856  -35.777  -15.878  55.582 0.0000000000
74610  -37.702  -15.916  57.416 0.0000000000
75857  -36.814  -15.805  55.863 0.0000000000
75879  -36.676  -15.577  54.912 0.0000000000
78590  -37.422  -13.565  54.138 0.0000000000
79814  -37.646  -12.594  54.094 0.0000000000
82174  -38.229  -10.706  54.418 0.0000000000
83307  -39.398  -10.095  55.273 0.0000000000
83295  -40.360  -9.759  56.755 0.0000000000
84520  -41.020  -7.862  57.259 0.0000000000
49630  -8.896  -34.866  74.721 0.0000000000
50948  -10.238  -35.176  73.679 0.0000000000
49648  -9.138  -36.302  72.727 0.0000000000
48377  -8.200  -36.573  71.043 0.0000000000
48404  -7.774  -37.304  68.650 0.0000000000
47126  -6.956  -38.155  73.331 0.0000000000
45849  -5.291  -37.856  73.527 0.0000000000
45824  -4.885  -37.289  75.302 0.0000000000
43417  -4.539  -40.505  72.922 0.0000000000
44631  -3.900  -38.845  73.496 0.0000000000
45811  -3.792  -37.396  75.551 0.0000000000
45809  -2.606  -37.357  75.175 0.0000000000
47072  -2.026  -37.073  75.195 0.0000000000
42220  -1.935  -41.675  72.294 0.0000000000
43415  -1.757  -40.325  72.399 0.0000000000
48341  -8.561  -36.600  74.524 0.0000000000
60978  -35.482  -27.233  65.410 0.0000000000
63650  -26.216  -24.515  68.141 0.0000000000
63672  -26.558  -24.352  67.078 0.0000000000
62312  -27.089  -25.143  67.768 0.0000000000
88040  -46.098  -5.050  47.812 0.0000000000
69687  -30.561  -20.120  62.714 0.0000000000
77220  -31.227  -13.688  55.936 0.0000000000
77244  -32.054  -14.157  55.330 0.0000000000
54746  -13.471  -31.607  67.378 0.0000000000
55921  -13.422  -30.570  68.354 0.0000000000
55934  -13.405  -31.639  67.751 0.0000000000
54727  -13.167  -32.090  68.138 0.0000000000
60917  -34.669  -26.793  70.014 0.0000000000
62301  -35.363  -25.845  70.050 0.0000000000
62288  -35.189  -25.701  70.604 0.0000000000
59492  -30.239  -26.314  71.560 0.0000000000
62286  -34.226  -26.638  70.989 0.0000000000
59515  -33.581  -27.378  70.507 0.0000000000
60916  -34.139  -27.036  70.506 0.0000000000
60930  -34.390  -27.222  69.636 0.0000000000
59473  -29.724  -26.024  72.154 0.0000000000
85593  -41.435  -7.006  56.876 0.0000000000
85607  -41.147  -7.149  56.334 0.0000000000
85608  -42.014  -6.764  56.328 0.0000000000
85665  -45.761  -7.128  53.675 0.0000000000
85690  -46.095  -7.031  52.657 0.0000000000
85691  -47.047  -6.925  52.758 0.0000000000
86820  -47.213  -6.497  52.232 0.0000000000
85667  -47.628  -6.791  53.388 0.0000000000
77080  -29.665  -14.234  63.810 0.0000000000
78448  -29.742  -12.940  63.849 0.0000000000
78483  -31.880  -11.966  61.956 0.0000000000
78484  -33.438  -11.734  61.501 0.0000000000
63664  -17.891  -24.015  67.506 0.0000000000
99413  -47.802  4.955  50.303 0.0000000000
99429  -47.079  5.024  49.318 0.0000000000
100650  -47.563  5.191  49.773 0.0000000000
48283  -4.719  -35.866  76.828 0.0000000000
47041  -4.288  -35.774  76.907 0.0000000000
48282  -3.627  -35.808  76.754 0.0000000000
47051  -4.016  -36.191  76.596 0.0000000000
67257  -35.903  -22.767  64.993 0.0000000000
67274  -35.704  -22.816  64.093 0.0000000000
68465  -35.298  -22.445  64.672 0.0000000000
68464  -34.492  -21.753  64.796 0.0000000000
69616  -34.456  -20.709  69.534 0.0000000000
74483  -33.264  -16.637  67.725 0.0000000000
73286  -33.401  -17.446  67.858 0.0000000000
74505  -33.026  -16.693  66.686 0.0000000000
74504  -32.662  -16.002  66.222 0.0000000000
75649  -32.638  -15.279  67.520 0.0000000000
64969  -21.709  -23.988  63.604 0.0000000000
64970  -22.576  -23.554  63.125 0.0000000000
58310  -29.537  -29.096  67.196 0.0000000000
58326  -28.879  -28.540  66.327 0.0000000000
58327  -29.347  -28.971  66.027 0.0000000000
64933  -22.606  -23.797  65.375 0.0000000000
64932  -21.819  -23.932  65.650 0.0000000000
64953  -21.774  -23.969  64.661 0.0000000000
64968  -20.997  -24.304  63.988 0.0000000000
91391  -50.390  -1.900  47.623 0.0000000000
89114  -50.040  -4.394  51.340 0.0000000000
90270  -50.176  -3.548  50.929 0.0000000000
94696  -49.002  0.467  53.477 0.0000000000
93628  -48.624  -0.977  52.411 0.0000000000
95822  -48.546  0.794  52.938 0.0000000000
95821  -48.323  1.266  52.592 0.0000000000
73423  -28.510  -17.303  59.569 0.0000000000
75900  -35.228  -15.200  53.648 0.0000000000
75899  -34.472  -15.206  53.310 0.0000000000
77287  -35.621  -14.392  53.087 0.0000000000
77267  -35.898  -14.877  53.675 0.0000000000
75770  -36.443  -14.295  59.079 0.0000000000
78556  -40.658  -13.389  57.537 0.0000000000
78571  -40.414  -13.251  56.988 0.0000000000
79798  -40.507  -12.556  56.869 0.0000000000
80992  -40.442  -11.513  56.787 0.0000000000
52276  -11.407  -34.347  70.358 0.0000000000
52259  -11.335  -34.401  71.151 0.0000000000
50986  -11.076  -34.829  70.763 0.0000000000
50974  -11.006  -34.970  71.472 0.0000000000
50996  -9.999  -35.445  69.763 0.0000000000
42222  -3.139  -41.856  72.565 0.0000000000
43407  -2.485  -39.935  72.886 0.0000000000
42212  -2.248  -41.028  72.486 0.0000000000
80874  -31.902  -11.900  65.515 0.0000000000
60986  -17.663  -26.299  64.744 0.0000000000
48295  -6.314  -35.476  76.642 0.0000000000
48310  -6.285  -36.352  75.692 0.0000000000
48294  -5.822  -36.205  76.146 0.0000000000
48309  -5.788  -36.612  75.670 0.0000000000
62361  -35.609  -26.510  63.840 0.0000000000
63704  -36.465  -24.787  65.296 0.0000000000
63705  -36.458  -24.367  65.681 0.0000000000
66093  -36.206  -23.522  65.412 0.0000000000
66094  -36.228  -23.638  65.927 0.0000000000
64917  -24.275  -23.746  65.730 0.0000000000
64935  -24.301  -23.780  64.798 0.0000000000
64918  -25.089  -23.920  65.473 0.0000000000
63688  -26.804  -24.412  66.006 0.0000000000
63702  -26.027  -24.084  65.234 0.0000000000
63703  -26.983  -24.631  64.923 0.0000000000
63718  -26.850  -24.794  63.869 0.0000000000
62347  -27.681  -25.321  65.003 0.0000000000
58347  -32.494  -29.193  66.448 0.0000000000
58346  -31.920  -29.286  65.940 0.0000000000
59616  -34.166  -28.146  64.897 0.0000000000
59656  -32.326  -28.490  63.010 0.0000000000
59636  -33.911  -27.768  63.481 0.0000000000
63607  -25.661  -24.524  70.155 0.0000000000
62270  -25.745  -24.850  71.378 0.0000000000
63606  -24.943  -24.104  70.800 0.0000000000
64900  -24.342  -23.695  66.685 0.0000000000
64916  -23.467  -23.704  66.050 0.0000000000
75791  -28.915  -15.035  58.037 0.0000000000
74582  -28.768  -16.184  58.821 0.0000000000
75853  -32.791  -14.667  54.704 0.0000000000
75854  -33.688  -15.158  55.014 0.0000000000
75751  -39.736  -15.286  60.415 0.0000000000
77186  -41.266  -13.657  58.864 0.0000000000
59525  -13.225  -27.720  68.615 0.0000000000
59505  -12.915  -27.168  69.237 0.0000000000
59524  -12.669  -28.207  69.089 0.0000000000
57070  -12.923  -29.131  70.232 0.0000000000
57069  -13.275  -29.797  70.845 0.0000000000
55866  -13.103  -30.810  71.722 0.0000000000
55878  -13.138  -30.793  70.788 0.0000000000
53530  -12.272  -33.138  69.049 0.0000000000
53499  -12.597  -32.270  70.112 0.0000000000
52277  -11.979  -33.857  69.746 0.0000000000
52310  -10.696  -34.459  68.243 0.0000000000
52311  -11.420  -33.792  67.561 0.0000000000
60952  -35.324  -27.284  68.018 0.0000000000
62315  -35.767  -26.369  68.929 0.0000000000
64859  -36.001  -24.278  70.339 0.0000000000
66044  -36.094  -23.371  69.877 0.0000000000
59534  -29.751  -27.609  70.204 0.0000000000
59555  -29.266  -28.241  69.510 0.0000000000
59493  -31.383  -28.133  71.683 0.0000000000
58233  -30.894  -27.637  71.238 0.0000000000
58273  -32.196  -28.872  69.834 0.0000000000
58272  -31.462  -29.123  69.886 0.0000000000
58294  -31.315  -29.380  68.953 0.0000000000
58295  -32.107  -29.169  69.066 0.0000000000
58313  -32.006  -29.363  68.088 0.0000000000
60942  -35.142  -27.198  68.832 0.0000000000
59558  -34.943  -27.562  68.355 0.0000000000
59577  -34.962  -27.864  67.699 0.0000000000
60913  -28.108  -26.676  71.459 0.0000000000
83319  -39.532  -9.002  55.071 0.0000000000
84545  -39.091  -8.625  54.636 0.0000000000
84546  -39.779  -8.077  54.782 0.0000000000
85638  -41.435  -7.234  54.985 0.0000000000
85685  -40.923  -6.758  53.309 0.0000000000
85623  -43.796  -6.862  55.522 0.0000000000
85663  -43.685  -6.963  53.815 0.0000000000
85702  -43.595  -6.217  52.463 0.0000000000
85703  -44.387  -6.314  52.256 0.0000000000
88002  -45.656  -5.359  49.975 0.0000000000
88017  -46.243  -5.145  49.537 0.0000000000
88003  -46.537  -5.546  50.185 0.0000000000
86838  -48.137  -5.949  51.690 0.0000000000
87988  -47.844  -5.749  51.070 0.0000000000
87989  -48.426  -5.575  51.300 0.0000000000
88006  -48.686  -5.337  50.987 0.0000000000
87983  -49.368  -5.468  52.305 0.0000000000
89100  -50.275  -4.779  53.491 0.0000000000
73386  -30.149  -17.586  63.217 0.0000000000
74558  -30.126  -16.697  63.179 0.0000000000
75734  -29.207  -15.882  62.278 0.0000000000
75733  -28.891  -15.031  61.858 0.0000000000
74564  -28.996  -16.275  61.478 0.0000000000
79688  -31.131  -12.134  63.635 0.0000000000
79687  -30.254  -12.333  63.440 0.0000000000
79705  -30.857  -12.202  62.898 0.0000000000
78482  -30.451  -12.164  61.516 0.0000000000
78498  -29.585  -12.594  60.868 0.0000000000
77128  -28.773  -13.820  61.017 0.0000000000
77129  -29.100  -12.986  60.204 0.0000000000
77131  -32.759  -11.689  59.611 0.0000000000
77157  -31.355  -11.947  59.008 0.0000000000
77133  -35.231  -12.320  59.745 0.0000000000
77134  -36.225  -13.084  59.861 0.0000000000
77106  -38.761  -13.483  61.913 0.0000000000
77119  -37.907  -13.539  60.884 0.0000000000
75736  -38.916  -14.060  61.208 0.0000000000
64882  -17.228  -24.112  69.025 0.0000000000
64869  -16.753  -24.197  69.405 0.0000000000
64868  -16.114  -24.488  69.502 0.0000000000
63619  -16.187  -24.480  68.930 0.0000000000
60960  -15.999  -26.256  65.706 0.0000000000
60949  -14.746  -26.361  66.520 0.0000000000
60939  -14.506  -26.340  67.142 0.0000000000
60938  -14.253  -26.819  67.532 0.0000000000
59564  -14.783  -28.083  67.186 0.0000000000
48292  -2.185  -36.242  75.753 0.0000000000
64974  -36.137  -24.062  63.354 0.0000000000
68491  -34.803  -22.218  62.666 0.0000000000
68477  -33.802  -21.471  63.944 0.0000000000
68476  -33.253  -21.275  63.641 0.0000000000
69689  -32.368  -20.905  63.229 0.0000000000
63652  -36.462  -24.660  67.701 0.0000000000
64885  -36.430  -24.061  67.562 0.0000000000
68435  -35.111  -21.799  67.905 0.0000000000
68447  -34.745  -21.524  67.215 0.0000000000
72187  -33.123  -19.027  67.268 0.0000000000
70903  -33.394  -19.930  67.887 0.0000000000
70913  -33.273  -20.011  67.151 0.0000000000
69652  -33.928  -20.900  66.963 0.0000000000
69651  -33.511  -20.515  66.797 0.0000000000
69660  -33.339  -20.448  66.167 0.0000000000
70923  -33.102  -19.879  66.571 0.0000000000
72199  -32.206  -18.289  65.500 0.0000000000
70921  -32.443  -19.077  65.677 0.0000000000
72207  -31.829  -18.476  64.905 0.0000000000
70930  -31.587  -19.013  64.679 0.0000000000
73355  -31.331  -17.444  64.423 0.0000000000
73356  -31.834  -17.475  64.910 0.0000000000
77040  -31.426  -14.641  65.906 0.0000000000
77039  -30.846  -14.256  65.643 0.0000000000
77038  -30.346  -13.812  65.457 0.0000000000
78418  -30.527  -13.657  65.891 0.0000000000
78345  -30.692  -13.142  69.063 0.0000000000
78366  -31.150  -13.510  68.314 0.0000000000
78365  -30.544  -12.813  68.348 0.0000000000
79650  -30.297  -12.290  66.393 0.0000000000
64956  -24.376  -23.627  63.806 0.0000000000
64972  -24.426  -23.573  62.694 0.0000000000
60951  -27.853  -26.786  67.708 0.0000000000
62327  -27.727  -25.885  67.262 0.0000000000
60961  -27.817  -26.833  66.497 0.0000000000
59612  -28.436  -27.985  65.547 0.0000000000
60975  -27.908  -27.186  65.189 0.0000000000
60992  -28.308  -27.641  64.383 0.0000000000
58364  -31.068  -29.269  64.651 0.0000000000
58343  -29.582  -28.959  64.959 0.0000000000
58363  -30.201  -29.132  64.286 0.0000000000
63623  -20.674  -23.913  69.687 0.0000000000
63644  -19.958  -24.030  68.650 0.0000000000
63647  -23.132  -23.751  68.776 0.0000000000
64913  -21.276  -23.753  66.498 0.0000000000
63684  -20.587  -23.845  66.531 0.0000000000
63700  -19.533  -24.367  65.567 0.0000000000
89148  -47.233  -4.466  48.654 0.0000000000
89149  -48.345  -4.235  48.652 0.0000000000
90278  -49.713  -3.884  49.307 0.0000000000
90284  -48.933  -3.923  48.211 0.0000000000
90285  -49.679  -3.555  48.496 0.0000000000
90286  -50.327  -2.837  48.695 0.0000000000
91357  -50.095  -2.048  52.233 0.0000000000
91365  -49.771  -2.144  51.687 0.0000000000
92497  -48.995  -1.894  51.020 0.0000000000
92508  -49.433  -2.225  50.623 0.0000000000
93650  -48.850  -1.827  50.234 0.0000000000
94717  -47.626  -0.544  51.363 0.0000000000
93637  -48.181  -1.281  50.678 0.0000000000
93636  -47.595  -0.991  50.282 0.0000000000
94716  -47.043  -0.197  50.876 0.0000000000
94715  -46.208  0.396  50.253 0.0000000000
94702  -46.775  0.673  51.194 0.0000000000
96950  -48.195  2.207  52.309 0.0000000000
96949  -47.671  2.343  51.791 0.0000000000
98198  -47.707  3.721  51.171 0.0000000000
98199  -48.146  4.067  51.449 0.0000000000
47177  -7.183  -37.656  71.147 0.0000000000
72248  -29.230  -18.950  62.095 0.0000000000
70963  -29.701  -19.537  62.305 0.0000000000
78599  -36.389  -13.356  53.312 0.0000000000
79823  -36.211  -12.306  53.143 0.0000000000
81027  -36.426  -11.453  53.483 0.0000000000
77201  -33.973  -13.820  57.454 0.0000000000
75855  -34.691  -15.597  55.284 0.0000000000
74598  -37.873  -16.012  58.062 0.0000000000
74611  -38.255  -15.714  57.490 0.0000000000
77247  -38.574  -14.560  55.777 0.0000000000
75859  -38.349  -15.202  56.230 0.0000000000
75858  -37.801  -15.386  55.844 0.0000000000
75880  -37.257  -15.492  55.330 0.0000000000
77269  -37.600  -14.856  54.882 0.0000000000
78591  -38.237  -13.998  54.901 0.0000000000
80998  -39.037  -12.123  55.083 0.0000000000
79815  -38.373  -12.723  54.601 0.0000000000
81010  -38.616  -11.567  54.612 0.0000000000
81009  -37.769  -11.694  54.113 0.0000000000
81011  -39.097  -11.358  55.067 0.0000000000
82175  -38.869  -10.821  54.843 0.0000000000
82157  -39.406  -10.657  55.344 0.0000000000
83281  -40.532  -9.976  57.258 0.0000000000
83296  -40.512  -8.772  56.883 0.0000000000
50960  -10.238  -35.245  72.677 0.0000000000
49649  -9.754  -35.787  73.233 0.0000000000
49659  -8.994  -36.213  71.586 0.0000000000
49684  -9.054  -35.925  69.365 0.0000000000
49670  -8.300  -36.377  69.851 0.0000000000
49683  -8.226  -36.557  69.001 0.0000000000
47141  -7.199  -38.012  72.560 0.0000000000
45879  -6.423  -38.367  72.487 0.0000000000
44642  -5.183  -39.080  72.771 0.0000000000
45836  -5.198  -37.290  74.816 0.0000000000
45835  -4.481  -37.939  74.099 0.0000000000
43424  -4.831  -41.074  72.483 0.0000000000
43416  -4.207  -41.006  73.046 0.0000000000
43398  -3.627  -39.535  73.183 0.0000000000
44630  -3.501  -38.804  73.653 0.0000000000
44621  -3.805  -38.339  74.081 0.0000000000
44620  -3.469  -38.183  74.296 0.0000000000
45810  -3.110  -37.347  75.378 0.0000000000
45821  -2.825  -37.780  74.665 0.0000000000
44627  -2.131  -38.524  73.546 0.0000000000
45832  -2.231  -37.990  73.954 0.0000000000
45819  -1.982  -37.547  74.469 0.0000000000
47088  -1.594  -37.286  74.513 0.0000000000
42219  -1.659  -41.280  72.159 0.0000000000
47091  -7.291  -37.549  74.606 0.0000000000
59596  -33.776  -28.622  66.349 0.0000000000
60977  -34.921  -27.602  64.731 0.0000000000
60994  -35.270  -27.130  64.250 0.0000000000
63649  -25.220  -24.047  68.445 0.0000000000
68505  -32.524  -21.552  62.009 0.0000000000
75792  -29.404  -14.062  57.295 0.0000000000
75811  -29.613  -14.450  56.368 0.0000000000
57113  -13.420  -29.690  67.936 0.0000000000
58262  -12.794  -28.660  68.750 0.0000000000
57099  -12.798  -29.411  68.782 0.0000000000
55906  -13.091  -30.130  68.854 0.0000000000
55890  -13.164  -30.555  69.793 0.0000000000
54693  -13.107  -31.714  69.680 0.0000000000
54710  -13.129  -31.910  68.872 0.0000000000
53531  -12.627  -32.503  68.539 0.0000000000
53547  -12.233  -33.164  67.947 0.0000000000
53564  -12.034  -33.404  66.908 0.0000000000
62314  -35.242  -26.785  69.238 0.0000000000
60914  -28.928  -27.122  71.042 0.0000000000
60929  -28.972  -27.385  70.385 0.0000000000
59511  -29.507  -27.054  70.495 0.0000000000
58235  -31.892  -28.534  70.795 0.0000000000
59514  -33.085  -27.816  70.799 0.0000000000
59535  -32.475  -28.531  69.987 0.0000000000
59536  -33.092  -28.245  69.684 0.0000000000
59556  -33.388  -28.504  68.506 0.0000000000
60941  -34.686  -27.309  69.181 0.0000000000
60901  -28.931  -26.344  71.820 0.0000000000
84528  -40.225  -8.815  56.152 0.0000000000
84547  -40.108  -7.994  55.236 0.0000000000
84536  -40.281  -7.956  55.676 0.0000000000
85620  -40.901  -7.335  55.628 0.0000000000
85639  -42.248  -7.128  54.787 0.0000000000
85642  -45.377  -7.130  54.618 0.0000000000
85641  -44.309  -7.064  54.645 0.0000000000
85704  -45.281  -6.614  52.004 0.0000000000
85705  -46.030  -6.727  51.841 0.0000000000
86836  -46.560  -6.389  51.456 0.0000000000
86855  -46.920  -6.025  50.784 0.0000000000
86837  -47.473  -6.144  51.529 0.0000000000
75707  -30.273  -15.365  63.887 0.0000000000
75722  -30.091  -16.057  63.219 0.0000000000
75706  -29.804  -14.941  63.564 0.0000000000
77103  -29.370  -14.527  63.243 0.0000000000
77102  -29.167  -14.116  62.893 0.0000000000
78465  -32.496  -12.129  63.153 0.0000000000
79723  -31.285  -12.153  62.500 0.0000000000
78499  -30.972  -11.956  60.428 0.0000000000
77132  -34.032  -11.865  59.392 0.0000000000
78486  -35.797  -12.018  61.042 0.0000000000
63620  -17.987  -24.143  69.882 0.0000000000
63642  -17.715  -24.017  68.825 0.0000000000
58302  -14.897  -28.206  66.902 0.0000000000
98213  -46.671  3.751  49.985 0.0000000000
98221  -45.660  3.327  48.808 0.0000000000
99428  -46.242  4.361  49.097 0.0000000000
99435  -46.044  4.940  48.154 0.0000000000
47049  -3.022  -36.101  76.196 0.0000000000
64958  -36.304  -24.153  64.640 0.0000000000
67287  -35.474  -22.866  63.285 0.0000000000
67286  -35.132  -22.479  63.042 0.0000000000
68463  -34.022  -21.456  64.551 0.0000000000
69669  -33.725  -21.125  64.894 0.0000000000
66049  -36.204  -23.389  68.857 0.0000000000
66058  -36.306  -23.456  67.994 0.0000000000
69640  -34.640  -21.336  68.383 0.0000000000
73287  -33.537  -17.946  68.327 0.0000000000
72169  -33.244  -18.219  67.555 0.0000000000
72186  -32.956  -18.534  66.729 0.0000000000
73334  -32.613  -17.548  66.182 0.0000000000
74529  -32.239  -16.637  65.530 0.0000000000
75679  -31.759  -15.239  65.699 0.0000000000
77015  -31.603  -14.490  66.465 0.0000000000
79604  -30.150  -12.395  69.406 0.0000000000
63731  -26.222  -24.247  63.065 0.0000000000
59574  -28.553  -28.121  67.539 0.0000000000
59592  -28.087  -27.537  66.559 0.0000000000
59593  -28.468  -28.073  66.502 0.0000000000
59630  -28.620  -28.157  64.781 0.0000000000
59655  -31.168  -28.926  63.304 0.0000000000
58380  -30.584  -29.089  63.697 0.0000000000
63686  -22.241  -23.501  66.981 0.0000000000
64914  -21.773  -23.757  66.450 0.0000000000
64931  -21.145  -24.007  65.936 0.0000000000
63730  -20.385  -24.847  63.323 0.0000000000
89138  -49.179  -4.342  49.651 0.0000000000
93640  -48.847  -1.467  51.824 0.0000000000
93639  -48.639  -1.489  51.376 0.0000000000
94719  -48.309  -0.986  52.015 0.0000000000
94718  -48.047  -0.833  51.746 0.0000000000
94704  -47.839  0.236  52.164 0.0000000000
96931  -48.682  2.546  52.720 0.0000000000
48403  -7.168  -37.949  69.023 0.0000000000
48389  -6.920  -38.037  69.736 0.0000000000
73398  -28.931  -17.476  61.860 0.0000000000
72247  -28.754  -18.535  61.397 0.0000000000
72262  -28.425  -18.383  60.209 0.0000000000
78589  -36.735  -13.836  53.704 0.0000000000
77183  -35.246  -14.101  58.212 0.0000000000
77202  -34.786  -14.177  57.684 0.0000000000
75814  -36.473  -15.925  57.843 0.0000000000
75798  -39.882  -14.923  58.159 0.0000000000
75817  -38.954  -15.342  57.540 0.0000000000
75838  -39.116  -14.875  57.065 0.0000000000
77223  -38.911  -14.576  56.332 0.0000000000
78583  -38.834  -13.434  55.344 0.0000000000
79806  -39.485  -12.715  55.744 0.0000000000
82138  -39.810  -11.105  55.795 0.0000000000
80991  -40.010  -11.850  56.176 0.0000000000
82123  -40.863  -10.484  57.836 0.0000000000
53487  -12.228  -32.806  71.726 0.0000000000
52246  -11.935  -33.503  72.329 0.0000000000
50961  -10.807  -34.988  72.222 0.0000000000
50973  -10.260  -35.225  71.716 0.0000000000
49672  -9.639  -35.642  70.952 0.0000000000
49671  -8.829  -36.152  70.472 0.0000000000
49695  -8.811  -36.152  68.211 0.0000000000
45896  -6.089  -39.447  71.263 0.0000000000
45878  -6.088  -39.255  72.114 0.0000000000
44651  -5.529  -39.659  72.427 0.0000000000
44650  -5.013  -40.072  72.721 0.0000000000
42223  -3.699  -41.549  72.803 0.0000000000
42215  -3.605  -40.827  72.940 0.0000000000
43409  -3.514  -40.264  72.911 0.0000000000
43397  -3.261  -39.499  73.257 0.0000000000
43396  -2.803  -39.471  73.246 0.0000000000
44628  -2.432  -38.967  73.436 0.0000000000
44638  -2.017  -39.238  73.030 0.0000000000
58215  -31.104  -26.513  72.039 0.0000000000
60890  -33.695  -26.845  71.824 0.0000000000
85610  -44.351  -6.592  56.441 0.0000000000
85611  -45.534  -6.704  56.369 0.0000000000
85626  -47.114  -6.782  55.509 0.0000000000
85644  -47.732  -6.977  54.614 0.0000000000
80886  -30.675  -11.893  65.337 0.0000000000
80887  -31.215  -11.833  65.024 0.0000000000
79673  -31.489  -12.058  64.371 0.0000000000
79674  -32.273  -12.126  64.509 0.0000000000
79690  -32.669  -12.208  64.209 0.0000000000
78450  -33.223  -12.237  63.912 0.0000000000
62335  -17.284  -24.661  66.440 0.0000000000
62346  -17.682  -25.313  65.408 0.0000000000
60971  -17.354  -26.015  65.100 0.0000000000
47054  -5.477  -36.348  76.214 0.0000000000
47065  -5.169  -36.833  75.857 0.0000000000
76994  -32.609  -15.032  68.131 0.0000000000
58329  -31.129  -29.461  66.741 0.0000000000
58328  -30.261  -29.389  66.409 0.0000000000
58345  -31.061  -29.374  65.684 0.0000000000
59614  -32.167  -29.251  65.167 0.0000000000
63669  -23.374  -23.841  67.873 0.0000000000
64898  -22.843  -23.559  67.240 0.0000000000
86832  -42.435  -6.122  51.329 0.0000000000
90311  -49.805  -2.664  46.863 0.0000000000
91349  -50.522  -2.015  53.014 0.0000000000
95807  -49.493  1.422  53.924 0.0000000000
75772  -37.972  -15.362  59.695 0.0000000000
75773  -38.922  -15.498  59.553 0.0000000000
75799  -40.454  -14.542  58.412 0.0000000000
77204  -40.550  -13.980  57.850 0.0000000000
78541  -41.146  -13.005  58.108 0.0000000000
79769  -41.273  -12.246  58.298 0.0000000000
58244  -12.651  -28.662  69.731 0.0000000000
59485  -12.693  -27.740  70.985 0.0000000000
54676  -12.462  -32.129  71.336 0.0000000000
54677  -12.966  -31.741  70.616 0.0000000000
53498  -12.356  -32.592  70.817 0.0000000000
51006  -10.634  -34.966  69.184 0.0000000000
52322  -10.235  -34.880  67.411 0.0000000000
42221  -2.888  -41.882  72.477 0.0000000000
60962  -35.557  -27.286  66.944 0.0000000000
60963  -36.109  -26.678  67.071 0.0000000000
62328  -36.250  -26.127  67.710 0.0000000000
67209  -35.942  -22.532  69.445 0.0000000000
66039  -35.897  -23.309  70.916 0.0000000000
59553  -28.304  -27.442  68.153 0.0000000000
59532  -28.662  -27.196  69.014 0.0000000000
58291  -28.973  -28.697  67.784 0.0000000000
58232  -30.854  -26.680  71.360 0.0000000000
58250  -30.450  -27.771  70.567 0.0000000000
58252  -31.650  -28.802  70.500 0.0000000000
58293  -30.428  -29.356  68.810 0.0000000000
59575  -33.309  -28.820  67.432 0.0000000000
62272  -27.498  -25.959  72.036 0.0000000000
83317  -37.760  -9.802  54.230 0.0000000000
83331  -37.550  -8.972  53.946 0.0000000000
84544  -38.307  -8.880  54.326 0.0000000000
84560  -38.750  -8.037  54.131 0.0000000000
85636  -40.133  -7.562  54.402 0.0000000000
86799  -39.575  -6.876  53.206 0.0000000000
85622  -42.720  -6.911  55.531 0.0000000000
85662  -42.632  -7.062  53.890 0.0000000000
86817  -42.182  -6.295  52.254 0.0000000000
86852  -43.947  -5.587  50.352 0.0000000000
86834  -44.617  -5.973  51.364 0.0000000000
88001  -44.764  -5.361  49.704 0.0000000000
88016  -45.509  -5.073  49.108 0.0000000000
89146  -45.845  -4.914  48.682 0.0000000000
89162  -46.043  -4.865  48.230 0.0000000000
89135  -46.042  -4.863  49.016 0.0000000000
89136  -46.801  -4.849  49.231 0.0000000000
88004  -47.374  -5.568  50.492 0.0000000000
88019  -47.651  -5.233  50.157 0.0000000000
89123  -48.420  -5.071  50.310 0.0000000000
89124  -49.076  -5.009  50.645 0.0000000000
86800  -48.384  -6.638  53.977 0.0000000000
86822  -49.026  -5.890  52.737 0.0000000000
89106  -49.924  -5.089  52.694 0.0000000000
89107  -50.236  -4.467  52.388 0.0000000000
70949  -30.616  -19.327  63.550 0.0000000000
70948  -30.272  -19.610  62.865 0.0000000000
72233  -30.224  -18.735  63.280 0.0000000000
73385  -29.227  -17.543  62.598 0.0000000000
79686  -29.662  -12.780  63.141 0.0000000000
78480  -29.236  -13.224  62.237 0.0000000000
79720  -29.570  -12.709  62.125 0.0000000000
77115  -28.888  -14.017  62.006 0.0000000000
78522  -30.410  -12.221  59.645 0.0000000000
77159  -34.464  -12.621  58.663 0.0000000000
77161  -36.322  -13.798  59.413 0.0000000000
77162  -36.674  -14.187  59.568 0.0000000000
78468  -35.530  -11.798  62.006 0.0000000000
78469  -36.413  -12.015  61.668 0.0000000000
78487  -36.352  -12.250  60.964 0.0000000000
77104  -37.115  -12.284  62.394 0.0000000000
77118  -36.995  -12.656  60.905 0.0000000000
77136  -37.533  -13.999  60.329 0.0000000000
75749  -37.978  -14.358  60.370 0.0000000000
75737  -39.613  -14.758  61.404 0.0000000000
62311  -16.035  -24.863  67.904 0.0000000000
60950  -15.366  -25.847  66.292 0.0000000000
62310  -15.246  -25.264  67.844 0.0000000000
62297  -14.424  -25.400  68.788 0.0000000000
60926  -13.846  -26.552  68.181 0.0000000000
58285  -13.639  -28.617  68.057 0.0000000000
58301  -14.637  -28.832  67.132 0.0000000000
57114  -13.969  -29.163  67.598 0.0000000000
100669  -47.624  5.825  49.067 0.0000000000
100677  -46.399  5.725  47.630 0.0000000000
68490  -34.168  -21.867  62.659 0.0000000000
68506  -33.589  -21.775  61.897 0.0000000000
68488  -32.595  -21.279  62.686 0.0000000000
69678  -31.422  -19.905  63.922 0.0000000000
62338  -36.370  -26.062  66.578 0.0000000000
63674  -36.524  -24.545  66.919 0.0000000000
64919  -36.415  -24.048  66.525 0.0000000000
67215  -36.207  -23.048  67.579 0.0000000000
66070  -36.292  -23.597  66.829 0.0000000000
66081  -36.255  -23.642  66.311 0.0000000000
67240  -36.171  -23.167  66.586 0.0000000000
67239  -35.983  -22.735  66.046 0.0000000000
69639  -34.413  -21.138  67.959 0.0000000000
70904  -33.730  -20.453  67.981 0.0000000000
68457  -34.619  -21.689  66.160 0.0000000000
69668  -32.721  -20.186  65.271 0.0000000000
70922  -32.835  -19.544  66.106 0.0000000000
69667  -32.257  -19.903  64.908 0.0000000000
70939  -31.222  -19.388  64.139 0.0000000000
73371  -31.016  -17.487  63.862 0.0000000000
77058  -30.292  -14.670  64.563 0.0000000000
77057  -30.127  -13.901  64.995 0.0000000000
76993  -32.139  -14.600  67.534 0.0000000000
76992  -31.447  -13.887  67.359 0.0000000000
78403  -30.609  -13.483  66.312 0.0000000000
79662  -30.290  -12.400  65.446 0.0000000000
62360  -27.673  -26.045  64.443 0.0000000000
59613  -28.957  -28.570  65.286 0.0000000000
59632  -29.667  -28.855  64.020 0.0000000000
59653  -29.277  -28.568  63.562 0.0000000000
59652  -28.679  -28.201  63.940 0.0000000000
61010  -28.357  -27.615  63.378 0.0000000000
61009  -27.980  -27.021  62.806 0.0000000000
63601  -19.318  -24.145  70.549 0.0000000000
63667  -21.284  -23.512  67.765 0.0000000000
63714  -19.073  -24.990  65.106 0.0000000000
89163  -46.589  -4.607  47.890 0.0000000000
90295  -48.033  -3.795  47.220 0.0000000000
89165  -48.342  -3.950  47.825 0.0000000000
90298  -50.352  -2.424  47.925 0.0000000000
91374  -49.666  -2.401  50.976 0.0000000000
92520  -49.918  -1.545  48.098 0.0000000000
92519  -49.492  -1.306  48.169 0.0000000000
93649  -48.688  -1.673  49.882 0.0000000000
92505  -48.923  -1.505  48.738 0.0000000000
95829  -46.065  1.630  50.243 0.0000000000
96963  -46.222  2.625  50.080 0.0000000000
95819  -47.150  1.468  51.570 0.0000000000
96948  -46.952  2.443  51.101 0.0000000000
98197  -46.842  3.308  50.575 0.0000000000
99395  -47.385  3.974  50.689 0.0000000000
99396  -47.855  4.424  50.884 0.0000000000
100639  -48.134  5.108  50.849 0.0000000000
48364  -8.442  -36.885  72.174 0.0000000000
48352  -8.076  -37.345  72.939 0.0000000000
48363  -7.873  -37.330  72.219 0.0000000000
47158  -6.865  -38.140  71.705 0.0000000000
45916  -6.298  -39.003  70.917 0.0000000000
82192  -36.720  -10.725  53.726 0.0000000000
75812  -34.493  -14.555  56.955 0.0000000000
75832  -33.972  -15.041  56.067 0.0000000000
75795  -37.257  -15.739  58.715 0.0000000000
75815  -37.289  -16.074  57.802 0.0000000000
75835  -37.246  -15.914  56.901 0.0000000000
75836  -38.085  -15.582  56.790 0.0000000000
77268  -36.659  -14.717  54.072 0.0000000000
82173  -37.365  -10.565  54.003 0.0000000000
83308  -39.788  -9.801  55.649 0.0000000000
82158  -39.809  -10.590  55.761 0.0000000000
80981  -41.047  -11.259  57.952 0.0000000000
49639  -9.194  -36.255  73.852 0.0000000000
49640  -9.588  -35.567  74.276 0.0000000000
48391  -8.148  -36.477  70.365 0.0000000000
51005  -10.050  -35.185  68.627 0.0000000000
51004  -9.371  -35.575  68.422 0.0000000000
47127  -7.566  -37.741  73.240 0.0000000000
47110  -7.372  -37.873  73.921 0.0000000000
47109  -6.609  -37.902  74.119 0.0000000000
45864  -6.195  -37.929  73.241 0.0000000000
45850  -6.079  -37.589  73.686 0.0000000000
47089  -5.761  -37.096  74.671 0.0000000000
45825  -5.293  -37.088  75.364 0.0000000000
45812  -4.466  -37.273  75.641 0.0000000000
43431  -5.052  -41.303  71.745 0.0000000000
44641  -4.544  -39.259  72.980 0.0000000000
44640  -4.058  -39.464  73.109 0.0000000000
44632  -4.235  -38.722  73.358 0.0000000000
45834  -4.069  -38.206  74.140 0.0000000000
45823  -4.055  -37.773  74.783 0.0000000000
47063  -4.221  -36.892  76.131 0.0000000000
47062  -3.513  -36.876  76.019 0.0000000000
47061  -2.725  -36.713  75.690 0.0000000000
47073  -2.357  -37.221  75.227 0.0000000000
47060  -2.268  -36.600  75.535 0.0000000000
40976  -2.391  -41.829  72.372 0.0000000000
40983  -2.141  -42.462  72.001 0.0000000000
43406  -2.056  -40.327  72.599 0.0000000000
40977  -2.663  -41.875  72.413 0.0000000000
42211  -1.885  -40.976  72.376 0.0000000000
43395  -2.562  -39.477  73.185 0.0000000000
43411  -4.197  -40.150  73.011 0.0000000000
43423  -4.466  -41.150  72.770 0.0000000000
44619  -3.135  -38.046  74.449 0.0000000000
45813  -4.857  -37.099  75.729 0.0000000000
45820  -2.312  -37.569  74.723 0.0000000000
45822  -3.383  -37.731  74.881 0.0000000000
47042  -4.471  -35.917  76.798 0.0000000000
47053  -5.139  -36.272  76.413 0.0000000000
47064  -4.783  -36.827  76.053 0.0000000000
47074  -5.346  -36.952  75.569 0.0000000000
47075  -5.630  -36.885  75.401 0.0000000000
47076  -6.120  -36.821  75.173 0.0000000000
47090  -6.562  -37.213  74.816 0.0000000000
47108  -6.091  -37.326  74.101 0.0000000000
47159  -7.401  -37.631  71.952 0.0000000000
48284  -5.043  -35.802  76.859 0.0000000000
55891  -12.926  -29.859  69.291 0.0000000000
55920  -13.410  -31.362  68.296 0.0000000000
58207  -13.210  -28.997  72.407 0.0000000000
58217  -31.027  -27.804  71.671 0.0000000000
58274  -32.605  -28.584  69.671 0.0000000000
58284  -13.043  -28.939  68.295 0.0000000000
58331  -32.602  -29.171  67.312 0.0000000000
58362  -29.645  -28.920  64.430 0.0000000000
59513  -32.421  -28.334  70.489 0.0000000000
59547  -14.460  -27.163  67.265 0.0000000000
59633  -31.307  -29.145  64.024 0.0000000000
60902  -33.342  -27.290  71.466 0.0000000000
60903  -33.894  -26.964  71.210 0.0000000000
60911  -12.868  -26.830  69.689 0.0000000000
60931  -34.935  -27.042  69.481 0.0000000000
62296  -13.730  -25.895  68.836 0.0000000000
62325  -17.096  -24.444  67.150 0.0000000000
62345  -17.158  -25.839  65.281 0.0000000000
62359  -27.392  -25.186  64.390 0.0000000000
63608  -35.139  -25.599  70.899 0.0000000000
63640  -15.945  -24.765  68.407 0.0000000000
64883  -17.494  -24.114  69.097 0.0000000000
64938  -36.368  -23.992  65.912 0.0000000000
66059  -36.316  -23.551  67.358 0.0000000000
67223  -36.216  -23.174  67.104 0.0000000000
69681  -33.542  -21.217  64.344 0.0000000000
69690  -32.959  -21.170  63.499 0.0000000000
69700  -32.297  -21.191  62.586 0.0000000000
70932  -32.509  -19.569  65.556 0.0000000000
70940  -31.700  -19.498  64.582 0.0000000000
70962  -29.309  -19.757  61.607 0.0000000000
73384  -28.999  -17.712  62.260 0.0000000000
73399  -29.105  -16.818  62.229 0.0000000000
74542  -31.818  -16.668  64.922 0.0000000000
74599  -38.448  -15.771  58.096 0.0000000000
74600  -38.751  -15.615  57.968 0.0000000000
74612  -38.593  -15.635  57.770 0.0000000000
74622  -37.709  -15.802  57.062 0.0000000000
74623  -37.924  -15.766  57.184 0.0000000000
75678  -31.243  -14.923  65.395 0.0000000000
75748  -37.339  -14.266  60.118 0.0000000000
75769  -36.107  -13.883  58.926 0.0000000000
75816  -38.510  -15.434  57.113 0.0000000000
75818  -39.472  -14.740  57.365 0.0000000000
76974  -31.775  -14.039  68.100 0.0000000000
77079  -29.357  -13.760  63.255 0.0000000000
77116  -35.480  -12.172  60.509 0.0000000000
77184  -40.395  -14.333  58.052 0.0000000000
77185  -40.971  -13.974  58.501 0.0000000000
77219  -30.089  -14.280  55.678 0.0000000000
77224  -39.340  -14.385  56.686 0.0000000000
77246  -38.041  -14.869  55.408 0.0000000000
77248  -39.010  -14.335  56.202 0.0000000000
78385  -30.430  -12.589  67.624 0.0000000000
78449  -32.645  -12.175  63.615 0.0000000000
78464  -29.356  -13.320  62.902 0.0000000000
78481  -29.588  -12.633  61.691 0.0000000000
78555  -40.309  -13.559  57.108 0.0000000000
78570  -39.985  -13.412  56.590 0.0000000000
78600  -36.893  -13.289  53.666 0.0000000000
79689  -32.195  -12.178  63.784 0.0000000000
79703  -29.610  -12.747  62.529 0.0000000000
79721  -29.982  -12.367  62.119 0.0000000000
79768  -41.171  -12.597  58.010 0.0000000000
79784  -41.078  -11.944  57.803 0.0000000000
82122  -40.576  -10.637  57.276 0.0000000000
85684  -40.144  -6.906  53.435 0.0000000000
85692  -47.482  -6.568  52.784 0.0000000000
87990  -49.003  -5.379  51.493 0.0000000000
94707  -48.873  -0.332  53.106 0.0000000000
94714  -45.857  1.136  49.639 0.0000000000
96947  -46.453  2.170  50.615 0.0000000000
96962  -45.943  2.529  49.615 0.0000000000
96964  -46.613  2.644  50.604 0.0000000000
98167  -48.734  3.166  52.577 0.0000000000
98180  -47.120  2.925  50.980 0.0000000000
98196  -46.403  3.103  50.098 0.0000000000
98211  -45.828  3.138  49.225 0.0000000000
98212  -46.170  3.359  49.605 0.0000000000
98222  -45.949  3.743  49.077 0.0000000000
99411  -46.526  3.975  49.709 0.0000000000
