#!ascii label  , from subject 3468 vox2ras=TkReg
1836
59621  -45.709  -28.517  65.455 0.0000000000
45869  -31.506  -38.946  72.706 0.0000000000
77275  -47.614  -14.636  54.259 0.0000000000
66221  -37.923  -23.957  55.984 0.0000000000
68528  -47.485  -21.052  60.780 0.0000000000
49679  -41.657  -35.795  69.022 0.0000000000
51092  -33.245  -34.485  63.737 0.0000000000
56081  -35.980  -31.088  57.530 0.0000000000
54636  -23.276  -32.551  73.769 0.0000000000
79747  -55.841  -12.286  60.052 0.0000000000
49842  -27.944  -35.920  59.081 0.0000000000
61077  -41.857  -27.246  60.609 0.0000000000
66193  -42.983  -23.001  58.859 0.0000000000
62401  -47.450  -25.300  62.839 0.0000000000
55945  -44.718  -32.003  67.016 0.0000000000
53641  -40.729  -32.934  62.786 0.0000000000
56071  -41.918  -30.579  59.669 0.0000000000
61144  -36.958  -28.017  56.143 0.0000000000
82170  -56.592  -10.690  55.430 0.0000000000
48359  -26.311  -37.316  73.471 0.0000000000
49722  -24.084  -35.783  67.185 0.0000000000
45990  -27.843  -38.475  66.237 0.0000000000
73464  -47.396  -17.333  58.007 0.0000000000
45910  -36.894  -38.781  71.200 0.0000000000
48452  -32.166  -37.241  68.249 0.0000000000
51054  -37.700  -35.008  66.524 0.0000000000
53650  -35.668  -33.811  61.032 0.0000000000
53453  -19.106  -32.844  75.218 0.0000000000
73381  -51.532  -17.708  63.826 0.0000000000
78508  -50.187  -13.436  61.461 0.0000000000
83147  -52.233  -10.092  64.800 0.0000000000
77233  -52.241  -14.302  56.237 0.0000000000
78603  -54.523  -13.612  53.147 0.0000000000
53550  -20.863  -32.976  68.190 0.0000000000
51120  -30.209  -35.475  62.435 0.0000000000
59685  -43.366  -28.234  63.247 0.0000000000
62416  -44.061  -26.051  62.301 0.0000000000
61020  -46.322  -26.917  64.292 0.0000000000
57157  -45.399  -30.659  65.765 0.0000000000
54808  -44.473  -31.799  62.639 0.0000000000
57205  -44.166  -30.185  63.078 0.0000000000
58437  -42.009  -29.340  59.949 0.0000000000
75951  -48.247  -15.047  51.459 0.0000000000
75929  -50.393  -15.126  52.422 0.0000000000
47133  -28.337  -38.236  73.583 0.0000000000
47183  -26.948  -37.706  69.995 0.0000000000
45944  -29.334  -38.754  69.536 0.0000000000
67416  -39.330  -22.379  54.527 0.0000000000
67361  -45.338  -21.816  59.812 0.0000000000
68587  -43.575  -21.478  56.750 0.0000000000
69755  -46.095  -20.374  57.656 0.0000000000
72353  -46.052  -18.888  56.530 0.0000000000
71019  -47.834  -19.168  58.906 0.0000000000
47188  -39.779  -37.685  70.349 0.0000000000
48431  -37.446  -37.359  68.901 0.0000000000
49733  -39.717  -36.549  67.837 0.0000000000
54834  -38.625  -31.852  59.751 0.0000000000
53653  -38.513  -33.281  61.601 0.0000000000
54832  -36.646  -32.323  59.467 0.0000000000
63840  -37.100  -25.683  56.346 0.0000000000
75730  -50.921  -15.577  62.872 0.0000000000
80933  -53.292  -11.709  61.199 0.0000000000
77191  -54.368  -14.415  58.379 0.0000000000
75892  -53.351  -14.929  54.903 0.0000000000
77260  -55.667  -14.505  56.028 0.0000000000
79828  -58.860  -12.453  53.248 0.0000000000
55839  -21.275  -31.364  74.168 0.0000000000
53490  -20.072  -32.453  71.595 0.0000000000
54682  -22.724  -32.401  70.920 0.0000000000
49799  -25.892  -35.868  61.945 0.0000000000
52428  -23.644  -34.106  62.666 0.0000000000
51190  -25.596  -35.075  57.672 0.0000000000
52346  -32.621  -34.697  66.421 0.0000000000
51046  -30.148  -35.575  66.110 0.0000000000
51090  -31.855  -34.702  64.168 0.0000000000
63814  -39.989  -25.617  58.073 0.0000000000
66198  -40.786  -23.713  57.944 0.0000000000
65024  -42.110  -24.290  59.763 0.0000000000
65017  -45.246  -24.150  61.402 0.0000000000
66174  -47.024  -23.241  61.774 0.0000000000
52305  -43.251  -34.032  68.048 0.0000000000
49766  -41.966  -35.317  66.708 0.0000000000
52420  -43.730  -33.164  64.509 0.0000000000
54817  -42.150  -31.750  61.108 0.0000000000
56068  -39.663  -30.855  58.427 0.0000000000
57268  -36.378  -30.081  56.173 0.0000000000
57272  -39.801  -29.644  57.421 0.0000000000
61104  -39.521  -27.437  57.975 0.0000000000
79801  -56.693  -12.673  57.495 0.0000000000
83291  -58.301  -8.843  57.556 0.0000000000
50953  -25.092  -35.521  73.538 0.0000000000
50989  -24.233  -34.757  70.427 0.0000000000
48410  -25.023  -36.828  69.840 0.0000000000
48464  -25.864  -37.004  66.329 0.0000000000
48501  -27.037  -36.512  62.737 0.0000000000
67388  -41.754  -22.140  56.330 0.0000000000
74638  -45.440  -15.993  55.617 0.0000000000
75821  -46.297  -14.954  56.933 0.0000000000
45908  -34.300  -39.116  71.790 0.0000000000
45947  -32.244  -39.112  69.789 0.0000000000
45970  -34.735  -38.191  69.819 0.0000000000
51010  -35.258  -35.936  68.219 0.0000000000
52371  -35.126  -34.203  65.475 0.0000000000
52396  -39.708  -34.449  64.515 0.0000000000
52413  -37.135  -34.036  63.745 0.0000000000
52431  -34.387  -34.147  62.640 0.0000000000
63676  -45.383  -25.279  67.534 0.0000000000
47102  -32.520  -37.692  74.451 0.0000000000
49655  -36.921  -36.312  72.143 0.0000000000
52270  -39.062  -34.403  70.972 0.0000000000
67261  -45.560  -23.207  65.434 0.0000000000
66102  -48.560  -22.479  64.678 0.0000000000
67290  -49.470  -21.492  63.779 0.0000000000
69656  -50.385  -20.067  65.546 0.0000000000
69705  -50.231  -19.916  62.600 0.0000000000
73419  -49.589  -17.354  60.325 0.0000000000
75780  -48.864  -15.576  59.803 0.0000000000
78545  -47.918  -13.396  58.317 0.0000000000
80915  -50.775  -11.678  63.169 0.0000000000
79774  -50.236  -12.252  59.042 0.0000000000
77231  -50.302  -13.772  55.871 0.0000000000
75890  -51.680  -15.015  54.334 0.0000000000
78595  -57.579  -13.702  55.146 0.0000000000
50976  -19.425  -34.900  71.595 0.0000000000
51085  -20.128  -35.209  64.254 0.0000000000
52341  -22.949  -33.573  66.845 0.0000000000
53620  -21.566  -33.728  63.350 0.0000000000
45986  -29.981  -38.234  66.689 0.0000000000
49775  -28.504  -36.400  63.902 0.0000000000
48553  -29.750  -36.271  60.223 0.0000000000
47356  -31.490  -38.158  60.579 0.0000000000
59663  -44.673  -28.396  64.104 0.0000000000
61018  -45.215  -27.464  63.912 0.0000000000
60999  -46.152  -27.311  64.969 0.0000000000
58352  -45.506  -29.582  65.844 0.0000000000
57172  -45.224  -30.765  64.738 0.0000000000
58370  -44.759  -29.517  64.466 0.0000000000
58400  -43.353  -29.446  62.730 0.0000000000
77292  -47.402  -14.959  53.758 0.0000000000
75886  -48.004  -15.041  53.648 0.0000000000
75928  -49.442  -15.158  52.333 0.0000000000
75887  -48.702  -15.013  53.847 0.0000000000
47151  -29.967  -38.555  72.626 0.0000000000
47167  -28.676  -38.238  71.537 0.0000000000
45903  -30.091  -38.905  70.904 0.0000000000
66235  -37.027  -23.385  54.801 0.0000000000
67397  -38.414  -23.175  55.524 0.0000000000
67363  -46.755  -21.626  60.707 0.0000000000
68549  -45.577  -21.410  59.042 0.0000000000
69724  -47.147  -20.436  59.469 0.0000000000
69756  -46.823  -20.039  57.929 0.0000000000
69725  -47.547  -20.210  59.704 0.0000000000
48398  -40.246  -37.017  70.116 0.0000000000
47233  -40.139  -37.481  68.970 0.0000000000
48456  -40.927  -36.754  68.148 0.0000000000
56042  -38.170  -31.531  58.938 0.0000000000
54833  -37.599  -32.086  59.625 0.0000000000
56040  -36.225  -31.955  58.856 0.0000000000
54858  -35.024  -32.120  58.835 0.0000000000
65050  -37.695  -24.892  56.438 0.0000000000
63860  -36.029  -25.442  55.526 0.0000000000
66220  -36.760  -24.175  55.487 0.0000000000
78510  -54.594  -13.242  60.167 0.0000000000
77192  -55.172  -14.487  58.664 0.0000000000
75824  -55.203  -14.777  57.427 0.0000000000
75804  -56.002  -14.695  58.012 0.0000000000
54635  -22.636  -32.019  74.260 0.0000000000
54649  -21.800  -31.576  72.979 0.0000000000
54651  -23.287  -32.556  72.658 0.0000000000
49813  -26.650  -35.627  60.609 0.0000000000
51149  -25.937  -35.046  59.756 0.0000000000
51166  -27.062  -35.526  57.902 0.0000000000
49916  -27.633  -36.296  56.155 0.0000000000
48628  -29.168  -36.907  56.431 0.0000000000
52369  -33.048  -34.549  65.584 0.0000000000
52368  -32.167  -34.562  65.710 0.0000000000
51091  -32.706  -34.644  63.903 0.0000000000
62434  -41.251  -26.349  59.553 0.0000000000
63789  -41.542  -25.231  59.702 0.0000000000
63790  -42.222  -25.229  60.472 0.0000000000
62418  -46.275  -25.550  62.417 0.0000000000
63783  -44.518  -25.025  61.558 0.0000000000
63785  -46.039  -24.754  62.035 0.0000000000
66173  -45.935  -23.297  61.281 0.0000000000
65006  -47.215  -24.127  62.110 0.0000000000
53543  -43.892  -32.898  67.591 0.0000000000
51080  -43.728  -34.594  66.149 0.0000000000
52403  -44.853  -33.143  65.323 0.0000000000
54839  -43.321  -31.237  61.239 0.0000000000
54818  -43.149  -31.676  61.574 0.0000000000
54838  -42.716  -31.245  60.737 0.0000000000
56044  -40.245  -31.155  59.249 0.0000000000
56069  -40.576  -30.588  58.882 0.0000000000
57255  -39.628  -30.178  57.580 0.0000000000
57257  -40.805  -29.901  58.565 0.0000000000
59725  -41.718  -28.354  60.064 0.0000000000
59743  -40.645  -28.124  58.638 0.0000000000
61089  -41.060  -27.388  59.232 0.0000000000
62445  -40.062  -26.439  58.332 0.0000000000
49644  -25.399  -36.270  73.304 0.0000000000
49654  -25.234  -36.118  72.325 0.0000000000
48382  -25.392  -36.741  71.809 0.0000000000
47246  -27.601  -38.195  67.536 0.0000000000
47220  -26.410  -37.329  67.717 0.0000000000
47257  -26.762  -38.075  66.247 0.0000000000
47272  -26.530  -37.853  64.617 0.0000000000
47273  -27.196  -38.137  64.751 0.0000000000
66199  -41.794  -23.034  57.868 0.0000000000
67377  -41.316  -22.739  57.138 0.0000000000
67378  -42.253  -22.332  57.237 0.0000000000
68599  -43.661  -20.763  56.102 0.0000000000
67402  -42.773  -21.301  55.772 0.0000000000
69771  -42.937  -20.254  54.795 0.0000000000
72355  -46.944  -17.792  57.235 0.0000000000
72366  -45.986  -17.586  56.150 0.0000000000
73479  -46.320  -17.094  56.654 0.0000000000
74627  -45.751  -15.786  56.050 0.0000000000
74616  -46.436  -15.867  57.240 0.0000000000
44679  -35.463  -39.138  71.615 0.0000000000
45927  -34.342  -39.186  70.938 0.0000000000
45929  -36.208  -38.936  70.565 0.0000000000
49731  -37.645  -36.278  68.046 0.0000000000
49705  -36.110  -36.431  68.428 0.0000000000
51053  -36.364  -34.952  67.024 0.0000000000
51052  -35.195  -35.007  67.182 0.0000000000
52350  -36.666  -34.523  66.193 0.0000000000
52398  -41.712  -33.730  64.488 0.0000000000
51093  -40.315  -34.558  64.889 0.0000000000
52416  -40.154  -33.846  63.663 0.0000000000
53652  -37.456  -33.713  61.530 0.0000000000
52434  -37.901  -34.129  62.827 0.0000000000
52445  -36.545  -33.967  62.064 0.0000000000
52432  -35.729  -33.808  62.774 0.0000000000
58487  -36.546  -28.996  55.804 0.0000000000
50970  -38.048  -35.415  71.494 0.0000000000
55901  -41.818  -31.338  69.570 0.0000000000
64941  -44.826  -24.353  66.449 0.0000000000
67228  -47.182  -21.708  66.702 0.0000000000
67248  -48.490  -21.865  65.821 0.0000000000
66119  -48.969  -22.180  64.409 0.0000000000
66086  -49.299  -21.595  65.487 0.0000000000
70927  -51.274  -19.115  64.680 0.0000000000
69684  -51.015  -20.016  63.995 0.0000000000
70959  -51.156  -18.847  63.273 0.0000000000
70988  -50.583  -18.881  61.650 0.0000000000
72243  -50.971  -17.913  62.634 0.0000000000
77125  -50.430  -14.346  62.104 0.0000000000
75757  -49.957  -15.621  61.080 0.0000000000
77142  -49.499  -14.614  60.737 0.0000000000
77190  -47.966  -14.588  59.123 0.0000000000
79755  -48.989  -13.248  59.483 0.0000000000
82043  -51.746  -10.614  64.462 0.0000000000
79776  -52.823  -12.375  58.726 0.0000000000
80959  -51.881  -11.640  60.046 0.0000000000
79790  -51.945  -12.510  57.758 0.0000000000
78560  -50.034  -12.731  57.315 0.0000000000
77232  -51.382  -14.033  55.986 0.0000000000
75865  -50.966  -14.736  54.776 0.0000000000
75866  -51.840  -14.866  55.059 0.0000000000
75914  -53.857  -14.615  54.397 0.0000000000
75913  -53.094  -14.821  54.076 0.0000000000
77305  -53.822  -13.885  53.046 0.0000000000
81005  -56.959  -11.998  55.888 0.0000000000
78587  -57.523  -13.727  56.255 0.0000000000
81006  -57.593  -12.683  55.683 0.0000000000
53533  -20.551  -33.017  69.087 0.0000000000
52281  -20.105  -33.541  69.404 0.0000000000
52315  -20.219  -33.731  67.723 0.0000000000
51044  -19.790  -34.914  66.553 0.0000000000
52340  -20.214  -34.354  65.860 0.0000000000
51009  -23.898  -35.036  68.388 0.0000000000
52316  -23.709  -34.286  68.837 0.0000000000
51045  -23.725  -34.862  66.354 0.0000000000
53637  -23.034  -33.559  63.521 0.0000000000
47371  -23.761  -38.271  58.251 0.0000000000
47224  -32.304  -38.359  68.704 0.0000000000
45967  -31.512  -38.759  68.568 0.0000000000
47248  -30.992  -38.011  67.492 0.0000000000
51088  -29.572  -35.352  64.355 0.0000000000
49764  -29.296  -36.107  65.168 0.0000000000
51087  -28.997  -35.718  63.840 0.0000000000
49791  -28.215  -35.899  62.262 0.0000000000
49801  -29.545  -35.596  61.215 0.0000000000
47365  -31.385  -38.239  59.596 0.0000000000
61058  -42.386  -27.384  61.980 0.0000000000
62426  -42.924  -25.910  61.722 0.0000000000
61060  -43.666  -26.823  62.886 0.0000000000
62399  -45.910  -26.321  63.035 0.0000000000
62379  -46.513  -26.169  63.581 0.0000000000
55963  -45.301  -31.407  66.411 0.0000000000
53633  -45.299  -32.645  65.180 0.0000000000
56008  -45.463  -31.631  64.034 0.0000000000
56025  -44.413  -31.354  62.297 0.0000000000
57226  -43.073  -30.679  60.911 0.0000000000
58451  -41.902  -29.958  59.617 0.0000000000
58422  -42.652  -29.760  60.685 0.0000000000
59711  -42.449  -28.952  61.356 0.0000000000
75954  -51.004  -14.871  51.673 0.0000000000
47132  -27.148  -37.869  73.507 0.0000000000
47147  -26.345  -37.507  71.494 0.0000000000
47166  -27.747  -38.037  71.340 0.0000000000
47201  -28.352  -38.305  69.583 0.0000000000
45976  -28.610  -38.558  67.853 0.0000000000
67360  -44.455  -22.198  59.500 0.0000000000
67379  -43.326  -22.048  57.387 0.0000000000
68571  -44.601  -21.508  57.893 0.0000000000
68589  -45.193  -21.007  57.439 0.0000000000
69761  -45.082  -20.340  56.636 0.0000000000
71053  -45.051  -19.364  55.957 0.0000000000
71047  -46.411  -19.374  57.114 0.0000000000
71039  -47.214  -19.382  57.985 0.0000000000
72312  -47.960  -18.340  58.759 0.0000000000
45911  -38.161  -38.307  70.954 0.0000000000
45952  -37.639  -38.691  70.100 0.0000000000
47206  -38.947  -38.357  69.542 0.0000000000
48453  -38.783  -37.132  68.471 0.0000000000
51032  -38.859  -36.013  67.375 0.0000000000
54803  -40.340  -32.383  61.572 0.0000000000
53654  -39.458  -33.013  62.020 0.0000000000
54801  -38.591  -32.796  60.936 0.0000000000
54812  -37.015  -32.816  60.053 0.0000000000
53675  -35.643  -33.229  59.955 0.0000000000
53674  -34.858  -33.271  59.809 0.0000000000
54830  -34.525  -32.746  59.252 0.0000000000
62466  -36.917  -26.939  56.410 0.0000000000
63859  -35.456  -25.900  55.174 0.0000000000
74533  -51.419  -16.740  64.719 0.0000000000
74562  -51.248  -16.913  63.313 0.0000000000
75697  -51.353  -15.504  64.619 0.0000000000
77092  -50.893  -14.689  63.672 0.0000000000
78473  -50.413  -13.320  63.207 0.0000000000
82036  -53.188  -10.483  64.102 0.0000000000
80906  -53.094  -11.372  63.024 0.0000000000
79711  -53.815  -12.018  61.630 0.0000000000
79777  -53.619  -13.096  58.918 0.0000000000
77209  -53.320  -14.372  57.255 0.0000000000
77258  -52.640  -14.686  56.000 0.0000000000
77235  -53.658  -14.753  56.899 0.0000000000
75869  -54.641  -14.759  56.032 0.0000000000
77279  -55.576  -14.283  55.114 0.0000000000
82203  -56.765  -10.563  53.801 0.0000000000
81039  -57.811  -11.465  54.064 0.0000000000
82205  -58.348  -11.123  53.412 0.0000000000
55837  -19.809  -31.492  75.067 0.0000000000
54647  -19.485  -32.341  73.551 0.0000000000
55868  -20.576  -31.621  73.023 0.0000000000
54681  -21.729  -32.058  71.212 0.0000000000
54714  -21.848  -32.439  69.371 0.0000000000
49774  -24.871  -35.862  64.527 0.0000000000
51086  -23.833  -34.865  64.462 0.0000000000
51117  -24.719  -35.145  62.627 0.0000000000
52451  -24.606  -34.521  60.459 0.0000000000
52487  -24.393  -35.216  57.950 0.0000000000
48612  -24.836  -37.626  57.145 0.0000000000
49914  -25.593  -36.456  56.495 0.0000000000
51026  -32.452  -35.589  67.732 0.0000000000
49724  -30.853  -36.272  67.268 0.0000000000
51048  -31.315  -35.030  66.933 0.0000000000
52387  -31.184  -34.683  65.337 0.0000000000
51109  -31.439  -35.261  63.314 0.0000000000
65039  -39.362  -24.609  57.450 0.0000000000
66209  -39.842  -23.489  56.807 0.0000000000
65041  -40.606  -24.398  58.363 0.0000000000
66191  -41.230  -23.896  58.643 0.0000000000
66184  -43.007  -23.491  59.864 0.0000000000
63782  -43.417  -24.929  61.117 0.0000000000
65015  -43.437  -23.971  60.628 0.0000000000
66185  -43.876  -22.765  59.930 0.0000000000
67340  -44.655  -22.601  60.275 0.0000000000
67342  -46.489  -22.343  61.026 0.0000000000
67343  -47.332  -21.784  61.153 0.0000000000
50992  -42.206  -34.955  68.743 0.0000000000
48458  -41.948  -36.120  67.749 0.0000000000
49756  -42.977  -34.972  66.886 0.0000000000
51096  -42.893  -34.092  65.484 0.0000000000
53627  -41.770  -33.240  63.808 0.0000000000
53645  -43.943  -32.515  63.403 0.0000000000
54797  -42.784  -32.433  62.740 0.0000000000
54795  -41.531  -32.469  62.356 0.0000000000
54815  -40.067  -32.038  60.662 0.0000000000
56043  -39.205  -31.341  59.046 0.0000000000
56083  -38.029  -30.881  57.368 0.0000000000
56097  -36.250  -30.607  56.807 0.0000000000
56099  -38.153  -30.257  56.960 0.0000000000
57270  -38.373  -29.786  56.791 0.0000000000
58475  -38.685  -29.154  56.977 0.0000000000
58463  -41.068  -29.627  58.723 0.0000000000
59781  -39.557  -28.504  57.585 0.0000000000
59780  -38.891  -28.269  57.305 0.0000000000
62455  -38.579  -26.453  57.416 0.0000000000
63812  -38.895  -25.876  57.552 0.0000000000
78550  -56.619  -13.305  58.467 0.0000000000
82108  -57.021  -10.850  59.255 0.0000000000
82133  -57.409  -10.346  57.752 0.0000000000
83301  -57.112  -10.099  56.409 0.0000000000
84539  -57.170  -9.015  55.216 0.0000000000
85671  -56.905  -7.927  53.842 0.0000000000
52223  -24.323  -34.032  74.003 0.0000000000
53491  -23.848  -33.440  72.136 0.0000000000
50977  -24.567  -34.920  71.476 0.0000000000
49676  -24.392  -35.660  69.875 0.0000000000
49701  -24.641  -36.103  68.444 0.0000000000
48397  -25.621  -37.158  70.256 0.0000000000
48425  -25.752  -36.912  68.336 0.0000000000
48472  -25.395  -36.400  65.910 0.0000000000
48479  -25.913  -37.020  64.395 0.0000000000
48500  -26.430  -36.458  62.751 0.0000000000
48551  -27.780  -35.595  60.707 0.0000000000
67386  -40.221  -22.910  56.320 0.0000000000
67399  -40.128  -22.520  55.487 0.0000000000
67389  -42.791  -21.801  56.403 0.0000000000
77252  -46.396  -14.589  55.064 0.0000000000
77228  -46.632  -14.336  56.044 0.0000000000
45887  -32.792  -39.112  72.242 0.0000000000
45905  -31.732  -39.198  71.244 0.0000000000
45926  -33.056  -39.185  70.718 0.0000000000
45948  -33.462  -38.899  70.048 0.0000000000
48427  -33.769  -37.383  68.842 0.0000000000
47228  -35.971  -37.790  69.592 0.0000000000
48428  -34.616  -37.229  68.996 0.0000000000
49727  -33.832  -36.210  68.360 0.0000000000
51051  -34.084  -35.092  67.178 0.0000000000
52348  -34.614  -34.642  66.347 0.0000000000
52391  -34.517  -34.054  64.568 0.0000000000
49753  -40.861  -36.011  67.251 0.0000000000
51056  -40.363  -35.622  66.556 0.0000000000
51074  -38.666  -35.001  65.742 0.0000000000
52435  -38.933  -34.100  63.066 0.0000000000
52414  -38.257  -34.281  63.693 0.0000000000
52373  -37.327  -34.390  65.469 0.0000000000
53610  -36.228  -33.880  64.341 0.0000000000
52411  -35.041  -33.829  63.635 0.0000000000
57267  -35.400  -30.212  56.254 0.0000000000
60956  -45.890  -27.869  67.325 0.0000000000
63678  -46.137  -26.495  66.695 0.0000000000
55820  -20.527  -31.248  75.442 0.0000000000
54609  -23.637  -32.547  75.707 0.0000000000
52192  -24.346  -33.833  75.571 0.0000000000
50931  -25.132  -34.981  75.468 0.0000000000
47116  -27.644  -37.982  74.715 0.0000000000
47117  -28.973  -38.281  74.586 0.0000000000
47119  -31.307  -38.543  74.020 0.0000000000
45856  -32.172  -38.560  73.550 0.0000000000
45872  -33.594  -38.596  72.996 0.0000000000
45873  -34.269  -38.325  72.887 0.0000000000
45875  -35.711  -37.973  72.396 0.0000000000
48360  -36.004  -36.889  72.624 0.0000000000
45892  -37.229  -38.207  71.395 0.0000000000
47156  -38.438  -37.452  71.133 0.0000000000
49667  -39.762  -36.290  70.671 0.0000000000
50982  -40.182  -35.459  70.488 0.0000000000
52290  -41.513  -34.387  69.433 0.0000000000
53526  -42.041  -33.435  69.013 0.0000000000
54721  -43.085  -32.575  68.365 0.0000000000
59561  -45.596  -28.578  67.533 0.0000000000
63695  -46.237  -26.235  65.838 0.0000000000
63722  -46.429  -25.254  64.728 0.0000000000
63724  -47.428  -24.669  63.855 0.0000000000
68452  -45.375  -21.687  66.526 0.0000000000
66100  -47.202  -23.275  64.818 0.0000000000
63725  -47.770  -23.971  63.641 0.0000000000
64992  -48.404  -23.488  63.162 0.0000000000
66161  -48.534  -22.374  62.571 0.0000000000
67325  -48.795  -21.452  62.303 0.0000000000
67278  -50.255  -20.916  64.604 0.0000000000
68495  -49.677  -20.743  63.092 0.0000000000
69712  -48.963  -20.074  61.152 0.0000000000
70986  -49.249  -19.510  60.773 0.0000000000
72292  -48.733  -18.215  59.543 0.0000000000
73449  -48.503  -17.735  59.270 0.0000000000
73408  -50.519  -17.091  61.610 0.0000000000
74575  -49.515  -16.431  60.363 0.0000000000
74604  -47.911  -16.358  58.776 0.0000000000
75802  -47.139  -15.123  58.263 0.0000000000
77208  -46.958  -14.237  57.478 0.0000000000
77229  -47.578  -13.786  56.290 0.0000000000
79679  -50.118  -12.531  64.126 0.0000000000
79728  -50.493  -12.514  61.862 0.0000000000
82062  -51.956  -11.216  62.188 0.0000000000
80944  -50.921  -11.802  61.397 0.0000000000
79757  -50.303  -12.304  60.071 0.0000000000
79788  -49.594  -12.571  58.315 0.0000000000
78576  -49.468  -13.188  56.666 0.0000000000
77254  -48.705  -14.055  55.239 0.0000000000
75864  -50.213  -14.717  54.572 0.0000000000
75910  -50.577  -15.221  53.343 0.0000000000
75955  -51.816  -14.706  51.538 0.0000000000
75891  -52.520  -14.970  54.609 0.0000000000
75931  -52.138  -14.822  52.792 0.0000000000
75978  -52.472  -14.302  51.163 0.0000000000
77238  -57.021  -14.089  56.972 0.0000000000
77280  -56.542  -14.141  55.380 0.0000000000
78605  -56.397  -13.752  53.967 0.0000000000
78607  -58.007  -13.341  54.104 0.0000000000
78624  -57.160  -13.364  53.420 0.0000000000
78622  -55.105  -13.169  52.646 0.0000000000
52263  -19.587  -33.801  71.264 0.0000000000
53504  -23.554  -33.162  70.983 0.0000000000
53534  -22.903  -32.887  69.547 0.0000000000
53582  -22.463  -33.266  66.828 0.0000000000
52386  -23.267  -34.143  64.922 0.0000000000
53595  -22.459  -33.471  65.775 0.0000000000
53594  -21.462  -33.393  65.438 0.0000000000
52407  -20.535  -34.591  63.564 0.0000000000
45946  -31.068  -39.125  69.381 0.0000000000
45966  -30.359  -39.080  68.391 0.0000000000
45985  -29.263  -38.351  66.443 0.0000000000
48466  -30.216  -36.947  66.607 0.0000000000
47267  -29.043  -37.760  65.515 0.0000000000
47266  -28.506  -38.035  65.225 0.0000000000
48488  -27.475  -37.203  63.545 0.0000000000
48520  -27.557  -35.808  61.939 0.0000000000
48583  -28.688  -35.964  59.393 0.0000000000
49782  -32.166  -36.190  62.730 0.0000000000
48505  -31.714  -37.240  62.168 0.0000000000
48522  -30.862  -36.963  61.138 0.0000000000
48554  -30.464  -36.844  60.448 0.0000000000
47373  -30.227  -37.111  59.271 0.0000000000
48615  -30.327  -37.452  57.703 0.0000000000
59641  -45.300  -28.406  64.741 0.0000000000
59642  -45.858  -27.954  64.971 0.0000000000
59600  -45.887  -28.645  66.211 0.0000000000
58351  -45.275  -29.678  65.406 0.0000000000
59620  -45.325  -29.043  65.240 0.0000000000
59640  -44.802  -28.918  64.373 0.0000000000
75908  -48.648  -15.239  53.111 0.0000000000
47152  -30.802  -38.771  72.638 0.0000000000
47169  -30.420  -38.848  71.814 0.0000000000
45885  -31.220  -39.058  71.938 0.0000000000
66236  -37.818  -23.167  55.199 0.0000000000
68551  -46.946  -20.871  60.058 0.0000000000
68552  -47.782  -20.618  60.540 0.0000000000
48399  -40.783  -36.641  69.570 0.0000000000
48412  -41.003  -36.819  69.138 0.0000000000
48400  -41.371  -36.353  69.061 0.0000000000
56066  -37.638  -31.268  58.140 0.0000000000
56041  -37.154  -31.704  58.903 0.0000000000
65062  -37.739  -24.580  56.315 0.0000000000
65061  -37.231  -24.881  56.080 0.0000000000
78512  -55.891  -13.091  59.970 0.0000000000
78511  -55.379  -13.207  60.249 0.0000000000
77170  -55.930  -14.161  59.117 0.0000000000
77193  -55.829  -14.541  58.418 0.0000000000
77171  -56.470  -14.218  58.956 0.0000000000
54650  -22.413  -31.861  73.124 0.0000000000
49841  -27.363  -35.709  59.347 0.0000000000
49867  -26.937  -35.554  59.019 0.0000000000
49868  -27.501  -35.740  58.428 0.0000000000
51193  -28.104  -35.914  57.281 0.0000000000
49898  -28.616  -36.220  57.422 0.0000000000
52390  -33.405  -34.380  64.553 0.0000000000
62435  -41.825  -26.258  60.152 0.0000000000
63770  -45.852  -25.240  62.097 0.0000000000
63771  -46.573  -24.835  62.122 0.0000000000
65005  -46.709  -24.288  62.023 0.0000000000
63773  -47.615  -24.936  62.567 0.0000000000
54741  -44.453  -32.440  67.199 0.0000000000
52331  -44.710  -33.354  66.558 0.0000000000
53585  -44.999  -32.807  66.356 0.0000000000
56047  -42.923  -31.006  60.714 0.0000000000
56046  -42.189  -30.894  59.971 0.0000000000
56045  -41.287  -31.071  59.493 0.0000000000
56070  -41.388  -30.689  59.345 0.0000000000
56086  -40.463  -30.195  58.440 0.0000000000
57247  -40.948  -30.268  58.955 0.0000000000
59724  -41.378  -27.893  59.639 0.0000000000
61076  -41.550  -27.258  59.860 0.0000000000
62446  -40.725  -26.384  58.936 0.0000000000
48358  -25.706  -36.871  73.353 0.0000000000
48369  -25.590  -36.597  72.775 0.0000000000
48370  -26.028  -37.168  72.405 0.0000000000
45983  -28.031  -38.474  67.086 0.0000000000
47258  -27.411  -38.292  66.650 0.0000000000
47265  -27.236  -38.347  65.769 0.0000000000
46000  -27.643  -38.346  65.503 0.0000000000
67371  -42.610  -22.680  58.130 0.0000000000
69766  -44.076  -20.280  55.948 0.0000000000
69765  -43.473  -20.120  55.342 0.0000000000
73480  -46.860  -17.027  57.279 0.0000000000
74629  -46.505  -16.485  57.090 0.0000000000
74617  -46.869  -16.431  57.621 0.0000000000
45909  -36.236  -38.902  71.593 0.0000000000
44693  -36.022  -39.245  70.896 0.0000000000
44694  -36.402  -39.074  70.796 0.0000000000
51030  -37.025  -35.634  67.628 0.0000000000
53626  -40.945  -33.309  63.414 0.0000000000
52397  -40.651  -34.121  64.450 0.0000000000
53625  -40.376  -33.387  63.189 0.0000000000
53651  -36.442  -33.761  61.248 0.0000000000
59795  -36.784  -28.436  55.945 0.0000000000
59794  -36.207  -28.316  55.556 0.0000000000
67249  -49.082  -21.528  65.758 0.0000000000
73348  -51.473  -17.724  64.602 0.0000000000
72203  -51.272  -18.478  64.865 0.0000000000
72204  -51.482  -18.448  64.431 0.0000000000
70946  -51.322  -18.958  63.753 0.0000000000
72228  -51.348  -18.321  63.538 0.0000000000
72259  -50.935  -18.373  62.632 0.0000000000
72244  -51.102  -18.319  63.050 0.0000000000
77143  -50.028  -14.536  61.416 0.0000000000
78507  -49.747  -13.854  60.898 0.0000000000
78527  -49.308  -13.700  60.198 0.0000000000
83146  -51.297  -10.070  64.988 0.0000000000
82033  -51.482  -10.449  64.671 0.0000000000
82044  -52.005  -10.512  64.504 0.0000000000
78562  -52.273  -13.313  57.208 0.0000000000
78561  -51.258  -12.927  57.130 0.0000000000
78578  -51.779  -13.658  56.578 0.0000000000
77293  -54.406  -14.075  53.855 0.0000000000
78621  -54.227  -13.480  52.482 0.0000000000
81022  -57.912  -12.302  54.889 0.0000000000
53466  -19.194  -33.110  74.063 0.0000000000
54730  -20.992  -32.739  68.850 0.0000000000
52328  -20.208  -34.115  66.844 0.0000000000
53567  -20.819  -33.298  67.116 0.0000000000
51023  -23.837  -35.057  67.346 0.0000000000
49747  -23.963  -35.525  66.652 0.0000000000
48580  -22.815  -37.458  58.975 0.0000000000
47250  -32.463  -37.879  68.523 0.0000000000
47249  -31.720  -38.074  68.127 0.0000000000
51108  -30.383  -35.130  63.451 0.0000000000
51107  -29.479  -35.326  63.277 0.0000000000
51119  -29.250  -35.387  62.472 0.0000000000
51131  -29.706  -35.482  61.822 0.0000000000
61041  -43.297  -27.541  63.031 0.0000000000
61059  -42.935  -27.139  62.521 0.0000000000
61019  -45.855  -27.270  64.055 0.0000000000
61044  -45.702  -26.988  63.557 0.0000000000
62378  -46.067  -26.739  63.525 0.0000000000
57145  -45.438  -30.542  66.410 0.0000000000
55995  -45.513  -31.659  65.153 0.0000000000
55994  -45.520  -31.493  64.713 0.0000000000
57188  -44.610  -30.271  63.739 0.0000000000
57207  -45.023  -31.189  63.156 0.0000000000
57216  -44.106  -30.705  61.952 0.0000000000
56024  -44.160  -31.221  61.819 0.0000000000
58423  -43.067  -30.199  60.929 0.0000000000
58412  -43.297  -30.011  61.398 0.0000000000
59662  -43.912  -28.383  63.617 0.0000000000
58399  -42.903  -29.134  62.437 0.0000000000
59684  -42.830  -28.467  62.653 0.0000000000
59701  -42.380  -28.237  61.926 0.0000000000
47149  -27.947  -38.111  72.461 0.0000000000
47186  -29.292  -38.524  70.595 0.0000000000
47185  -28.438  -38.229  70.548 0.0000000000
45943  -28.853  -38.542  69.475 0.0000000000
45964  -28.813  -38.602  68.915 0.0000000000
67415  -38.271  -22.709  54.762 0.0000000000
67373  -44.347  -21.937  58.601 0.0000000000
67374  -44.969  -21.697  59.077 0.0000000000
68573  -46.158  -20.969  58.528 0.0000000000
68590  -45.722  -20.996  57.946 0.0000000000
69754  -45.477  -20.593  57.228 0.0000000000
69762  -45.926  -19.962  56.866 0.0000000000
71018  -47.448  -19.685  58.632 0.0000000000
71040  -47.692  -18.665  58.297 0.0000000000
45912  -38.860  -38.175  70.723 0.0000000000
45953  -38.547  -38.706  70.018 0.0000000000
45954  -39.271  -38.453  69.930 0.0000000000
48455  -40.277  -36.933  68.294 0.0000000000
48434  -39.671  -37.432  68.698 0.0000000000
48454  -39.401  -37.039  68.381 0.0000000000
49732  -38.720  -36.515  68.017 0.0000000000
49751  -39.305  -36.147  67.426 0.0000000000
54814  -39.052  -32.214  60.499 0.0000000000
54802  -39.338  -32.613  61.222 0.0000000000
54813  -38.002  -32.573  60.408 0.0000000000
54811  -36.258  -32.924  59.815 0.0000000000
54831  -35.614  -32.563  59.385 0.0000000000
62467  -37.257  -26.463  56.611 0.0000000000
62485  -36.596  -26.573  56.116 0.0000000000
63838  -36.098  -26.045  55.703 0.0000000000
75684  -51.127  -15.652  65.297 0.0000000000
74545  -51.484  -16.354  64.082 0.0000000000
78427  -50.810  -14.103  64.835 0.0000000000
77070  -50.977  -14.423  64.386 0.0000000000
77069  -50.727  -14.040  64.259 0.0000000000
77111  -50.599  -14.441  62.983 0.0000000000
77091  -50.591  -13.998  63.848 0.0000000000
82055  -54.455  -10.456  62.644 0.0000000000
84424  -54.124  -9.490  63.156 0.0000000000
82054  -53.984  -10.473  63.237 0.0000000000
80907  -53.839  -10.812  63.238 0.0000000000
79680  -53.583  -11.175  63.209 0.0000000000
79696  -54.128  -11.221  62.699 0.0000000000
78529  -54.504  -13.724  59.408 0.0000000000
78509  -54.207  -13.131  59.959 0.0000000000
78548  -54.056  -13.771  58.785 0.0000000000
78547  -53.393  -13.361  58.248 0.0000000000
78564  -53.657  -14.152  58.019 0.0000000000
77210  -53.980  -14.707  57.679 0.0000000000
75870  -55.212  -14.709  56.464 0.0000000000
75845  -54.872  -14.842  56.778 0.0000000000
77259  -54.926  -14.550  55.441 0.0000000000
83351  -56.606  -9.670  53.178 0.0000000000
82204  -57.539  -10.859  53.542 0.0000000000
55838  -20.352  -31.397  74.519 0.0000000000
54634  -19.874  -31.736  73.856 0.0000000000
55854  -20.541  -31.523  73.660 0.0000000000
54667  -22.513  -32.133  71.973 0.0000000000
54666  -21.472  -31.712  72.345 0.0000000000
54697  -21.915  -32.262  70.159 0.0000000000
49789  -25.231  -35.910  63.087 0.0000000000
49780  -24.784  -35.708  63.715 0.0000000000
49798  -25.359  -35.728  62.423 0.0000000000
51164  -25.815  -34.852  58.793 0.0000000000
52452  -25.316  -34.802  60.054 0.0000000000
52463  -25.135  -34.648  59.464 0.0000000000
52477  -24.912  -34.692  58.548 0.0000000000
51214  -25.286  -35.715  56.907 0.0000000000
51215  -26.135  -35.696  56.750 0.0000000000
47413  -28.459  -38.116  55.507 0.0000000000
48641  -27.233  -37.571  55.716 0.0000000000
51050  -33.048  -35.040  67.167 0.0000000000
51049  -32.109  -34.983  67.113 0.0000000000
52388  -31.643  -34.636  65.111 0.0000000000
51089  -30.739  -34.776  64.732 0.0000000000
63813  -39.369  -25.455  57.739 0.0000000000
65040  -40.134  -24.767  57.977 0.0000000000
65023  -41.590  -24.543  59.443 0.0000000000
65030  -41.073  -24.488  58.928 0.0000000000
65031  -41.658  -24.204  59.294 0.0000000000
66192  -41.937  -23.619  58.915 0.0000000000
66183  -42.340  -23.781  59.533 0.0000000000
62427  -43.760  -25.452  61.678 0.0000000000
65016  -44.251  -24.138  61.048 0.0000000000
66170  -43.429  -23.593  60.352 0.0000000000
66171  -43.904  -23.366  60.504 0.0000000000
66172  -44.928  -23.327  60.916 0.0000000000
66175  -47.739  -22.429  61.849 0.0000000000
52292  -42.713  -34.183  68.419 0.0000000000
51012  -42.945  -35.020  67.866 0.0000000000
51013  -43.334  -34.584  67.537 0.0000000000
52401  -44.024  -33.560  65.185 0.0000000000
51097  -43.697  -34.083  65.707 0.0000000000
52400  -43.691  -33.632  65.138 0.0000000000
53613  -42.379  -33.411  64.366 0.0000000000
53628  -42.734  -32.980  63.994 0.0000000000
54798  -44.820  -32.009  63.160 0.0000000000
53646  -44.751  -32.388  63.660 0.0000000000
53658  -44.507  -32.119  63.045 0.0000000000
54806  -42.949  -32.196  62.287 0.0000000000
54805  -42.286  -32.121  61.896 0.0000000000
54796  -42.285  -32.421  62.583 0.0000000000
54804  -41.398  -32.165  61.648 0.0000000000
54816  -41.120  -31.865  60.857 0.0000000000
56067  -38.682  -31.129  58.164 0.0000000000
56084  -39.080  -30.513  57.510 0.0000000000
57271  -39.321  -29.862  57.211 0.0000000000
56100  -38.751  -30.103  57.108 0.0000000000
58474  -37.808  -29.169  56.519 0.0000000000
58450  -41.603  -29.644  59.303 0.0000000000
58464  -41.328  -29.896  59.023 0.0000000000
59742  -40.251  -28.115  58.290 0.0000000000
59764  -40.410  -28.473  58.201 0.0000000000
59762  -39.342  -27.989  57.713 0.0000000000
61123  -38.102  -27.244  57.051 0.0000000000
61103  -38.933  -27.325  57.593 0.0000000000
62457  -39.713  -25.999  57.966 0.0000000000
65052  -38.823  -24.971  57.263 0.0000000000
83290  -57.905  -9.547  58.017 0.0000000000
82152  -57.197  -10.473  57.136 0.0000000000
83303  -58.348  -8.696  56.787 0.0000000000
84541  -58.310  -8.172  55.823 0.0000000000
85631  -58.014  -7.717  55.042 0.0000000000
84550  -57.320  -8.427  54.854 0.0000000000
85648  -57.446  -7.736  54.474 0.0000000000
50940  -24.572  -34.585  74.194 0.0000000000
52238  -24.370  -34.138  72.966 0.0000000000
50964  -24.962  -35.095  72.566 0.0000000000
49665  -24.987  -36.276  71.300 0.0000000000
49664  -24.645  -35.634  70.842 0.0000000000
49677  -24.759  -36.313  70.344 0.0000000000
49690  -24.656  -36.249  69.388 0.0000000000
47165  -26.953  -37.782  70.994 0.0000000000
47164  -26.276  -37.480  70.618 0.0000000000
47182  -26.277  -37.369  69.659 0.0000000000
47244  -26.355  -37.498  66.753 0.0000000000
48449  -25.864  -36.871  67.335 0.0000000000
48463  -25.303  -36.350  66.929 0.0000000000
48478  -25.442  -36.449  64.905 0.0000000000
48473  -25.877  -37.183  65.289 0.0000000000
47307  -26.859  -37.043  63.367 0.0000000000
47306  -26.553  -37.071  63.608 0.0000000000
48519  -27.071  -35.873  61.824 0.0000000000
66210  -40.607  -23.071  56.910 0.0000000000
67387  -40.863  -22.542  56.281 0.0000000000
67400  -41.160  -22.112  55.402 0.0000000000
67380  -44.032  -21.898  57.865 0.0000000000
68608  -42.772  -20.774  54.955 0.0000000000
72365  -45.589  -18.396  55.965 0.0000000000
73492  -45.417  -17.056  55.647 0.0000000000
75842  -45.980  -15.089  56.031 0.0000000000
45888  -33.596  -38.990  72.363 0.0000000000
45906  -32.548  -39.220  71.420 0.0000000000
45907  -33.456  -39.186  71.586 0.0000000000
45949  -34.561  -38.687  70.228 0.0000000000
45969  -33.796  -38.461  69.571 0.0000000000
47226  -34.163  -37.878  69.299 0.0000000000
47204  -37.346  -38.357  69.714 0.0000000000
47203  -36.571  -38.227  69.830 0.0000000000
47229  -36.965  -37.843  69.404 0.0000000000
51011  -35.557  -36.098  68.287 0.0000000000
48429  -35.548  -37.134  69.037 0.0000000000
49704  -35.036  -36.413  68.554 0.0000000000
49703  -34.186  -36.709  68.666 0.0000000000
49728  -34.413  -36.237  68.428 0.0000000000
51027  -33.472  -35.599  67.869 0.0000000000
51028  -34.631  -35.695  68.028 0.0000000000
52349  -35.690  -34.510  66.312 0.0000000000
52370  -34.046  -34.423  65.494 0.0000000000
49755  -42.118  -35.469  67.038 0.0000000000
49754  -41.448  -35.726  66.967 0.0000000000
49765  -41.346  -35.596  66.821 0.0000000000
51075  -39.936  -35.032  65.527 0.0000000000
52375  -39.038  -34.770  65.028 0.0000000000
53639  -38.787  -33.729  62.360 0.0000000000
52394  -37.714  -34.295  64.499 0.0000000000
52393  -36.661  -34.025  64.564 0.0000000000
53624  -36.458  -33.887  64.101 0.0000000000
52412  -36.155  -33.772  63.682 0.0000000000
55819  -19.763  -31.376  75.725 0.0000000000
53441  -24.337  -33.289  76.158 0.0000000000
48348  -27.085  -37.642  75.032 0.0000000000
45843  -32.295  -38.190  73.961 0.0000000000
45857  -32.839  -38.338  73.514 0.0000000000
45845  -32.868  -37.767  73.995 0.0000000000
45890  -35.016  -38.575  72.372 0.0000000000
50958  -36.602  -35.592  72.530 0.0000000000
49646  -36.334  -36.305  72.567 0.0000000000
48361  -36.580  -36.972  72.278 0.0000000000
47154  -36.587  -37.682  71.963 0.0000000000
48372  -37.240  -37.036  71.743 0.0000000000
47155  -37.835  -37.722  71.304 0.0000000000
48373  -38.071  -37.031  71.316 0.0000000000
50980  -38.697  -35.098  71.195 0.0000000000
50971  -38.752  -35.784  71.185 0.0000000000
50981  -39.376  -35.455  70.893 0.0000000000
52271  -39.923  -34.462  70.563 0.0000000000
52289  -40.985  -34.160  69.828 0.0000000000
53525  -41.421  -33.373  69.465 0.0000000000
54706  -41.956  -32.446  69.219 0.0000000000
55902  -42.526  -31.592  69.007 0.0000000000
57107  -42.909  -31.080  68.760 0.0000000000
55915  -43.382  -31.792  68.217 0.0000000000
63677  -45.803  -25.999  67.099 0.0000000000
63693  -45.562  -25.361  66.631 0.0000000000
66097  -44.795  -23.932  65.961 0.0000000000
64943  -45.823  -24.759  65.347 0.0000000000
64961  -46.340  -24.771  64.811 0.0000000000
63723  -46.683  -25.274  64.368 0.0000000000
66115  -46.670  -24.336  64.619 0.0000000000
67264  -48.133  -22.358  65.456 0.0000000000
67246  -46.947  -22.173  65.916 0.0000000000
66101  -47.888  -22.933  64.755 0.0000000000
64944  -47.760  -23.334  64.416 0.0000000000
64964  -48.127  -23.345  64.029 0.0000000000
64977  -47.977  -24.025  63.250 0.0000000000
64965  -48.506  -22.913  64.040 0.0000000000
66133  -48.990  -22.240  63.829 0.0000000000
66148  -49.043  -21.934  63.404 0.0000000000
67306  -48.912  -21.869  62.906 0.0000000000
70918  -50.664  -19.368  65.444 0.0000000000
67251  -50.142  -20.795  65.486 0.0000000000
68461  -50.433  -20.447  65.337 0.0000000000
69694  -50.806  -19.889  63.527 0.0000000000
68481  -50.759  -20.403  64.068 0.0000000000
69704  -49.800  -20.145  62.320 0.0000000000
68531  -49.208  -20.548  61.966 0.0000000000
69713  -49.602  -20.031  61.744 0.0000000000
72275  -50.360  -18.407  61.210 0.0000000000
72274  -49.516  -18.335  60.410 0.0000000000
74554  -51.269  -16.351  63.443 0.0000000000
74561  -51.055  -16.747  62.748 0.0000000000
75744  -50.883  -16.169  62.238 0.0000000000
75756  -49.333  -15.379  60.439 0.0000000000
74587  -48.980  -16.395  59.694 0.0000000000
74586  -48.393  -16.335  59.255 0.0000000000
75803  -47.747  -15.461  58.836 0.0000000000
75779  -48.243  -15.309  59.359 0.0000000000
78546  -48.294  -13.515  59.022 0.0000000000
77189  -47.510  -14.185  58.491 0.0000000000
78558  -47.665  -13.456  57.711 0.0000000000
78574  -47.491  -13.565  57.082 0.0000000000
80903  -50.560  -11.599  63.901 0.0000000000
80892  -50.196  -11.595  64.431 0.0000000000
79694  -50.376  -12.434  63.512 0.0000000000
79710  -50.477  -12.476  62.732 0.0000000000
80918  -53.170  -11.517  62.117 0.0000000000
80917  -52.416  -11.265  62.508 0.0000000000
80932  -52.349  -11.301  61.684 0.0000000000
80972  -51.118  -11.835  59.552 0.0000000000
80958  -50.990  -11.818  60.485 0.0000000000
79743  -50.393  -12.438  60.978 0.0000000000
79756  -49.587  -12.800  59.774 0.0000000000
77230  -49.031  -13.652  55.965 0.0000000000
77255  -49.995  -14.234  55.161 0.0000000000
77277  -49.470  -14.511  54.705 0.0000000000
75889  -50.795  -15.071  54.151 0.0000000000
75911  -51.509  -15.099  53.502 0.0000000000
75930  -51.294  -15.040  52.544 0.0000000000
75843  -53.293  -14.770  56.160 0.0000000000
75867  -52.754  -14.886  55.444 0.0000000000
75957  -53.265  -14.218  52.841 0.0000000000
75932  -52.852  -14.574  53.220 0.0000000000
75956  -52.767  -14.421  52.173 0.0000000000
79793  -56.716  -13.175  57.760 0.0000000000
77214  -57.111  -13.980  57.813 0.0000000000
78580  -57.176  -13.706  57.078 0.0000000000
77281  -57.003  -14.075  55.745 0.0000000000
78594  -56.883  -13.904  54.661 0.0000000000
77295  -56.199  -14.059  54.685 0.0000000000
81040  -58.609  -12.032  53.778 0.0000000000
81023  -58.395  -12.625  54.372 0.0000000000
79827  -58.547  -12.915  54.005 0.0000000000
79846  -56.878  -12.987  52.603 0.0000000000
78623  -56.140  -13.330  53.088 0.0000000000
54664  -19.654  -32.396  72.816 0.0000000000
53489  -19.622  -32.923  72.075 0.0000000000
53501  -19.812  -32.976  71.295 0.0000000000
52299  -19.828  -34.270  69.162 0.0000000000
52280  -19.786  -33.913  70.151 0.0000000000
51021  -19.630  -35.287  67.534 0.0000000000
51069  -19.720  -35.411  65.517 0.0000000000
49761  -19.717  -36.088  64.741 0.0000000000
49772  -20.064  -36.459  63.922 0.0000000000
52264  -24.034  -34.098  71.280 0.0000000000
52282  -23.819  -33.903  70.495 0.0000000000
53553  -23.392  -33.743  68.451 0.0000000000
53535  -23.390  -33.566  69.183 0.0000000000
53570  -23.167  -33.594  67.787 0.0000000000
53569  -22.573  -33.119  67.673 0.0000000000
53583  -22.939  -33.471  67.206 0.0000000000
51104  -24.187  -34.967  63.430 0.0000000000
52409  -23.537  -34.133  63.897 0.0000000000
53636  -22.460  -33.673  62.963 0.0000000000
53622  -22.902  -33.560  64.354 0.0000000000
53621  -22.217  -33.407  63.865 0.0000000000
53608  -22.178  -33.340  64.800 0.0000000000
53607  -21.228  -33.617  64.376 0.0000000000
52385  -20.911  -34.011  63.641 0.0000000000
48613  -25.384  -38.044  56.823 0.0000000000
47381  -24.853  -38.550  57.499 0.0000000000
45925  -32.217  -39.245  70.677 0.0000000000
45924  -31.470  -39.224  70.353 0.0000000000
45978  -30.417  -38.587  67.419 0.0000000000
45977  -29.445  -38.812  67.540 0.0000000000
51024  -31.023  -35.497  67.157 0.0000000000
49750  -30.289  -36.070  66.547 0.0000000000
48481  -28.844  -36.901  64.841 0.0000000000
48474  -29.375  -36.968  65.666 0.0000000000
47275  -28.528  -37.615  64.861 0.0000000000
47274  -27.935  -37.855  64.499 0.0000000000
48489  -27.901  -37.027  63.563 0.0000000000
49800  -28.641  -35.562  61.448 0.0000000000
48521  -27.949  -35.865  62.064 0.0000000000
48552  -28.660  -35.620  60.635 0.0000000000
48584  -29.678  -36.500  59.581 0.0000000000
48491  -32.482  -37.498  62.725 0.0000000000
48490  -32.002  -36.799  62.591 0.0000000000
48506  -32.161  -37.938  62.453 0.0000000000
46056  -32.026  -38.785  61.497 0.0000000000
47334  -31.529  -37.890  61.445 0.0000000000
47333  -31.214  -37.445  61.221 0.0000000000
47355  -31.075  -37.492  60.759 0.0000000000
47375  -31.322  -38.364  58.637 0.0000000000
47374  -30.645  -37.675  58.912 0.0000000000
48603  -30.427  -37.455  58.328 0.0000000000
47383  -30.854  -37.892  57.998 0.0000000000
61017  -44.579  -27.638  63.788 0.0000000000
59664  -45.271  -27.831  64.251 0.0000000000
60998  -45.904  -27.538  64.648 0.0000000000
58334  -45.612  -29.612  66.389 0.0000000000
57173  -45.408  -31.080  65.169 0.0000000000
57156  -45.281  -30.409  65.444 0.0000000000
57171  -44.886  -30.355  64.360 0.0000000000
58385  -44.038  -29.322  63.621 0.0000000000
77274  -46.672  -14.831  54.054 0.0000000000
77291  -47.079  -15.024  53.583 0.0000000000
75907  -47.662  -15.204  53.176 0.0000000000
75927  -48.456  -15.198  52.321 0.0000000000
75952  -49.208  -15.000  51.481 0.0000000000
75909  -49.591  -15.217  53.213 0.0000000000
47150  -28.989  -38.358  72.582 0.0000000000
47168  -29.582  -38.538  71.676 0.0000000000
45922  -29.887  -38.900  70.091 0.0000000000
67398  -39.127  -22.829  55.431 0.0000000000
67362  -46.209  -21.682  60.324 0.0000000000
68550  -46.159  -21.273  59.462 0.0000000000
68574  -46.567  -20.844  59.168 0.0000000000
69738  -46.436  -20.574  58.280 0.0000000000
69739  -46.943  -20.304  58.734 0.0000000000
69740  -47.569  -19.799  59.072 0.0000000000
71002  -47.989  -19.656  59.598 0.0000000000
47208  -40.004  -37.804  69.682 0.0000000000
47209  -40.388  -37.232  69.638 0.0000000000
47251  -40.612  -37.051  68.581 0.0000000000
48467  -40.823  -36.570  67.810 0.0000000000
56039  -35.638  -32.070  58.862 0.0000000000
56064  -35.594  -31.612  58.326 0.0000000000
56063  -34.586  -31.695  58.223 0.0000000000
63825  -37.670  -25.471  56.649 0.0000000000
63839  -36.585  -25.618  55.967 0.0000000000
65060  -36.333  -24.753  55.541 0.0000000000
79713  -54.658  -11.369  61.966 0.0000000000
79712  -54.337  -11.815  61.801 0.0000000000
78494  -54.875  -12.916  60.664 0.0000000000
77169  -55.072  -14.023  59.518 0.0000000000
78549  -54.623  -14.168  58.991 0.0000000000
77211  -54.778  -14.696  57.914 0.0000000000
75847  -55.860  -14.648  57.154 0.0000000000
55840  -21.986  -31.509  73.794 0.0000000000
55855  -21.308  -31.490  73.238 0.0000000000
49812  -26.219  -35.622  61.073 0.0000000000
51128  -25.609  -35.399  61.329 0.0000000000
49839  -26.248  -35.439  60.374 0.0000000000
51150  -26.461  -35.210  59.149 0.0000000000
51191  -26.671  -35.440  57.434 0.0000000000
51216  -27.090  -35.774  56.673 0.0000000000
51217  -27.905  -35.905  56.777 0.0000000000
49917  -28.557  -36.440  56.494 0.0000000000
48644  -29.588  -37.645  55.950 0.0000000000
52389  -32.469  -34.562  64.859 0.0000000000
63800  -40.457  -25.413  58.605 0.0000000000
63801  -40.975  -25.562  59.189 0.0000000000
62417  -45.401  -25.888  62.384 0.0000000000
63769  -45.101  -25.402  62.016 0.0000000000
63784  -45.498  -24.784  61.841 0.0000000000
65018  -46.223  -24.156  61.866 0.0000000000
65019  -46.800  -23.969  61.961 0.0000000000
66159  -47.435  -23.614  62.074 0.0000000000
53542  -43.662  -33.292  67.753 0.0000000000
51034  -44.015  -34.282  67.005 0.0000000000
52330  -44.427  -33.693  66.793 0.0000000000
52376  -44.473  -33.684  65.900 0.0000000000
52421  -44.319  -33.193  64.775 0.0000000000
54820  -44.094  -31.558  62.147 0.0000000000
53668  -43.905  -31.660  62.093 0.0000000000
54837  -41.799  -31.367  60.286 0.0000000000
56085  -39.922  -30.361  58.065 0.0000000000
57256  -40.082  -29.886  57.778 0.0000000000
59744  -41.316  -28.505  59.288 0.0000000000
61087  -40.055  -27.515  58.337 0.0000000000
62444  -39.721  -26.967  58.159 0.0000000000
61088  -40.480  -27.174  58.731 0.0000000000
50965  -25.301  -35.768  72.935 0.0000000000
48396  -25.149  -36.838  70.814 0.0000000000
47222  -27.569  -38.048  68.422 0.0000000000
47199  -26.994  -37.591  69.024 0.0000000000
47221  -26.979  -37.723  68.075 0.0000000000
47245  -26.895  -37.927  67.156 0.0000000000
47256  -26.262  -37.671  65.835 0.0000000000
47263  -26.255  -37.759  65.122 0.0000000000
47264  -26.664  -38.090  65.360 0.0000000000
47284  -26.765  -37.590  63.981 0.0000000000
47285  -27.258  -37.437  63.751 0.0000000000
68594  -44.168  -20.910  56.509 0.0000000000
68593  -43.332  -21.157  56.217 0.0000000000
68598  -43.174  -20.739  55.552 0.0000000000
72354  -46.358  -18.270  56.677 0.0000000000
73493  -45.930  -17.059  56.102 0.0000000000
74639  -45.817  -16.496  56.121 0.0000000000
74628  -46.061  -15.971  56.648 0.0000000000
75822  -46.747  -15.483  57.714 0.0000000000
44678  -34.921  -39.032  71.910 0.0000000000
44691  -34.919  -39.197  71.485 0.0000000000
45928  -35.394  -39.009  70.665 0.0000000000
45950  -35.701  -38.446  70.134 0.0000000000
49707  -37.937  -36.901  68.440 0.0000000000
49706  -37.082  -36.740  68.482 0.0000000000
49730  -36.856  -36.220  68.109 0.0000000000
49729  -36.455  -35.974  68.026 0.0000000000
51029  -35.827  -35.656  67.902 0.0000000000
51095  -42.044  -34.304  65.388 0.0000000000
51076  -41.252  -35.091  66.149 0.0000000000
51094  -40.990  -34.514  65.132 0.0000000000
53638  -38.031  -33.901  62.053 0.0000000000
52446  -37.351  -34.004  62.247 0.0000000000
52433  -36.808  -33.926  62.880 0.0000000000
57281  -36.403  -29.492  55.889 0.0000000000
47103  -33.085  -37.560  74.119 0.0000000000
47104  -33.636  -37.329  73.940 0.0000000000
50969  -37.230  -35.458  72.064 0.0000000000
49656  -37.624  -36.296  71.638 0.0000000000
52256  -37.549  -34.449  71.961 0.0000000000
64887  -44.688  -24.112  67.929 0.0000000000
64923  -45.097  -24.801  66.851 0.0000000000
66072  -44.251  -23.710  67.101 0.0000000000
66083  -44.468  -23.871  66.488 0.0000000000
67244  -44.436  -22.792  66.205 0.0000000000
67247  -47.794  -22.060  66.008 0.0000000000
66084  -48.480  -22.291  65.231 0.0000000000
66085  -48.919  -21.898  65.357 0.0000000000
66103  -49.227  -21.783  65.131 0.0000000000
67265  -49.701  -21.421  64.949 0.0000000000
72191  -50.903  -18.557  65.313 0.0000000000
70926  -51.066  -19.206  65.051 0.0000000000
69665  -51.097  -19.638  64.864 0.0000000000
69674  -51.099  -19.888  64.962 0.0000000000
69675  -51.118  -19.679  64.590 0.0000000000
69695  -51.108  -19.331  63.524 0.0000000000
70958  -50.874  -19.309  62.976 0.0000000000
69714  -50.313  -19.453  61.856 0.0000000000
70972  -50.738  -19.164  62.249 0.0000000000
72276  -50.656  -18.458  61.603 0.0000000000
73421  -50.623  -18.031  61.585 0.0000000000
75743  -50.519  -15.384  61.983 0.0000000000
77168  -49.056  -14.619  60.049 0.0000000000
77167  -48.447  -14.565  59.595 0.0000000000
78526  -48.782  -13.905  59.692 0.0000000000
79772  -48.797  -13.008  59.103 0.0000000000
80880  -50.570  -10.981  64.699 0.0000000000
80893  -51.161  -10.932  64.361 0.0000000000
80904  -51.433  -11.179  63.717 0.0000000000
80960  -52.794  -11.912  59.608 0.0000000000
80946  -52.614  -11.519  60.597 0.0000000000
80974  -52.587  -12.009  59.166 0.0000000000
79775  -51.484  -11.966  58.607 0.0000000000
79789  -50.727  -12.349  57.950 0.0000000000
78577  -50.713  -13.354  56.518 0.0000000000
77256  -51.115  -14.381  55.377 0.0000000000
75933  -53.518  -14.371  53.592 0.0000000000
80995  -56.578  -11.875  57.012 0.0000000000
79802  -56.961  -13.236  57.224 0.0000000000
79811  -57.406  -13.058  56.392 0.0000000000
79818  -57.913  -13.148  55.578 0.0000000000
79863  -58.442  -12.298  51.747 0.0000000000
79847  -58.105  -12.908  53.021 0.0000000000
52249  -19.451  -34.036  72.353 0.0000000000
53502  -20.250  -32.627  70.917 0.0000000000
53515  -19.886  -33.230  70.715 0.0000000000
53516  -20.285  -32.944  70.012 0.0000000000
52314  -19.849  -34.399  68.209 0.0000000000
51022  -19.850  -34.664  67.097 0.0000000000
52327  -19.924  -34.421  67.477 0.0000000000
52363  -20.260  -34.449  64.943 0.0000000000
51000  -24.030  -34.961  69.358 0.0000000000
52301  -23.774  -34.147  69.725 0.0000000000
52329  -23.616  -34.278  67.952 0.0000000000
52342  -23.380  -34.032  66.962 0.0000000000
52441  -23.485  -34.222  61.294 0.0000000000
52427  -22.528  -34.072  62.039 0.0000000000
52426  -21.595  -34.616  62.033 0.0000000000
51136  -21.804  -36.478  60.362 0.0000000000
48579  -22.351  -37.570  59.582 0.0000000000
47362  -23.191  -38.240  58.732 0.0000000000
46084  -23.552  -38.768  58.604 0.0000000000
45968  -32.788  -38.763  69.169 0.0000000000
45979  -31.205  -38.485  67.821 0.0000000000
51071  -29.836  -35.361  65.429 0.0000000000
49749  -29.791  -36.275  65.986 0.0000000000
49776  -29.003  -36.081  64.433 0.0000000000
49781  -28.252  -36.221  62.997 0.0000000000
51118  -28.603  -35.704  62.427 0.0000000000
51130  -28.979  -35.425  61.834 0.0000000000
49814  -29.326  -35.746  60.712 0.0000000000
46067  -32.023  -38.933  60.366 0.0000000000
61068  -42.172  -27.052  61.485 0.0000000000
62425  -42.128  -26.128  60.995 0.0000000000
61069  -42.630  -26.725  62.058 0.0000000000
62415  -43.118  -26.387  62.242 0.0000000000
61043  -45.084  -26.950  63.494 0.0000000000
62398  -44.817  -26.435  62.945 0.0000000000
62400  -46.916  -25.534  62.773 0.0000000000
55946  -44.978  -31.405  66.980 0.0000000000
53615  -45.250  -32.710  65.600 0.0000000000
54785  -45.450  -32.227  65.369 0.0000000000
54791  -45.429  -32.270  64.306 0.0000000000
54809  -45.140  -31.961  63.091 0.0000000000
56020  -45.022  -31.478  63.224 0.0000000000
56026  -44.694  -31.706  62.763 0.0000000000
56028  -43.757  -31.263  61.502 0.0000000000
57237  -42.475  -30.640  60.230 0.0000000000
58438  -42.132  -30.027  59.815 0.0000000000
58411  -42.783  -29.231  61.868 0.0000000000
58421  -42.118  -28.998  60.418 0.0000000000
59710  -42.091  -28.353  61.037 0.0000000000
59700  -42.194  -27.773  61.617 0.0000000000
48371  -26.624  -37.460  72.897 0.0000000000
47148  -26.926  -37.756  72.166 0.0000000000
47184  -27.656  -38.032  70.300 0.0000000000
47200  -27.607  -38.017  69.328 0.0000000000
47223  -28.187  -38.320  68.660 0.0000000000
47247  -28.040  -38.333  67.978 0.0000000000
67359  -43.680  -22.605  59.191 0.0000000000
67372  -43.483  -22.333  58.346 0.0000000000
68572  -45.229  -21.356  58.353 0.0000000000
68588  -44.259  -21.446  57.221 0.0000000000
68595  -44.726  -20.993  56.903 0.0000000000
69760  -44.437  -20.510  56.401 0.0000000000
69767  -44.631  -19.852  55.985 0.0000000000
71052  -44.236  -19.332  55.438 0.0000000000
71046  -45.711  -19.412  56.489 0.0000000000
71038  -46.657  -19.796  57.676 0.0000000000
71048  -46.884  -18.642  57.358 0.0000000000
72336  -47.364  -18.324  57.836 0.0000000000
72337  -47.722  -17.975  58.314 0.0000000000
45930  -36.905  -38.876  70.634 0.0000000000
45931  -37.901  -38.690  70.572 0.0000000000
47205  -38.174  -38.453  69.597 0.0000000000
47230  -37.826  -37.956  69.263 0.0000000000
47232  -39.358  -37.900  69.077 0.0000000000
47231  -38.620  -38.018  69.141 0.0000000000
48432  -38.303  -37.446  68.763 0.0000000000
51031  -38.203  -35.803  67.401 0.0000000000
53655  -40.203  -32.828  62.304 0.0000000000
53666  -37.973  -33.176  61.021 0.0000000000
53665  -37.208  -33.301  60.751 0.0000000000
53664  -36.213  -33.393  60.467 0.0000000000
53663  -35.127  -33.684  60.524 0.0000000000
54829  -33.624  -32.991  58.961 0.0000000000
61143  -36.544  -27.555  55.908 0.0000000000
61142  -35.854  -27.555  55.319 0.0000000000
62504  -35.489  -26.884  55.126 0.0000000000
62503  -34.936  -26.682  54.727 0.0000000000
73347  -51.146  -17.649  65.094 0.0000000000
74534  -51.585  -17.339  64.426 0.0000000000
74555  -51.430  -16.999  63.701 0.0000000000
75714  -51.207  -15.427  63.781 0.0000000000
75729  -50.567  -14.961  62.501 0.0000000000
78492  -50.429  -13.408  62.376 0.0000000000
83148  -52.952  -10.188  64.428 0.0000000000
80882  -52.732  -10.672  64.326 0.0000000000
80895  -53.052  -11.049  63.927 0.0000000000
79745  -54.170  -12.870  60.585 0.0000000000
79729  -53.822  -12.424  60.856 0.0000000000
80961  -53.387  -12.349  59.750 0.0000000000
79759  -53.528  -12.703  59.392 0.0000000000
78563  -53.045  -13.736  57.528 0.0000000000
78579  -52.618  -14.030  56.865 0.0000000000
77234  -52.965  -14.525  56.547 0.0000000000
75868  -53.695  -14.875  55.704 0.0000000000
75823  -54.418  -14.856  57.220 0.0000000000
75844  -54.076  -14.908  56.481 0.0000000000
75893  -54.177  -14.757  55.201 0.0000000000
77278  -54.702  -14.412  54.731 0.0000000000
77294  -55.435  -14.073  54.309 0.0000000000
82187  -56.560  -10.397  54.574 0.0000000000
81021  -56.992  -11.306  54.631 0.0000000000
81038  -57.237  -11.102  53.989 0.0000000000
54648  -19.997  -31.853  73.189 0.0000000000
54665  -20.275  -31.933  72.345 0.0000000000
55869  -20.893  -31.600  72.715 0.0000000000
54680  -20.756  -32.098  71.462 0.0000000000
54696  -20.958  -32.296  70.512 0.0000000000
54713  -21.117  -32.524  69.501 0.0000000000
54731  -21.547  -32.649  68.665 0.0000000000
49763  -24.812  -35.860  65.467 0.0000000000
49762  -23.998  -35.588  65.875 0.0000000000
49779  -24.325  -35.434  64.209 0.0000000000
52429  -24.259  -34.600  62.454 0.0000000000
51139  -25.596  -35.100  60.601 0.0000000000
51138  -25.116  -34.939  61.202 0.0000000000
52462  -24.210  -34.563  59.315 0.0000000000
51188  -24.119  -35.848  57.830 0.0000000000
48625  -25.204  -37.015  56.657 0.0000000000
49915  -26.606  -36.587  56.070 0.0000000000
47411  -26.972  -37.988  55.787 0.0000000000
49726  -32.864  -36.421  68.267 0.0000000000
49725  -31.824  -36.368  67.882 0.0000000000
51025  -31.549  -35.565  67.455 0.0000000000
51047  -30.651  -35.329  66.604 0.0000000000
52345  -31.782  -34.685  66.413 0.0000000000
52344  -31.093  -34.769  66.307 0.0000000000
51072  -30.444  -35.034  65.809 0.0000000000
51121  -30.962  -35.561  62.751 0.0000000000
66207  -38.344  -24.271  56.502 0.0000000000
66208  -38.952  -24.207  56.819 0.0000000000
66196  -39.338  -24.308  57.233 0.0000000000
66197  -39.719  -24.152  57.401 0.0000000000
65029  -40.552  -24.750  58.485 0.0000000000
63781  -42.659  -25.388  61.074 0.0000000000
63791  -42.753  -24.973  60.839 0.0000000000
65025  -42.794  -24.457  60.502 0.0000000000
67341  -45.582  -22.461  60.677 0.0000000000
50991  -41.649  -35.130  69.276 0.0000000000
49691  -41.715  -35.884  68.826 0.0000000000
49692  -42.163  -35.592  68.365 0.0000000000
49736  -42.441  -35.425  67.377 0.0000000000
49767  -42.723  -34.942  66.610 0.0000000000
49757  -43.630  -34.482  66.578 0.0000000000
51078  -42.963  -34.420  65.806 0.0000000000
51077  -42.393  -34.711  66.141 0.0000000000
52418  -41.528  -33.554  64.081 0.0000000000
53642  -41.601  -32.782  63.056 0.0000000000
53632  -45.117  -32.785  64.857 0.0000000000
53631  -44.778  -32.766  64.447 0.0000000000
53630  -44.287  -32.760  64.109 0.0000000000
53656  -43.568  -31.929  62.194 0.0000000000
53644  -43.340  -32.444  63.001 0.0000000000
53629  -43.630  -32.768  63.891 0.0000000000
53643  -42.432  -32.662  63.213 0.0000000000
54794  -40.842  -32.536  62.142 0.0000000000
54835  -39.687  -31.683  59.853 0.0000000000
54836  -40.758  -31.562  60.005 0.0000000000
56082  -36.997  -30.991  57.411 0.0000000000
56098  -37.246  -30.506  56.734 0.0000000000
57269  -37.348  -29.805  56.261 0.0000000000
57282  -36.857  -29.408  55.995 0.0000000000
59796  -37.299  -28.469  56.325 0.0000000000
57248  -41.429  -30.173  59.193 0.0000000000
58477  -40.007  -29.499  57.584 0.0000000000
58449  -41.020  -28.970  58.640 0.0000000000
58462  -40.409  -29.147  58.009 0.0000000000
58476  -39.610  -29.145  57.420 0.0000000000
59779  -37.981  -28.345  56.798 0.0000000000
61122  -37.189  -27.546  56.485 0.0000000000
62468  -38.003  -26.237  56.973 0.0000000000
62456  -39.344  -26.489  57.851 0.0000000000
63826  -38.407  -25.581  57.167 0.0000000000
65051  -38.180  -24.717  56.663 0.0000000000
78532  -56.521  -14.033  59.104 0.0000000000
80962  -56.317  -11.482  59.648 0.0000000000
80975  -56.619  -11.913  58.821 0.0000000000
80985  -56.619  -11.910  57.918 0.0000000000
82119  -57.496  -10.160  58.660 0.0000000000
82132  -56.917  -11.077  57.466 0.0000000000
82151  -56.778  -10.688  56.545 0.0000000000
83311  -56.999  -9.858  55.893 0.0000000000
84524  -58.724  -8.015  57.158 0.0000000000
84532  -58.102  -8.712  56.133 0.0000000000
83312  -57.570  -9.147  55.851 0.0000000000
83322  -56.622  -9.686  54.958 0.0000000000
83335  -56.469  -9.621  54.073 0.0000000000
84565  -56.559  -8.768  53.548 0.0000000000
86825  -56.930  -7.435  53.240 0.0000000000
84579  -56.712  -8.779  52.707 0.0000000000
53467  -23.848  -33.254  74.363 0.0000000000
53479  -23.841  -33.313  73.325 0.0000000000
52250  -24.370  -34.328  72.089 0.0000000000
49653  -24.880  -35.647  71.695 0.0000000000
49689  -24.215  -35.701  68.899 0.0000000000
49723  -24.628  -36.016  67.503 0.0000000000
48383  -25.735  -37.182  71.243 0.0000000000
47198  -26.339  -37.296  68.691 0.0000000000
48411  -25.623  -37.069  69.293 0.0000000000
48424  -25.122  -36.594  68.905 0.0000000000
48448  -25.242  -36.386  67.944 0.0000000000
49748  -24.590  -35.916  66.515 0.0000000000
48486  -25.447  -36.385  63.898 0.0000000000
48499  -25.790  -36.449  63.178 0.0000000000
47271  -26.167  -37.519  64.672 0.0000000000
48487  -26.114  -36.838  63.650 0.0000000000
48518  -26.630  -35.839  61.607 0.0000000000
48550  -27.110  -35.668  60.687 0.0000000000
48582  -27.709  -35.640  59.818 0.0000000000
51111  -33.161  -35.058  62.907 0.0000000000
66222  -38.992  -23.445  56.099 0.0000000000
66223  -39.669  -23.036  56.032 0.0000000000
67417  -40.490  -22.114  54.321 0.0000000000
67401  -42.088  -21.628  55.487 0.0000000000
73491  -44.942  -17.767  55.186 0.0000000000
75841  -45.725  -15.425  55.658 0.0000000000
75863  -45.871  -15.033  55.482 0.0000000000
77251  -46.046  -14.867  54.481 0.0000000000
77253  -47.553  -14.194  55.196 0.0000000000
45870  -32.180  -39.017  72.877 0.0000000000
45886  -31.998  -39.138  72.084 0.0000000000
47225  -33.193  -38.097  68.911 0.0000000000
48426  -32.986  -37.338  68.576 0.0000000000
45951  -36.753  -38.598  70.182 0.0000000000
45971  -35.357  -38.040  69.808 0.0000000000
48430  -36.526  -37.213  68.998 0.0000000000
47227  -35.048  -37.715  69.469 0.0000000000
49702  -33.515  -36.816  68.574 0.0000000000
52347  -33.575  -34.734  66.374 0.0000000000
52410  -33.873  -34.214  63.579 0.0000000000
48436  -41.563  -36.315  68.172 0.0000000000
48468  -41.315  -36.257  67.642 0.0000000000
49734  -40.377  -36.477  67.683 0.0000000000
51057  -40.959  -35.609  66.698 0.0000000000
49752  -39.983  -36.091  67.231 0.0000000000
51055  -39.130  -35.632  66.675 0.0000000000
51073  -37.981  -34.739  65.718 0.0000000000
53640  -39.745  -33.464  62.854 0.0000000000
52436  -39.517  -33.953  63.306 0.0000000000
52415  -39.213  -34.225  63.749 0.0000000000
52395  -38.688  -34.467  64.416 0.0000000000
52374  -38.236  -34.597  65.142 0.0000000000
52372  -36.206  -34.157  65.452 0.0000000000
52392  -35.750  -33.871  64.505 0.0000000000
59810  -35.539  -28.255  55.140 0.0000000000
60966  -46.111  -27.834  66.641 0.0000000000
60982  -46.144  -27.644  65.833 0.0000000000
62330  -46.120  -27.164  67.088 0.0000000000
63656  -45.912  -26.619  67.371 0.0000000000
55810  -21.435  -31.170  76.006 0.0000000000
55821  -21.332  -31.276  75.094 0.0000000000
55822  -22.095  -31.496  74.714 0.0000000000
54620  -22.803  -32.038  75.263 0.0000000000
54621  -23.335  -32.622  74.810 0.0000000000
52209  -24.210  -33.896  74.863 0.0000000000
52224  -24.493  -34.419  74.569 0.0000000000
52210  -24.618  -34.418  75.202 0.0000000000
50941  -24.868  -35.083  74.490 0.0000000000
49634  -25.179  -36.046  74.140 0.0000000000
49635  -25.523  -36.506  74.572 0.0000000000
48346  -25.797  -37.114  74.134 0.0000000000
48332  -26.027  -36.993  74.999 0.0000000000
48347  -26.703  -37.545  74.434 0.0000000000
47115  -27.136  -37.846  74.231 0.0000000000
47134  -29.474  -38.450  73.556 0.0000000000
47135  -30.477  -38.612  73.440 0.0000000000
47136  -31.162  -38.729  73.242 0.0000000000
45855  -31.675  -38.742  73.295 0.0000000000
45871  -32.903  -38.879  73.013 0.0000000000
45858  -33.365  -38.001  73.517 0.0000000000
45889  -34.389  -38.810  72.370 0.0000000000
44667  -34.903  -38.858  72.147 0.0000000000
44669  -35.875  -38.979  71.751 0.0000000000
45891  -36.038  -38.455  72.027 0.0000000000
47153  -36.018  -37.950  72.263 0.0000000000
45893  -37.901  -38.115  71.161 0.0000000000
47170  -38.239  -38.030  71.085 0.0000000000
47171  -38.880  -37.772  70.883 0.0000000000
49657  -38.428  -36.361  71.271 0.0000000000
48374  -38.761  -37.054  71.053 0.0000000000
48384  -39.373  -37.043  70.758 0.0000000000
48385  -39.944  -36.950  70.422 0.0000000000
49668  -40.365  -36.136  70.249 0.0000000000
49678  -40.990  -35.876  69.700 0.0000000000
53508  -39.458  -33.520  70.722 0.0000000000
52272  -40.613  -34.763  70.212 0.0000000000
52273  -41.039  -34.830  69.856 0.0000000000
50990  -41.212  -35.171  69.685 0.0000000000
52291  -41.976  -34.196  68.987 0.0000000000
53527  -42.634  -33.421  68.571 0.0000000000
54707  -42.567  -32.546  68.759 0.0000000000
53541  -43.194  -33.361  68.190 0.0000000000
54722  -43.495  -32.501  67.981 0.0000000000
55929  -43.979  -31.890  67.624 0.0000000000
55930  -44.464  -31.417  67.446 0.0000000000
57109  -44.184  -30.410  68.140 0.0000000000
55931  -44.811  -30.970  67.338 0.0000000000
57122  -44.988  -30.468  67.414 0.0000000000
57133  -45.331  -30.505  67.009 0.0000000000
58317  -45.603  -29.596  67.014 0.0000000000
59580  -45.851  -28.687  66.890 0.0000000000
62341  -46.306  -26.997  66.265 0.0000000000
62353  -46.286  -26.502  65.222 0.0000000000
63708  -45.752  -25.290  65.925 0.0000000000
63710  -46.298  -25.826  65.056 0.0000000000
62365  -46.584  -26.024  64.220 0.0000000000
62366  -47.132  -25.344  63.582 0.0000000000
62380  -47.353  -25.360  63.148 0.0000000000
67243  -44.045  -22.057  66.684 0.0000000000
68453  -46.363  -21.769  66.481 0.0000000000
67245  -45.863  -22.303  65.827 0.0000000000
67262  -46.597  -22.867  65.277 0.0000000000
66116  -47.055  -23.928  64.527 0.0000000000
63737  -47.822  -24.640  63.370 0.0000000000
65007  -47.729  -24.456  62.521 0.0000000000
64991  -48.181  -24.066  62.981 0.0000000000
66160  -47.981  -23.341  62.374 0.0000000000
64979  -48.616  -22.732  63.982 0.0000000000
66147  -48.666  -22.852  63.125 0.0000000000
67324  -48.241  -22.127  62.143 0.0000000000
67344  -48.069  -21.622  61.640 0.0000000000
68529  -47.941  -21.076  61.129 0.0000000000
67232  -49.527  -21.024  65.984 0.0000000000
67291  -50.032  -20.992  64.009 0.0000000000
67308  -49.757  -21.032  63.629 0.0000000000
67326  -49.178  -21.291  62.749 0.0000000000
68530  -48.666  -20.794  61.521 0.0000000000
68553  -48.239  -20.641  60.917 0.0000000000
69726  -48.418  -20.083  60.497 0.0000000000
71003  -48.622  -19.123  59.814 0.0000000000
70987  -50.060  -19.174  61.190 0.0000000000
71020  -48.265  -18.605  59.255 0.0000000000
72313  -48.298  -18.076  59.137 0.0000000000
73448  -48.006  -17.305  58.800 0.0000000000
73395  -51.016  -17.391  62.683 0.0000000000
73409  -50.831  -17.359  61.991 0.0000000000
73420  -50.218  -17.350  61.107 0.0000000000
74568  -50.499  -16.525  61.673 0.0000000000
74576  -50.085  -16.483  61.031 0.0000000000
73432  -48.929  -17.245  59.580 0.0000000000
73431  -48.449  -16.977  59.209 0.0000000000
73447  -47.612  -17.000  58.366 0.0000000000
74603  -47.408  -16.320  58.313 0.0000000000
77207  -46.739  -14.215  56.720 0.0000000000
80905  -52.332  -11.148  63.439 0.0000000000
80916  -51.585  -11.259  62.762 0.0000000000
80945  -51.689  -11.449  60.982 0.0000000000
80931  -51.566  -11.351  61.875 0.0000000000
80930  -50.851  -11.733  62.292 0.0000000000
79742  -49.841  -13.040  60.594 0.0000000000
79773  -49.282  -12.694  59.092 0.0000000000
79787  -48.847  -12.835  58.690 0.0000000000
78559  -48.653  -12.915  57.848 0.0000000000
78575  -48.257  -13.318  56.899 0.0000000000
77276  -48.635  -14.549  54.544 0.0000000000
75888  -49.718  -14.997  54.104 0.0000000000
75912  -52.329  -14.927  53.765 0.0000000000
77195  -56.749  -14.027  58.331 0.0000000000
77213  -56.603  -14.355  57.546 0.0000000000
77237  -56.460  -14.379  56.917 0.0000000000
77261  -56.535  -14.301  56.160 0.0000000000
78604  -55.324  -13.652  53.525 0.0000000000
79819  -58.296  -13.073  54.807 0.0000000000
78625  -57.730  -13.351  53.686 0.0000000000
78606  -57.364  -13.608  54.162 0.0000000000
53478  -19.386  -33.175  73.046 0.0000000000
49746  -19.295  -36.686  66.320 0.0000000000
51043  -19.486  -35.831  66.521 0.0000000000
51068  -19.411  -36.115  65.943 0.0000000000
54668  -23.265  -32.643  71.622 0.0000000000
53503  -23.175  -32.725  70.844 0.0000000000
53518  -23.453  -33.386  70.051 0.0000000000
53517  -23.097  -32.809  70.406 0.0000000000
54698  -22.616  -32.522  70.126 0.0000000000
54732  -22.310  -32.633  68.975 0.0000000000
54750  -22.146  -32.751  68.231 0.0000000000
53568  -21.692  -32.864  67.551 0.0000000000
51070  -23.716  -34.851  65.410 0.0000000000
52365  -23.197  -34.128  65.894 0.0000000000
53596  -22.917  -33.841  65.408 0.0000000000
52364  -22.902  -33.673  66.449 0.0000000000
53581  -21.590  -33.164  66.436 0.0000000000
53580  -20.772  -33.599  66.132 0.0000000000
53606  -20.631  -33.961  64.671 0.0000000000
51102  -20.522  -35.442  63.034 0.0000000000
48600  -24.059  -37.522  57.866 0.0000000000
45904  -30.910  -39.128  71.066 0.0000000000
45923  -30.597  -39.102  70.161 0.0000000000
45945  -30.119  -39.073  69.320 0.0000000000
45965  -29.441  -38.943  68.558 0.0000000000
45984  -28.555  -38.550  66.806 0.0000000000
48451  -31.338  -37.240  67.757 0.0000000000
48450  -30.736  -37.306  67.214 0.0000000000
47260  -30.412  -37.882  66.860 0.0000000000
47259  -29.743  -37.659  66.235 0.0000000000
45992  -28.769  -38.207  65.694 0.0000000000
45991  -28.263  -38.339  65.678 0.0000000000
46001  -27.746  -38.240  65.091 0.0000000000
48502  -27.426  -36.671  63.000 0.0000000000
48503  -27.873  -36.396  62.760 0.0000000000
51110  -32.322  -35.284  63.227 0.0000000000
49793  -31.636  -36.137  62.527 0.0000000000
49792  -31.053  -36.168  62.140 0.0000000000
48504  -31.097  -36.760  61.683 0.0000000000
49802  -30.442  -36.075  61.441 0.0000000000
48585  -30.196  -36.830  59.869 0.0000000000
47364  -30.717  -37.461  59.851 0.0000000000
48602  -29.785  -36.814  58.578 0.0000000000
49870  -29.192  -36.429  58.419 0.0000000000
48614  -29.789  -37.033  57.481 0.0000000000
48629  -29.714  -37.370  56.549 0.0000000000
44668  -35.393  -38.886  71.992 0.0000000000
44680  -36.088  -39.177  71.340 0.0000000000
44681  -36.476  -39.121  70.978 0.0000000000
44692  -35.399  -39.276  71.156 0.0000000000
45844  -32.613  -37.947  73.993 0.0000000000
45932  -38.992  -38.396  70.483 0.0000000000
45933  -39.567  -38.171  70.090 0.0000000000
45955  -39.619  -38.172  69.846 0.0000000000
45975  -28.114  -38.405  67.568 0.0000000000
46085  -24.206  -39.290  58.398 0.0000000000
47139  -36.235  -37.320  72.385 0.0000000000
47172  -39.536  -37.414  70.615 0.0000000000
47187  -39.158  -38.079  70.627 0.0000000000
47189  -40.309  -37.169  69.956 0.0000000000
47202  -28.867  -38.454  69.938 0.0000000000
47207  -39.572  -38.071  69.536 0.0000000000
47234  -40.577  -37.231  69.127 0.0000000000
47252  -40.735  -37.086  68.731 0.0000000000
47283  -26.359  -37.372  64.133 0.0000000000
47286  -27.587  -37.434  63.839 0.0000000000
47308  -27.104  -36.964  63.237 0.0000000000
47363  -30.240  -36.984  59.576 0.0000000000
47382  -25.267  -38.497  57.153 0.0000000000
47394  -25.767  -38.489  56.727 0.0000000000
48345  -25.407  -36.652  73.818 0.0000000000
48357  -25.543  -36.604  73.358 0.0000000000
48386  -40.468  -36.581  70.022 0.0000000000
48413  -41.537  -36.265  68.627 0.0000000000
48414  -41.994  -35.905  68.117 0.0000000000
48433  -39.041  -37.554  68.734 0.0000000000
48435  -41.053  -36.805  68.644 0.0000000000
48437  -42.059  -35.823  67.786 0.0000000000
48457  -41.687  -36.132  67.771 0.0000000000
48465  -29.772  -36.988  66.122 0.0000000000
48469  -41.770  -35.887  67.493 0.0000000000
48480  -28.321  -37.210  64.325 0.0000000000
48523  -31.293  -37.295  61.545 0.0000000000
48549  -26.715  -35.694  61.021 0.0000000000
48581  -27.263  -35.630  59.916 0.0000000000
48599  -23.412  -37.353  58.340 0.0000000000
48601  -29.099  -36.291  58.708 0.0000000000
48627  -26.650  -37.546  55.896 0.0000000000
48642  -27.952  -37.491  55.603 0.0000000000
48643  -28.970  -37.278  55.808 0.0000000000
49666  -39.102  -36.378  70.979 0.0000000000
49680  -42.200  -35.351  68.568 0.0000000000
49700  -24.027  -35.776  67.961 0.0000000000
49708  -38.433  -37.003  68.431 0.0000000000
49709  -42.659  -35.280  67.683 0.0000000000
49710  -43.154  -34.869  67.316 0.0000000000
49735  -41.969  -35.813  67.373 0.0000000000
49737  -43.272  -34.993  67.160 0.0000000000
49738  -43.966  -34.399  67.019 0.0000000000
49758  -44.116  -34.155  66.803 0.0000000000
49768  -43.162  -34.753  66.206 0.0000000000
49769  -43.704  -34.319  66.132 0.0000000000
49773  -24.174  -35.507  64.972 0.0000000000
49790  -25.761  -36.147  62.669 0.0000000000
49810  -21.775  -37.106  60.371 0.0000000000
49811  -22.090  -36.886  59.951 0.0000000000
49815  -30.057  -36.131  60.717 0.0000000000
49816  -30.470  -36.528  60.900 0.0000000000
49840  -26.764  -35.543  59.855 0.0000000000
49869  -28.535  -36.164  58.415 0.0000000000
49897  -28.045  -35.969  57.807 0.0000000000
49899  -29.205  -36.573  57.915 0.0000000000
49913  -24.859  -36.460  56.943 0.0000000000
49918  -29.249  -36.685  57.031 0.0000000000
49930  -26.953  -37.145  55.787 0.0000000000
49931  -27.409  -36.940  55.755 0.0000000000
49932  -28.135  -36.804  55.822 0.0000000000
50952  -24.738  -34.725  73.643 0.0000000000
50983  -40.750  -35.406  70.043 0.0000000000
51001  -42.774  -34.819  68.196 0.0000000000
51002  -43.201  -34.329  68.022 0.0000000000
51014  -43.823  -34.229  67.216 0.0000000000
51033  -43.417  -34.683  67.179 0.0000000000
51058  -44.016  -34.201  66.421 0.0000000000
51059  -44.287  -33.942  66.571 0.0000000000
51060  -45.126  -33.918  66.037 0.0000000000
51079  -43.702  -34.349  66.016 0.0000000000
51081  -44.263  -34.056  66.133 0.0000000000
51082  -44.662  -34.208  65.948 0.0000000000
51098  -43.838  -33.970  65.787 0.0000000000
51099  -44.051  -33.963  65.867 0.0000000000
51105  -24.724  -35.458  63.205 0.0000000000
51106  -28.765  -35.728  63.157 0.0000000000
51116  -24.209  -34.680  62.790 0.0000000000
51127  -25.177  -35.317  61.862 0.0000000000
51129  -28.531  -35.645  61.952 0.0000000000
51163  -24.202  -35.439  57.976 0.0000000000
51165  -26.601  -35.286  58.327 0.0000000000
51189  -24.583  -35.565  57.490 0.0000000000
51192  -27.500  -35.680  57.456 0.0000000000
51218  -28.348  -36.039  56.967 0.0000000000
52288  -40.513  -34.043  70.193 0.0000000000
52300  -20.168  -33.607  68.619 0.0000000000
52306  -43.571  -33.975  67.709 0.0000000000
52317  -43.844  -33.969  67.387 0.0000000000
52318  -44.151  -33.899  67.091 0.0000000000
52343  -30.729  -34.900  66.131 0.0000000000
52351  -44.483  -33.809  66.385 0.0000000000
52352  -45.045  -33.497  65.970 0.0000000000
52366  -30.911  -34.725  65.693 0.0000000000
52367  -31.454  -34.624  65.773 0.0000000000
52377  -44.715  -33.444  65.871 0.0000000000
52384  -20.533  -34.229  64.214 0.0000000000
52399  -42.847  -33.560  64.744 0.0000000000
52402  -44.551  -33.461  65.560 0.0000000000
52417  -41.119  -33.654  63.970 0.0000000000
52419  -43.272  -33.089  64.317 0.0000000000
52422  -44.747  -33.010  64.786 0.0000000000
52423  -44.952  -32.925  64.755 0.0000000000
52442  -24.472  -34.584  61.787 0.0000000000
52488  -24.686  -34.978  57.939 0.0000000000
53551  -21.444  -32.786  68.130 0.0000000000
53552  -22.871  -33.139  68.538 0.0000000000
53558  -43.812  -33.641  67.544 0.0000000000
53559  -44.181  -33.237  67.309 0.0000000000
53560  -44.536  -32.879  67.063 0.0000000000
53571  -44.317  -33.476  67.208 0.0000000000
53572  -44.704  -32.848  66.869 0.0000000000
53573  -44.929  -32.635  66.546 0.0000000000
53584  -45.049  -33.033  66.154 0.0000000000
53593  -20.700  -33.807  65.221 0.0000000000
53597  -45.172  -33.151  66.068 0.0000000000
53598  -45.175  -32.778  66.019 0.0000000000
53609  -22.747  -33.651  65.049 0.0000000000
53611  -36.455  -33.947  64.342 0.0000000000
53612  -42.154  -33.342  64.177 0.0000000000
53614  -45.059  -32.968  65.465 0.0000000000
53623  -36.130  -33.803  64.132 0.0000000000
53635  -21.802  -33.993  62.613 0.0000000000
53647  -45.095  -32.456  64.159 0.0000000000
53657  -44.074  -32.032  62.598 0.0000000000
53667  -43.659  -31.645  61.845 0.0000000000
54683  -23.213  -32.688  71.089 0.0000000000
54715  -22.342  -32.485  69.625 0.0000000000
54723  -43.765  -32.436  67.724 0.0000000000
54740  -44.093  -32.396  67.481 0.0000000000
54749  -21.705  -32.740  68.138 0.0000000000
54758  -44.685  -32.567  66.933 0.0000000000
54759  -44.856  -32.321  66.748 0.0000000000
54771  -45.118  -32.266  66.395 0.0000000000
54777  -45.352  -32.196  65.897 0.0000000000
54792  -45.488  -32.317  64.873 0.0000000000
54799  -45.175  -32.102  63.568 0.0000000000
54807  -43.897  -31.864  62.131 0.0000000000
54819  -43.800  -31.493  61.733 0.0000000000
55856  -21.901  -31.545  73.278 0.0000000000
55914  -43.002  -31.718  68.566 0.0000000000
55917  -44.315  -30.875  67.783 0.0000000000
55979  -45.410  -31.479  65.806 0.0000000000
56009  -45.638  -31.944  64.582 0.0000000000
56019  -44.990  -31.158  62.995 0.0000000000
56029  -43.992  -31.438  61.884 0.0000000000
57121  -44.748  -30.751  67.489 0.0000000000
57187  -44.273  -29.853  63.648 0.0000000000
57189  -45.134  -30.988  63.641 0.0000000000
57206  -44.757  -30.927  62.960 0.0000000000
57217  -44.435  -30.835  62.421 0.0000000000
57225  -42.770  -30.467  60.548 0.0000000000
57238  -42.820  -30.896  60.538 0.0000000000
57249  -41.918  -30.288  59.610 0.0000000000
57258  -41.137  -29.945  58.879 0.0000000000
58371  -45.028  -29.656  64.963 0.0000000000
58386  -44.470  -29.396  64.051 0.0000000000
58448  -40.657  -28.687  58.324 0.0000000000
58461  -39.915  -28.775  57.680 0.0000000000
58488  -37.112  -29.099  56.111 0.0000000000
59745  -41.665  -28.999  59.634 0.0000000000
59763  -39.921  -28.269  57.976 0.0000000000
61042  -44.057  -27.224  63.397 0.0000000000
61121  -36.781  -27.162  56.251 0.0000000000
62397  -44.160  -26.566  62.912 0.0000000000
62419  -46.774  -25.259  62.380 0.0000000000
62484  -36.008  -26.752  55.544 0.0000000000
62486  -36.852  -26.071  56.297 0.0000000000
63694  -45.991  -25.845  66.284 0.0000000000
63709  -46.110  -25.496  65.393 0.0000000000
63738  -47.857  -23.993  63.445 0.0000000000
63752  -47.455  -25.166  62.662 0.0000000000
63753  -47.857  -24.986  62.818 0.0000000000
63772  -47.231  -24.952  62.400 0.0000000000
63827  -38.855  -25.455  57.459 0.0000000000
64904  -44.633  -24.171  67.612 0.0000000000
64905  -44.947  -24.615  67.444 0.0000000000
64922  -44.627  -24.315  66.985 0.0000000000
64942  -45.282  -24.703  66.055 0.0000000000
64945  -48.006  -23.160  64.372 0.0000000000
64962  -46.818  -24.605  64.458 0.0000000000
64963  -47.505  -23.839  64.242 0.0000000000
64978  -48.288  -23.403  63.506 0.0000000000
66098  -45.411  -24.035  65.478 0.0000000000
66099  -46.311  -23.899  64.900 0.0000000000
66117  -47.490  -23.491  64.526 0.0000000000
66118  -48.600  -22.676  64.217 0.0000000000
66132  -48.659  -22.823  63.609 0.0000000000
66146  -48.339  -23.488  62.932 0.0000000000
66219  -36.331  -24.324  55.309 0.0000000000
67250  -49.713  -21.205  65.632 0.0000000000
67260  -45.013  -23.504  65.714 0.0000000000
67263  -47.516  -22.597  65.355 0.0000000000
67266  -50.227  -20.840  65.213 0.0000000000
67277  -49.561  -21.530  64.324 0.0000000000
67307  -49.457  -21.191  63.210 0.0000000000
67345  -48.409  -21.492  61.910 0.0000000000
68451  -44.427  -21.694  66.717 0.0000000000
68455  -50.106  -20.638  65.652 0.0000000000
68469  -50.804  -20.265  64.798 0.0000000000
68470  -50.992  -20.039  64.248 0.0000000000
68482  -51.065  -20.172  64.018 0.0000000000
68496  -50.042  -20.519  63.349 0.0000000000
68511  -49.004  -20.843  62.114 0.0000000000
68512  -49.536  -20.617  62.584 0.0000000000
68513  -49.929  -20.295  62.876 0.0000000000
69664  -50.880  -19.868  65.104 0.0000000000
69685  -51.145  -19.675  63.987 0.0000000000
70936  -51.360  -19.065  64.235 0.0000000000
70973  -50.950  -18.759  62.706 0.0000000000
72216  -51.547  -18.404  63.993 0.0000000000
72258  -50.862  -18.404  62.079 0.0000000000
73369  -51.608  -17.783  64.246 0.0000000000
73396  -51.230  -17.543  63.226 0.0000000000
73465  -47.695  -17.596  58.385 0.0000000000
74546  -51.591  -17.156  64.183 0.0000000000
74569  -50.880  -16.688  62.147 0.0000000000
75805  -56.270  -14.569  57.789 0.0000000000
75825  -55.886  -14.661  57.583 0.0000000000
75826  -56.281  -14.503  57.466 0.0000000000
75846  -55.705  -14.655  56.903 0.0000000000
77112  -50.929  -15.056  63.332 0.0000000000
77144  -55.159  -13.602  59.930 0.0000000000
77145  -55.510  -13.753  59.711 0.0000000000
77172  -56.768  -14.179  58.806 0.0000000000
77194  -56.426  -14.396  58.236 0.0000000000
77212  -55.496  -14.697  58.016 0.0000000000
77236  -56.121  -14.465  56.534 0.0000000000
77257  -51.998  -14.595  55.672 0.0000000000
77262  -57.081  -14.060  56.216 0.0000000000
77273  -46.133  -14.927  54.130 0.0000000000
78442  -50.806  -14.063  64.592 0.0000000000
78493  -54.645  -12.974  60.625 0.0000000000
78528  -54.072  -13.247  59.546 0.0000000000
78530  -55.869  -13.575  59.687 0.0000000000
78531  -56.382  -13.385  59.228 0.0000000000
78551  -56.646  -13.747  58.565 0.0000000000
78565  -56.631  -12.968  57.810 0.0000000000
78566  -56.812  -13.629  57.883 0.0000000000
78596  -58.191  -13.303  54.519 0.0000000000
79681  -53.754  -11.023  63.204 0.0000000000
79695  -53.730  -11.554  62.468 0.0000000000
79730  -54.439  -12.623  60.972 0.0000000000
79744  -53.899  -12.797  60.101 0.0000000000
79746  -55.589  -12.714  60.326 0.0000000000
79758  -53.165  -12.317  59.350 0.0000000000
79760  -56.365  -12.406  59.340 0.0000000000
79778  -56.569  -12.805  58.852 0.0000000000
79791  -52.804  -12.989  57.770 0.0000000000
79792  -56.582  -12.767  58.211 0.0000000000
79810  -56.908  -12.638  56.799 0.0000000000
79844  -55.333  -12.945  52.274 0.0000000000
80881  -52.486  -10.675  64.350 0.0000000000
80894  -52.207  -10.761  64.269 0.0000000000
80896  -53.496  -10.874  63.596 0.0000000000
80919  -54.767  -10.923  62.214 0.0000000000
80947  -53.386  -12.052  60.333 0.0000000000
80973  -52.132  -11.796  59.222 0.0000000000
82034  -52.450  -10.457  64.470 0.0000000000
82035  -53.051  -10.595  64.243 0.0000000000
82045  -53.282  -10.757  63.955 0.0000000000
82046  -53.430  -10.576  63.788 0.0000000000
82063  -52.228  -11.265  62.119 0.0000000000
82076  -51.860  -11.264  61.907 0.0000000000
82077  -52.108  -11.249  61.937 0.0000000000
82118  -57.110  -11.087  58.339 0.0000000000
82233  -57.146  -10.324  53.088 0.0000000000
83149  -53.265  -10.249  64.121 0.0000000000
83150  -53.341  -10.383  63.949 0.0000000000
83186  -53.955  -9.574  63.397 0.0000000000
83187  -54.222  -9.888  63.086 0.0000000000
83302  -57.625  -9.683  56.791 0.0000000000
84540  -57.818  -8.309  55.359 0.0000000000
84549  -56.854  -8.631  54.421 0.0000000000
85647  -57.046  -8.088  54.243 0.0000000000
85649  -58.142  -7.261  54.874 0.0000000000
85695  -56.701  -8.122  53.145 0.0000000000
86804  -57.106  -7.415  53.668 0.0000000000
