#!ascii label  , from subject 3468 vox2ras=TkReg
873
49619  -18.484  -36.623  76.175 0.0000000000
64818  -41.002  -24.525  72.844 0.0000000000
74450  -43.648  -16.695  69.617 0.0000000000
78410  -49.136  -14.165  65.562 0.0000000000
60878  -37.973  -28.053  73.624 0.0000000000
73317  -47.347  -17.449  66.241 0.0000000000
84500  -52.079  -9.043  59.735 0.0000000000
86744  -56.693  -6.769  58.410 0.0000000000
63588  -44.276  -25.475  71.081 0.0000000000
68427  -43.321  -21.299  68.594 0.0000000000
72051  -41.208  -19.376  71.669 0.0000000000
55770  -17.789  -32.677  79.599 0.0000000000
58132  -20.723  -29.845  78.015 0.0000000000
56991  -24.744  -31.280  76.675 0.0000000000
50891  -29.105  -35.816  76.635 0.0000000000
49625  -33.634  -36.243  75.157 0.0000000000
54655  -37.416  -32.513  72.965 0.0000000000
58239  -41.171  -29.282  71.855 0.0000000000
68443  -48.558  -20.816  66.598 0.0000000000
89062  -58.079  -4.890  57.320 0.0000000000
64820  -43.158  -24.737  72.896 0.0000000000
68404  -43.145  -22.050  72.368 0.0000000000
68395  -41.170  -21.935  72.383 0.0000000000
55806  -17.022  -31.892  76.715 0.0000000000
56984  -18.407  -30.761  78.332 0.0000000000
54613  -34.462  -33.584  74.465 0.0000000000
50934  -35.221  -35.048  73.966 0.0000000000
54627  -36.102  -32.370  74.311 0.0000000000
62237  -39.476  -26.762  73.448 0.0000000000
58188  -39.642  -29.099  73.469 0.0000000000
60868  -41.265  -27.207  73.153 0.0000000000
60906  -42.791  -27.047  70.985 0.0000000000
72128  -43.554  -18.805  69.640 0.0000000000
69645  -45.241  -20.668  67.814 0.0000000000
70870  -45.867  -19.096  69.426 0.0000000000
75683  -48.660  -15.577  65.612 0.0000000000
74496  -49.743  -17.728  66.019 0.0000000000
75684  -51.127  -15.652  65.297 0.0000000000
78441  -50.457  -13.715  64.439 0.0000000000
84468  -54.521  -8.769  61.615 0.0000000000
84421  -52.274  -8.819  63.437 0.0000000000
58200  -36.120  -29.618  73.732 0.0000000000
75728  -48.003  -15.473  63.090 0.0000000000
85577  -55.178  -7.735  59.661 0.0000000000
84487  -56.970  -8.668  59.762 0.0000000000
85649  -58.142  -7.261  54.874 0.0000000000
62318  -45.476  -26.587  68.315 0.0000000000
67207  -44.504  -22.738  70.054 0.0000000000
69605  -42.535  -20.401  71.051 0.0000000000
52167  -18.306  -34.902  78.874 0.0000000000
57001  -21.856  -30.638  77.117 0.0000000000
58144  -23.189  -29.906  77.345 0.0000000000
54598  -24.184  -32.338  76.283 0.0000000000
50917  -25.971  -35.102  76.319 0.0000000000
48316  -27.663  -37.130  76.228 0.0000000000
47083  -30.396  -37.859  75.913 0.0000000000
49596  -31.890  -36.351  76.443 0.0000000000
47137  -35.131  -37.571  72.868 0.0000000000
57027  -37.536  -30.000  73.857 0.0000000000
55874  -39.697  -31.402  71.919 0.0000000000
54705  -41.180  -32.339  69.651 0.0000000000
57096  -42.700  -30.385  69.268 0.0000000000
59542  -44.701  -28.485  68.536 0.0000000000
72153  -47.838  -18.940  67.545 0.0000000000
83183  -48.739  -9.724  63.484 0.0000000000
82022  -49.611  -11.377  65.321 0.0000000000
48300  -18.127  -37.122  77.873 0.0000000000
66023  -42.040  -24.465  73.301 0.0000000000
67191  -42.342  -22.843  72.905 0.0000000000
67188  -41.032  -23.016  72.522 0.0000000000
55825  -34.167  -32.546  74.072 0.0000000000
54625  -34.857  -32.766  74.248 0.0000000000
57023  -35.113  -31.414  73.759 0.0000000000
63516  -40.274  -25.952  73.099 0.0000000000
62239  -40.718  -26.726  73.330 0.0000000000
63518  -41.248  -25.864  73.197 0.0000000000
63541  -42.208  -25.685  73.190 0.0000000000
72129  -44.504  -18.930  69.543 0.0000000000
74432  -44.904  -17.284  69.652 0.0000000000
77050  -48.687  -14.728  65.279 0.0000000000
75665  -50.025  -15.709  66.091 0.0000000000
77027  -50.342  -14.686  65.820 0.0000000000
77052  -51.018  -14.617  65.160 0.0000000000
78412  -50.053  -13.838  65.319 0.0000000000
82079  -55.448  -10.465  61.004 0.0000000000
83204  -54.595  -9.873  62.401 0.0000000000
79731  -55.164  -12.154  61.011 0.0000000000
85601  -55.099  -7.470  57.857 0.0000000000
86726  -56.186  -7.305  58.975 0.0000000000
85564  -56.025  -8.075  59.990 0.0000000000
85580  -57.142  -7.729  59.097 0.0000000000
84515  -58.058  -8.585  58.657 0.0000000000
85581  -57.694  -7.417  58.603 0.0000000000
87942  -59.080  -5.448  56.398 0.0000000000
62304  -44.939  -26.150  69.326 0.0000000000
64861  -45.222  -24.980  69.680 0.0000000000
64849  -45.095  -24.897  70.282 0.0000000000
69588  -42.328  -21.320  72.025 0.0000000000
69606  -43.082  -21.062  71.385 0.0000000000
70849  -42.054  -20.160  71.562 0.0000000000
72076  -41.986  -18.802  70.904 0.0000000000
72075  -41.367  -18.777  71.229 0.0000000000
52179  -18.744  -34.048  77.658 0.0000000000
54580  -18.268  -32.757  79.297 0.0000000000
58131  -19.785  -29.920  77.869 0.0000000000
58157  -24.192  -29.932  76.324 0.0000000000
57002  -23.749  -30.439  77.178 0.0000000000
55787  -23.871  -31.440  76.575 0.0000000000
54588  -24.850  -32.615  76.649 0.0000000000
53442  -24.778  -33.720  76.447 0.0000000000
53421  -25.662  -33.385  76.952 0.0000000000
48290  -28.556  -36.402  76.746 0.0000000000
47081  -28.857  -37.656  76.272 0.0000000000
48319  -29.912  -37.282  76.370 0.0000000000
52199  -33.160  -34.938  75.885 0.0000000000
50919  -32.007  -35.602  76.182 0.0000000000
49611  -32.747  -36.408  76.055 0.0000000000
48321  -31.912  -37.097  76.042 0.0000000000
48336  -33.150  -36.991  74.674 0.0000000000
47121  -33.639  -37.696  73.623 0.0000000000
48338  -34.487  -36.817  73.782 0.0000000000
53471  -36.184  -33.600  73.544 0.0000000000
50957  -36.131  -35.697  72.863 0.0000000000
52243  -36.808  -34.509  72.601 0.0000000000
53494  -37.864  -33.649  71.911 0.0000000000
58169  -37.130  -29.724  74.411 0.0000000000
59422  -37.806  -29.102  74.331 0.0000000000
58203  -40.565  -28.880  72.846 0.0000000000
57042  -39.650  -29.783  73.284 0.0000000000
57065  -40.564  -30.407  72.100 0.0000000000
55899  -40.046  -31.846  70.604 0.0000000000
57094  -41.072  -30.508  70.661 0.0000000000
58256  -41.745  -29.378  70.551 0.0000000000
62277  -43.683  -26.100  71.095 0.0000000000
60920  -43.806  -27.414  69.684 0.0000000000
60908  -44.117  -26.832  69.885 0.0000000000
60934  -45.138  -27.780  68.440 0.0000000000
54585  -16.946  -32.980  78.611 0.0000000000
54572  -17.319  -33.960  79.330 0.0000000000
52152  -17.561  -34.813  79.621 0.0000000000
67219  -44.111  -22.948  68.279 0.0000000000
67226  -43.811  -22.183  67.145 0.0000000000
68429  -46.874  -20.868  67.893 0.0000000000
73292  -46.927  -17.571  67.173 0.0000000000
74474  -46.643  -17.705  68.255 0.0000000000
73293  -47.867  -17.756  66.905 0.0000000000
73347  -51.146  -17.649  65.094 0.0000000000
72190  -50.339  -18.744  65.710 0.0000000000
84397  -51.742  -9.149  64.121 0.0000000000
84419  -50.512  -8.819  63.000 0.0000000000
83165  -50.150  -9.628  64.547 0.0000000000
82030  -48.915  -10.722  65.207 0.0000000000
82032  -50.294  -10.781  64.984 0.0000000000
80892  -50.196  -11.595  64.431 0.0000000000
87926  -55.812  -5.473  57.614 0.0000000000
87916  -57.513  -5.723  57.787 0.0000000000
90209  -56.694  -4.160  57.455 0.0000000000
91316  -57.307  -3.039  56.495 0.0000000000
63566  -43.727  -25.399  71.694 0.0000000000
66036  -44.068  -23.797  72.059 0.0000000000
66032  -43.435  -23.785  72.640 0.0000000000
68397  -42.029  -21.972  72.545 0.0000000000
69596  -41.174  -20.541  72.088 0.0000000000
55782  -17.127  -32.017  78.574 0.0000000000
56977  -17.969  -31.270  79.031 0.0000000000
58140  -19.357  -29.743  76.942 0.0000000000
52201  -34.229  -34.644  74.906 0.0000000000
50933  -34.805  -35.107  74.534 0.0000000000
52216  -34.876  -34.391  74.572 0.0000000000
53459  -35.811  -33.237  73.819 0.0000000000
54628  -36.438  -32.139  73.624 0.0000000000
62236  -38.827  -26.967  73.389 0.0000000000
60851  -38.903  -28.322  73.927 0.0000000000
60866  -40.140  -27.605  73.730 0.0000000000
59445  -40.857  -27.672  73.238 0.0000000000
58204  -41.149  -28.466  72.519 0.0000000000
59499  -41.733  -28.281  71.679 0.0000000000
60893  -42.105  -27.252  72.246 0.0000000000
62265  -43.129  -26.060  71.695 0.0000000000
53452  -16.628  -33.339  76.304 0.0000000000
69620  -42.906  -20.334  69.292 0.0000000000
69643  -43.858  -20.895  67.625 0.0000000000
70895  -44.693  -19.944  68.742 0.0000000000
69621  -45.891  -20.189  68.858 0.0000000000
69623  -46.787  -19.930  68.347 0.0000000000
74513  -47.983  -16.847  65.739 0.0000000000
74494  -48.763  -17.357  66.338 0.0000000000
74515  -49.461  -16.617  66.050 0.0000000000
74517  -50.932  -16.700  65.419 0.0000000000
84467  -53.740  -8.533  61.657 0.0000000000
84465  -51.699  -8.690  61.518 0.0000000000
84445  -53.889  -8.749  62.638 0.0000000000
84399  -53.250  -9.366  63.907 0.0000000000
64833  -39.857  -24.812  72.264 0.0000000000
63564  -39.403  -25.669  72.247 0.0000000000
74471  -44.994  -16.710  68.783 0.0000000000
73346  -47.326  -17.189  65.302 0.0000000000
74531  -47.831  -16.561  65.049 0.0000000000
75695  -48.221  -15.740  64.397 0.0000000000
77068  -48.403  -14.476  64.544 0.0000000000
84501  -53.311  -8.904  59.380 0.0000000000
84484  -54.628  -8.325  60.614 0.0000000000
84486  -56.023  -8.898  60.346 0.0000000000
82092  -56.459  -10.307  60.048 0.0000000000
86761  -58.374  -6.349  57.711 0.0000000000
84533  -58.610  -8.084  56.315 0.0000000000
63655  -45.646  -26.191  67.932 0.0000000000
66053  -44.968  -24.010  68.917 0.0000000000
67212  -44.040  -22.532  69.123 0.0000000000
67203  -44.477  -22.823  71.024 0.0000000000
68415  -43.523  -21.551  70.840 0.0000000000
68421  -43.430  -21.601  69.666 0.0000000000
70869  -42.565  -19.319  70.061 0.0000000000
72077  -42.451  -18.215  70.309 0.0000000000
68402  -40.501  -22.004  71.862 0.0000000000
69594  -40.305  -21.157  71.759 0.0000000000
72099  -40.519  -18.262  70.866 0.0000000000
49587  -18.439  -36.159  77.555 0.0000000000
50900  -18.736  -34.902  77.103 0.0000000000
54620  -22.803  -32.038  75.263 0.0000000000
58164  -19.425  -29.568  75.071 0.0000000000
59387  -20.816  -29.271  76.776 0.0000000000
58133  -21.700  -29.891  78.033 0.0000000000
54597  -23.217  -31.847  76.119 0.0000000000
49622  -25.811  -36.166  75.332 0.0000000000
48333  -26.748  -37.231  75.313 0.0000000000
52195  -29.316  -35.074  75.838 0.0000000000
52196  -30.452  -35.520  75.990 0.0000000000
49594  -29.880  -36.245  76.520 0.0000000000
48320  -30.901  -37.281  76.170 0.0000000000
47084  -31.413  -37.813  75.646 0.0000000000
49637  -35.140  -36.028  73.623 0.0000000000
57025  -36.338  -30.546  74.204 0.0000000000
55829  -36.660  -31.059  73.746 0.0000000000
54640  -37.772  -31.786  73.134 0.0000000000
58187  -38.902  -29.459  73.677 0.0000000000
55847  -38.836  -30.831  73.350 0.0000000000
54656  -38.161  -32.114  72.582 0.0000000000
54688  -38.757  -32.781  71.468 0.0000000000
53523  -40.146  -33.418  70.333 0.0000000000
55916  -43.852  -31.473  67.879 0.0000000000
59518  -42.427  -28.269  70.436 0.0000000000
58279  -43.967  -29.664  68.637 0.0000000000
57110  -44.678  -30.325  67.775 0.0000000000
58299  -45.259  -29.582  67.549 0.0000000000
50878  -18.169  -35.495  79.065 0.0000000000
73259  -46.123  -17.774  68.931 0.0000000000
72131  -46.720  -18.789  68.575 0.0000000000
69636  -48.343  -20.251  67.054 0.0000000000
72172  -49.100  -18.606  66.602 0.0000000000
70899  -49.273  -19.438  66.487 0.0000000000
68454  -49.743  -20.757  65.972 0.0000000000
78455  -47.944  -13.661  63.367 0.0000000000
79666  -47.978  -12.884  64.989 0.0000000000
84463  -49.579  -8.950  61.317 0.0000000000
83220  -48.514  -9.280  61.546 0.0000000000
82052  -47.631  -11.029  63.037 0.0000000000
80890  -47.848  -12.008  64.632 0.0000000000
80865  -48.938  -12.342  65.528 0.0000000000
79668  -49.871  -12.751  64.611 0.0000000000
48314  -18.313  -37.089  76.765 0.0000000000
66022  -41.632  -24.410  73.151 0.0000000000
66029  -41.376  -23.816  72.907 0.0000000000
54654  -33.539  -32.911  73.255 0.0000000000
55826  -34.743  -32.053  74.003 0.0000000000
55844  -34.654  -31.506  73.530 0.0000000000
64805  -40.809  -25.291  72.935 0.0000000000
63517  -40.764  -25.958  73.189 0.0000000000
64806  -41.254  -25.008  73.020 0.0000000000
64807  -41.664  -25.097  73.240 0.0000000000
74431  -44.187  -17.078  70.014 0.0000000000
73243  -44.672  -17.686  69.896 0.0000000000
77026  -49.630  -14.810  66.009 0.0000000000
78411  -49.696  -13.920  65.482 0.0000000000
80948  -55.769  -11.220  60.419 0.0000000000
80935  -55.358  -11.222  61.197 0.0000000000
87914  -56.373  -6.278  57.984 0.0000000000
86743  -56.184  -7.052  58.653 0.0000000000
85579  -56.541  -7.658  59.352 0.0000000000
86728  -56.903  -7.218  58.768 0.0000000000
86745  -57.224  -6.593  58.250 0.0000000000
63589  -44.722  -25.594  70.414 0.0000000000
63611  -45.006  -25.653  69.783 0.0000000000
64848  -44.755  -24.732  70.943 0.0000000000
70831  -41.710  -20.547  71.801 0.0000000000
72052  -41.623  -19.403  71.509 0.0000000000
54574  -18.031  -33.051  79.800 0.0000000000
55771  -18.054  -32.399  79.500 0.0000000000
56986  -20.153  -30.230  77.858 0.0000000000
58146  -24.412  -30.455  76.603 0.0000000000
57003  -24.273  -30.709  76.781 0.0000000000
56990  -24.002  -30.934  77.113 0.0000000000
55788  -24.813  -31.799  76.678 0.0000000000
53420  -25.291  -33.468  76.799 0.0000000000
54589  -25.613  -32.595  76.938 0.0000000000
50890  -28.400  -35.597  76.649 0.0000000000
49577  -28.205  -35.967  76.730 0.0000000000
48291  -28.734  -36.231  76.746 0.0000000000
48303  -29.244  -36.579  76.661 0.0000000000
49593  -29.326  -36.181  76.659 0.0000000000
50921  -33.214  -35.519  75.987 0.0000000000
49612  -33.424  -35.894  75.766 0.0000000000
49624  -33.022  -36.703  75.350 0.0000000000
48337  -33.907  -36.795  74.255 0.0000000000
53472  -36.759  -33.312  73.123 0.0000000000
52256  -37.549  -34.449  71.961 0.0000000000
53483  -37.453  -33.340  72.471 0.0000000000
59441  -37.566  -28.855  74.037 0.0000000000
59442  -38.083  -28.568  74.044 0.0000000000
58220  -40.925  -29.054  72.360 0.0000000000
57066  -40.804  -29.742  72.237 0.0000000000
57079  -40.610  -30.637  71.656 0.0000000000
57080  -41.037  -30.098  71.302 0.0000000000
57095  -41.600  -30.152  70.263 0.0000000000
57081  -41.491  -29.609  70.806 0.0000000000
62278  -44.208  -26.240  70.462 0.0000000000
62291  -44.653  -26.441  69.640 0.0000000000
55775  -17.293  -32.583  79.052 0.0000000000
54578  -17.258  -33.390  79.119 0.0000000000
54573  -17.643  -33.390  79.569 0.0000000000
67218  -43.663  -22.183  68.140 0.0000000000
67227  -44.007  -22.950  67.457 0.0000000000
68442  -47.991  -21.080  66.967 0.0000000000
67229  -47.964  -21.576  66.578 0.0000000000
67230  -48.552  -21.347  66.294 0.0000000000
67231  -49.139  -21.159  66.064 0.0000000000
84499  -51.151  -9.098  59.752 0.0000000000
83167  -52.004  -9.600  64.639 0.0000000000
83166  -51.091  -9.453  64.501 0.0000000000
83145  -50.403  -10.091  65.123 0.0000000000
63565  -43.196  -25.423  72.315 0.0000000000
64834  -43.678  -24.638  72.253 0.0000000000
67190  -41.718  -22.796  72.790 0.0000000000
68396  -41.479  -21.943  72.438 0.0000000000
69587  -41.594  -21.103  72.053 0.0000000000
69586  -41.146  -21.257  72.293 0.0000000000
55793  -16.975  -32.026  77.647 0.0000000000
58153  -18.588  -29.881  76.146 0.0000000000
53470  -33.514  -33.630  74.264 0.0000000000
54612  -33.884  -34.045  74.596 0.0000000000
53445  -33.499  -34.570  75.233 0.0000000000
53446  -34.053  -34.324  74.783 0.0000000000
53447  -34.756  -33.770  74.537 0.0000000000
54626  -35.351  -32.731  74.076 0.0000000000
53458  -35.330  -33.452  74.265 0.0000000000
60865  -39.493  -27.579  73.824 0.0000000000
62240  -41.264  -26.581  73.203 0.0000000000
60867  -40.775  -27.363  73.329 0.0000000000
59463  -41.044  -27.966  72.977 0.0000000000
60880  -41.899  -27.180  72.869 0.0000000000
59481  -41.749  -27.905  72.239 0.0000000000
63542  -42.701  -25.541  72.854 0.0000000000
62264  -42.675  -26.159  72.325 0.0000000000
54606  -16.770  -32.678  76.943 0.0000000000
54595  -16.820  -32.771  77.847 0.0000000000
70880  -42.926  -19.336  69.467 0.0000000000
70881  -43.847  -19.594  69.009 0.0000000000
72103  -45.191  -18.472  69.696 0.0000000000
72130  -45.283  -19.142  69.530 0.0000000000
69622  -46.390  -20.085  68.730 0.0000000000
70884  -46.350  -19.570  68.945 0.0000000000
74514  -48.738  -16.395  65.994 0.0000000000
75666  -50.673  -15.713  65.765 0.0000000000
75697  -51.353  -15.504  64.619 0.0000000000
83169  -53.511  -9.818  63.854 0.0000000000
74553  -47.835  -16.212  63.502 0.0000000000
75712  -48.255  -15.480  64.047 0.0000000000
75713  -48.390  -15.094  64.391 0.0000000000
77089  -48.284  -14.553  63.800 0.0000000000
85589  -54.970  -7.632  58.894 0.0000000000
84514  -54.381  -8.289  58.598 0.0000000000
84502  -54.363  -8.218  59.665 0.0000000000
85565  -56.668  -8.200  59.704 0.0000000000
83241  -56.692  -9.390  60.082 0.0000000000
83240  -55.910  -9.725  60.530 0.0000000000
82093  -57.019  -9.673  59.868 0.0000000000
82108  -57.021  -10.850  59.255 0.0000000000
82109  -57.276  -9.889  59.462 0.0000000000
83278  -58.158  -8.849  58.295 0.0000000000
89048  -57.689  -5.198  57.608 0.0000000000
87917  -58.048  -5.727  57.670 0.0000000000
87929  -58.460  -5.638  57.338 0.0000000000
86776  -59.103  -6.609  55.907 0.0000000000
86769  -59.103  -6.696  56.369 0.0000000000
62319  -45.709  -27.153  67.920 0.0000000000
66047  -45.167  -24.231  69.614 0.0000000000
64874  -45.210  -24.818  69.017 0.0000000000
66046  -44.815  -23.391  69.472 0.0000000000
66052  -44.546  -23.390  68.704 0.0000000000
67197  -43.683  -22.822  72.188 0.0000000000
67198  -44.209  -23.130  71.693 0.0000000000
67202  -44.037  -22.513  71.615 0.0000000000
69613  -42.953  -20.803  70.424 0.0000000000
69619  -42.688  -19.716  69.761 0.0000000000
69612  -42.552  -20.007  70.222 0.0000000000
73228  -42.172  -17.902  70.411 0.0000000000
50886  -18.427  -35.328  78.314 0.0000000000
50899  -18.573  -35.371  77.589 0.0000000000
50887  -18.620  -34.789  77.862 0.0000000000
53419  -18.685  -33.260  78.234 0.0000000000
55784  -18.853  -31.232  78.392 0.0000000000
55810  -21.435  -31.170  76.006 0.0000000000
55811  -22.259  -31.422  75.661 0.0000000000
59411  -20.139  -29.340  75.004 0.0000000000
59397  -19.805  -29.365  75.816 0.0000000000
58143  -22.164  -29.648  77.335 0.0000000000
58134  -22.584  -30.045  77.916 0.0000000000
55798  -23.521  -31.595  76.386 0.0000000000
54609  -23.637  -32.547  75.707 0.0000000000
53454  -23.927  -33.254  75.297 0.0000000000
52180  -25.207  -34.075  76.602 0.0000000000
50931  -25.132  -34.981  75.468 0.0000000000
49606  -25.603  -35.477  75.631 0.0000000000
49621  -25.302  -35.762  74.970 0.0000000000
49609  -27.403  -36.560  76.405 0.0000000000
49608  -26.871  -36.128  76.204 0.0000000000
48315  -27.066  -36.868  75.964 0.0000000000
49623  -26.445  -36.497  75.658 0.0000000000
48334  -27.419  -37.497  75.552 0.0000000000
47097  -27.883  -37.815  75.504 0.0000000000
47082  -29.433  -37.807  76.146 0.0000000000
47117  -28.973  -38.281  74.586 0.0000000000
47099  -29.730  -38.215  75.381 0.0000000000
47118  -30.135  -38.477  74.394 0.0000000000
47100  -30.847  -38.293  75.096 0.0000000000
50908  -32.196  -35.867  76.451 0.0000000000
50918  -31.254  -35.749  76.174 0.0000000000
50907  -31.478  -35.959  76.416 0.0000000000
50906  -30.414  -35.931  76.368 0.0000000000
49595  -30.917  -36.321  76.397 0.0000000000
48304  -30.369  -36.742  76.403 0.0000000000
48305  -31.318  -36.745  76.311 0.0000000000
47085  -32.185  -37.570  75.214 0.0000000000
47101  -31.910  -38.055  74.611 0.0000000000
47120  -31.933  -38.318  74.065 0.0000000000
45860  -34.486  -37.755  73.155 0.0000000000
45859  -34.151  -37.922  73.237 0.0000000000
45874  -35.014  -37.956  72.726 0.0000000000
49627  -34.890  -35.545  74.135 0.0000000000
57037  -35.282  -30.780  73.567 0.0000000000
57038  -35.978  -30.137  74.049 0.0000000000
57026  -36.914  -30.351  74.280 0.0000000000
55830  -37.486  -30.732  73.640 0.0000000000
55845  -37.128  -31.403  73.555 0.0000000000
59443  -39.663  -28.412  73.751 0.0000000000
58172  -39.120  -28.947  73.713 0.0000000000
55863  -40.104  -30.852  72.392 0.0000000000
57053  -39.390  -30.372  73.221 0.0000000000
55862  -39.267  -31.132  72.788 0.0000000000
55861  -38.377  -31.316  73.087 0.0000000000
54657  -38.927  -31.822  72.179 0.0000000000
54672  -38.504  -32.482  71.932 0.0000000000
54673  -39.099  -32.130  71.609 0.0000000000
54704  -40.427  -32.450  70.136 0.0000000000
54703  -39.792  -32.672  70.556 0.0000000000
57108  -43.461  -30.697  68.540 0.0000000000
59500  -42.274  -27.816  71.133 0.0000000000
58241  -42.113  -28.452  70.662 0.0000000000
59519  -43.019  -27.974  69.968 0.0000000000
59520  -44.035  -28.265  69.111 0.0000000000
58259  -43.961  -29.013  68.915 0.0000000000
59541  -44.290  -28.974  68.691 0.0000000000
58280  -44.528  -29.537  68.303 0.0000000000
57111  -45.006  -29.942  67.703 0.0000000000
62306  -45.389  -27.398  68.311 0.0000000000
60946  -45.698  -27.860  67.718 0.0000000000
52160  -18.112  -34.539  79.380 0.0000000000
50869  -17.747  -35.554  79.611 0.0000000000
49575  -18.196  -36.276  78.513 0.0000000000
69644  -44.360  -20.722  67.661 0.0000000000
68451  -44.427  -21.694  66.717 0.0000000000
68439  -44.954  -21.085  67.151 0.0000000000
74472  -45.728  -17.005  68.633 0.0000000000
74452  -45.394  -17.198  69.208 0.0000000000
73261  -47.405  -18.600  67.894 0.0000000000
73260  -46.835  -18.216  68.369 0.0000000000
72132  -47.181  -18.908  68.135 0.0000000000
70886  -47.398  -19.482  67.848 0.0000000000
70897  -48.136  -19.611  67.330 0.0000000000
74495  -49.391  -17.554  66.189 0.0000000000
73294  -48.662  -18.211  66.744 0.0000000000
73295  -49.413  -18.216  66.324 0.0000000000
72173  -49.525  -18.973  66.322 0.0000000000
70917  -50.098  -19.559  65.844 0.0000000000
70907  -49.230  -20.051  66.482 0.0000000000
69655  -49.935  -20.237  65.923 0.0000000000
79678  -47.836  -12.822  63.994 0.0000000000
84443  -51.963  -8.624  62.540 0.0000000000
84464  -50.672  -8.802  61.415 0.0000000000
84442  -50.999  -8.701  62.410 0.0000000000
83184  -49.903  -9.163  63.555 0.0000000000
83202  -49.103  -9.201  62.480 0.0000000000
83201  -48.013  -9.786  62.493 0.0000000000
83200  -47.572  -9.963  62.035 0.0000000000
82061  -47.755  -10.423  62.785 0.0000000000
82053  -48.028  -10.381  63.374 0.0000000000
82031  -49.708  -10.756  65.293 0.0000000000
80891  -48.174  -11.192  64.838 0.0000000000
80878  -49.187  -11.366  65.546 0.0000000000
80877  -48.508  -12.046  65.394 0.0000000000
80866  -49.206  -12.110  65.450 0.0000000000
80867  -49.495  -11.986  65.130 0.0000000000
64819  -42.573  -24.942  73.238 0.0000000000
66031  -42.643  -23.965  73.147 0.0000000000
66030  -41.932  -23.684  73.140 0.0000000000
67189  -41.215  -22.734  72.562 0.0000000000
54624  -34.138  -33.202  74.308 0.0000000000
54614  -34.878  -33.223  74.396 0.0000000000
55827  -35.514  -31.792  73.844 0.0000000000
62238  -40.160  -26.774  73.517 0.0000000000
62251  -41.792  -26.460  73.178 0.0000000000
63519  -41.720  -25.788  73.232 0.0000000000
64808  -42.096  -25.091  73.339 0.0000000000
72102  -44.158  -18.249  69.908 0.0000000000
73244  -45.539  -17.809  69.392 0.0000000000
75664  -49.324  -15.690  66.105 0.0000000000
77025  -48.970  -15.047  65.950 0.0000000000
77028  -50.859  -14.942  65.626 0.0000000000
77051  -50.579  -14.374  65.474 0.0000000000
78426  -50.357  -13.810  65.052 0.0000000000
83222  -55.283  -9.856  61.102 0.0000000000
84447  -54.700  -9.622  61.998 0.0000000000
82078  -55.114  -10.178  61.440 0.0000000000
80920  -55.101  -10.939  61.737 0.0000000000
85602  -55.380  -7.298  58.435 0.0000000000
85590  -55.624  -7.370  58.849 0.0000000000
85578  -55.982  -7.509  59.375 0.0000000000
85566  -57.128  -8.206  59.439 0.0000000000
83261  -57.334  -9.170  59.610 0.0000000000
84503  -57.622  -8.289  59.007 0.0000000000
84504  -57.997  -7.700  58.538 0.0000000000
84516  -58.345  -8.045  58.176 0.0000000000
89077  -58.356  -4.384  56.853 0.0000000000
89063  -58.559  -5.209  57.091 0.0000000000
89078  -58.752  -4.790  56.729 0.0000000000
87955  -59.149  -5.381  55.785 0.0000000000
86787  -57.930  -6.794  54.460 0.0000000000
62305  -45.134  -26.797  68.770 0.0000000000
63632  -45.189  -25.736  69.111 0.0000000000
66041  -45.020  -23.833  70.418 0.0000000000
69589  -42.783  -21.695  72.283 0.0000000000
68409  -43.566  -21.858  71.742 0.0000000000
69598  -42.999  -21.348  72.090 0.0000000000
69597  -42.579  -20.865  71.673 0.0000000000
70862  -42.306  -19.540  70.733 0.0000000000
73227  -41.576  -17.990  70.662 0.0000000000
52161  -18.263  -33.914  79.138 0.0000000000
52168  -18.446  -34.261  78.577 0.0000000000
53413  -18.395  -33.363  78.944 0.0000000000
54581  -18.616  -32.533  78.714 0.0000000000
56989  -23.212  -30.584  77.325 0.0000000000
54587  -24.403  -32.079  76.437 0.0000000000
54599  -24.620  -32.802  76.522 0.0000000000
53432  -24.798  -33.267  76.595 0.0000000000
52169  -25.340  -33.787  76.787 0.0000000000
52181  -25.626  -34.195  76.732 0.0000000000
48301  -27.915  -36.716  76.646 0.0000000000
48335  -27.968  -37.593  75.916 0.0000000000
48317  -28.359  -37.352  76.387 0.0000000000
48318  -29.062  -37.286  76.539 0.0000000000
52198  -32.599  -35.077  75.813 0.0000000000
50920  -32.641  -35.448  76.179 0.0000000000
50909  -32.655  -35.866  76.308 0.0000000000
49597  -32.395  -36.125  76.427 0.0000000000
48306  -31.805  -36.704  76.306 0.0000000000
47086  -32.646  -37.370  74.756 0.0000000000
47105  -34.152  -37.223  73.722 0.0000000000
52230  -35.720  -34.270  73.739 0.0000000000
50945  -35.764  -35.238  73.353 0.0000000000
52231  -36.258  -34.344  73.279 0.0000000000
50958  -36.602  -35.592  72.530 0.0000000000
52257  -38.293  -34.264  71.457 0.0000000000
58201  -36.481  -29.122  73.371 0.0000000000
58184  -36.252  -29.772  74.017 0.0000000000
58185  -36.706  -29.587  74.086 0.0000000000
58186  -37.245  -29.375  74.366 0.0000000000
58170  -37.711  -29.578  74.404 0.0000000000
58189  -40.245  -28.715  73.244 0.0000000000
58202  -40.050  -29.290  73.149 0.0000000000
57054  -40.204  -30.037  72.839 0.0000000000
55885  -40.378  -31.064  71.208 0.0000000000
55900  -40.833  -31.214  70.248 0.0000000000
55901  -41.818  -31.338  69.570 0.0000000000
60895  -43.082  -26.540  71.151 0.0000000000
59501  -42.831  -27.371  70.565 0.0000000000
60907  -43.447  -26.890  70.434 0.0000000000
59521  -44.476  -27.870  68.907 0.0000000000
60922  -44.756  -27.527  68.833 0.0000000000
62292  -44.740  -27.012  69.137 0.0000000000
53418  -16.799  -33.831  78.650 0.0000000000
53411  -16.862  -34.377  79.064 0.0000000000
53404  -17.859  -33.901  79.838 0.0000000000
68428  -46.536  -20.828  67.926 0.0000000000
68440  -46.250  -21.103  67.447 0.0000000000
67228  -47.182  -21.708  66.702 0.0000000000
73291  -46.122  -17.282  67.387 0.0000000000
74473  -46.221  -17.403  68.432 0.0000000000
74493  -46.553  -17.465  67.897 0.0000000000
73275  -47.164  -17.804  67.764 0.0000000000
73276  -47.732  -18.317  67.508 0.0000000000
73320  -50.626  -17.772  65.552 0.0000000000
73319  -49.983  -18.083  65.928 0.0000000000
84396  -51.322  -9.135  64.114 0.0000000000
83185  -50.566  -9.254  64.091 0.0000000000
83164  -49.254  -9.863  64.461 0.0000000000
83144  -49.690  -10.163  65.069 0.0000000000
82023  -49.779  -11.382  65.137 0.0000000000
87915  -56.939  -6.069  57.899 0.0000000000
87927  -56.610  -5.419  57.787 0.0000000000
89061  -57.189  -4.903  57.666 0.0000000000
90210  -57.427  -4.212  57.347 0.0000000000
90223  -57.019  -3.596  57.100 0.0000000000
90224  -57.990  -3.780  56.864 0.0000000000
64835  -44.222  -24.654  71.608 0.0000000000
67192  -43.031  -22.868  72.758 0.0000000000
68398  -42.626  -22.085  72.529 0.0000000000
70847  -40.970  -19.788  71.892 0.0000000000
55776  -17.668  -31.977  79.266 0.0000000000
55783  -17.495  -31.622  78.889 0.0000000000
56983  -17.585  -31.280  78.442 0.0000000000
58129  -18.502  -30.388  77.802 0.0000000000
58130  -18.947  -30.221  77.759 0.0000000000
58141  -20.330  -29.573  77.365 0.0000000000
52174  -28.629  -35.455  76.575 0.0000000000
53444  -33.099  -34.760  75.643 0.0000000000
52200  -33.694  -34.855  75.467 0.0000000000
50922  -33.896  -35.363  75.438 0.0000000000
50932  -34.269  -35.541  74.952 0.0000000000
50923  -34.406  -34.984  74.936 0.0000000000
52217  -35.317  -34.244  74.265 0.0000000000
53460  -36.454  -32.884  73.537 0.0000000000
60879  -38.358  -27.407  73.238 0.0000000000
60863  -37.801  -28.178  73.939 0.0000000000
60864  -38.634  -27.831  73.804 0.0000000000
60852  -39.470  -28.116  73.910 0.0000000000
59444  -40.428  -28.173  73.462 0.0000000000
59462  -40.549  -28.394  73.162 0.0000000000
58221  -41.393  -28.635  72.029 0.0000000000
58240  -41.651  -28.907  71.125 0.0000000000
59482  -42.135  -27.459  71.858 0.0000000000
60894  -42.572  -26.902  71.752 0.0000000000
60881  -42.300  -26.772  72.435 0.0000000000
68437  -43.662  -21.395  67.668 0.0000000000
69630  -43.684  -20.485  68.208 0.0000000000
70894  -44.137  -20.045  68.500 0.0000000000
69631  -44.561  -20.319  68.199 0.0000000000
70882  -44.919  -19.513  69.200 0.0000000000
70896  -45.350  -19.986  69.007 0.0000000000
69632  -45.432  -20.324  68.452 0.0000000000
69633  -46.318  -20.544  68.239 0.0000000000
69634  -46.891  -20.395  68.110 0.0000000000
68431  -47.976  -20.658  67.228 0.0000000000
73318  -48.203  -17.226  66.262 0.0000000000
74516  -50.159  -16.962  65.836 0.0000000000
84482  -52.467  -8.770  60.580 0.0000000000
84481  -51.394  -8.866  60.552 0.0000000000
84466  -52.738  -8.591  61.602 0.0000000000
84444  -52.978  -8.620  62.585 0.0000000000
84446  -54.397  -9.397  62.530 0.0000000000
84423  -53.854  -9.270  63.372 0.0000000000
84422  -53.197  -8.896  63.428 0.0000000000
84398  -52.582  -9.228  64.073 0.0000000000
83168  -52.821  -9.713  64.424 0.0000000000
64817  -40.482  -24.858  72.670 0.0000000000
66028  -40.928  -23.628  72.611 0.0000000000
66035  -40.439  -23.792  72.192 0.0000000000
60891  -37.837  -27.790  72.955 0.0000000000
62249  -38.720  -26.706  72.788 0.0000000000
62250  -39.170  -26.462  73.080 0.0000000000
63540  -39.730  -25.841  72.798 0.0000000000
74469  -43.082  -16.447  68.957 0.0000000000
74470  -44.103  -16.488  68.902 0.0000000000
74490  -44.517  -16.553  68.134 0.0000000000
74512  -44.795  -16.755  67.605 0.0000000000
73316  -46.285  -17.508  66.538 0.0000000000
74532  -48.294  -16.171  65.373 0.0000000000
74543  -48.002  -16.201  64.367 0.0000000000
74544  -48.131  -16.120  64.899 0.0000000000
75696  -48.342  -15.508  64.782 0.0000000000
78425  -48.515  -13.655  65.006 0.0000000000
83260  -52.466  -9.335  59.031 0.0000000000
84483  -53.560  -8.543  60.617 0.0000000000
85563  -55.462  -7.945  60.148 0.0000000000
84485  -55.294  -8.522  60.688 0.0000000000
84469  -54.974  -9.315  61.272 0.0000000000
84470  -55.510  -9.454  60.757 0.0000000000
80962  -56.317  -11.482  59.648 0.0000000000
83277  -57.827  -9.219  58.901 0.0000000000
86746  -57.807  -6.560  58.147 0.0000000000
85591  -58.216  -7.145  58.171 0.0000000000
85603  -58.710  -7.017  57.408 0.0000000000
86762  -58.758  -6.221  57.223 0.0000000000
85618  -59.004  -6.765  56.950 0.0000000000
63654  -45.346  -25.458  68.424 0.0000000000
64888  -44.938  -24.464  68.168 0.0000000000
66063  -44.746  -23.889  68.451 0.0000000000
67211  -43.516  -21.900  68.860 0.0000000000
66037  -44.540  -23.819  71.352 0.0000000000
68410  -44.025  -22.092  71.184 0.0000000000
68422  -44.007  -22.210  69.821 0.0000000000
72127  -42.848  -18.796  69.837 0.0000000000
72101  -43.132  -18.211  70.001 0.0000000000
74449  -42.625  -16.720  69.724 0.0000000000
68403  -40.828  -21.668  72.191 0.0000000000
69595  -40.720  -20.619  72.031 0.0000000000
70861  -40.536  -19.848  71.696 0.0000000000
72074  -40.718  -19.076  71.378 0.0000000000
73226  -41.036  -18.174  70.975 0.0000000000
49604  -18.566  -36.185  76.659 0.0000000000
49588  -18.625  -35.641  77.097 0.0000000000
49605  -18.713  -35.534  76.568 0.0000000000
55777  -18.386  -31.792  78.988 0.0000000000
59385  -19.604  -29.491  76.337 0.0000000000
59386  -20.052  -29.365  76.565 0.0000000000
58142  -21.222  -29.570  77.496 0.0000000000
56988  -22.161  -30.439  77.529 0.0000000000
55786  -22.968  -30.883  77.153 0.0000000000
55797  -22.614  -31.131  76.622 0.0000000000
54608  -23.063  -31.937  76.029 0.0000000000
52193  -24.824  -34.186  76.044 0.0000000000
52182  -26.016  -34.350  76.769 0.0000000000
50902  -26.003  -34.821  76.536 0.0000000000
49607  -26.141  -35.587  76.045 0.0000000000
47098  -28.579  -37.972  75.699 0.0000000000
52183  -28.317  -34.602  76.214 0.0000000000
52184  -29.137  -35.419  76.367 0.0000000000
52185  -30.099  -35.600  76.195 0.0000000000
50905  -29.647  -35.788  76.462 0.0000000000
50892  -29.652  -35.998  76.567 0.0000000000
49626  -34.508  -36.079  74.324 0.0000000000
49636  -34.754  -36.443  73.775 0.0000000000
48349  -34.967  -36.844  73.439 0.0000000000
49645  -35.766  -36.176  72.974 0.0000000000
48350  -35.442  -36.820  73.026 0.0000000000
47138  -35.697  -37.526  72.573 0.0000000000
57024  -35.596  -31.153  73.848 0.0000000000
55828  -36.118  -31.419  73.824 0.0000000000
57039  -36.442  -30.064  74.280 0.0000000000
54639  -37.140  -32.159  73.393 0.0000000000
59423  -38.251  -28.925  74.024 0.0000000000
58171  -38.316  -29.238  73.843 0.0000000000
57028  -38.378  -29.831  73.737 0.0000000000
57041  -38.899  -30.117  73.537 0.0000000000
57040  -38.093  -30.344  73.677 0.0000000000
55846  -37.997  -31.089  73.499 0.0000000000
53484  -38.011  -32.949  72.113 0.0000000000
53495  -38.329  -33.262  71.667 0.0000000000
53507  -38.809  -33.479  71.183 0.0000000000
55884  -39.649  -31.844  71.178 0.0000000000
54689  -39.252  -32.636  71.025 0.0000000000
58257  -42.303  -29.046  70.102 0.0000000000
57097  -43.352  -30.050  68.946 0.0000000000
58258  -43.417  -29.271  69.199 0.0000000000
58278  -43.597  -29.901  68.809 0.0000000000
58317  -45.603  -29.596  67.014 0.0000000000
59543  -45.239  -28.626  68.052 0.0000000000
68450  -43.915  -21.667  67.025 0.0000000000
74451  -44.587  -16.844  69.452 0.0000000000
72104  -45.987  -18.550  69.364 0.0000000000
74454  -46.344  -17.692  68.589 0.0000000000
73246  -46.554  -18.498  68.736 0.0000000000
70872  -46.561  -18.982  68.754 0.0000000000
69624  -47.073  -19.774  68.069 0.0000000000
69635  -47.493  -20.155  67.708 0.0000000000
73277  -48.240  -18.619  67.179 0.0000000000
72155  -49.105  -19.268  66.608 0.0000000000
72154  -48.698  -18.994  66.889 0.0000000000
70898  -48.906  -19.721  66.716 0.0000000000
69647  -48.942  -20.341  66.551 0.0000000000
77110  -47.971  -14.550  62.702 0.0000000000
78439  -48.177  -13.733  64.412 0.0000000000
78424  -48.177  -13.416  64.851 0.0000000000
84479  -49.603  -9.069  60.573 0.0000000000
83238  -48.929  -9.187  60.535 0.0000000000
84441  -50.099  -8.841  62.371 0.0000000000
83237  -47.936  -9.442  60.786 0.0000000000
80914  -47.110  -11.809  62.347 0.0000000000
80902  -47.606  -11.917  63.512 0.0000000000
82042  -48.455  -10.452  64.277 0.0000000000
82041  -47.878  -11.126  63.986 0.0000000000
80876  -47.988  -12.284  65.135 0.0000000000
79667  -48.485  -12.863  65.263 0.0000000000
79655  -49.045  -12.952  65.315 0.0000000000
79656  -49.427  -12.973  65.068 0.0000000000
79657  -49.622  -12.924  64.886 0.0000000000
80879  -49.856  -11.664  64.860 0.0000000000
79679  -50.118  -12.531  64.126 0.0000000000
78456  -50.318  -13.205  63.847 0.0000000000
47122  -34.116  -37.599  73.476 0.0000000000
47123  -34.694  -37.422  73.271 0.0000000000
47124  -35.177  -37.273  73.019 0.0000000000
48302  -28.536  -36.810  76.749 0.0000000000
49578  -28.920  -36.059  76.742 0.0000000000
49579  -29.229  -35.981  76.831 0.0000000000
49589  -26.174  -35.212  76.360 0.0000000000
49592  -28.147  -36.378  76.725 0.0000000000
49610  -32.085  -36.648  76.276 0.0000000000
50901  -25.606  -34.460  76.571 0.0000000000
50916  -25.571  -34.842  76.229 0.0000000000
50946  -36.298  -35.091  72.946 0.0000000000
52170  -25.667  -33.883  76.884 0.0000000000
53431  -24.461  -32.976  76.436 0.0000000000
53457  -33.553  -34.136  74.724 0.0000000000
53524  -40.782  -33.311  69.908 0.0000000000
54579  -17.555  -32.772  79.364 0.0000000000
55875  -40.328  -30.913  71.894 0.0000000000
55886  -40.830  -30.699  70.848 0.0000000000
55898  -39.659  -32.231  70.823 0.0000000000
56976  -17.676  -31.467  78.987 0.0000000000
56997  -18.249  -30.465  77.757 0.0000000000
57055  -40.629  -29.445  72.592 0.0000000000
58154  -19.236  -29.601  75.934 0.0000000000
58168  -36.648  -29.975  74.405 0.0000000000
58281  -44.962  -29.422  67.979 0.0000000000
59421  -37.470  -29.275  74.430 0.0000000000
59424  -39.273  -28.747  73.837 0.0000000000
60850  -38.340  -28.620  74.008 0.0000000000
60921  -44.392  -27.320  69.300 0.0000000000
60935  -45.517  -27.898  68.041 0.0000000000
62252  -42.253  -26.295  72.847 0.0000000000
63539  -39.176  -26.162  72.669 0.0000000000
63633  -45.393  -26.172  68.552 0.0000000000
66024  -42.343  -24.612  73.286 0.0000000000
66042  -45.207  -24.476  70.037 0.0000000000
66062  -44.430  -23.734  67.983 0.0000000000
67196  -41.034  -22.228  72.399 0.0000000000
68416  -44.036  -22.116  70.443 0.0000000000
68430  -47.456  -20.767  67.598 0.0000000000
68438  -44.118  -21.180  67.228 0.0000000000
68441  -47.360  -21.228  67.298 0.0000000000
68444  -49.236  -20.765  66.220 0.0000000000
69646  -45.844  -20.655  68.025 0.0000000000
69648  -49.467  -20.339  66.250 0.0000000000
70832  -41.897  -20.829  71.793 0.0000000000
70848  -41.460  -20.107  71.824 0.0000000000
70871  -46.345  -19.055  69.030 0.0000000000
70883  -45.764  -19.683  69.217 0.0000000000
70885  -46.774  -19.338  68.452 0.0000000000
70908  -49.522  -19.772  66.302 0.0000000000
72050  -40.980  -19.375  71.714 0.0000000000
72100  -42.469  -18.758  70.306 0.0000000000
72105  -46.422  -18.697  68.938 0.0000000000
73245  -46.271  -18.240  69.019 0.0000000000
73258  -45.723  -17.539  69.094 0.0000000000
74491  -45.307  -16.782  67.968 0.0000000000
75663  -48.900  -15.661  66.031 0.0000000000
77067  -48.307  -14.242  64.257 0.0000000000
77090  -48.386  -14.902  64.186 0.0000000000
78440  -48.351  -13.946  64.682 0.0000000000
79732  -55.534  -11.717  60.689 0.0000000000
80934  -55.031  -11.289  61.636 0.0000000000
82064  -54.893  -10.433  61.921 0.0000000000
82065  -55.205  -10.789  61.505 0.0000000000
83147  -52.233  -10.092  64.800 0.0000000000
83148  -52.952  -10.188  64.428 0.0000000000
83170  -53.621  -10.218  63.703 0.0000000000
83188  -54.542  -10.157  62.536 0.0000000000
83203  -54.421  -9.729  62.712 0.0000000000
83218  -47.321  -10.031  61.715 0.0000000000
83219  -47.744  -9.677  61.618 0.0000000000
83221  -54.905  -9.895  61.699 0.0000000000
84420  -51.137  -8.895  63.585 0.0000000000
84498  -50.597  -9.193  59.685 0.0000000000
85604  -58.918  -6.566  57.083 0.0000000000
85617  -59.019  -7.162  56.546 0.0000000000
86727  -56.424  -7.292  58.915 0.0000000000
86729  -57.361  -7.118  58.571 0.0000000000
86770  -59.061  -6.322  56.631 0.0000000000
86777  -59.205  -5.932  56.038 0.0000000000
87928  -57.075  -5.489  57.783 0.0000000000
87930  -58.823  -5.570  56.950 0.0000000000
89049  -57.873  -5.366  57.605 0.0000000000
90208  -56.298  -4.180  57.400 0.0000000000
