#!ascii label  , from subject 3468 vox2ras=TkReg
445
92034  -31.960  -2.577  -4.584 0.0000000000
95399  -29.560  0.089  -4.987 0.0000000000
112101  -29.940  15.459  -4.257 0.0000000000
106681  -31.582  10.451  -6.146 0.0000000000
101381  -31.183  5.049  -9.835 0.0000000000
98902  -33.471  3.338  -5.119 0.0000000000
114317  -28.103  17.471  -5.138 0.0000000000
103563  -30.737  7.149  -8.212 0.0000000000
101341  -30.858  4.879  -5.121 0.0000000000
93195  -30.745  -1.418  -6.657 0.0000000000
96555  -32.321  0.907  -7.643 0.0000000000
94292  -32.975  0.014  -5.203 0.0000000000
86350  -28.642  -8.021  -3.671 0.0000000000
89856  -29.241  -4.365  -5.451 0.0000000000
121492  -26.141  23.753  -8.197 0.0000000000
120437  -28.251  23.243  -6.784 0.0000000000
118398  -30.713  21.343  -6.156 0.0000000000
115419  -31.554  18.520  -6.924 0.0000000000
112147  -31.237  15.640  -7.528 0.0000000000
108895  -31.332  12.847  -5.157 0.0000000000
108933  -30.647  12.416  -9.082 0.0000000000
105613  -30.193  9.180  -10.137 0.0000000000
104604  -32.918  7.637  -11.961 0.0000000000
103568  -34.372  7.513  -9.295 0.0000000000
98960  -30.312  3.010  -7.985 0.0000000000
100179  -33.079  3.899  -8.878 0.0000000000
102450  -30.519  5.991  -4.331 0.0000000000
100103  -29.499  5.008  -3.906 0.0000000000
92053  -31.237  -2.095  -6.128 0.0000000000
93208  -32.276  -0.958  -6.136 0.0000000000
92055  -32.477  -1.576  -4.878 0.0000000000
81699  -28.129  -11.075  -0.220 0.0000000000
82831  -28.084  -10.515  -0.901 0.0000000000
85180  -28.716  -9.006  -1.167 0.0000000000
90922  -28.426  -2.958  -4.748 0.0000000000
89854  -27.293  -4.303  -4.898 0.0000000000
119434  -29.691  22.463  -6.181 0.0000000000
113171  -29.371  16.362  -4.485 0.0000000000
115403  -30.593  18.301  -4.958 0.0000000000
114311  -31.253  17.133  -4.990 0.0000000000
113220  -31.425  16.637  -7.025 0.0000000000
112120  -31.594  15.584  -5.772 0.0000000000
107783  -31.477  11.604  -5.622 0.0000000000
108926  -31.346  12.523  -7.123 0.0000000000
107810  -31.206  11.392  -7.688 0.0000000000
106710  -30.253  10.471  -9.628 0.0000000000
106704  -30.916  10.263  -8.239 0.0000000000
102497  -30.661  6.108  -9.114 0.0000000000
103569  -30.947  7.079  -10.221 0.0000000000
102504  -32.326  6.627  -10.923 0.0000000000
104599  -34.435  7.917  -10.498 0.0000000000
102498  -33.736  6.322  -9.572 0.0000000000
96519  -28.582  1.331  -4.385 0.0000000000
97721  -30.473  2.295  -5.454 0.0000000000
96554  -30.409  1.161  -6.992 0.0000000000
97739  -33.031  2.123  -7.175 0.0000000000
97763  -32.357  2.129  -8.657 0.0000000000
100166  -33.281  3.868  -7.459 0.0000000000
101356  -33.881  5.604  -6.871 0.0000000000
101344  -33.833  5.099  -5.825 0.0000000000
86338  -29.111  -7.465  -3.114 0.0000000000
86373  -28.735  -7.223  -4.874 0.0000000000
88638  -29.900  -5.949  -3.151 0.0000000000
88662  -30.418  -5.359  -3.715 0.0000000000
104552  -30.866  8.423  -4.347 0.0000000000
105593  -31.505  9.289  -6.759 0.0000000000
103527  -31.485  7.621  -5.521 0.0000000000
102490  -30.994  6.099  -6.894 0.0000000000
101366  -30.576  5.281  -7.704 0.0000000000
94289  -30.054  -0.709  -6.075 0.0000000000
95428  -30.483  0.216  -7.426 0.0000000000
94300  -30.993  -0.638  -7.520 0.0000000000
95430  -32.852  0.720  -6.690 0.0000000000
96522  -33.384  1.669  -5.379 0.0000000000
86328  -28.849  -8.175  -2.217 0.0000000000
94273  -29.085  -0.700  -4.671 0.0000000000
92033  -29.583  -2.350  -5.250 0.0000000000
90945  -29.743  -3.323  -5.411 0.0000000000
89858  -31.138  -3.643  -5.100 0.0000000000
123639  -25.682  25.959  -9.368 0.0000000000
119446  -26.297  22.604  -7.809 0.0000000000
120449  -27.197  23.263  -7.453 0.0000000000
121496  -30.071  24.504  -7.314 0.0000000000
120452  -30.995  23.369  -7.484 0.0000000000
118416  -31.587  21.472  -8.298 0.0000000000
116408  -29.457  19.140  -5.090 0.0000000000
117390  -31.311  19.885  -6.191 0.0000000000
116425  -31.449  19.523  -8.277 0.0000000000
115431  -30.738  18.110  -9.167 0.0000000000
113234  -30.692  16.554  -8.917 0.0000000000
111094  -30.090  14.573  -9.638 0.0000000000
109949  -30.196  13.582  -4.310 0.0000000000
109978  -31.503  13.726  -5.764 0.0000000000
110000  -30.732  13.495  -8.503 0.0000000000
110021  -29.899  12.804  -10.106 0.0000000000
107833  -29.281  11.054  -11.027 0.0000000000
105623  -31.870  9.485  -12.819 0.0000000000
104594  -30.543  7.964  -9.550 0.0000000000
104603  -31.246  8.043  -11.816 0.0000000000
98900  -29.116  3.335  -4.059 0.0000000000
100153  -30.580  3.731  -6.732 0.0000000000
100177  -30.518  4.240  -8.890 0.0000000000
96575  -31.195  1.717  -8.506 0.0000000000
98968  -31.466  3.115  -9.516 0.0000000000
100187  -32.921  4.660  -9.798 0.0000000000
102495  -33.671  5.852  -8.620 0.0000000000
103564  -34.836  7.652  -7.881 0.0000000000
88697  -28.740  -5.184  -5.468 0.0000000000
89835  -31.124  -4.125  -4.592 0.0000000000
90924  -31.661  -3.362  -4.219 0.0000000000
90947  -31.462  -2.826  -5.208 0.0000000000
92054  -31.963  -1.912  -5.317 0.0000000000
92035  -32.559  -1.997  -4.197 0.0000000000
92036  -32.977  -1.396  -3.767 0.0000000000
82815  -28.465  -10.317  0.132 0.0000000000
112100  -29.031  15.372  -4.513 0.0000000000
113172  -30.285  16.412  -4.420 0.0000000000
113173  -31.037  16.417  -4.735 0.0000000000
113190  -31.463  16.465  -5.343 0.0000000000
112102  -30.738  15.514  -4.553 0.0000000000
105567  -31.222  9.468  -4.700 0.0000000000
106666  -30.909  10.577  -4.329 0.0000000000
107800  -31.429  11.497  -6.635 0.0000000000
106694  -31.353  10.359  -7.220 0.0000000000
102500  -31.301  6.100  -10.105 0.0000000000
102501  -32.335  6.012  -10.527 0.0000000000
102502  -33.186  6.425  -10.640 0.0000000000
101383  -33.148  5.507  -10.189 0.0000000000
96538  -29.986  0.566  -5.192 0.0000000000
96521  -30.269  1.673  -5.078 0.0000000000
96539  -30.315  1.114  -5.717 0.0000000000
98918  -33.333  3.203  -5.963 0.0000000000
98936  -33.224  3.030  -6.882 0.0000000000
100155  -33.351  3.766  -6.509 0.0000000000
101355  -33.535  4.595  -6.588 0.0000000000
100138  -33.669  4.607  -5.629 0.0000000000
101329  -34.054  5.364  -4.850 0.0000000000
100122  -33.617  3.964  -4.804 0.0000000000
87447  -29.486  -6.701  -2.504 0.0000000000
103525  -30.419  7.529  -3.962 0.0000000000
104553  -31.465  8.348  -5.142 0.0000000000
101328  -30.962  5.389  -5.073 0.0000000000
102477  -31.212  6.281  -5.240 0.0000000000
102478  -31.194  5.972  -5.895 0.0000000000
101354  -30.782  5.088  -6.692 0.0000000000
93194  -30.234  -1.351  -6.314 0.0000000000
94290  -30.349  -0.688  -6.863 0.0000000000
93206  -31.350  -1.352  -6.844 0.0000000000
94291  -32.640  -0.363  -5.859 0.0000000000
94302  -32.326  -0.509  -6.765 0.0000000000
95420  -33.036  0.592  -5.861 0.0000000000
96540  -33.111  1.426  -6.463 0.0000000000
95400  -33.290  0.690  -4.828 0.0000000000
96508  -33.557  1.525  -4.294 0.0000000000
80542  -27.703  -12.407  -0.422 0.0000000000
79335  -27.309  -12.995  -0.832 0.0000000000
85194  -28.900  -8.438  -1.480 0.0000000000
86329  -29.120  -7.767  -1.836 0.0000000000
93179  -29.342  -1.561  -4.923 0.0000000000
90944  -28.769  -3.588  -5.100 0.0000000000
90923  -29.130  -2.970  -4.988 0.0000000000
90946  -30.698  -3.092  -5.515 0.0000000000
89857  -30.363  -4.398  -5.267 0.0000000000
121506  -25.694  24.221  -8.531 0.0000000000
122575  -25.206  25.004  -9.203 0.0000000000
122576  -26.073  25.161  -8.630 0.0000000000
121507  -26.324  24.656  -8.328 0.0000000000
119432  -27.575  22.451  -6.896 0.0000000000
119447  -26.971  22.590  -7.407 0.0000000000
120450  -27.840  23.539  -7.076 0.0000000000
122566  -27.465  25.006  -7.735 0.0000000000
121495  -29.016  24.626  -7.144 0.0000000000
122568  -29.471  25.452  -7.791 0.0000000000
121483  -29.463  24.001  -6.843 0.0000000000
119435  -30.622  22.281  -6.485 0.0000000000
120440  -30.825  22.889  -6.904 0.0000000000
119436  -31.173  22.347  -7.094 0.0000000000
119448  -31.471  22.425  -7.896 0.0000000000
118409  -31.449  21.459  -7.387 0.0000000000
115407  -28.786  18.282  -5.013 0.0000000000
115410  -31.408  18.453  -6.134 0.0000000000
116410  -31.175  19.301  -5.865 0.0000000000
116418  -31.459  19.362  -6.500 0.0000000000
116423  -31.563  19.496  -7.315 0.0000000000
115432  -31.104  18.541  -8.666 0.0000000000
115425  -31.450  18.584  -7.783 0.0000000000
113235  -31.044  16.784  -7.983 0.0000000000
112160  -30.807  15.611  -8.413 0.0000000000
112159  -30.451  15.534  -9.286 0.0000000000
107766  -30.424  11.625  -4.188 0.0000000000
108877  -29.877  12.580  -4.212 0.0000000000
109950  -30.904  13.710  -4.674 0.0000000000
109961  -31.282  13.927  -5.150 0.0000000000
108934  -31.036  12.442  -8.127 0.0000000000
110001  -31.204  13.545  -7.580 0.0000000000
110010  -30.198  13.432  -9.561 0.0000000000
108941  -30.181  12.275  -9.849 0.0000000000
108949  -29.616  12.145  -10.475 0.0000000000
107825  -29.942  11.270  -10.187 0.0000000000
106717  -29.782  10.169  -10.590 0.0000000000
105617  -30.030  9.192  -11.227 0.0000000000
105626  -30.199  9.709  -12.478 0.0000000000
105618  -30.505  8.834  -11.789 0.0000000000
104580  -31.082  8.187  -7.415 0.0000000000
104589  -30.705  8.134  -8.523 0.0000000000
103573  -32.350  7.146  -11.395 0.0000000000
103572  -31.471  7.162  -10.970 0.0000000000
104608  -32.464  8.474  -12.610 0.0000000000
104609  -33.749  8.444  -12.223 0.0000000000
103571  -34.395  7.773  -10.013 0.0000000000
104590  -35.283  8.393  -8.043 0.0000000000
98899  -28.116  3.724  -4.411 0.0000000000
98948  -30.494  3.016  -7.057 0.0000000000
98934  -30.732  3.317  -6.003 0.0000000000
100176  -30.378  3.829  -8.330 0.0000000000
95438  -30.954  0.306  -8.037 0.0000000000
96565  -30.640  1.305  -8.099 0.0000000000
96566  -31.309  1.107  -8.169 0.0000000000
98962  -32.593  2.722  -8.830 0.0000000000
100178  -32.552  3.363  -9.329 0.0000000000
100186  -32.115  3.947  -9.843 0.0000000000
101377  -33.434  5.172  -9.210 0.0000000000
101367  -33.463  5.017  -7.920 0.0000000000
102479  -34.298  6.304  -5.855 0.0000000000
102491  -34.302  6.604  -7.246 0.0000000000
103558  -34.814  7.388  -6.530 0.0000000000
89820  -30.789  -4.644  -3.169 0.0000000000
88682  -30.291  -5.286  -4.691 0.0000000000
89834  -30.788  -4.719  -4.246 0.0000000000
89821  -31.234  -4.071  -3.665 0.0000000000
103503  -30.001  6.883  -3.769 0.0000000000
101313  -30.088  5.379  -4.039 0.0000000000
92063  -31.521  -1.597  -6.458 0.0000000000
92064  -31.712  -1.665  -6.122 0.0000000000
93197  -32.479  -1.170  -5.422 0.0000000000
94275  -32.871  -0.609  -5.103 0.0000000000
94276  -33.139  -0.225  -4.385 0.0000000000
93181  -32.872  -1.156  -4.538 0.0000000000
93182  -33.129  -0.833  -3.833 0.0000000000
80543  -28.035  -11.757  -0.112 0.0000000000
84022  -28.162  -9.811  -1.775 0.0000000000
84006  -28.472  -9.711  -0.624 0.0000000000
85163  -28.790  -9.005  -0.184 0.0000000000
92051  -27.550  -2.678  -4.628 0.0000000000
90943  -27.768  -3.251  -4.738 0.0000000000
89855  -28.246  -4.363  -5.183 0.0000000000
120459  -25.774  23.255  -8.283 0.0000000000
119433  -28.659  22.478  -6.381 0.0000000000
120438  -29.174  23.297  -6.544 0.0000000000
118397  -29.081  21.854  -5.989 0.0000000000
118384  -30.125  21.116  -5.750 0.0000000000
115401  -29.383  17.881  -4.711 0.0000000000
114309  -29.765  17.253  -4.520 0.0000000000
114318  -31.078  17.780  -5.078 0.0000000000
114319  -31.406  17.495  -5.643 0.0000000000
114340  -31.389  17.649  -7.383 0.0000000000
113207  -31.649  16.568  -6.137 0.0000000000
112136  -31.544  15.613  -6.629 0.0000000000
107767  -31.133  11.646  -4.753 0.0000000000
108915  -31.543  12.635  -6.132 0.0000000000
107817  -30.780  11.243  -8.765 0.0000000000
107816  -30.420  11.537  -9.521 0.0000000000
106711  -30.525  10.178  -8.978 0.0000000000
105608  -30.312  9.741  -9.404 0.0000000000
103566  -30.647  7.071  -9.311 0.0000000000
102503  -31.669  6.555  -10.600 0.0000000000
103574  -33.265  7.130  -11.148 0.0000000000
104605  -34.053  7.826  -11.296 0.0000000000
103570  -33.974  7.213  -10.286 0.0000000000
103567  -34.048  6.974  -9.624 0.0000000000
97703  -29.351  2.240  -4.262 0.0000000000
97704  -30.138  2.264  -4.689 0.0000000000
97738  -30.497  2.163  -6.476 0.0000000000
96556  -32.719  1.232  -7.320 0.0000000000
97752  -32.650  1.889  -8.129 0.0000000000
98949  -33.053  2.898  -7.932 0.0000000000
86372  -28.057  -7.730  -4.686 0.0000000000
86351  -29.042  -7.429  -4.240 0.0000000000
87464  -29.540  -6.740  -3.717 0.0000000000
87488  -29.272  -6.579  -4.918 0.0000000000
88661  -29.941  -5.996  -4.244 0.0000000000
88639  -30.425  -5.268  -2.641 0.0000000000
105579  -31.630  9.373  -5.636 0.0000000000
104565  -31.516  8.122  -6.223 0.0000000000
103557  -31.086  7.120  -7.105 0.0000000000
103526  -31.209  7.078  -4.822 0.0000000000
103543  -31.417  6.929  -5.990 0.0000000000
102494  -30.658  6.169  -7.960 0.0000000000
101376  -30.606  5.083  -8.834 0.0000000000
95417  -29.987  0.057  -5.619 0.0000000000
95418  -30.254  0.162  -6.480 0.0000000000
94309  -31.259  -0.106  -7.935 0.0000000000
95440  -31.999  0.395  -7.705 0.0000000000
94301  -31.756  -0.813  -7.274 0.0000000000
94311  -32.069  -0.213  -7.396 0.0000000000
95429  -32.463  0.348  -7.180 0.0000000000
97722  -33.272  2.338  -6.219 0.0000000000
97705  -33.405  2.622  -5.429 0.0000000000
97688  -33.573  2.569  -4.508 0.0000000000
95383  -33.463  0.634  -3.830 0.0000000000
79316  -27.645  -13.113  -0.016 0.0000000000
85207  -28.340  -8.571  -3.143 0.0000000000
84040  -28.079  -9.305  -2.851 0.0000000000
85193  -28.628  -8.651  -2.143 0.0000000000
86337  -28.765  -8.096  -2.681 0.0000000000
87436  -29.752  -6.674  -1.209 0.0000000000
94274  -29.626  -0.740  -5.337 0.0000000000
93180  -29.836  -1.516  -5.681 0.0000000000
92052  -30.341  -2.168  -5.852 0.0000000000
92032  -28.915  -2.364  -4.624 0.0000000000
121505  -24.578  24.408  -9.117 0.0000000000
119445  -25.504  22.237  -7.967 0.0000000000
120448  -26.412  23.409  -7.943 0.0000000000
121493  -26.731  24.200  -7.940 0.0000000000
123628  -27.784  25.726  -7.849 0.0000000000
120439  -30.257  23.424  -6.731 0.0000000000
121497  -30.659  24.159  -7.632 0.0000000000
121509  -30.987  24.136  -8.205 0.0000000000
120460  -31.374  23.334  -8.464 0.0000000000
119457  -31.564  22.402  -8.824 0.0000000000
118423  -31.485  21.472  -9.221 0.0000000000
117387  -28.832  20.156  -5.515 0.0000000000
117388  -29.854  20.217  -5.416 0.0000000000
116401  -30.077  18.731  -4.870 0.0000000000
117389  -30.877  20.350  -5.852 0.0000000000
117399  -31.116  20.931  -6.297 0.0000000000
117405  -31.546  20.493  -7.779 0.0000000000
117407  -31.491  20.513  -8.762 0.0000000000
116428  -31.156  19.523  -9.350 0.0000000000
114352  -31.191  17.815  -8.101 0.0000000000
114351  -30.843  17.541  -8.683 0.0000000000
109948  -29.327  13.476  -4.393 0.0000000000
111040  -30.461  14.566  -4.419 0.0000000000
111041  -31.062  14.660  -4.847 0.0000000000
111060  -31.576  14.636  -6.214 0.0000000000
111071  -31.435  14.604  -7.115 0.0000000000
109991  -31.511  13.611  -6.649 0.0000000000
111082  -30.957  14.577  -7.973 0.0000000000
111081  -30.528  14.543  -8.876 0.0000000000
110009  -29.825  13.955  -9.945 0.0000000000
106724  -29.407  10.064  -11.523 0.0000000000
106742  -30.918  10.498  -13.024 0.0000000000
105628  -31.347  10.012  -12.942 0.0000000000
105603  -30.990  9.239  -7.829 0.0000000000
105609  -30.497  9.151  -9.012 0.0000000000
105614  -30.380  8.537  -9.790 0.0000000000
104598  -30.512  7.930  -10.549 0.0000000000
104597  -30.313  8.467  -11.083 0.0000000000
104607  -31.583  8.696  -12.531 0.0000000000
104606  -34.805  8.412  -10.881 0.0000000000
100120  -28.926  4.423  -3.942 0.0000000000
100135  -30.646  4.309  -4.907 0.0000000000
98901  -29.889  3.062  -4.330 0.0000000000
98917  -30.709  3.871  -5.406 0.0000000000
100136  -30.807  4.413  -5.502 0.0000000000
101365  -30.479  4.483  -7.573 0.0000000000
101375  -30.456  4.599  -8.292 0.0000000000
97760  -30.606  2.364  -8.492 0.0000000000
97761  -31.010  2.193  -8.871 0.0000000000
98966  -30.487  3.039  -8.780 0.0000000000
100184  -30.537  3.646  -9.070 0.0000000000
100185  -30.838  4.007  -9.643 0.0000000000
101382  -32.202  5.169  -10.178 0.0000000000
102496  -34.069  6.712  -8.526 0.0000000000
101368  -33.801  5.994  -7.821 0.0000000000
88681  -29.754  -5.695  -5.034 0.0000000000
88699  -30.050  -5.189  -5.222 0.0000000000
85219  -28.079  -8.426  -3.948 0.0000000000
88698  -29.575  -5.134  -5.404 0.0000000000
90921  -28.027  -2.904  -4.664 0.0000000000
92031  -27.913  -2.431  -4.533 0.0000000000
93196  -32.036  -1.391  -5.930 0.0000000000
93207  -31.896  -1.257  -6.579 0.0000000000
94310  -31.621  -0.229  -7.739 0.0000000000
95419  -32.679  0.137  -6.490 0.0000000000
95439  -31.516  0.433  -7.984 0.0000000000
96520  -29.753  1.143  -4.697 0.0000000000
96567  -31.996  1.271  -8.180 0.0000000000
96568  -32.441  1.314  -7.833 0.0000000000
96574  -30.854  1.897  -8.517 0.0000000000
96576  -31.576  1.569  -8.448 0.0000000000
97750  -30.439  2.155  -7.552 0.0000000000
97751  -32.221  1.858  -8.502 0.0000000000
97762  -31.787  2.183  -8.895 0.0000000000
97767  -30.602  2.693  -8.794 0.0000000000
97768  -30.717  2.649  -9.005 0.0000000000
97769  -31.137  2.623  -9.223 0.0000000000
98885  -33.635  3.537  -4.448 0.0000000000
98916  -30.494  3.318  -4.917 0.0000000000
98935  -30.778  3.977  -5.770 0.0000000000
98961  -32.149  3.009  -9.407 0.0000000000
98967  -30.778  3.138  -9.352 0.0000000000
100121  -30.014  4.228  -4.166 0.0000000000
100123  -33.743  4.573  -5.138 0.0000000000
100137  -33.509  4.096  -5.692 0.0000000000
100154  -30.793  4.278  -6.193 0.0000000000
100165  -30.415  3.732  -7.449 0.0000000000
101312  -29.470  5.729  -3.895 0.0000000000
101327  -30.596  5.177  -4.613 0.0000000000
101342  -30.966  5.117  -5.677 0.0000000000
101343  -33.631  4.610  -5.920 0.0000000000
101353  -30.562  4.278  -6.926 0.0000000000
102448  -29.395  6.512  -3.826 0.0000000000
102449  -30.051  6.186  -3.905 0.0000000000
102461  -30.941  6.026  -4.822 0.0000000000
102462  -31.097  5.762  -5.322 0.0000000000
102499  -34.047  6.885  -9.265 0.0000000000
102505  -32.821  6.783  -11.076 0.0000000000
103504  -30.550  6.685  -4.161 0.0000000000
103505  -30.823  6.453  -4.515 0.0000000000
103542  -31.321  6.570  -5.472 0.0000000000
104595  -35.031  8.311  -8.817 0.0000000000
104602  -30.475  8.586  -11.498 0.0000000000
105615  -35.137  8.831  -10.541 0.0000000000
105621  -30.050  9.444  -11.957 0.0000000000
105622  -30.867  9.088  -12.379 0.0000000000
105627  -30.828  9.802  -12.842 0.0000000000
106667  -31.440  10.528  -5.131 0.0000000000
106743  -31.766  10.413  -12.820 0.0000000000
108878  -30.698  12.667  -4.497 0.0000000000
111049  -31.407  14.682  -5.450 0.0000000000
112103  -31.290  15.555  -5.065 0.0000000000
114310  -30.619  17.368  -4.668 0.0000000000
114330  -31.516  17.558  -6.525 0.0000000000
114365  -30.587  17.391  -9.426 0.0000000000
115402  -29.967  18.120  -4.630 0.0000000000
115408  -29.463  18.425  -4.817 0.0000000000
115409  -31.062  18.436  -5.481 0.0000000000
116400  -29.741  18.626  -4.808 0.0000000000
116409  -30.479  19.231  -5.318 0.0000000000
117400  -31.414  20.452  -6.710 0.0000000000
117411  -31.282  20.592  -9.642 0.0000000000
118399  -31.139  21.486  -6.661 0.0000000000
119418  -29.673  21.685  -5.893 0.0000000000
119419  -30.196  21.807  -6.038 0.0000000000
119455  -25.233  22.816  -8.351 0.0000000000
119456  -25.685  22.703  -8.164 0.0000000000
120436  -27.710  23.138  -7.036 0.0000000000
120451  -30.525  23.892  -7.269 0.0000000000
121481  -28.171  23.741  -6.974 0.0000000000
121482  -28.671  23.888  -6.875 0.0000000000
121494  -27.926  24.207  -7.293 0.0000000000
122569  -30.151  25.130  -7.828 0.0000000000
122577  -26.794  25.087  -8.158 0.0000000000
123627  -27.247  25.470  -8.009 0.0000000000
