#!ascii label  , from subject 3468 vox2ras=TkReg
1035
63398  13.556  -31.626  78.618 0.0000000000
58731  5.855  -37.871  60.730 0.0000000000
59704  6.383  -36.733  73.826 0.0000000000
67246  5.079  -30.466  70.480 0.0000000000
70985  9.216  -27.832  63.031 0.0000000000
63488  8.928  -33.091  73.732 0.0000000000
63441  7.714  -32.514  76.720 0.0000000000
63431  17.150  -32.256  76.168 0.0000000000
63525  12.140  -33.356  72.330 0.0000000000
58568  8.521  -38.595  75.332 0.0000000000
69713  10.880  -28.785  73.836 0.0000000000
69773  7.388  -29.672  67.583 0.0000000000
72188  10.253  -26.113  69.282 0.0000000000
56184  4.295  -40.031  71.224 0.0000000000
59760  6.226  -37.123  69.636 0.0000000000
63527  5.094  -33.518  72.246 0.0000000000
67199  8.813  -30.327  75.396 0.0000000000
62344  7.112  -34.340  65.824 0.0000000000
64810  7.453  -31.438  61.106 0.0000000000
68623  5.517  -28.973  58.612 0.0000000000
75961  7.046  -23.330  59.856 0.0000000000
62212  11.737  -33.249  77.635 0.0000000000
62200  10.437  -32.497  78.471 0.0000000000
63408  15.329  -31.678  77.737 0.0000000000
64669  14.563  -32.401  74.476 0.0000000000
63464  12.649  -32.887  75.179 0.0000000000
63510  10.070  -33.181  72.939 0.0000000000
70926  10.442  -27.003  71.837 0.0000000000
57451  5.677  -38.909  72.917 0.0000000000
59732  5.457  -36.570  72.414 0.0000000000
60924  5.772  -35.589  72.909 0.0000000000
65928  9.334  -31.053  77.756 0.0000000000
67191  6.805  -31.567  75.918 0.0000000000
59695  7.066  -37.616  74.541 0.0000000000
53719  6.866  -40.587  75.050 0.0000000000
56138  6.477  -39.517  73.979 0.0000000000
53753  4.703  -40.895  72.238 0.0000000000
62313  4.340  -34.002  69.849 0.0000000000
60995  7.021  -35.333  67.787 0.0000000000
64741  4.552  -32.597  67.702 0.0000000000
69809  8.616  -28.955  65.275 0.0000000000
67281  5.680  -30.625  64.420 0.0000000000
69826  7.236  -29.425  62.811 0.0000000000
67337  6.403  -30.020  59.589 0.0000000000
70998  6.856  -28.285  60.875 0.0000000000
60904  7.243  -35.075  73.104 0.0000000000
62243  6.875  -34.114  72.572 0.0000000000
63455  8.148  -33.061  76.341 0.0000000000
64650  9.691  -31.467  78.723 0.0000000000
62219  18.513  -32.459  74.963 0.0000000000
60914  17.412  -34.001  72.063 0.0000000000
63480  16.855  -32.465  73.505 0.0000000000
62272  14.760  -33.611  71.916 0.0000000000
59713  10.367  -36.433  73.979 0.0000000000
60886  8.584  -35.910  73.836 0.0000000000
68481  8.403  -29.851  72.446 0.0000000000
68524  6.585  -30.175  69.084 0.0000000000
68508  9.584  -29.451  70.913 0.0000000000
69769  10.843  -29.000  68.611 0.0000000000
72195  11.686  -26.991  66.542 0.0000000000
67162  15.534  -30.284  79.727 0.0000000000
65966  21.075  -30.189  73.456 0.0000000000
67187  22.012  -29.444  75.530 0.0000000000
64655  19.301  -31.800  77.404 0.0000000000
64639  17.340  -31.212  78.483 0.0000000000
54976  4.211  -41.074  69.777 0.0000000000
57512  4.538  -39.396  68.061 0.0000000000
58623  5.365  -38.654  70.293 0.0000000000
60958  5.053  -35.519  70.989 0.0000000000
64715  4.053  -32.754  71.645 0.0000000000
64685  6.263  -32.489  74.295 0.0000000000
67213  4.830  -31.855  73.698 0.0000000000
68473  5.887  -30.438  72.774 0.0000000000
68458  9.906  -29.508  74.364 0.0000000000
58665  5.252  -38.118  66.585 0.0000000000
59803  7.016  -36.828  65.152 0.0000000000
61027  7.367  -36.209  63.022 0.0000000000
66016  5.055  -31.489  66.276 0.0000000000
63606  7.271  -33.187  63.616 0.0000000000
62393  7.424  -34.707  60.578 0.0000000000
63653  6.238  -32.814  58.727 0.0000000000
64851  5.293  -32.294  57.418 0.0000000000
74693  9.394  -23.904  67.692 0.0000000000
74713  10.713  -24.901  64.253 0.0000000000
77177  9.161  -22.096  62.976 0.0000000000
73475  8.544  -26.007  60.992 0.0000000000
73488  5.807  -26.425  59.333 0.0000000000
63424  12.349  -32.609  78.240 0.0000000000
63412  12.158  -32.125  78.656 0.0000000000
64632  13.223  -31.113  79.492 0.0000000000
63409  14.493  -31.742  77.933 0.0000000000
63434  14.128  -32.238  76.918 0.0000000000
63435  13.196  -32.491  77.107 0.0000000000
63450  12.456  -32.987  76.327 0.0000000000
57629  5.585  -38.456  60.278 0.0000000000
59862  5.733  -36.824  59.643 0.0000000000
58594  6.037  -37.664  73.258 0.0000000000
59723  5.632  -36.562  72.970 0.0000000000
59716  5.972  -36.616  73.493 0.0000000000
60947  18.719  -33.159  71.411 0.0000000000
58586  6.618  -37.319  74.160 0.0000000000
57443  6.645  -38.869  75.004 0.0000000000
58587  6.563  -37.714  73.954 0.0000000000
56144  5.733  -39.616  73.233 0.0000000000
64727  3.878  -32.378  69.867 0.0000000000
63556  4.200  -33.367  69.137 0.0000000000
65996  4.281  -31.399  69.502 0.0000000000
70961  9.122  -28.631  64.554 0.0000000000
69823  7.961  -29.297  64.398 0.0000000000
70973  7.816  -28.857  62.974 0.0000000000
70989  7.047  -28.787  61.457 0.0000000000
72212  8.287  -27.747  61.821 0.0000000000
63489  8.206  -33.074  73.853 0.0000000000
63490  7.644  -32.976  73.876 0.0000000000
63468  8.893  -33.199  75.149 0.0000000000
62196  10.027  -31.909  78.636 0.0000000000
67172  9.773  -30.334  79.073 0.0000000000
62210  17.745  -32.098  75.677 0.0000000000
62229  17.556  -32.390  74.146 0.0000000000
63445  16.955  -32.384  75.281 0.0000000000
64696  13.302  -32.611  73.698 0.0000000000
64694  14.400  -32.617  72.792 0.0000000000
63506  13.370  -32.796  72.439 0.0000000000
60938  11.172  -34.273  71.931 0.0000000000
63487  9.898  -33.031  74.002 0.0000000000
60923  8.981  -34.352  72.337 0.0000000000
62240  8.186  -33.834  72.756 0.0000000000
60903  7.851  -35.046  73.098 0.0000000000
68480  9.523  -29.715  72.560 0.0000000000
68496  8.978  -29.648  71.650 0.0000000000
68494  10.801  -29.298  71.829 0.0000000000
72172  10.308  -26.683  70.402 0.0000000000
69755  11.316  -28.308  69.686 0.0000000000
70943  11.307  -27.484  69.201 0.0000000000
70954  11.682  -27.770  67.177 0.0000000000
72192  11.007  -26.165  67.789 0.0000000000
63415  20.162  -32.015  76.827 0.0000000000
56197  4.037  -40.607  70.525 0.0000000000
57483  4.423  -39.694  69.918 0.0000000000
57474  4.694  -39.416  70.744 0.0000000000
60940  4.953  -34.728  72.194 0.0000000000
59743  5.481  -36.731  71.640 0.0000000000
60950  4.774  -34.744  71.644 0.0000000000
62296  4.579  -34.054  71.371 0.0000000000
64706  4.376  -33.043  72.234 0.0000000000
63471  7.073  -32.713  75.099 0.0000000000
63492  6.603  -32.964  72.981 0.0000000000
64672  6.753  -32.411  75.328 0.0000000000
67200  7.621  -30.737  75.397 0.0000000000
67202  5.712  -31.777  74.923 0.0000000000
67211  6.636  -30.706  74.292 0.0000000000
67222  5.726  -30.756  73.262 0.0000000000
68461  6.694  -30.468  73.730 0.0000000000
68471  7.850  -30.035  73.273 0.0000000000
68449  8.952  -30.138  74.977 0.0000000000
58595  16.162  -35.313  71.237 0.0000000000
58600  16.978  -35.284  70.756 0.0000000000
57440  9.393  -38.837  75.333 0.0000000000
52523  9.148  -41.338  74.125 0.0000000000
53700  8.284  -40.349  75.321 0.0000000000
52528  6.481  -41.032  73.908 0.0000000000
51199  6.844  -41.410  74.369 0.0000000000
54947  4.300  -40.786  71.755 0.0000000000
54948  4.044  -41.136  71.421 0.0000000000
58643  5.251  -38.372  68.305 0.0000000000
58653  4.798  -38.777  67.716 0.0000000000
58642  5.836  -37.950  68.060 0.0000000000
62328  7.656  -34.995  66.360 0.0000000000
59789  7.150  -36.957  66.283 0.0000000000
61007  8.137  -35.754  65.442 0.0000000000
59814  6.967  -36.656  64.115 0.0000000000
62355  8.475  -34.827  64.397 0.0000000000
68532  7.133  -29.943  68.449 0.0000000000
68534  5.578  -30.101  67.626 0.0000000000
68540  6.082  -29.660  66.920 0.0000000000
66042  6.401  -31.572  62.803 0.0000000000
66029  5.891  -32.020  63.568 0.0000000000
64795  7.333  -32.337  62.588 0.0000000000
63628  8.487  -33.292  62.109 0.0000000000
63638  8.308  -32.862  60.597 0.0000000000
62409  6.614  -34.426  59.410 0.0000000000
64823  7.298  -31.587  59.586 0.0000000000
67338  6.002  -29.737  58.988 0.0000000000
66082  6.103  -30.388  58.560 0.0000000000
67369  5.432  -30.053  57.740 0.0000000000
74694  8.788  -22.909  67.464 0.0000000000
74704  9.767  -24.263  66.696 0.0000000000
74710  9.384  -23.302  65.170 0.0000000000
77207  7.670  -22.131  60.552 0.0000000000
77205  8.802  -22.666  61.396 0.0000000000
74722  9.545  -23.942  61.433 0.0000000000
74724  8.231  -24.204  60.593 0.0000000000
73486  7.158  -25.879  60.163 0.0000000000
74726  6.635  -24.580  59.657 0.0000000000
63452  10.467  -33.386  76.249 0.0000000000
63453  9.677  -33.364  76.524 0.0000000000
62204  11.092  -33.125  78.247 0.0000000000
63432  16.043  -32.248  76.513 0.0000000000
63446  16.218  -32.351  75.602 0.0000000000
63433  15.067  -32.188  76.743 0.0000000000
63463  13.656  -32.540  75.032 0.0000000000
63484  12.854  -32.707  74.071 0.0000000000
63509  11.025  -33.250  72.891 0.0000000000
63485  11.817  -33.028  74.092 0.0000000000
63466  10.655  -33.323  75.203 0.0000000000
70904  9.267  -27.334  73.832 0.0000000000
70902  10.968  -27.648  72.841 0.0000000000
72152  9.374  -26.620  72.361 0.0000000000
72164  8.798  -26.104  71.837 0.0000000000
72184  8.937  -25.421  70.833 0.0000000000
57461  4.970  -39.448  71.865 0.0000000000
57460  5.253  -38.834  71.863 0.0000000000
58599  5.769  -37.681  72.702 0.0000000000
60939  5.271  -35.415  72.587 0.0000000000
62278  5.556  -34.209  72.214 0.0000000000
65929  8.980  -31.657  77.777 0.0000000000
65938  7.014  -31.874  76.242 0.0000000000
67186  8.165  -31.414  76.730 0.0000000000
67185  9.164  -30.876  76.921 0.0000000000
67184  9.407  -30.322  76.603 0.0000000000
67198  9.464  -30.005  75.713 0.0000000000
58577  7.891  -38.257  75.164 0.0000000000
56129  7.706  -39.621  75.503 0.0000000000
57436  7.119  -39.076  75.403 0.0000000000
54898  6.457  -39.834  74.951 0.0000000000
53732  5.491  -40.817  73.156 0.0000000000
52539  4.768  -41.533  72.427 0.0000000000
54919  5.331  -40.335  72.991 0.0000000000
56154  5.186  -39.847  72.686 0.0000000000
60976  5.502  -35.308  69.376 0.0000000000
60974  6.940  -36.364  68.604 0.0000000000
62311  5.799  -35.130  68.686 0.0000000000
62330  5.635  -34.288  67.585 0.0000000000
63573  5.479  -33.601  66.797 0.0000000000
69785  8.061  -29.264  66.885 0.0000000000
69787  6.685  -29.546  66.244 0.0000000000
69799  6.731  -29.355  65.288 0.0000000000
68566  6.857  -29.501  63.600 0.0000000000
67296  7.060  -30.222  61.812 0.0000000000
66069  7.272  -30.867  60.556 0.0000000000
67308  6.807  -29.951  60.869 0.0000000000
68583  6.386  -29.168  60.386 0.0000000000
69850  5.794  -28.378  59.417 0.0000000000
77208  7.091  -22.214  60.043 0.0000000000
75972  5.824  -24.013  58.960 0.0000000000
77241  5.772  -23.256  58.720 0.0000000000
60890  6.452  -36.119  73.709 0.0000000000
60906  6.273  -35.562  73.199 0.0000000000
62242  7.263  -33.842  72.689 0.0000000000
63456  7.615  -32.724  76.293 0.0000000000
62216  9.584  -33.055  77.896 0.0000000000
63425  9.220  -32.599  77.912 0.0000000000
63426  8.921  -32.279  77.928 0.0000000000
65924  9.498  -30.819  78.178 0.0000000000
62226  19.093  -32.979  74.367 0.0000000000
60912  18.594  -33.142  72.757 0.0000000000
60884  18.177  -32.800  73.626 0.0000000000
63482  15.555  -32.364  73.757 0.0000000000
63503  15.754  -33.027  72.489 0.0000000000
60896  15.211  -34.592  71.916 0.0000000000
58584  10.425  -37.673  75.159 0.0000000000
59699  9.649  -37.152  75.057 0.0000000000
62258  10.206  -33.747  71.993 0.0000000000
59714  9.359  -36.161  73.935 0.0000000000
59700  8.663  -36.609  74.469 0.0000000000
59701  7.815  -36.739  74.451 0.0000000000
59702  7.163  -36.871  74.278 0.0000000000
68499  5.824  -30.299  70.976 0.0000000000
68512  5.845  -30.309  69.840 0.0000000000
68511  6.664  -30.050  70.150 0.0000000000
68522  8.374  -29.497  69.704 0.0000000000
69759  8.289  -29.418  68.723 0.0000000000
68506  11.157  -29.171  71.067 0.0000000000
69757  10.118  -29.270  69.324 0.0000000000
69771  9.026  -29.153  68.069 0.0000000000
69794  10.532  -28.782  66.607 0.0000000000
69807  10.420  -28.524  65.597 0.0000000000
70968  11.250  -27.599  64.196 0.0000000000
64630  14.535  -31.017  79.157 0.0000000000
63478  20.671  -31.724  73.442 0.0000000000
69712  23.340  -27.575  74.220 0.0000000000
68436  22.739  -28.128  75.319 0.0000000000
68456  22.327  -28.538  74.485 0.0000000000
65945  21.634  -30.028  74.609 0.0000000000
64667  21.598  -31.049  74.683 0.0000000000
63458  20.309  -32.298  74.698 0.0000000000
63429  18.909  -32.129  76.399 0.0000000000
63417  18.701  -31.925  76.878 0.0000000000
64638  18.254  -31.176  78.494 0.0000000000
63406  17.287  -31.520  77.321 0.0000000000
63395  15.887  -31.470  78.098 0.0000000000
64641  15.560  -31.292  78.626 0.0000000000
58635  4.954  -39.198  69.505 0.0000000000
58622  5.989  -37.897  69.815 0.0000000000
58612  5.530  -38.188  71.309 0.0000000000
59752  5.902  -37.085  70.499 0.0000000000
60968  5.668  -35.979  69.949 0.0000000000
62303  4.808  -34.865  70.084 0.0000000000
63549  4.017  -33.268  70.292 0.0000000000
65983  3.924  -31.788  71.369 0.0000000000
62260  6.233  -34.330  72.408 0.0000000000
63512  6.015  -33.194  72.643 0.0000000000
65948  6.067  -32.085  75.431 0.0000000000
65958  5.595  -32.204  74.433 0.0000000000
64698  4.758  -33.243  72.770 0.0000000000
65967  4.540  -32.238  73.148 0.0000000000
67230  4.822  -30.797  72.268 0.0000000000
68484  5.360  -30.387  71.672 0.0000000000
68482  7.186  -29.933  72.291 0.0000000000
68470  9.109  -29.896  73.416 0.0000000000
69694  9.514  -28.863  75.757 0.0000000000
69705  9.704  -28.502  75.106 0.0000000000
70890  9.780  -27.824  74.461 0.0000000000
51245  8.870  -41.933  72.644 0.0000000000
52511  7.654  -41.024  74.832 0.0000000000
59776  7.281  -37.032  67.469 0.0000000000
59805  5.583  -37.870  66.012 0.0000000000
61040  6.591  -36.254  61.789 0.0000000000
66002  4.618  -31.053  68.839 0.0000000000
64748  4.882  -32.441  66.590 0.0000000000
63584  5.429  -33.017  65.862 0.0000000000
67275  5.445  -30.719  65.779 0.0000000000
64755  5.743  -32.905  64.947 0.0000000000
63595  7.492  -33.658  64.358 0.0000000000
63604  8.531  -34.085  63.282 0.0000000000
61052  7.717  -35.282  61.503 0.0000000000
61053  6.563  -35.663  60.965 0.0000000000
61066  6.212  -35.308  59.798 0.0000000000
64824  6.614  -31.469  58.841 0.0000000000
64839  5.632  -32.155  57.911 0.0000000000
73435  8.891  -24.830  70.552 0.0000000000
74665  8.783  -23.468  69.626 0.0000000000
73448  9.743  -24.804  68.469 0.0000000000
73452  10.682  -25.523  67.073 0.0000000000
73456  11.256  -26.077  65.193 0.0000000000
72209  10.872  -26.633  62.621 0.0000000000
75933  10.017  -23.443  63.156 0.0000000000
73473  10.179  -25.044  61.735 0.0000000000
72222  9.171  -26.660  61.498 0.0000000000
72224  7.912  -27.258  60.944 0.0000000000
72233  6.252  -27.087  59.741 0.0000000000
71009  5.426  -27.624  59.053 0.0000000000
72243  5.090  -27.023  58.419 0.0000000000
63411  12.956  -32.036  78.402 0.0000000000
63399  12.747  -31.680  78.937 0.0000000000
64644  13.412  -31.369  79.083 0.0000000000
63410  13.724  -31.870  78.134 0.0000000000
63422  13.892  -32.043  77.591 0.0000000000
63423  13.087  -32.361  77.863 0.0000000000
57612  5.542  -38.802  60.872 0.0000000000
58745  5.717  -37.669  59.984 0.0000000000
59852  5.927  -37.005  60.245 0.0000000000
62251  19.400  -32.664  72.702 0.0000000000
62270  19.186  -32.513  71.903 0.0000000000
60932  18.877  -33.053  72.223 0.0000000000
57447  6.264  -38.703  73.563 0.0000000000
65989  3.965  -31.563  70.467 0.0000000000
67247  4.495  -30.870  70.129 0.0000000000
70970  9.572  -28.211  63.891 0.0000000000
70971  8.871  -28.445  63.731 0.0000000000
70986  8.506  -28.037  62.862 0.0000000000
70987  8.002  -28.277  62.469 0.0000000000
63430  18.145  -31.968  76.297 0.0000000000
62211  17.336  -32.247  75.600 0.0000000000
63507  12.856  -32.806  72.944 0.0000000000
63524  12.876  -33.231  71.897 0.0000000000
62274  13.030  -34.113  71.602 0.0000000000
62275  12.218  -33.953  71.795 0.0000000000
60937  11.596  -34.523  72.006 0.0000000000
62276  11.567  -33.863  71.986 0.0000000000
62239  8.679  -33.727  72.520 0.0000000000
68468  10.895  -29.223  73.360 0.0000000000
68479  10.465  -29.468  72.608 0.0000000000
72181  10.700  -26.705  69.564 0.0000000000
70944  11.042  -27.332  69.771 0.0000000000
72186  11.223  -26.868  68.392 0.0000000000
72187  10.590  -26.165  68.731 0.0000000000
56196  4.095  -40.014  70.610 0.0000000000
62288  4.923  -34.025  71.990 0.0000000000
64671  7.157  -32.679  75.700 0.0000000000
64664  7.262  -32.357  76.268 0.0000000000
67210  7.928  -30.374  74.728 0.0000000000
57441  8.903  -38.829  75.392 0.0000000000
54892  8.708  -39.793  75.330 0.0000000000
56127  8.509  -39.492  75.383 0.0000000000
52529  5.685  -41.266  73.336 0.0000000000
51213  5.737  -41.938  73.343 0.0000000000
56173  4.601  -40.230  71.783 0.0000000000
56174  4.219  -40.555  71.464 0.0000000000
56185  4.054  -40.583  71.031 0.0000000000
58633  5.992  -38.038  68.963 0.0000000000
59769  6.592  -37.433  68.763 0.0000000000
61008  7.979  -35.490  66.119 0.0000000000
62343  8.090  -34.914  65.524 0.0000000000
62342  8.309  -35.316  64.975 0.0000000000
69760  7.689  -29.651  68.372 0.0000000000
68533  6.444  -29.898  67.960 0.0000000000
69774  6.779  -29.714  67.063 0.0000000000
66056  6.978  -31.133  61.749 0.0000000000
64796  7.010  -31.760  62.217 0.0000000000
64821  8.072  -32.448  61.305 0.0000000000
64822  7.936  -32.008  60.596 0.0000000000
63639  7.774  -32.842  59.744 0.0000000000
67354  5.675  -29.818  58.294 0.0000000000
68635  5.273  -29.068  58.102 0.0000000000
74695  8.265  -22.310  67.544 0.0000000000
74706  8.797  -22.624  66.440 0.0000000000
74705  9.298  -23.423  66.319 0.0000000000
75899  8.968  -22.633  65.621 0.0000000000
77206  8.453  -22.117  61.340 0.0000000000
75960  7.895  -23.215  60.463 0.0000000000
75959  8.582  -23.202  60.960 0.0000000000
74725  7.458  -24.428  60.138 0.0000000000
62222  10.892  -33.409  76.866 0.0000000000
62223  10.473  -33.431  77.064 0.0000000000
62213  11.203  -33.356  77.483 0.0000000000
63389  12.257  -31.415  79.392 0.0000000000
63420  15.697  -31.952  77.198 0.0000000000
63449  13.411  -32.567  76.162 0.0000000000
63448  14.363  -32.297  76.061 0.0000000000
63451  11.411  -33.287  76.547 0.0000000000
63465  11.642  -33.174  75.244 0.0000000000
70917  9.384  -26.997  73.117 0.0000000000
72165  7.982  -25.729  71.951 0.0000000000
72174  9.056  -25.964  71.033 0.0000000000
72175  8.477  -25.338  71.273 0.0000000000
57457  5.274  -39.474  72.623 0.0000000000
57456  5.478  -38.742  72.448 0.0000000000
62277  5.725  -34.959  72.429 0.0000000000
65933  8.323  -31.658  77.088 0.0000000000
65932  9.231  -31.029  77.366 0.0000000000
67189  8.686  -30.706  76.116 0.0000000000
68434  9.600  -29.765  76.561 0.0000000000
58578  7.313  -38.388  75.069 0.0000000000
58571  7.457  -38.911  75.369 0.0000000000
56137  6.533  -39.348  74.687 0.0000000000
56133  6.506  -39.774  74.641 0.0000000000
54908  6.427  -39.860  74.145 0.0000000000
54918  5.989  -40.145  73.497 0.0000000000
56153  5.467  -39.645  73.197 0.0000000000
57452  5.354  -39.404  72.821 0.0000000000
56164  4.971  -40.082  72.308 0.0000000000
62312  4.803  -34.522  69.100 0.0000000000
63564  4.313  -32.790  68.458 0.0000000000
63563  4.717  -33.644  68.008 0.0000000000
69796  8.741  -29.002  66.166 0.0000000000
69797  7.976  -29.183  65.965 0.0000000000
69810  8.009  -29.255  65.050 0.0000000000
69825  7.452  -29.250  63.275 0.0000000000
69812  7.057  -29.368  64.297 0.0000000000
68567  6.997  -29.879  62.710 0.0000000000
68575  7.066  -29.641  61.669 0.0000000000
69841  6.711  -29.025  61.204 0.0000000000
69845  6.470  -28.598  60.572 0.0000000000
69846  6.204  -28.588  60.066 0.0000000000
71003  6.340  -28.033  60.162 0.0000000000
77225  6.447  -22.491  59.402 0.0000000000
77226  6.071  -22.990  59.154 0.0000000000
60889  6.854  -36.072  73.732 0.0000000000
60905  6.757  -35.209  73.119 0.0000000000
63469  8.145  -33.107  75.171 0.0000000000
63470  7.473  -32.928  75.252 0.0000000000
62205  10.448  -33.021  78.235 0.0000000000
62215  9.804  -33.251  77.607 0.0000000000
62206  10.114  -33.150  78.083 0.0000000000
62202  9.788  -32.285  78.346 0.0000000000
63413  9.461  -31.791  78.432 0.0000000000
63414  9.159  -31.989  78.180 0.0000000000
65925  8.975  -31.771  77.896 0.0000000000
62218  19.032  -32.653  75.048 0.0000000000
62227  18.512  -32.819  74.157 0.0000000000
62237  17.396  -32.927  73.119 0.0000000000
63461  15.383  -32.301  74.832 0.0000000000
63522  14.529  -32.993  72.062 0.0000000000
63504  15.244  -32.819  72.626 0.0000000000
62271  15.140  -33.273  72.123 0.0000000000
60915  15.487  -34.039  71.959 0.0000000000
60916  14.816  -34.788  72.051 0.0000000000
60917  14.194  -35.217  72.353 0.0000000000
59710  13.476  -36.482  73.254 0.0000000000
60900  11.013  -35.865  73.100 0.0000000000
59698  10.816  -37.114  74.610 0.0000000000
58585  9.813  -37.829  75.422 0.0000000000
60902  8.760  -35.181  73.058 0.0000000000
60922  9.572  -34.645  72.257 0.0000000000
59715  8.828  -35.957  73.863 0.0000000000
59693  8.168  -37.489  75.040 0.0000000000
60887  8.160  -35.930  73.799 0.0000000000
60888  7.461  -35.992  73.760 0.0000000000
68498  6.798  -29.950  71.241 0.0000000000
68497  7.892  -29.770  71.465 0.0000000000
68509  8.596  -29.557  70.700 0.0000000000
68521  9.339  -29.421  69.989 0.0000000000
70915  10.997  -27.444  72.021 0.0000000000
69730  11.352  -28.260  72.347 0.0000000000
69729  11.367  -27.997  71.797 0.0000000000
69756  11.021  -29.057  69.764 0.0000000000
69770  9.959  -29.134  68.325 0.0000000000
69783  9.801  -29.054  67.334 0.0000000000
69782  10.699  -28.927  67.585 0.0000000000
70956  11.609  -27.784  66.158 0.0000000000
69806  11.068  -28.340  66.042 0.0000000000
70960  10.619  -28.263  64.966 0.0000000000
70959  11.211  -27.890  65.100 0.0000000000
65909  15.002  -30.686  79.451 0.0000000000
67163  14.725  -30.218  79.751 0.0000000000
68406  15.101  -29.826  79.636 0.0000000000
65973  20.630  -30.230  72.745 0.0000000000
64692  20.715  -30.952  73.090 0.0000000000
64680  21.279  -31.100  73.781 0.0000000000
68437  22.418  -28.852  75.721 0.0000000000
68432  22.725  -28.271  75.809 0.0000000000
68447  22.383  -28.694  75.133 0.0000000000
67197  21.959  -29.322  74.895 0.0000000000
63442  20.861  -31.710  75.131 0.0000000000
63443  20.207  -32.137  75.460 0.0000000000
64654  20.070  -31.877  77.365 0.0000000000
63416  19.494  -32.059  76.931 0.0000000000
64649  17.839  -31.286  77.853 0.0000000000
63394  16.819  -31.342  77.925 0.0000000000
65908  15.720  -30.762  79.401 0.0000000000
65919  16.035  -31.074  79.059 0.0000000000
64629  15.272  -31.046  79.075 0.0000000000
64642  14.789  -31.285  78.718 0.0000000000
56224  4.409  -40.522  69.524 0.0000000000
58624  4.803  -39.286  70.111 0.0000000000
58634  5.374  -38.542  69.213 0.0000000000
58603  5.616  -37.780  72.145 0.0000000000
62295  4.640  -34.601  70.859 0.0000000000
63543  4.235  -33.329  71.158 0.0000000000
64721  3.897  -32.548  70.822 0.0000000000
64686  5.809  -32.727  73.562 0.0000000000
65939  6.600  -32.140  75.753 0.0000000000
65947  6.510  -31.733  75.746 0.0000000000
67212  5.521  -31.533  74.164 0.0000000000
65959  4.996  -32.420  73.942 0.0000000000
64697  5.261  -33.094  73.215 0.0000000000
67223  4.880  -31.385  73.257 0.0000000000
67229  5.557  -30.568  72.592 0.0000000000
68483  5.910  -30.201  72.132 0.0000000000
68472  6.548  -30.242  73.148 0.0000000000
68459  8.679  -30.088  74.359 0.0000000000
68438  9.617  -29.468  76.087 0.0000000000
60913  17.859  -33.785  72.157 0.0000000000
60934  18.005  -34.123  71.756 0.0000000000
59730  17.528  -34.499  71.416 0.0000000000
52537  8.763  -41.606  73.768 0.0000000000
52548  8.999  -41.742  73.401 0.0000000000
54895  7.516  -39.753  75.652 0.0000000000
53702  7.554  -40.390  75.432 0.0000000000
53718  7.234  -40.713  75.192 0.0000000000
54967  4.029  -41.210  70.277 0.0000000000
53796  3.930  -41.768  69.594 0.0000000000
58666  4.868  -38.660  66.875 0.0000000000
57530  4.450  -39.211  67.128 0.0000000000
58679  4.916  -38.522  66.282 0.0000000000
60982  7.156  -36.133  68.185 0.0000000000
59768  7.032  -36.842  68.431 0.0000000000
59804  6.233  -37.468  65.454 0.0000000000
58677  5.477  -37.837  65.230 0.0000000000
59815  6.355  -37.138  64.348 0.0000000000
59813  7.534  -36.253  63.852 0.0000000000
59826  6.464  -36.975  63.376 0.0000000000
59825  7.000  -36.474  63.117 0.0000000000
59838  6.484  -36.831  62.291 0.0000000000
59837  6.827  -36.459  62.589 0.0000000000
67254  4.962  -30.514  69.441 0.0000000000
68525  5.737  -30.203  68.761 0.0000000000
67268  5.102  -30.690  67.044 0.0000000000
66008  4.695  -31.532  67.706 0.0000000000
64756  5.441  -32.233  65.575 0.0000000000
68548  5.652  -29.947  65.165 0.0000000000
68547  6.007  -29.472  65.828 0.0000000000
63607  6.660  -32.826  63.694 0.0000000000
64769  5.714  -32.104  64.488 0.0000000000
63596  6.595  -33.268  64.455 0.0000000000
62366  8.437  -34.242  63.830 0.0000000000
63605  8.058  -33.682  63.617 0.0000000000
62392  8.297  -34.443  61.067 0.0000000000
61051  8.530  -34.845  61.903 0.0000000000
61054  5.962  -36.180  60.250 0.0000000000
61065  6.442  -35.055  60.102 0.0000000000
63641  6.334  -33.629  58.777 0.0000000000
62423  5.727  -34.038  58.273 0.0000000000
66070  6.827  -30.396  60.052 0.0000000000
66080  7.027  -30.791  59.811 0.0000000000
66081  6.534  -30.645  59.238 0.0000000000
66097  5.967  -30.918  57.961 0.0000000000
74680  9.026  -23.422  68.824 0.0000000000
73449  9.489  -24.025  68.743 0.0000000000
73443  9.134  -23.858  69.735 0.0000000000
73454  9.603  -24.359  68.075 0.0000000000
73447  10.293  -25.492  68.173 0.0000000000
73453  9.906  -24.682  67.459 0.0000000000
74708  10.553  -24.916  64.742 0.0000000000
73463  10.562  -25.166  65.542 0.0000000000
73462  10.887  -25.410  64.868 0.0000000000
73467  11.555  -26.485  64.019 0.0000000000
73468  11.289  -25.778  63.678 0.0000000000
77193  8.809  -21.606  62.489 0.0000000000
77178  8.876  -21.308  63.577 0.0000000000
77160  9.277  -21.960  63.852 0.0000000000
75934  9.483  -22.693  63.549 0.0000000000
73483  9.380  -24.674  61.308 0.0000000000
73482  9.787  -24.428  61.555 0.0000000000
73474  9.315  -25.607  61.307 0.0000000000
72221  10.020  -26.204  61.794 0.0000000000
72223  8.499  -27.022  61.212 0.0000000000
72232  6.684  -26.520  59.913 0.0000000000
72234  5.541  -26.957  59.267 0.0000000000
74731  5.682  -24.732  58.893 0.0000000000
62203  11.756  -33.121  78.052 0.0000000000
63388  12.868  -31.342  79.320 0.0000000000
64625  12.987  -30.863  79.811 0.0000000000
63421  14.761  -31.938  77.395 0.0000000000
63436  12.263  -33.034  77.452 0.0000000000
58763  5.630  -37.373  59.445 0.0000000000
58579  6.825  -38.004  74.531 0.0000000000
57442  6.959  -38.593  75.049 0.0000000000
57444  6.601  -38.756  74.334 0.0000000000
64735  4.124  -32.250  69.001 0.0000000000
64742  4.350  -32.214  68.420 0.0000000000
70962  8.576  -28.967  64.455 0.0000000000
70972  8.294  -28.871  63.627 0.0000000000
69836  7.248  -29.259  61.971 0.0000000000
70974  7.603  -28.939  62.648 0.0000000000
70988  7.495  -28.554  61.831 0.0000000000
72214  7.428  -27.981  61.196 0.0000000000
62241  7.678  -33.816  72.790 0.0000000000
63454  8.829  -33.218  76.320 0.0000000000
62195  10.401  -32.012  78.694 0.0000000000
64637  10.192  -31.236  79.480 0.0000000000
65920  9.888  -30.943  79.208 0.0000000000
67166  9.999  -30.356  79.706 0.0000000000
62209  18.411  -32.154  75.726 0.0000000000
62220  17.987  -32.272  74.949 0.0000000000
62221  17.457  -32.254  75.057 0.0000000000
63459  16.985  -32.301  74.322 0.0000000000
64683  13.809  -32.482  74.172 0.0000000000
64682  14.401  -32.467  73.673 0.0000000000
64695  13.705  -32.589  73.180 0.0000000000
64705  13.850  -32.706  72.480 0.0000000000
63523  13.702  -33.148  71.781 0.0000000000
62259  9.365  -33.687  72.238 0.0000000000
63511  9.324  -33.181  72.997 0.0000000000
68495  9.973  -29.511  71.779 0.0000000000
68507  10.445  -29.376  71.065 0.0000000000
70925  10.639  -27.125  71.174 0.0000000000
70924  11.190  -27.776  70.806 0.0000000000
70935  10.878  -27.243  70.295 0.0000000000
70934  11.225  -27.806  70.051 0.0000000000
69768  11.381  -28.412  68.884 0.0000000000
69781  11.420  -28.505  67.872 0.0000000000
70950  11.540  -27.679  68.173 0.0000000000
72191  11.534  -26.939  67.491 0.0000000000
65965  21.148  -29.669  73.569 0.0000000000
67182  21.866  -29.617  76.194 0.0000000000
64658  20.609  -31.624  76.542 0.0000000000
64646  20.427  -31.536  77.626 0.0000000000
64647  19.916  -31.648  77.899 0.0000000000
65918  16.926  -30.988  79.166 0.0000000000
56209  4.162  -40.583  70.067 0.0000000000
56208  4.104  -40.158  70.194 0.0000000000
57473  5.082  -38.815  70.937 0.0000000000
60949  5.000  -35.612  71.971 0.0000000000
60959  4.682  -34.709  71.227 0.0000000000
63536  4.573  -33.456  71.838 0.0000000000
63491  7.085  -32.763  73.927 0.0000000000
67190  7.633  -31.281  76.199 0.0000000000
67201  6.416  -31.358  75.342 0.0000000000
67221  6.370  -30.554  73.595 0.0000000000
68460  7.360  -30.322  73.923 0.0000000000
59718  16.880  -34.425  71.665 0.0000000000
59731  16.822  -35.105  71.112 0.0000000000
58601  16.321  -35.720  70.873 0.0000000000
56135  9.777  -39.214  74.959 0.0000000000
54906  9.325  -39.971  74.933 0.0000000000
53729  8.908  -40.937  74.591 0.0000000000
53730  8.371  -40.897  74.787 0.0000000000
52513  6.721  -41.234  74.628 0.0000000000
54937  4.580  -40.736  72.070 0.0000000000
53754  4.401  -41.416  72.107 0.0000000000
54938  4.217  -41.159  71.851 0.0000000000
54958  3.936  -41.216  70.838 0.0000000000
58644  4.910  -38.971  68.576 0.0000000000
58652  5.193  -38.250  67.450 0.0000000000
58651  5.726  -37.917  67.200 0.0000000000
60994  7.855  -35.870  66.985 0.0000000000
59788  7.777  -36.374  65.836 0.0000000000
59802  7.652  -36.322  64.810 0.0000000000
61017  8.211  -35.774  64.397 0.0000000000
61016  8.473  -35.448  63.847 0.0000000000
66030  5.816  -31.308  63.648 0.0000000000
64783  6.592  -32.245  63.190 0.0000000000
63619  7.448  -32.821  63.011 0.0000000000
64793  8.170  -33.141  62.481 0.0000000000
64807  8.181  -32.867  62.036 0.0000000000
63637  8.473  -33.036  61.471 0.0000000000
62407  8.002  -33.772  60.316 0.0000000000
62408  7.244  -33.987  59.786 0.0000000000
63640  6.903  -33.079  59.069 0.0000000000
67324  6.198  -29.536  59.544 0.0000000000
66106  5.502  -31.186  57.421 0.0000000000
74681  8.305  -22.652  68.528 0.0000000000
74709  10.106  -24.416  65.169 0.0000000000
74714  10.299  -24.227  63.777 0.0000000000
77192  9.098  -22.290  61.935 0.0000000000
75947  9.649  -22.834  62.432 0.0000000000
75958  9.229  -23.141  61.481 0.0000000000
74723  8.946  -24.020  61.016 0.0000000000
73484  8.671  -24.981  60.955 0.0000000000
73485  7.949  -25.322  60.566 0.0000000000
73487  6.183  -25.736  59.461 0.0000000000
63467  9.737  -33.257  75.153 0.0000000000
62214  10.512  -33.374  77.738 0.0000000000
62199  10.947  -32.591  78.598 0.0000000000
62198  11.618  -32.617  78.496 0.0000000000
62194  10.830  -32.101  78.792 0.0000000000
63419  16.716  -31.958  76.976 0.0000000000
63447  15.299  -32.290  75.897 0.0000000000
63462  14.584  -32.362  75.224 0.0000000000
64670  14.157  -32.440  74.756 0.0000000000
63483  13.412  -32.589  74.354 0.0000000000
63508  12.011  -33.086  73.119 0.0000000000
63526  11.515  -33.471  72.451 0.0000000000
63486  10.828  -33.103  74.051 0.0000000000
70903  10.343  -27.676  73.616 0.0000000000
69721  11.161  -28.414  73.322 0.0000000000
70916  10.178  -27.028  72.479 0.0000000000
72153  8.294  -26.547  72.863 0.0000000000
72163  9.802  -26.568  71.615 0.0000000000
72162  10.085  -26.696  70.951 0.0000000000
72173  9.689  -26.292  70.674 0.0000000000
72183  9.293  -25.657  70.433 0.0000000000
57466  4.815  -39.557  71.522 0.0000000000
64660  7.820  -32.273  77.040 0.0000000000
65934  7.500  -32.063  76.746 0.0000000000
65937  7.698  -31.563  76.636 0.0000000000
67188  9.394  -30.205  76.089 0.0000000000
58569  8.150  -38.732  75.316 0.0000000000
56128  8.094  -39.564  75.446 0.0000000000
57435  7.573  -39.237  75.453 0.0000000000
56130  7.315  -39.626  75.513 0.0000000000
54896  6.884  -40.091  75.490 0.0000000000
57437  6.810  -39.336  75.322 0.0000000000
56132  6.608  -39.627  75.117 0.0000000000
53705  6.653  -40.193  75.075 0.0000000000
53720  6.655  -40.385  74.616 0.0000000000
53731  6.238  -40.566  73.697 0.0000000000
53741  4.928  -41.054  72.501 0.0000000000
54928  5.003  -40.420  72.498 0.0000000000
56145  5.305  -40.126  73.151 0.0000000000
60967  6.051  -36.461  69.633 0.0000000000
60975  6.443  -36.178  69.040 0.0000000000
60983  6.606  -35.471  68.397 0.0000000000
63555  4.639  -34.028  68.593 0.0000000000
62320  6.173  -34.917  67.945 0.0000000000
62329  6.705  -34.657  66.985 0.0000000000
63572  6.326  -34.115  66.279 0.0000000000
69786  7.371  -29.508  66.575 0.0000000000
68556  6.205  -29.293  64.627 0.0000000000
69811  7.436  -29.380  64.823 0.0000000000
68557  6.168  -29.903  63.871 0.0000000000
67287  6.400  -30.506  63.136 0.0000000000
66043  6.556  -30.893  62.365 0.0000000000
66057  7.053  -30.457  61.077 0.0000000000
67323  6.554  -29.879  60.191 0.0000000000
68582  6.707  -29.533  60.975 0.0000000000
68596  6.510  -29.553  60.444 0.0000000000
68597  6.199  -29.149  59.875 0.0000000000
68611  5.803  -28.986  59.209 0.0000000000
69853  5.494  -28.233  58.825 0.0000000000
75970  6.582  -23.163  59.514 0.0000000000
75962  6.361  -23.752  59.402 0.0000000000
58730  6.108  -37.730  61.432 0.0000000000
63439  9.032  -33.120  77.404 0.0000000000
62207  9.663  -32.838  78.035 0.0000000000
63440  8.276  -32.676  77.248 0.0000000000
64659  8.443  -32.121  77.651 0.0000000000
62234  19.064  -33.058  73.608 0.0000000000
62252  19.152  -32.967  73.076 0.0000000000
60891  18.601  -33.018  73.348 0.0000000000
60892  18.208  -32.997  73.149 0.0000000000
60893  17.485  -33.501  72.494 0.0000000000
62228  18.033  -32.649  73.926 0.0000000000
62236  17.787  -32.943  73.152 0.0000000000
59705  16.862  -34.058  72.032 0.0000000000
58588  15.366  -35.389  71.588 0.0000000000
63460  16.290  -32.261  74.539 0.0000000000
63481  16.249  -32.617  73.239 0.0000000000
62253  15.967  -33.345  72.335 0.0000000000
59707  15.294  -34.991  71.795 0.0000000000
59721  13.920  -35.838  72.882 0.0000000000
58572  11.177  -37.895  74.517 0.0000000000
58574  10.012  -38.278  75.413 0.0000000000
58575  9.113  -38.229  75.458 0.0000000000
62257  10.983  -33.820  72.026 0.0000000000
60921  10.704  -34.851  72.083 0.0000000000
60901  9.930  -35.573  73.032 0.0000000000
59692  8.860  -37.565  75.233 0.0000000000
58576  8.440  -38.191  75.310 0.0000000000
59694  7.536  -37.588  74.815 0.0000000000
59703  6.662  -36.999  74.125 0.0000000000
68510  7.596  -29.762  70.433 0.0000000000
68523  7.471  -29.827  69.283 0.0000000000
68478  11.218  -29.075  72.591 0.0000000000
69747  11.358  -28.574  70.543 0.0000000000
68519  10.831  -29.275  70.522 0.0000000000
68520  10.242  -29.373  70.258 0.0000000000
69758  9.171  -29.292  69.030 0.0000000000
69772  8.194  -29.340  67.804 0.0000000000
69784  8.890  -29.137  67.105 0.0000000000
69795  9.641  -28.913  66.345 0.0000000000
69793  11.283  -28.464  66.872 0.0000000000
69808  9.477  -28.707  65.352 0.0000000000
69821  10.155  -28.404  64.955 0.0000000000
70969  10.520  -28.082  64.266 0.0000000000
70984  10.186  -27.695  63.174 0.0000000000
64643  14.077  -31.295  78.848 0.0000000000
64631  13.839  -31.050  79.300 0.0000000000
65910  14.195  -30.636  79.599 0.0000000000
63502  20.012  -32.177  73.100 0.0000000000
68446  22.765  -27.993  74.721 0.0000000000
65956  21.344  -29.753  73.930 0.0000000000
65957  21.523  -30.421  74.137 0.0000000000
65935  21.667  -30.128  75.348 0.0000000000
63457  20.968  -31.844  74.294 0.0000000000
63479  20.320  -32.378  73.864 0.0000000000
62225  19.693  -32.737  74.196 0.0000000000
63427  20.144  -32.030  76.178 0.0000000000
63428  19.561  -32.181  76.368 0.0000000000
62208  18.998  -32.338  75.765 0.0000000000
63418  17.748  -31.809  76.786 0.0000000000
65922  19.850  -31.180  78.484 0.0000000000
65923  19.058  -31.034  78.694 0.0000000000
64648  18.952  -31.463  78.033 0.0000000000
63405  18.346  -31.593  77.318 0.0000000000
63407  16.271  -31.621  77.524 0.0000000000
64640  16.419  -31.282  78.559 0.0000000000
63396  15.038  -31.506  78.253 0.0000000000
63397  14.279  -31.535  78.400 0.0000000000
57484  4.243  -40.138  69.822 0.0000000000
57498  4.759  -39.550  68.983 0.0000000000
57465  5.022  -38.980  71.296 0.0000000000
59751  6.022  -37.349  69.987 0.0000000000
62304  4.324  -33.996  70.635 0.0000000000
67240  4.421  -30.935  71.128 0.0000000000
62261  5.976  -33.683  72.185 0.0000000000
63513  5.585  -33.372  72.421 0.0000000000
64665  6.836  -32.203  75.925 0.0000000000
65968  4.289  -32.644  72.658 0.0000000000
65975  4.086  -31.936  72.302 0.0000000000
65974  4.521  -31.539  72.756 0.0000000000
67231  4.247  -31.294  71.783 0.0000000000
67239  5.034  -30.455  71.312 0.0000000000
68469  10.136  -29.588  73.412 0.0000000000
68457  10.558  -29.200  73.942 0.0000000000
68448  9.518  -29.698  75.249 0.0000000000
69714  10.455  -28.544  74.327 0.0000000000
64624  13.522  -30.795  79.692 0.0000000000
60933  18.291  -33.708  71.728 0.0000000000
59749  18.109  -34.540  70.329 0.0000000000
53701  7.987  -40.420  75.396 0.0000000000
53716  8.060  -40.717  75.109 0.0000000000
52525  8.032  -41.352  74.389 0.0000000000
51223  7.601  -41.834  73.424 0.0000000000
59777  6.503  -37.559  67.778 0.0000000000
58664  5.672  -37.928  66.734 0.0000000000
59790  6.228  -37.640  66.674 0.0000000000
59791  5.643  -37.923  66.488 0.0000000000
58678  4.924  -38.296  65.658 0.0000000000
57563  4.733  -38.978  64.980 0.0000000000
59851  6.200  -36.907  61.133 0.0000000000
67255  4.574  -30.870  69.637 0.0000000000
66009  4.478  -31.975  68.150 0.0000000000
67262  4.970  -30.538  68.270 0.0000000000
63583  6.196  -33.623  65.583 0.0000000000
68541  5.521  -30.030  66.437 0.0000000000
66022  5.557  -31.427  65.073 0.0000000000
62357  7.033  -33.805  65.046 0.0000000000
62356  7.775  -34.213  64.948 0.0000000000
63594  8.122  -34.060  64.282 0.0000000000
62354  8.657  -35.089  63.755 0.0000000000
61025  8.566  -35.338  63.238 0.0000000000
62378  8.682  -34.299  62.697 0.0000000000
61037  8.704  -34.915  62.649 0.0000000000
61038  8.168  -35.494  62.455 0.0000000000
59850  6.407  -36.422  61.547 0.0000000000
61055  5.838  -36.461  59.861 0.0000000000
61067  5.808  -35.796  59.297 0.0000000000
64837  6.641  -32.195  58.803 0.0000000000
66096  6.342  -31.052  58.522 0.0000000000
64838  6.155  -31.997  58.407 0.0000000000
63654  5.825  -33.203  58.440 0.0000000000
63655  5.456  -33.074  58.113 0.0000000000
73425  8.455  -24.907  71.084 0.0000000000
73434  9.554  -25.381  69.828 0.0000000000
73442  9.516  -24.710  69.429 0.0000000000
73441  9.987  -25.527  69.106 0.0000000000
72200  11.444  -26.471  66.178 0.0000000000
73458  10.308  -24.984  66.292 0.0000000000
73457  11.037  -25.822  65.918 0.0000000000
72199  11.575  -26.791  65.484 0.0000000000
72204  11.653  -27.072  64.374 0.0000000000
70983  11.069  -27.469  63.505 0.0000000000
75917  9.653  -23.468  64.213 0.0000000000
75946  10.089  -23.545  62.332 0.0000000000
74718  10.523  -24.280  62.622 0.0000000000
74717  10.819  -24.871  63.358 0.0000000000
72220  10.547  -25.817  62.110 0.0000000000
72210  9.745  -27.206  62.260 0.0000000000
72211  8.886  -27.518  62.085 0.0000000000
72225  7.153  -27.365  60.563 0.0000000000
73477  7.513  -26.722  60.569 0.0000000000
72226  6.632  -27.721  60.291 0.0000000000
71004  5.856  -27.787  59.596 0.0000000000
74730  5.980  -24.443  59.189 0.0000000000
73493  5.764  -25.164  59.113 0.0000000000
72239  5.217  -26.885  58.768 0.0000000000
69856  5.311  -28.208  58.344 0.0000000000
51200  6.936  -41.335  74.123 0.0000000000
51209  8.012  -41.566  74.124 0.0000000000
51234  9.135  -41.877  72.892 0.0000000000
52510  8.016  -41.051  74.736 0.0000000000
52524  8.378  -41.321  74.324 0.0000000000
52536  9.355  -41.600  73.672 0.0000000000
53703  7.172  -40.319  75.404 0.0000000000
53704  6.834  -40.259  75.240 0.0000000000
53714  9.221  -40.551  74.718 0.0000000000
53715  8.660  -40.512  75.023 0.0000000000
53717  7.671  -40.766  75.163 0.0000000000
54893  8.272  -39.974  75.455 0.0000000000
54894  7.920  -39.906  75.574 0.0000000000
54897  6.746  -40.003  75.284 0.0000000000
54907  8.619  -40.123  75.284 0.0000000000
56131  6.933  -39.653  75.440 0.0000000000
56136  9.040  -39.406  75.274 0.0000000000
57432  8.804  -39.129  75.353 0.0000000000
57433  8.465  -39.008  75.373 0.0000000000
57434  8.077  -39.085  75.394 0.0000000000
57438  11.026  -38.256  74.386 0.0000000000
58570  7.730  -38.827  75.342 0.0000000000
58580  6.730  -38.349  74.491 0.0000000000
58583  11.131  -37.632  74.636 0.0000000000
59691  9.212  -37.688  75.332 0.0000000000
59717  17.418  -34.200  71.855 0.0000000000
59722  13.693  -35.950  73.037 0.0000000000
59729  18.045  -34.237  71.532 0.0000000000
59761  5.948  -36.640  69.932 0.0000000000
59824  7.429  -36.210  63.334 0.0000000000
60885  18.001  -32.916  73.268 0.0000000000
60897  13.467  -35.991  73.101 0.0000000000
60911  19.026  -33.009  72.715 0.0000000000
60920  11.706  -35.348  72.411 0.0000000000
60993  8.030  -35.888  66.142 0.0000000000
61026  7.921  -35.941  63.303 0.0000000000
61039  7.133  -36.062  62.348 0.0000000000
61050  8.716  -34.513  62.265 0.0000000000
62197  9.929  -32.078  78.828 0.0000000000
62201  10.076  -32.412  78.361 0.0000000000
62224  10.101  -33.414  77.288 0.0000000000
62235  18.661  -32.994  73.765 0.0000000000
62254  15.273  -33.640  72.062 0.0000000000
62255  14.526  -34.454  71.992 0.0000000000
62286  13.760  -33.726  71.592 0.0000000000
62321  5.249  -34.455  68.286 0.0000000000
62365  8.658  -34.684  63.422 0.0000000000
62391  8.800  -33.943  61.850 0.0000000000
62394  6.775  -34.784  60.168 0.0000000000
62406  8.536  -33.601  60.952 0.0000000000
63393  10.184  -31.479  79.186 0.0000000000
63401  11.209  -31.793  79.163 0.0000000000
63403  10.303  -31.714  78.998 0.0000000000
63437  11.664  -33.268  77.321 0.0000000000
63438  9.298  -33.311  77.026 0.0000000000
63505  14.769  -32.739  72.578 0.0000000000
63521  14.950  -33.142  72.150 0.0000000000
63617  8.467  -33.617  62.744 0.0000000000
63618  7.869  -33.192  63.010 0.0000000000
64626  12.749  -30.878  79.874 0.0000000000
64633  12.595  -31.076  79.708 0.0000000000
64651  9.319  -31.722  78.267 0.0000000000
64656  8.947  -31.982  78.013 0.0000000000
64668  14.980  -32.360  74.027 0.0000000000
64681  14.923  -32.518  73.297 0.0000000000
64684  13.337  -32.585  74.084 0.0000000000
64693  14.852  -32.644  72.829 0.0000000000
64704  14.126  -32.784  72.247 0.0000000000
64768  6.016  -32.675  63.983 0.0000000000
64782  7.040  -32.668  63.242 0.0000000000
64794  7.805  -32.780  62.528 0.0000000000
64808  7.833  -32.493  61.962 0.0000000000
64809  7.555  -32.045  61.636 0.0000000000
64820  8.132  -32.693  61.671 0.0000000000
65916  18.526  -30.885  78.914 0.0000000000
65995  4.601  -30.899  69.368 0.0000000000
66003  4.447  -31.714  68.642 0.0000000000
67209  8.595  -30.216  74.884 0.0000000000
67220  21.052  -29.635  73.344 0.0000000000
68492  11.424  -28.611  71.543 0.0000000000
68493  11.361  -28.873  71.792 0.0000000000
68505  11.417  -28.752  71.254 0.0000000000
69722  10.787  -28.351  73.839 0.0000000000
69738  11.392  -28.274  71.314 0.0000000000
69739  11.419  -28.421  71.774 0.0000000000
69748  11.150  -29.090  70.468 0.0000000000
69798  7.334  -29.405  65.683 0.0000000000
69822  9.749  -28.417  64.604 0.0000000000
69824  7.718  -29.277  63.922 0.0000000000
69835  7.439  -29.093  62.504 0.0000000000
69842  6.430  -28.990  60.641 0.0000000000
70914  11.177  -27.704  71.431 0.0000000000
70963  8.253  -29.184  64.412 0.0000000000
70982  11.455  -27.278  63.867 0.0000000000
70997  7.231  -28.067  61.080 0.0000000000
72151  9.791  -26.716  72.161 0.0000000000
72176  8.009  -25.228  71.639 0.0000000000
72180  10.999  -26.798  68.972 0.0000000000
72182  9.854  -26.047  69.803 0.0000000000
72196  11.313  -26.283  66.828 0.0000000000
72208  11.499  -26.813  63.574 0.0000000000
72213  7.751  -27.890  61.445 0.0000000000
73426  7.999  -24.691  71.353 0.0000000000
73433  9.802  -25.622  69.581 0.0000000000
73440  10.269  -25.712  68.657 0.0000000000
73444  8.618  -23.560  69.971 0.0000000000
73450  9.289  -23.690  69.154 0.0000000000
73461  11.413  -26.274  64.579 0.0000000000
73472  10.869  -25.370  62.594 0.0000000000
73476  7.895  -26.370  60.725 0.0000000000
74679  9.338  -23.739  68.428 0.0000000000
74692  9.663  -24.275  67.275 0.0000000000
74721  10.093  -24.061  61.810 0.0000000000
75957  9.784  -23.434  61.824 0.0000000000
75971  6.048  -23.409  59.081 0.0000000000
