#!ascii label  , from subject 3468 vox2ras=TkReg
931
102111  17.310  -1.316  -6.084 0.2500000000
102124  18.353  -1.388  -7.077 0.2500000000
101045  17.902  -2.241  -6.367 0.7500000000
105351  17.410  1.584  -6.535 0.2500000000
104243  17.712  0.603  -6.855 0.1250000000
105362  18.056  1.510  -7.208 0.3750000000
103178  17.432  -0.281  -6.497 0.2500000000
102123  19.040  -1.171  -7.682 0.7500000000
102125  17.789  -0.945  -6.669 0.3750000000
101057  19.053  -2.172  -7.621 0.8750000000
101071  19.789  -2.321  -8.058 0.8750000000
104255  18.340  0.538  -7.450 0.3750000000
103203  19.249  -0.010  -7.999 0.8750000000
103189  18.730  -0.358  -7.602 0.7500000000
102154  20.603  -1.070  -8.908 1.0000000000
102155  20.121  -0.863  -8.636 1.0000000000
103188  19.333  -0.616  -7.929 0.8750000000
101070  20.403  -1.949  -8.519 1.0000000000
100034  21.475  -2.236  -8.780 1.0000000000
106419  17.743  2.542  -6.877 0.2500000000
105361  18.831  1.400  -7.813 0.7500000000
104270  19.478  0.730  -8.294 0.8750000000
104254  18.933  0.455  -7.818 0.7500000000
103234  21.381  -0.710  -9.359 1.0000000000
103221  20.310  -0.254  -8.927 1.0000000000
102164  22.114  -1.612  -9.270 1.0000000000
101098  21.373  -1.316  -9.073 1.0000000000
101083  21.748  -1.972  -8.923 1.0000000000
101084  21.186  -1.732  -8.869 1.0000000000
106405  17.072  2.625  -6.184 0.1250000000
105376  20.088  1.471  -8.915 1.0000000000
105377  19.443  1.696  -8.342 0.8750000000
104269  19.992  0.449  -8.804 1.0000000000
103217  23.163  -0.642  -9.215 1.0000000000
103218  22.208  -0.552  -9.487 1.0000000000
103220  20.934  -0.316  -9.289 1.0000000000
104286  21.213  0.597  -9.423 1.0000000000
103201  23.490  -1.236  -8.876 1.0000000000
102153  22.139  -1.105  -9.445 1.0000000000
102151  25.407  -1.747  -8.619 1.0000000000
102137  23.816  -1.743  -8.575 1.0000000000
109419  17.917  5.529  -7.414 0.2500000000
107453  18.006  3.528  -7.294 0.3750000000
106418  18.397  2.483  -7.551 0.5000000000
106430  19.689  2.461  -8.613 1.0000000000
106431  19.066  2.490  -8.133 0.6250000000
105394  21.606  1.541  -9.478 1.0000000000
105395  20.776  1.578  -9.308 1.0000000000
104282  24.107  0.110  -8.958 1.0000000000
104284  22.748  0.458  -9.435 1.0000000000
105393  22.388  1.497  -9.460 1.0000000000
104267  24.817  0.219  -8.604 1.0000000000
103199  25.093  -0.793  -8.506 1.0000000000
104281  26.521  0.127  -8.811 1.0000000000
104266  25.666  -0.089  -8.503 1.0000000000
109434  18.629  5.507  -8.022 0.5000000000
108458  18.271  4.524  -7.705 0.3750000000
108481  18.974  4.494  -8.275 0.5000000000
107485  19.854  3.780  -8.896 0.8750000000
107469  19.905  3.148  -8.824 1.0000000000
108502  20.565  4.438  -9.388 1.0000000000
106444  22.058  2.518  -9.595 1.0000000000
106446  20.669  2.620  -9.306 1.0000000000
105374  23.969  1.475  -8.879 1.0000000000
105392  23.196  1.476  -9.283 1.0000000000
106442  26.283  1.587  -8.490 1.0000000000
105372  25.799  0.923  -8.408 1.0000000000
104280  27.159  -0.085  -9.644 0.8750000000
110381  18.346  6.496  -7.674 0.5000000000
109433  19.348  5.446  -8.553 0.6250000000
109451  20.035  5.271  -9.130 0.6250000000
108480  19.620  4.471  -8.751 0.7500000000
107482  21.710  3.562  -9.637 1.0000000000
107466  25.149  3.326  -8.402 1.0000000000
107467  24.093  3.388  -8.686 1.0000000000
107481  22.491  3.476  -9.480 1.0000000000
106425  26.464  2.673  -8.447 1.0000000000
106427  24.526  2.362  -8.578 1.0000000000
106428  23.600  2.430  -8.953 1.0000000000
107479  27.624  2.937  -8.995 0.8750000000
106426  25.762  2.200  -8.389 1.0000000000
105390  27.213  0.956  -9.228 0.8750000000
110395  19.642  6.378  -8.912 0.5000000000
110406  20.309  6.344  -9.366 0.8750000000
109432  22.563  5.613  -9.144 1.0000000000
109449  21.485  5.549  -9.562 1.0000000000
108476  25.769  4.306  -8.091 1.0000000000
108478  23.566  4.442  -8.799 1.0000000000
108499  22.856  4.175  -9.213 1.0000000000
109428  26.444  5.366  -7.866 1.0000000000
107478  28.115  3.105  -9.785 1.0000000000
108498  27.430  3.547  -8.663 1.0000000000
108497  27.925  3.950  -9.050 1.0000000000
110396  18.985  6.455  -8.341 0.5000000000
111460  22.482  7.310  -8.879 1.0000000000
110403  22.252  6.463  -9.241 1.0000000000
110404  21.649  6.434  -9.504 1.0000000000
110379  25.566  7.443  -7.451 1.0000000000
110392  24.534  6.489  -7.810 1.0000000000
110390  26.922  6.434  -8.056 1.0000000000
110391  25.857  6.661  -7.497 1.0000000000
109429  25.207  5.406  -7.891 1.0000000000
109447  28.162  5.170  -9.455 1.0000000000
108474  27.752  4.670  -8.723 0.8750000000
114767  20.070  10.470  -8.441 1.0000000000
114766  20.905  10.442  -8.726 0.8750000000
112600  21.826  8.231  -9.115 1.0000000000
111445  25.248  8.084  -7.455 1.0000000000
111446  24.193  7.654  -7.760 1.0000000000
115860  20.596  11.453  -8.423 0.8750000000
115859  21.478  11.441  -8.604 1.0000000000
114765  21.840  10.395  -8.633 1.0000000000
115858  22.417  11.434  -8.492 1.0000000000
113704  23.272  9.469  -8.233 1.0000000000
112585  25.307  8.974  -7.420 1.0000000000
113686  24.943  9.660  -7.421 1.0000000000
112598  26.002  8.748  -7.468 1.0000000000
116887  20.137  12.485  -8.137 0.7500000000
115840  23.319  11.444  -8.121 1.0000000000
114744  25.446  10.494  -7.462 1.0000000000
114745  24.564  10.513  -7.533 1.0000000000
116885  22.058  12.432  -8.663 1.0000000000
116869  23.889  12.394  -7.958 1.0000000000
115839  24.203  11.436  -7.677 1.0000000000
120930  19.656  16.272  -5.380 0.1250000000
119831  19.047  15.731  -3.912 0.1250000000
119857  19.996  16.207  -6.683 0.2500000000
120929  19.988  16.819  -6.050 0.1250000000
121920  20.441  17.999  -8.502 0.3750000000
121912  20.224  17.881  -7.500 0.2500000000
121927  20.919  18.208  -9.361 0.5000000000
121902  20.121  17.897  -6.444 0.2500000000
122775  20.425  19.015  -8.776 0.2500000000
122762  20.270  18.900  -7.821 0.2500000000
123603  20.288  19.987  -9.057 0.2500000000
122786  20.814  19.325  -9.489 0.2500000000
123619  20.548  20.239  -9.842 0.2500000000
123618  21.286  19.766  -9.974 0.3750000000
124456  21.511  21.020  -10.480 0.3750000000
124441  21.014  20.601  -10.334 0.2500000000
102112  16.688  -1.080  -5.526 0.1250000000
103190  18.020  -0.312  -7.078 0.2500000000
104244  17.126  0.637  -6.187 0.1250000000
101068  23.505  -2.621  -8.649 1.0000000000
110405  21.006  6.375  -9.580 0.8750000000
102090  16.804  -1.786  -5.460 0.1250000000
101058  18.466  -2.478  -6.968 0.6250000000
100007  18.827  -3.250  -7.171 0.7500000000
105352  16.827  1.668  -5.817 0.1250000000
98915  20.059  -3.997  -7.780 1.0000000000
103179  16.921  -0.312  -5.825 0.1250000000
100020  21.046  -2.764  -8.571 1.0000000000
101069  22.880  -2.590  -8.854 1.0000000000
101067  24.584  -2.551  -8.462 1.0000000000
107454  17.400  3.585  -6.539 0.3750000000
108459  17.643  4.555  -6.991 0.2500000000
104279  27.308  -0.277  -10.444 0.8750000000
106440  27.826  1.954  -9.813 0.8750000000
105389  27.617  0.670  -10.331 0.8750000000
107493  28.305  3.124  -10.677 0.8750000000
113688  18.911  9.917  -7.598 0.1250000000
111462  18.720  7.416  -8.022 0.3750000000
112619  20.262  8.090  -9.301 0.6250000000
110389  27.805  6.412  -8.924 1.0000000000
108496  28.346  4.119  -10.160 0.8750000000
113708  19.403  9.327  -8.370 0.3750000000
113707  20.303  9.580  -8.989 0.8750000000
111457  26.078  7.794  -7.476 1.0000000000
112596  27.375  8.673  -8.480 1.0000000000
113702  27.179  9.478  -8.187 1.0000000000
114763  26.245  10.451  -7.577 1.0000000000
117844  21.675  13.447  -8.623 0.8750000000
117843  22.620  13.377  -8.563 1.0000000000
115838  25.142  11.392  -7.498 1.0000000000
118819  18.182  14.627  -2.404 0.1250000000
119847  18.681  14.917  -4.764 0.1250000000
119866  20.075  15.597  -7.381 0.6250000000
120946  20.349  16.771  -8.242 0.6250000000
121926  21.716  17.941  -9.673 0.5000000000
123617  22.189  19.464  -9.758 0.5000000000
122751  20.349  18.836  -6.839 0.2500000000
123590  20.329  19.837  -8.132 0.2500000000
124440  21.990  20.422  -10.073 0.5000000000
124408  20.417  20.846  -8.397 0.1250000000
124442  20.280  21.194  -10.283 0.2500000000
125323  20.874  22.056  -11.145 0.2500000000
125310  22.159  21.171  -10.281 0.3750000000
126136  21.666  22.606  -11.115 0.2500000000
124421  20.281  20.935  -9.372 0.1250000000
102110  17.844  -1.462  -6.550 0.3750000000
100006  19.510  -3.148  -7.732 0.7500000000
100021  20.233  -2.948  -8.175 1.0000000000
103202  19.740  -0.275  -8.414 1.0000000000
102139  20.224  -1.318  -8.589 1.0000000000
100032  22.148  -2.730  -8.853 1.0000000000
101081  22.461  -2.188  -8.940 1.0000000000
105396  20.443  1.221  -9.182 1.0000000000
103200  24.074  -0.720  -8.763 1.0000000000
104285  21.939  0.530  -9.490 1.0000000000
102136  24.585  -1.514  -8.465 1.0000000000
107471  18.658  3.494  -7.948 0.5000000000
107470  19.387  3.476  -8.508 0.8750000000
106429  20.212  2.533  -8.975 1.0000000000
106445  21.289  2.559  -9.539 1.0000000000
104283  23.602  0.493  -9.177 1.0000000000
105373  24.815  1.323  -8.517 1.0000000000
107483  20.955  3.538  -9.532 1.0000000000
108501  21.276  4.546  -9.584 1.0000000000
106443  22.839  2.471  -9.387 1.0000000000
106441  26.921  2.055  -8.687 0.8750000000
104293  27.317  -0.048  -11.252 0.8750000000
109450  20.769  5.431  -9.507 1.0000000000
108500  22.177  4.702  -9.486 1.0000000000
108475  27.046  4.190  -8.335 1.0000000000
107468  23.243  3.399  -9.134 1.0000000000
108477  24.644  4.380  -8.377 1.0000000000
106439  28.133  2.573  -10.310 0.8750000000
110393  23.652  6.320  -8.325 1.0000000000
109448  22.041  5.761  -9.473 1.0000000000
109431  23.248  5.500  -8.727 1.0000000000
108479  22.848  4.874  -9.052 1.0000000000
109430  24.147  5.425  -8.362 1.0000000000
109427  27.470  5.376  -8.444 1.0000000000
111477  19.895  7.290  -9.224 0.6250000000
111476  20.615  7.239  -9.465 0.7500000000
111475  21.265  7.179  -9.492 1.0000000000
111474  21.831  7.224  -9.328 1.0000000000
112617  21.478  7.677  -9.353 1.0000000000
110394  22.883  6.399  -8.754 1.0000000000
112599  22.902  8.311  -8.466 1.0000000000
111447  23.507  7.954  -8.095 1.0000000000
111459  23.322  7.255  -8.302 1.0000000000
111456  26.712  7.391  -7.769 1.0000000000
110380  25.057  7.249  -7.477 1.0000000000
111458  23.898  6.917  -8.024 1.0000000000
112587  23.718  8.617  -7.921 1.0000000000
112601  21.269  8.562  -9.234 1.0000000000
113705  22.297  9.351  -8.649 1.0000000000
112586  24.559  8.755  -7.543 1.0000000000
116886  21.089  12.456  -8.586 0.8750000000
114764  22.798  10.434  -8.350 1.0000000000
114746  23.668  10.483  -7.868 1.0000000000
113687  24.084  9.581  -7.685 1.0000000000
113685  25.768  9.644  -7.459 1.0000000000
116884  23.034  12.418  -8.506 1.0000000000
117828  23.508  13.449  -8.175 1.0000000000
119823  18.578  15.113  -3.416 0.1250000000
119846  19.026  15.463  -5.022 0.1250000000
118826  18.152  14.355  -3.647 0.1250000000
120917  19.679  16.366  -4.467 0.2500000000
119858  19.597  15.567  -6.246 0.3750000000
122785  21.506  18.831  -9.771 0.5000000000
120963  20.707  17.297  -9.075 0.7500000000
125322  21.747  21.727  -10.732 0.2500000000
101046  17.258  -2.440  -5.642 0.2500000000
102070  15.867  -1.645  -4.084 0.1250000000
101023  16.647  -2.565  -5.057 0.1250000000
99996  18.273  -3.304  -6.494 0.6250000000
98928  20.577  -3.433  -8.230 1.0000000000
112620  19.618  8.217  -8.884 0.6250000000
112618  21.036  8.066  -9.382 0.8750000000
113726  19.958  8.842  -9.111 0.8750000000
113725  20.620  8.769  -9.243 1.0000000000
113706  21.252  9.268  -9.060 1.0000000000
118851  24.154  14.185  -7.717 1.0000000000
117826  25.384  13.138  -7.554 1.0000000000
118841  18.519  14.339  -4.607 0.3750000000
120945  21.048  16.395  -9.108 0.7500000000
120962  21.357  17.258  -9.497 0.7500000000
126135  22.604  22.405  -10.699 0.2500000000
125321  22.810  21.724  -10.256 0.3750000000
95698  19.877  -7.376  -6.768 0.7500000000
95709  22.214  -7.922  -7.889 0.7500000000
95699  19.144  -7.047  -6.390 0.7500000000
96756  18.910  -6.120  -6.499 0.7500000000
96765  22.163  -7.135  -7.999 0.7500000000
95711  20.709  -7.249  -7.363 0.7500000000
95712  20.251  -6.622  -7.246 0.7500000000
96755  19.658  -6.288  -6.952 0.7500000000
96779  22.663  -6.259  -8.277 0.7500000000
96766  21.573  -6.575  -7.918 0.7500000000
96767  20.807  -6.223  -7.696 0.7500000000
98905  18.665  -4.190  -6.634 0.7500000000
98916  19.275  -4.058  -7.251 0.6250000000
97836  20.821  -5.149  -7.968 0.7500000000
98914  20.434  -4.580  -7.854 0.8750000000
97838  19.568  -4.590  -7.311 0.8750000000
96778  23.832  -6.483  -8.533 0.7500000000
97849  22.619  -5.156  -8.386 0.7500000000
97851  21.299  -4.540  -8.309 0.8750000000
98927  20.945  -3.983  -8.286 0.8750000000
97848  23.627  -5.421  -8.514 0.7500000000
98925  22.432  -4.224  -8.566 0.8750000000
100019  21.659  -3.245  -8.658 0.8750000000
98923  24.371  -4.573  -8.669 0.7500000000
98924  23.325  -4.389  -8.558 0.8750000000
100017  22.977  -3.394  -8.763 0.8750000000
100030  25.937  -3.828  -9.334 0.8750000000
100015  25.026  -3.694  -8.687 0.8750000000
101080  25.754  -2.795  -8.844 0.8750000000
102150  26.277  -1.845  -9.142 0.8750000000
101124  27.642  -2.638  -13.066 0.3750000000
102177  26.952  -1.737  -11.503 0.6250000000
102163  27.083  -1.697  -10.581 0.7500000000
102149  26.894  -1.771  -9.813 0.7500000000
102200  27.540  -1.788  -13.674 0.5000000000
102189  26.956  -1.661  -12.686 0.5000000000
103255  26.871  -0.601  -12.756 0.7500000000
103231  27.116  -0.924  -10.979 0.7500000000
103273  28.268  -1.027  -14.946 0.1250000000
104328  27.722  -0.493  -14.486 0.3750000000
104312  27.201  0.126  -13.254 0.6250000000
104302  27.123  0.100  -12.237 0.6250000000
105407  27.706  0.974  -11.557 0.6250000000
104335  30.070  0.179  -16.002 0.1250000000
103284  29.355  -0.403  -15.771 0.1250000000
105433  28.010  1.012  -14.206 0.1250000000
105438  28.536  1.109  -15.145 0.1250000000
106472  28.246  1.836  -13.215 0.6250000000
106464  28.238  2.111  -12.119 0.6250000000
105447  29.293  1.249  -15.977 0.1250000000
106493  29.286  2.464  -16.322 0.1250000000
107523  28.555  2.952  -13.511 0.1250000000
107513  28.477  2.878  -12.560 0.5000000000
107503  28.412  2.950  -11.615 0.6250000000
108515  28.447  3.862  -11.231 0.7500000000
105446  30.065  0.990  -16.472 0.1250000000
108544  28.681  4.026  -13.673 0.5000000000
109482  28.408  4.571  -11.976 0.6250000000
109466  28.475  4.720  -10.928 0.7500000000
117829  19.813  13.616  -7.629 0.5000000000
117845  20.738  13.437  -8.406 0.7500000000
110437  28.249  5.645  -12.306 0.6250000000
110402  28.108  6.363  -10.096 0.6250000000
110451  27.854  6.315  -13.039 0.5000000000
110420  28.251  6.284  -11.375 0.6250000000
111489  27.964  7.349  -10.795 0.6250000000
111473  27.814  7.421  -9.586 0.7500000000
117846  20.174  13.386  -8.023 0.7500000000
114762  26.921  10.424  -7.949 0.8750000000
113701  27.518  9.383  -8.947 0.8750000000
114761  27.343  10.366  -8.662 0.8750000000
115855  27.094  11.368  -8.303 0.8750000000
110438  28.087  6.380  -12.233 0.5000000000
111504  27.871  7.235  -12.141 0.5000000000
112631  27.697  8.333  -10.206 0.6250000000
110462  27.465  6.834  -13.861 0.2500000000
111517  27.450  7.403  -13.235 0.3750000000
112638  27.638  8.357  -11.410 0.5000000000
118870  20.375  14.347  -7.953 0.6250000000
118869  21.237  14.447  -8.496 0.7500000000
118868  22.352  14.467  -8.371 0.8750000000
116868  24.810  12.323  -7.567 0.8750000000
117825  26.187  13.057  -7.705 0.7500000000
116882  26.623  12.378  -7.898 0.8750000000
113723  27.552  9.124  -9.718 0.6250000000
114779  27.401  10.176  -9.725 0.7500000000
112649  27.324  8.415  -12.739 0.3750000000
115889  27.271  11.327  -10.146 0.7500000000
118854  19.746  14.491  -7.329 0.6250000000
118852  23.255  14.462  -7.998 0.8750000000
119864  23.924  15.059  -7.732 0.7500000000
118849  25.864  13.862  -7.676 0.8750000000
117857  27.205  13.252  -9.226 0.7500000000
113756  26.837  9.647  -12.850 0.2500000000
113747  27.072  10.022  -12.243 0.5000000000
113746  27.299  9.460  -11.930 0.5000000000
111530  26.612  8.010  -14.436 0.2500000000
119877  20.757  15.499  -8.382 0.5000000000
119876  21.700  15.507  -8.694 0.7500000000
119874  23.686  15.759  -8.141 0.7500000000
120943  23.336  16.542  -8.574 0.7500000000
120942  24.296  16.485  -8.187 0.7500000000
120940  26.069  16.093  -8.180 0.7500000000
119873  24.580  15.682  -7.894 0.7500000000
121918  23.983  17.353  -8.386 0.7500000000
119872  25.519  15.472  -7.857 0.7500000000
119870  26.991  14.639  -8.612 0.7500000000
119892  26.913  15.541  -8.720 0.7500000000
116912  27.063  12.273  -10.459 0.5000000000
118893  27.036  13.776  -10.453 0.3750000000
118892  27.195  14.152  -9.755 0.6250000000
114803  26.790  10.644  -12.294 0.2500000000
115899  26.710  11.535  -11.770 0.3750000000
116913  26.744  12.291  -11.194 0.3750000000
120944  22.208  16.658  -9.178 0.6250000000
121917  24.959  17.193  -8.115 0.7500000000
122770  26.276  17.171  -8.714 0.7500000000
121923  27.114  16.251  -9.374 0.6250000000
118903  26.795  14.031  -11.194 0.3750000000
119905  27.036  14.922  -10.814 0.3750000000
115921  26.055  11.081  -13.269 0.1250000000
115911  25.942  12.117  -12.998 0.1250000000
116935  26.081  12.588  -12.543 0.2500000000
121925  22.370  17.655  -9.396 0.6250000000
122773  23.658  18.283  -8.624 0.7500000000
122772  24.704  18.071  -8.320 0.6250000000
122771  25.690  17.758  -8.526 0.7500000000
120983  27.272  16.125  -10.216 0.3750000000
121947  27.107  17.112  -10.069 0.3750000000
120960  26.643  16.000  -8.648 0.7500000000
118912  26.277  14.353  -12.077 0.2500000000
119900  27.266  15.177  -10.112 0.6250000000
116968  24.442  12.301  -14.411 0.1250000000
116952  24.977  12.616  -13.814 0.1250000000
114820  25.216  10.769  -14.264 0.1250000000
122783  23.131  18.652  -9.115 0.6250000000
123601  24.573  18.967  -8.654 0.3750000000
123613  26.230  18.521  -9.506 0.3750000000
120988  26.449  16.502  -11.817 0.2500000000
122781  26.484  17.744  -9.246 0.3750000000
118920  25.059  14.516  -13.477 0.1250000000
119914  26.154  15.450  -12.386 0.3750000000
119906  26.734  15.331  -11.456 0.3750000000
115935  24.119  11.671  -14.740 0.1250000000
117890  25.902  13.495  -12.637 0.1250000000
125308  23.763  20.781  -9.539 0.3750000000
122784  22.401  18.540  -9.521 0.3750000000
123602  23.679  19.076  -8.916 0.3750000000
124437  25.144  19.775  -9.509 0.3750000000
124419  24.194  19.502  -8.970 0.3750000000
122824  26.221  18.652  -11.613 0.3750000000
123648  26.146  19.350  -10.541 0.3750000000
123614  25.558  19.105  -9.242 0.3750000000
121959  26.102  17.607  -12.146 0.3750000000
121956  26.678  17.632  -11.118 0.3750000000
122817  26.452  18.733  -10.779 0.3750000000
119925  24.193  15.449  -14.358 0.1250000000
119915  25.507  15.487  -13.157 0.1250000000
120989  25.844  16.533  -12.697 0.2500000000
117919  23.951  13.640  -14.379 0.1250000000
125330  24.971  21.379  -10.907 0.2500000000
124488  25.434  20.866  -11.610 0.2500000000
124470  25.439  20.575  -10.892 0.3750000000
124455  24.467  20.771  -9.789 0.3750000000
122830  25.311  18.656  -13.439 0.1250000000
123665  25.813  19.844  -11.793 0.3750000000
123649  25.804  19.869  -10.741 0.3750000000
121960  25.567  17.611  -13.052 0.1250000000
122825  25.806  18.684  -12.533 0.2500000000
121003  24.143  16.520  -14.713 0.1250000000
125320  24.047  21.487  -10.043 0.3750000000
123671  25.500  19.696  -12.974 0.1250000000
124510  25.228  20.438  -13.443 0.1250000000
123676  25.057  19.646  -13.876 0.1250000000
121004  23.504  16.477  -15.390 0.1250000000
122837  24.214  18.643  -15.088 0.1250000000
125360  24.800  21.926  -13.839 0.1250000000
123684  23.879  19.676  -15.576 0.1250000000
124511  24.786  20.775  -14.237 0.1250000000
121970  23.148  17.938  -15.741 0.1250000000
121012  23.061  16.572  -15.901 0.1250000000
100018  22.255  -3.415  -8.722 0.8750000000
101079  26.700  -2.849  -9.833 0.6250000000
109491  28.372  4.906  -13.018 0.6250000000
112616  27.642  8.430  -9.194 0.8750000000
113738  27.422  9.299  -10.641 0.5000000000
118853  22.819  14.945  -8.047 0.8750000000
119875  22.727  15.603  -8.387 0.7500000000
119861  26.187  14.372  -7.854 0.7500000000
118866  26.486  13.887  -8.002 0.7500000000
115890  27.010  11.454  -11.013 0.5000000000
116902  27.298  12.293  -9.617 0.7500000000
114792  27.000  10.875  -11.572 0.5000000000
120995  24.651  16.154  -14.146 0.1250000000
123677  24.559  19.684  -14.775 0.1250000000
122844  23.447  18.690  -15.648 0.1250000000
105426  27.668  0.739  -13.297 0.5000000000
105417  27.902  1.320  -12.446 0.6250000000
106455  27.870  1.422  -10.672 0.7500000000
109499  28.399  4.995  -13.920 0.3750000000
109492  28.163  5.585  -13.431 0.3750000000
109500  27.879  5.970  -14.162 0.2500000000
115877  27.406  11.326  -9.157 0.7500000000
121963  25.065  17.660  -13.886 0.1250000000
110470  27.150  6.871  -14.789 0.1250000000
94632  20.273  -8.759  -6.875 0.7500000000
94633  19.755  -8.386  -6.570 0.7500000000
96744  18.566  -6.844  -6.076 0.7500000000
94645  22.175  -8.723  -7.858 0.7500000000
95710  21.491  -7.599  -7.639 0.7500000000
94662  23.023  -8.296  -8.214 0.7500000000
97827  18.384  -5.114  -6.206 0.6250000000
97825  19.360  -5.681  -6.924 0.7500000000
95725  23.976  -7.506  -8.538 0.6250000000
97847  24.907  -5.666  -9.023 0.7500000000
98922  25.297  -4.635  -9.095 0.6250000000
100029  26.469  -3.977  -10.285 0.5000000000
100058  27.748  -3.404  -12.166 0.3750000000
101094  26.876  -3.307  -10.928 0.5000000000
101133  28.284  -2.349  -13.606 0.1250000000
102210  28.655  -1.507  -14.774 0.1250000000
103271  29.835  -0.481  -15.624 0.1250000000
104326  30.195  0.132  -15.247 0.1250000000
105454  30.597  1.574  -16.538 0.1250000000
105455  30.341  1.806  -16.764 0.1250000000
106500  30.011  2.581  -17.287 0.1250000000
116870  19.857  13.037  -7.824 0.3750000000
106501  29.349  2.951  -16.842 0.1250000000
107540  29.009  3.403  -15.502 0.1250000000
108553  28.855  4.242  -14.475 0.1250000000
109505  28.333  5.120  -14.800 0.2500000000
117821  19.049  13.547  -6.360 0.5000000000
111538  26.334  7.893  -15.080 0.1250000000
111537  26.778  7.554  -14.678 0.2500000000
112673  25.707  8.928  -14.878 0.1250000000
114819  25.830  10.585  -13.666 0.1250000000
119867  19.710  15.038  -6.917 0.3750000000
114834  23.704  10.913  -15.029 0.1250000000
116970  23.295  12.601  -15.454 0.1250000000
114835  23.424  11.206  -15.492 0.1250000000
118930  22.986  14.711  -15.067 0.1250000000
118947  22.720  14.795  -16.250 0.1250000000
121893  20.325  17.856  -5.479 0.1250000000
126146  24.303  22.533  -11.116 0.2500000000
126153  24.618  22.711  -12.077 0.1250000000
126161  24.697  22.929  -13.186 0.1250000000
124518  24.264  20.734  -15.320 0.1250000000
125364  24.410  21.841  -14.878 0.1250000000
121013  22.833  16.693  -16.398 0.1250000000
122845  22.804  18.626  -16.104 0.1250000000
103214  26.649  -0.902  -9.366 0.7500000000
109446  28.406  4.881  -10.249 0.7500000000
115861  19.907  11.402  -8.036 0.3750000000
116883  26.291  11.815  -7.633 0.8750000000
103213  27.105  -0.959  -10.103 0.7500000000
105406  27.985  1.637  -11.798 0.6250000000
111455  27.403  7.608  -8.477 0.8750000000
117827  24.453  13.255  -7.685 0.8750000000
116867  25.860  12.259  -7.536 0.8750000000
124439  23.068  20.128  -9.468 0.3750000000
125309  22.905  21.032  -9.775 0.3750000000
126975  23.396  22.811  -10.842 0.1250000000
126134  23.621  22.229  -10.505 0.2500000000
95697  20.306  -8.008  -6.911 0.7500000000
95726  22.958  -7.275  -8.267 0.7500000000
96745  18.128  -6.166  -5.925 0.7500000000
96768  20.266  -5.906  -7.467 0.7500000000
97835  21.359  -5.737  -8.066 0.7500000000
97826  19.074  -5.084  -6.817 0.7500000000
97837  19.894  -5.171  -7.388 0.7500000000
97850  21.733  -4.947  -8.331 0.8750000000
98926  21.724  -4.057  -8.498 0.8750000000
97846  25.464  -5.186  -9.418 0.7500000000
100016  23.960  -3.555  -8.543 0.8750000000
101078  27.025  -2.229  -10.238 0.7500000000
101109  27.184  -2.811  -11.816 0.5000000000
101093  27.056  -2.470  -10.838 0.6250000000
103246  26.876  -0.790  -11.910 0.7500000000
103264  27.176  -0.920  -13.466 0.5000000000
103274  27.696  -1.158  -14.205 0.2500000000
102198  28.830  -1.849  -14.195 0.1250000000
104327  28.090  0.050  -15.010 0.2500000000
104320  27.559  0.217  -14.001 0.3750000000
105418  27.467  0.649  -12.654 0.6250000000
104336  29.588  0.275  -16.037 0.1250000000
105445  30.476  1.120  -15.837 0.1250000000
104337  28.896  0.230  -15.685 0.1250000000
106478  28.418  2.050  -14.340 0.1250000000
106484  28.806  2.222  -15.339 0.1250000000
106492  29.831  1.785  -16.576 0.1250000000
107532  28.849  3.188  -14.483 0.1250000000
108526  28.487  3.628  -12.047 0.6250000000
110419  28.399  5.352  -11.437 0.6250000000
109467  28.382  5.480  -10.570 0.6250000000
116881  27.196  12.348  -8.719 0.7500000000
117842  26.590  13.185  -7.972 0.7500000000
113755  27.156  9.127  -12.661 0.3750000000
119862  25.704  14.630  -7.706 0.7500000000
117867  27.118  13.148  -10.042 0.6250000000
118885  27.138  14.133  -8.889 0.7500000000
114791  27.193  10.406  -10.961 0.5000000000
113768  26.168  9.731  -13.603 0.1250000000
112664  25.985  9.262  -14.114 0.1250000000
112663  26.588  8.670  -13.772 0.2500000000
112672  26.302  8.355  -14.546 0.1250000000
121919  23.068  17.437  -8.889 0.7500000000
121916  25.794  16.890  -8.291 0.7500000000
117880  26.584  13.025  -11.373 0.3750000000
118902  27.095  14.420  -10.477 0.3750000000
115910  26.264  11.564  -12.679 0.1250000000
123600  25.330  18.513  -8.658 0.3750000000
117889  26.305  13.313  -11.928 0.3750000000
115922  25.633  11.633  -13.549 0.1250000000
120986  26.960  16.404  -10.940 0.3750000000
118913  25.717  14.477  -12.841 0.2500000000
116953  24.355  12.952  -14.240 0.1250000000
116969  23.841  12.642  -14.811 0.1250000000
115934  24.828  11.640  -14.284 0.1250000000
117901  25.316  13.561  -13.273 0.1250000000
123616  23.010  19.248  -9.336 0.3750000000
117902  24.631  13.623  -13.822 0.1250000000
118921  24.374  14.532  -14.053 0.1250000000
124438  24.316  20.149  -9.285 0.3750000000
118929  23.607  14.577  -14.531 0.1250000000
119924  24.839  15.438  -13.795 0.1250000000
119934  23.526  15.554  -14.890 0.1250000000
120994  25.214  16.532  -13.586 0.1250000000
117920  23.174  13.622  -15.074 0.1250000000
126145  24.773  21.925  -11.237 0.2500000000
125331  24.406  21.957  -10.708 0.2500000000
124502  25.362  20.883  -12.551 0.2500000000
121966  24.487  17.648  -14.601 0.1250000000
121002  24.755  16.891  -14.214 0.1250000000
121967  23.769  17.578  -15.305 0.1250000000
125351  25.161  21.566  -12.350 0.1250000000
124503  25.095  21.182  -13.407 0.1250000000
122836  24.771  18.652  -14.266 0.1250000000
119944  22.958  15.976  -16.055 0.1250000000
126170  24.593  22.969  -14.362 0.1250000000
125352  24.988  21.874  -12.813 0.1250000000
94647  20.852  -8.192  -7.232 0.7500000000
93571  20.875  -8.982  -7.204 0.7500000000
94634  19.224  -7.975  -6.271 0.7500000000
93556  19.232  -8.765  -6.213 0.7500000000
100044  26.750  -3.999  -11.161 0.5000000000
107548  29.067  3.305  -16.453 0.1250000000
107547  29.286  3.596  -17.152 0.1250000000
107539  29.108  3.897  -15.067 0.1250000000
113769  25.614  9.866  -14.247 0.1250000000
118931  22.671  14.726  -15.629 0.1250000000
119936  22.746  15.373  -15.953 0.1250000000
94619  18.689  -8.565  -5.870 0.7500000000
92446  20.954  -9.624  -7.137 0.6250000000
93570  21.518  -9.222  -7.505 0.6250000000
93591  24.169  -9.361  -8.577 0.3750000000
93593  22.646  -8.923  -8.078 0.6250000000
94660  24.937  -8.680  -9.065 0.2500000000
94661  24.054  -8.470  -8.630 0.3750000000
100059  27.245  -3.692  -11.599 0.3750000000
117830  19.408  13.774  -7.117 0.3750000000
117822  18.815  13.814  -5.628 0.2500000000
118844  19.058  14.554  -5.755 0.2500000000
95724  24.898  -7.694  -9.257 0.5000000000
96792  25.299  -6.233  -9.492 0.5000000000
97862  25.693  -5.636  -9.811 0.3750000000
93567  24.615  -9.870  -8.414 0.5000000000
92464  23.463  -9.770  -8.265 0.6250000000
98936  26.434  -4.902  -10.646 0.5000000000
92427  20.664  -10.313  -6.789 0.6250000000
95687  17.604  -6.873  -5.475 0.3750000000
94620  17.983  -8.237  -5.474 0.3750000000
93554  20.360  -9.537  -6.815 0.6250000000
92442  24.128  -10.597  -8.070 0.3750000000
92443  23.192  -10.373  -7.968 0.5000000000
92445  21.510  -10.030  -7.339 0.6250000000
96746  17.310  -6.201  -5.412 0.2500000000
93553  24.907  -10.059  -7.911 0.3750000000
95723  25.770  -8.059  -9.456 0.2500000000
94644  26.000  -8.816  -8.264 0.2500000000
95741  25.806  -7.244  -9.709 0.2500000000
96791  25.846  -6.465  -9.926 0.3750000000
97861  26.431  -5.890  -10.433 0.2500000000
98947  27.182  -4.451  -11.359 0.2500000000
108444  17.070  4.593  -6.162 0.1250000000
100069  28.239  -3.282  -12.564 0.2500000000
113709  18.920  8.771  -8.048 0.3750000000
112602  19.064  8.259  -8.329 0.2500000000
118845  18.760  14.209  -5.230 0.2500000000
109420  17.350  5.522  -6.627 0.1250000000
99997  17.661  -3.352  -5.859 0.2500000000
96777  24.715  -6.760  -9.063 0.5000000000
95685  18.613  -7.650  -5.949 0.5000000000
95686  18.083  -7.217  -5.672 0.5000000000
93569  22.301  -9.449  -7.833 0.6250000000
98961  27.491  -3.931  -11.711 0.2500000000
96757  18.607  -5.636  -6.360 0.3750000000
98906  18.029  -4.276  -6.031 0.2500000000
93555  19.648  -9.324  -6.436 0.6250000000
97814  17.704  -5.258  -5.690 0.3750000000
92444  22.340  -10.205  -7.659 0.6250000000
93568  22.881  -9.807  -8.026 0.5000000000
93590  25.022  -9.342  -8.794 0.2500000000
94658  26.356  -8.396  -8.473 0.2500000000
95742  25.308  -6.899  -9.528 0.3750000000
92463  23.898  -10.045  -8.359 0.5000000000
94621  17.555  -7.581  -5.329 0.3750000000
91332  23.286  -11.143  -7.672 0.3750000000
91333  22.464  -10.903  -7.441 0.5000000000
97876  27.020  -5.385  -11.032 0.2500000000
108445  16.414  4.636  -5.319 0.1250000000
92410  19.406  -10.778  -5.943 0.5000000000
91317  21.636  -11.401  -6.954 0.3750000000
91303  18.251  -10.927  -5.267 0.3750000000
92412  18.242  -10.131  -5.368 0.5000000000
93540  19.342  -10.042  -6.052 0.5000000000
92411  18.826  -10.464  -5.647 0.5000000000
93542  18.175  -9.228  -5.461 0.3750000000
93541  18.897  -9.502  -5.850 0.5000000000
91285  16.914  -11.659  -4.336 0.1250000000
91302  18.742  -11.472  -5.424 0.3750000000
94607  17.591  -9.057  -5.136 0.2500000000
89029  17.976  -13.592  -4.837 0.1250000000
91283  18.342  -12.282  -5.057 0.2500000000
90213  18.963  -12.527  -5.376 0.3750000000
90226  22.695  -12.582  -7.140 0.2500000000
90228  20.849  -12.332  -6.497 0.3750000000
90229  20.191  -11.744  -6.262 0.5000000000
90180  16.654  -12.551  -4.022 0.1250000000
91301  19.550  -11.657  -5.846 0.3750000000
91286  16.646  -11.052  -4.128 0.1250000000
93528  17.156  -9.539  -4.578 0.1250000000
109506  27.668  5.895  -15.263 0.1250000000
91334  21.821  -10.641  -7.267 0.3750000000
92428  19.875  -10.166  -6.436 0.5000000000
91319  20.040  -10.973  -6.347 0.5000000000
94608  17.193  -8.388  -4.902 0.2500000000
91314  24.432  -11.513  -6.904 0.2500000000
91316  22.550  -11.708  -7.222 0.3750000000
91318  20.758  -11.227  -6.618 0.3750000000
90227  21.817  -12.393  -6.860 0.3750000000
92393  17.651  -10.815  -4.900 0.2500000000
93527  17.638  -9.882  -5.008 0.1250000000
90198  17.157  -12.641  -4.377 0.1250000000
91284  17.853  -11.784  -4.834 0.2500000000
91269  16.335  -11.686  -3.573 0.1250000000
89030  17.186  -13.700  -4.425 0.1250000000
89061  21.363  -12.902  -6.610 0.2500000000
92394  17.078  -10.543  -4.491 0.1250000000
89028  18.590  -13.371  -5.144 0.2500000000
89045  20.125  -13.494  -5.793 0.2500000000
98890  17.371  -4.371  -5.478 0.2500000000
90197  17.822  -12.806  -4.705 0.1250000000
90212  19.906  -12.592  -5.890 0.2500000000
89046  19.258  -13.533  -5.425 0.1250000000
98891  16.756  -4.465  -4.926 0.1250000000
116871  19.462  12.639  -7.295 0.1250000000
116888  19.729  11.998  -7.766 0.1250000000
116863  18.885  12.341  -6.189 0.1250000000
116864  18.743  13.151  -5.662 0.1250000000
116861  18.661  12.506  -4.993 0.1250000000
117806  18.253  13.446  -4.119 0.1250000000
115841  19.122  11.484  -6.888 0.1250000000
116847  18.108  12.539  -3.664 0.1250000000
115802  18.006  11.481  -2.547 0.1250000000
115862  19.478  11.451  -7.505 0.1250000000
111448  18.069  7.462  -7.304 0.1250000000
95673  17.020  -7.211  -5.016 0.1250000000
97794  16.456  -5.456  -4.619 0.1250000000
114747  19.088  10.671  -7.292 0.1250000000
115836  19.125  11.312  -6.246 0.1250000000
115833  19.399  11.339  -5.266 0.1250000000
115801  18.929  11.509  -2.870 0.1250000000
116838  17.232  12.040  -2.691 0.1250000000
114768  19.464  10.541  -7.871 0.1250000000
117819  18.616  13.578  -5.046 0.1250000000
97815  16.976  -5.351  -5.236 0.1250000000
96729  16.708  -6.300  -4.859 0.1250000000
112603  18.621  8.279  -7.742 0.1250000000
99976  17.071  -3.455  -5.221 0.1250000000
98864  16.278  -4.572  -4.324 0.1250000000
116860  18.916  11.844  -5.677 0.1250000000
115834  18.719  11.956  -4.239 0.1250000000
115817  18.344  11.841  -3.310 0.1250000000
115768  17.519  11.158  -0.876 0.1250000000
92425  24.680  -10.575  -7.405 0.1250000000
93552  25.503  -9.585  -7.253 0.1250000000
94631  25.952  -8.960  -7.742 0.1250000000
94643  26.397  -8.436  -7.886 0.1250000000
95722  26.649  -7.847  -9.014 0.1250000000
95740  26.382  -7.461  -9.644 0.1250000000
96776  26.967  -7.203  -9.595 0.1250000000
96790  26.649  -6.726  -10.138 0.1250000000
98921  28.570  -4.800  -9.108 0.1250000000
97859  28.248  -5.464  -9.576 0.1250000000
96807  27.332  -6.249  -10.336 0.1250000000
100028  28.799  -4.184  -10.257 0.1250000000
98946  27.691  -4.860  -11.261 0.1250000000
100042  29.138  -3.518  -10.542 0.1250000000
100043  28.769  -4.091  -11.109 0.1250000000
100057  28.437  -3.605  -11.871 0.1250000000
89059  22.977  -13.380  -7.043 0.1250000000
89044  20.971  -13.430  -6.299 0.1250000000
90225  23.627  -12.546  -6.962 0.1250000000
93539  25.774  -9.800  -6.527 0.1250000000
92409  25.775  -10.424  -6.170 0.1250000000
94630  26.431  -8.521  -7.080 0.1250000000
95695  27.283  -7.430  -6.895 0.1250000000
96764  27.478  -6.709  -8.115 0.1250000000
97834  27.868  -6.129  -8.478 0.1250000000
98913  28.616  -4.649  -8.235 0.1250000000
100027  29.128  -3.547  -9.685 0.1250000000
101108  28.665  -3.106  -12.520 0.1250000000
101107  29.132  -2.866  -11.928 0.1250000000
101092  29.323  -2.803  -10.881 0.1250000000
101123  28.402  -2.917  -13.112 0.1250000000
91331  24.054  -11.241  -7.608 0.1250000000
98959  28.218  -4.371  -11.422 0.1250000000
95708  26.784  -7.914  -8.186 0.1250000000
97875  27.645  -5.597  -10.705 0.1250000000
91315  23.446  -11.847  -7.360 0.1250000000
91300  24.897  -11.760  -6.279 0.1250000000
89060  21.891  -13.434  -6.705 0.1250000000
91313  25.182  -11.112  -6.379 0.1250000000
95696  26.799  -7.916  -7.543 0.1250000000
96775  27.399  -6.910  -8.976 0.1250000000
95707  27.167  -7.311  -7.738 0.1250000000
96789  27.409  -6.610  -9.791 0.1250000000
98935  28.487  -4.819  -9.910 0.1250000000
97844  28.278  -5.459  -8.772 0.1250000000
100014  28.815  -4.173  -9.426 0.1250000000
98945  28.290  -4.817  -10.758 0.1250000000
100056  29.047  -3.444  -11.322 0.1250000000
101077  29.348  -2.814  -9.889 0.1250000000
87856  23.173  -13.814  -6.718 0.1250000000
89057  24.441  -13.059  -6.157 0.1250000000
94629  27.048  -8.154  -6.493 0.1250000000
102162  29.483  -2.019  -11.317 0.1250000000
87857  22.592  -13.976  -6.670 0.1250000000
90196  18.333  -12.903  -5.010 0.1250000000
90211  20.435  -12.963  -6.144 0.2500000000
91268  16.506  -12.191  -3.856 0.1250000000
92424  25.172  -10.472  -6.727 0.1250000000
92426  21.266  -10.703  -6.959 0.6250000000
93566  25.427  -9.389  -8.215 0.1250000000
93592  23.203  -9.172  -8.268 0.6250000000
94646  21.501  -8.455  -7.548 0.7500000000
94659  25.824  -8.788  -8.889 0.2500000000
95721  27.120  -7.366  -8.413 0.1250000000
96780  21.970  -5.741  -8.236 0.7500000000
96808  27.008  -6.045  -10.652 0.2500000000
97845  27.896  -6.137  -9.290 0.1250000000
97860  27.832  -5.966  -10.038 0.1250000000
97863  25.324  -5.864  -9.443 0.6250000000
97874  28.134  -5.376  -10.237 0.1250000000
98937  25.918  -4.729  -9.753 0.6250000000
98960  27.778  -4.141  -11.692 0.2500000000
100031  22.544  -2.862  -8.830 1.0000000000
100033  21.734  -2.508  -8.802 1.0000000000
100070  27.971  -3.163  -12.839 0.2500000000
101082  22.077  -2.153  -8.952 1.0000000000
101095  22.201  -1.820  -9.106 1.0000000000
101096  21.966  -1.822  -9.128 1.0000000000
101097  21.680  -1.542  -9.105 1.0000000000
101110  26.990  -3.482  -11.424 0.5000000000
101134  27.870  -2.233  -13.650 0.1250000000
102138  23.065  -1.798  -8.939 1.0000000000
102140  19.726  -1.338  -8.179 1.0000000000
102152  22.391  -1.409  -9.271 1.0000000000
102165  21.957  -1.332  -9.385 1.0000000000
102166  21.549  -1.119  -9.291 1.0000000000
102167  20.995  -0.869  -9.119 1.0000000000
102199  28.098  -1.974  -14.016 0.1250000000
102211  28.230  -1.596  -14.446 0.2500000000
102212  27.876  -1.657  -14.126 0.5000000000
103215  25.978  -0.890  -8.747 1.0000000000
103216  23.731  -0.191  -9.080 1.0000000000
103219  21.570  -0.251  -9.465 1.0000000000
103232  22.017  -0.951  -9.503 1.0000000000
103233  21.789  -0.833  -9.461 1.0000000000
103272  29.232  -1.159  -15.138 0.1250000000
103283  29.740  -0.177  -15.922 0.1250000000
103285  28.734  -0.556  -15.461 0.1250000000
104268  24.254  0.734  -8.844 1.0000000000
104287  20.514  0.657  -9.191 1.0000000000
104311  27.443  0.370  -13.527 0.3750000000
104321  27.411  -0.440  -13.912 0.3750000000
105375  20.455  2.041  -9.120 1.0000000000
105391  26.581  1.131  -8.670 1.0000000000
105427  27.401  0.526  -13.078 0.6250000000
106454  28.097  2.096  -11.061 0.8750000000
107465  26.191  3.302  -8.317 1.0000000000
107480  26.976  3.113  -8.500 1.0000000000
107484  20.325  3.484  -9.164 1.0000000000
107531  29.069  3.725  -14.806 0.1250000000
108503  20.071  4.298  -9.104 0.7500000000
108535  28.504  3.832  -12.805 0.6250000000
108552  29.065  4.058  -14.781 0.1250000000
108561  29.046  4.128  -15.006 0.1250000000
110450  28.179  5.628  -12.964 0.3750000000
111461  19.297  7.358  -8.667 0.3750000000
111529  27.034  7.621  -14.052 0.2500000000
112597  26.864  8.461  -7.813 1.0000000000
112650  27.011  8.965  -13.036 0.3750000000
112662  27.153  8.040  -13.494 0.2500000000
113689  18.723  9.081  -7.670 0.1250000000
113703  26.556  9.537  -7.668 1.0000000000
113724  21.027  8.674  -9.272 1.0000000000
114802  27.118  10.292  -11.807 0.5000000000
114813  26.338  10.535  -13.070 0.1250000000
114833  24.422  10.874  -14.653 0.1250000000
114846  23.310  10.973  -15.912 0.1250000000
115783  18.543  11.150  -1.804 0.1250000000
115856  26.573  11.295  -7.763 0.8750000000
115857  25.956  11.290  -7.517 0.8750000000
115936  23.571  11.779  -15.218 0.1250000000
115950  23.244  11.796  -15.736 0.1250000000
116866  26.250  12.576  -7.679 0.8750000000
116923  26.423  12.382  -11.897 0.2500000000
116936  25.677  12.673  -13.160 0.1250000000
117841  26.897  13.357  -8.428 0.7500000000
117868  26.850  13.096  -10.766 0.3750000000
117921  22.791  14.179  -15.363 0.1250000000
117939  22.997  13.150  -15.609 0.1250000000
118840  18.782  14.717  -5.091 0.3750000000
118850  25.069  14.004  -7.540 0.8750000000
118855  19.381  14.511  -6.655 0.2500000000
118865  26.826  14.225  -8.425 0.7500000000
118867  22.942  13.950  -8.313 1.0000000000
119832  18.602  15.027  -4.249 0.1250000000
119863  24.829  14.867  -7.625 0.7500000000
119865  23.242  15.195  -7.954 0.8750000000
119871  26.550  15.034  -8.205 0.7500000000
119891  27.201  15.084  -9.074 0.6250000000
119901  27.096  15.605  -10.731 0.3750000000
119935  23.066  15.593  -15.570 0.1250000000
120916  20.294  16.953  -5.048 0.1250000000
120937  20.117  16.866  -7.064 0.2500000000
120941  25.215  16.326  -8.035 0.7500000000
120959  27.041  15.931  -9.077 0.6250000000
120961  21.908  17.336  -9.581 0.6250000000
120982  27.257  15.857  -9.586 0.6250000000
121915  26.351  16.594  -8.575 0.7500000000
121924  26.825  16.687  -9.155 0.3750000000
121946  27.195  16.439  -9.676 0.6250000000
121968  23.243  17.220  -15.711 0.1250000000
121971  22.775  17.590  -16.173 0.1250000000
122774  22.893  18.120  -9.086 0.6250000000
122782  25.901  18.367  -9.000 0.3750000000
122802  26.699  18.199  -10.111 0.3750000000
123615  24.772  19.529  -9.100 0.3750000000
123630  26.288  19.022  -9.992 0.3750000000
123631  25.748  19.623  -9.994 0.3750000000
123664  26.161  19.321  -11.124 0.3750000000
124420  23.634  19.646  -9.138 0.3750000000
124454  25.198  20.315  -10.018 0.3750000000
124457  20.894  21.345  -10.718 0.2500000000
125319  24.879  20.949  -10.295 0.2500000000
125339  25.160  21.555  -11.794 0.2500000000
125340  24.982  21.966  -12.160 0.1250000000
126152  24.794  22.134  -11.685 0.2500000000
