#!ascii label  , from subject 4106 vox2ras=TkReg
1096
44314  -17.656  -51.612  57.281 0.0000000000
73553  -42.988  -26.550  58.018 0.0000000000
78445  -49.656  -22.886  49.455 0.0000000000
69230  -55.981  -30.167  40.732 0.0000000000
67753  -39.682  -31.555  59.591 0.0000000000
76053  -53.899  -25.294  45.397 0.0000000000
83301  -54.761  -18.943  39.922 0.0000000000
88042  -57.648  -14.448  38.890 0.0000000000
72429  -45.991  -27.668  56.829 0.0000000000
75943  -49.621  -24.523  53.784 0.0000000000
79608  -44.682  -22.669  54.310 0.0000000000
44262  -19.789  -50.656  61.143 0.0000000000
43171  -24.810  -51.892  59.766 0.0000000000
49010  -26.299  -47.031  61.739 0.0000000000
56080  -28.784  -41.357  63.797 0.0000000000
59696  -33.659  -37.985  62.989 0.0000000000
62940  -38.754  -34.994  61.469 0.0000000000
66524  -42.973  -32.048  59.743 0.0000000000
70236  -52.532  -28.445  49.105 0.0000000000
90501  -58.317  -12.567  37.337 0.0000000000
74668  -44.558  -26.382  58.534 0.0000000000
78327  -46.246  -23.382  56.889 0.0000000000
77115  -44.483  -24.147  55.815 0.0000000000
46694  -20.534  -49.966  60.536 0.0000000000
42003  -21.804  -52.245  59.510 0.0000000000
62947  -33.802  -35.992  61.287 0.0000000000
61886  -35.948  -36.573  61.998 0.0000000000
65257  -36.272  -34.284  61.392 0.0000000000
71289  -41.584  -29.479  58.987 0.0000000000
68970  -41.180  -30.687  61.371 0.0000000000
71267  -43.561  -28.593  60.227 0.0000000000
70131  -44.962  -29.287  58.458 0.0000000000
79670  -50.287  -22.561  51.884 0.0000000000
74738  -51.179  -25.276  51.216 0.0000000000
78448  -52.374  -23.417  49.643 0.0000000000
71455  -55.448  -28.411  43.257 0.0000000000
70286  -55.261  -29.693  45.159 0.0000000000
68028  -56.373  -31.509  43.121 0.0000000000
66818  -57.355  -31.524  39.613 0.0000000000
80939  -57.483  -20.665  39.097 0.0000000000
78526  -57.051  -22.602  40.649 0.0000000000
65304  -36.951  -33.970  58.877 0.0000000000
71488  -52.587  -28.724  41.405 0.0000000000
85664  -55.568  -16.857  39.906 0.0000000000
83337  -57.292  -18.576  38.113 0.0000000000
88090  -57.178  -14.073  35.553 0.0000000000
70182  -47.776  -30.164  54.614 0.0000000000
74707  -47.811  -25.499  54.940 0.0000000000
79612  -48.084  -22.609  54.417 0.0000000000
44294  -18.613  -51.752  59.748 0.0000000000
44306  -25.610  -51.098  58.290 0.0000000000
46697  -25.930  -49.528  60.425 0.0000000000
46700  -27.733  -48.995  60.185 0.0000000000
51413  -27.986  -45.893  61.739 0.0000000000
53783  -29.207  -43.605  62.994 0.0000000000
54866  -30.988  -41.815  63.046 0.0000000000
59680  -30.971  -39.056  63.734 0.0000000000
58570  -35.015  -38.664  60.647 0.0000000000
67718  -39.092  -32.269  61.869 0.0000000000
64040  -41.095  -33.566  60.438 0.0000000000
62975  -42.521  -35.143  58.089 0.0000000000
65333  -44.589  -33.501  56.863 0.0000000000
67809  -46.911  -31.190  56.138 0.0000000000
73620  -53.686  -26.679  47.039 0.0000000000
74877  -56.131  -24.642  39.619 0.0000000000
71501  -57.352  -28.455  39.780 0.0000000000
45496  -17.463  -50.451  59.396 0.0000000000
74666  -43.757  -25.771  59.113 0.0000000000
75881  -44.154  -24.228  58.394 0.0000000000
75896  -43.584  -24.931  57.819 0.0000000000
64059  -34.503  -35.715  60.180 0.0000000000
64036  -35.431  -34.840  61.531 0.0000000000
64061  -35.466  -34.735  59.892 0.0000000000
72411  -42.112  -28.123  58.844 0.0000000000
71266  -42.190  -28.208  60.217 0.0000000000
73532  -42.979  -27.196  60.126 0.0000000000
73534  -44.059  -27.107  59.604 0.0000000000
78437  -51.750  -22.997  50.587 0.0000000000
78446  -50.796  -22.728  49.583 0.0000000000
70323  -55.052  -29.336  42.205 0.0000000000
70311  -55.909  -29.544  43.431 0.0000000000
69220  -56.173  -30.788  41.889 0.0000000000
66808  -56.934  -32.161  41.142 0.0000000000
69231  -56.690  -30.756  40.861 0.0000000000
80962  -57.234  -20.705  38.159 0.0000000000
78579  -56.258  -22.465  38.588 0.0000000000
78624  -55.823  -22.773  37.411 0.0000000000
86797  -55.454  -15.031  38.536 0.0000000000
86791  -56.180  -15.600  39.492 0.0000000000
84501  -56.900  -17.705  39.571 0.0000000000
85678  -57.457  -16.784  38.724 0.0000000000
84542  -57.437  -17.582  37.581 0.0000000000
86799  -58.094  -15.217  38.197 0.0000000000
89290  -58.310  -13.385  36.674 0.0000000000
71312  -47.451  -28.391  55.907 0.0000000000
72439  -47.581  -27.477  55.543 0.0000000000
74689  -46.912  -26.296  55.839 0.0000000000
79572  -45.553  -22.657  55.649 0.0000000000
79574  -46.677  -22.448  56.088 0.0000000000
79610  -46.397  -22.542  54.606 0.0000000000
79651  -47.723  -22.196  52.802 0.0000000000
79649  -46.047  -22.685  53.213 0.0000000000
43191  -19.634  -52.717  58.812 0.0000000000
43179  -20.130  -52.521  60.056 0.0000000000
43169  -23.189  -52.159  59.691 0.0000000000
49008  -25.516  -47.095  61.582 0.0000000000
47892  -26.048  -48.342  61.379 0.0000000000
46699  -27.140  -49.372  60.414 0.0000000000
47894  -27.119  -47.807  61.079 0.0000000000
49034  -27.558  -47.322  60.571 0.0000000000
50163  -27.306  -46.183  61.844 0.0000000000
53762  -29.056  -42.629  63.589 0.0000000000
54865  -30.235  -42.095  63.309 0.0000000000
56068  -30.296  -41.324  63.567 0.0000000000
61874  -31.970  -36.988  63.095 0.0000000000
60812  -31.041  -37.659  62.772 0.0000000000
60790  -32.469  -38.057  63.786 0.0000000000
58556  -31.800  -39.337  62.908 0.0000000000
59705  -32.998  -38.567  62.666 0.0000000000
58568  -33.319  -39.161  61.573 0.0000000000
59707  -34.609  -37.759  61.922 0.0000000000
61888  -37.575  -35.897  61.375 0.0000000000
60823  -36.612  -37.248  60.916 0.0000000000
60825  -38.408  -36.734  60.411 0.0000000000
60827  -39.341  -36.176  59.979 0.0000000000
66510  -38.210  -32.609  60.586 0.0000000000
67742  -38.800  -32.058  60.534 0.0000000000
67744  -42.572  -31.528  60.775 0.0000000000
66502  -41.605  -32.359  61.203 0.0000000000
65291  -42.150  -32.778  59.763 0.0000000000
62958  -41.764  -34.240  59.353 0.0000000000
64063  -42.764  -33.589  58.674 0.0000000000
65308  -43.922  -32.666  58.024 0.0000000000
71292  -45.416  -28.447  57.882 0.0000000000
67787  -45.781  -30.905  57.007 0.0000000000
70164  -46.702  -29.338  56.558 0.0000000000
67810  -47.432  -30.931  55.549 0.0000000000
47880  -20.078  -48.973  61.871 0.0000000000
45460  -19.407  -49.975  61.433 0.0000000000
45459  -18.681  -49.787  61.408 0.0000000000
73577  -48.724  -25.443  53.733 0.0000000000
74726  -48.918  -25.593  52.075 0.0000000000
72489  -51.896  -26.881  49.694 0.0000000000
77273  -52.595  -24.037  45.913 0.0000000000
77251  -52.748  -24.660  47.341 0.0000000000
76020  -54.084  -25.758  46.247 0.0000000000
66755  -55.343  -32.547  45.214 0.0000000000
69166  -54.510  -30.649  46.310 0.0000000000
76162  -57.151  -24.637  39.748 0.0000000000
76142  -56.590  -24.018  40.201 0.0000000000
74899  -56.914  -25.508  39.911 0.0000000000
73726  -56.634  -26.629  39.892 0.0000000000
72628  -57.815  -27.687  38.949 0.0000000000
70357  -58.263  -29.296  38.292 0.0000000000
90487  -56.769  -12.584  38.421 0.0000000000
89257  -57.846  -13.389  38.741 0.0000000000
91696  -56.982  -11.498  38.216 0.0000000000
92968  -57.537  -10.557  37.532 0.0000000000
73549  -45.491  -26.860  57.621 0.0000000000
74680  -46.083  -25.882  56.798 0.0000000000
75883  -45.187  -25.438  57.229 0.0000000000
78325  -44.849  -23.936  56.703 0.0000000000
78353  -44.410  -23.454  55.196 0.0000000000
45462  -20.488  -50.098  61.208 0.0000000000
44280  -20.796  -51.643  60.169 0.0000000000
45485  -23.756  -51.464  59.384 0.0000000000
62925  -33.984  -36.399  62.582 0.0000000000
60804  -34.872  -37.132  62.134 0.0000000000
62936  -35.324  -35.714  62.384 0.0000000000
64024  -36.628  -34.981  61.764 0.0000000000
64025  -37.515  -34.701  61.743 0.0000000000
69003  -40.669  -30.737  59.029 0.0000000000
68985  -39.931  -30.778  60.295 0.0000000000
70113  -40.971  -29.602  60.222 0.0000000000
70101  -42.500  -29.390  60.983 0.0000000000
68987  -43.496  -30.186  60.376 0.0000000000
67755  -44.093  -30.992  59.404 0.0000000000
70116  -44.206  -29.365  59.542 0.0000000000
72413  -44.970  -27.658  58.601 0.0000000000
49019  -20.032  -48.641  61.180 0.0000000000
78392  -50.012  -22.903  53.400 0.0000000000
74728  -50.393  -24.842  52.208 0.0000000000
77177  -50.886  -23.918  51.667 0.0000000000
75980  -51.980  -24.673  50.687 0.0000000000
74756  -52.455  -25.556  49.536 0.0000000000
73658  -54.577  -26.585  44.580 0.0000000000
73642  -55.122  -26.700  45.231 0.0000000000
71437  -55.520  -28.722  44.060 0.0000000000
68012  -55.929  -31.009  44.457 0.0000000000
82064  -56.255  -19.544  40.786 0.0000000000
80897  -55.848  -20.734  40.723 0.0000000000
79760  -57.219  -21.692  40.394 0.0000000000
77345  -57.042  -23.814  39.271 0.0000000000
72427  -42.570  -28.319  57.088 0.0000000000
71299  -42.071  -28.901  57.462 0.0000000000
78458  -50.500  -22.838  48.421 0.0000000000
76104  -52.784  -25.474  44.136 0.0000000000
73690  -53.173  -26.954  43.246 0.0000000000
71470  -53.870  -28.497  42.448 0.0000000000
70340  -54.463  -29.282  41.731 0.0000000000
84517  -55.308  -17.676  39.925 0.0000000000
83304  -56.721  -18.752  39.845 0.0000000000
82100  -57.271  -19.615  38.619 0.0000000000
82116  -56.941  -19.628  37.806 0.0000000000
88062  -58.405  -14.326  37.076 0.0000000000
86829  -57.244  -15.277  35.713 0.0000000000
70189  -47.820  -29.200  54.378 0.0000000000
72445  -48.066  -27.054  54.933 0.0000000000
75926  -48.520  -24.637  54.902 0.0000000000
77116  -47.387  -24.056  56.416 0.0000000000
78354  -48.022  -23.474  55.478 0.0000000000
78373  -49.185  -23.158  54.514 0.0000000000
79634  -49.158  -22.374  53.648 0.0000000000
79667  -48.563  -22.302  52.231 0.0000000000
74705  -44.035  -25.411  55.148 0.0000000000
77130  -43.912  -24.139  54.706 0.0000000000
77176  -44.591  -23.345  52.392 0.0000000000
44293  -18.037  -51.216  59.330 0.0000000000
43190  -18.966  -52.430  58.213 0.0000000000
45526  -26.460  -50.260  57.442 0.0000000000
45500  -24.394  -50.707  59.191 0.0000000000
45486  -24.772  -50.823  59.502 0.0000000000
45487  -25.368  -50.511  59.761 0.0000000000
45514  -26.912  -50.116  58.811 0.0000000000
51433  -28.935  -45.279  60.908 0.0000000000
52661  -29.284  -44.457  61.638 0.0000000000
58554  -28.945  -40.139  63.002 0.0000000000
59693  -30.219  -38.594  63.264 0.0000000000
58528  -30.340  -40.116  63.409 0.0000000000
57296  -31.033  -40.408  63.599 0.0000000000
56084  -31.760  -41.224  62.425 0.0000000000
59719  -35.753  -37.808  61.191 0.0000000000
65289  -36.765  -33.792  59.822 0.0000000000
66499  -37.440  -33.396  61.323 0.0000000000
65241  -38.678  -33.670  61.757 0.0000000000
67719  -39.888  -31.911  61.778 0.0000000000
65259  -40.484  -33.250  61.545 0.0000000000
64038  -39.779  -34.267  61.191 0.0000000000
61910  -40.241  -35.407  59.533 0.0000000000
61932  -41.327  -36.072  58.231 0.0000000000
64102  -45.452  -34.242  56.035 0.0000000000
66538  -44.761  -31.532  58.067 0.0000000000
66571  -45.466  -32.447  56.810 0.0000000000
65349  -46.421  -33.337  55.209 0.0000000000
66594  -47.264  -32.349  54.422 0.0000000000
45482  -18.137  -50.687  60.525 0.0000000000
78460  -52.082  -23.378  48.715 0.0000000000
76004  -52.926  -25.022  48.375 0.0000000000
72504  -53.286  -27.291  47.958 0.0000000000
72528  -54.305  -27.992  46.028 0.0000000000
70262  -53.892  -29.522  47.359 0.0000000000
69138  -53.262  -30.237  48.180 0.0000000000
71497  -53.599  -28.647  40.417 0.0000000000
70349  -55.618  -29.436  40.480 0.0000000000
78524  -55.930  -22.473  40.570 0.0000000000
77334  -55.808  -23.259  39.594 0.0000000000
73724  -55.094  -26.449  39.865 0.0000000000
71499  -56.011  -28.509  39.984 0.0000000000
69240  -56.669  -29.955  40.375 0.0000000000
69241  -57.518  -30.371  39.900 0.0000000000
44313  -17.268  -50.917  57.606 0.0000000000
74677  -43.383  -25.748  58.607 0.0000000000
75879  -43.532  -25.231  58.156 0.0000000000
74687  -43.495  -25.610  57.641 0.0000000000
62964  -34.028  -36.111  59.568 0.0000000000
64060  -34.786  -35.095  60.040 0.0000000000
64073  -34.879  -35.038  59.103 0.0000000000
72420  -42.743  -27.504  58.436 0.0000000000
72412  -42.650  -27.601  59.222 0.0000000000
73548  -42.863  -26.738  58.911 0.0000000000
74653  -43.420  -26.607  59.697 0.0000000000
70341  -55.261  -29.842  41.407 0.0000000000
70324  -55.704  -29.685  42.526 0.0000000000
70342  -55.889  -30.397  41.453 0.0000000000
68050  -56.671  -31.312  41.437 0.0000000000
79843  -55.895  -21.688  37.195 0.0000000000
79826  -56.179  -21.641  38.092 0.0000000000
88041  -56.733  -14.359  39.158 0.0000000000
86792  -57.018  -15.487  39.424 0.0000000000
86798  -57.618  -15.721  38.657 0.0000000000
88052  -57.962  -14.942  38.515 0.0000000000
71302  -47.015  -28.154  56.235 0.0000000000
72431  -47.150  -27.571  55.943 0.0000000000
72430  -46.607  -27.597  56.360 0.0000000000
79588  -45.133  -22.622  55.045 0.0000000000
79589  -45.805  -22.449  55.285 0.0000000000
79609  -45.579  -22.622  54.548 0.0000000000
79631  -46.251  -22.608  53.859 0.0000000000
79630  -45.371  -22.677  53.716 0.0000000000
44268  -19.599  -51.229  60.916 0.0000000000
43160  -19.963  -51.535  60.743 0.0000000000
43170  -24.195  -52.199  59.773 0.0000000000
42006  -23.920  -52.523  59.439 0.0000000000
49009  -25.797  -47.219  61.717 0.0000000000
47881  -25.845  -47.884  61.549 0.0000000000
47882  -26.176  -47.759  61.616 0.0000000000
47893  -26.729  -48.130  61.210 0.0000000000
47883  -26.504  -47.531  61.535 0.0000000000
49011  -26.870  -47.043  61.489 0.0000000000
50162  -26.685  -46.185  62.096 0.0000000000
56079  -28.177  -41.694  63.992 0.0000000000
54850  -28.245  -42.454  63.780 0.0000000000
56066  -28.946  -41.745  63.598 0.0000000000
54852  -29.475  -42.185  63.484 0.0000000000
57293  -29.199  -41.237  63.712 0.0000000000
60802  -33.249  -37.631  63.404 0.0000000000
60801  -32.343  -37.517  63.513 0.0000000000
59695  -32.854  -38.330  63.362 0.0000000000
59706  -33.849  -38.140  62.368 0.0000000000
59697  -34.253  -37.650  62.493 0.0000000000
61889  -38.357  -35.682  61.246 0.0000000000
61898  -38.004  -36.326  60.969 0.0000000000
61899  -38.673  -36.066  60.719 0.0000000000
60826  -38.990  -36.515  60.106 0.0000000000
61890  -38.891  -35.461  61.037 0.0000000000
66522  -38.471  -32.596  59.799 0.0000000000
67752  -39.009  -32.016  59.690 0.0000000000
66512  -42.687  -31.841  60.345 0.0000000000
66511  -42.211  -32.196  60.604 0.0000000000
66523  -42.493  -32.212  60.104 0.0000000000
65292  -42.726  -32.877  59.066 0.0000000000
65307  -43.352  -32.953  58.474 0.0000000000
66536  -43.320  -32.266  59.001 0.0000000000
71300  -45.848  -28.486  57.226 0.0000000000
70163  -46.189  -29.272  57.123 0.0000000000
71301  -46.509  -28.466  56.632 0.0000000000
71311  -47.005  -28.716  56.262 0.0000000000
45461  -20.125  -50.215  61.294 0.0000000000
46672  -19.674  -49.396  61.774 0.0000000000
45471  -19.173  -50.580  61.150 0.0000000000
74712  -49.042  -25.128  54.054 0.0000000000
74718  -48.797  -25.416  52.956 0.0000000000
74719  -49.613  -24.888  53.170 0.0000000000
71378  -52.178  -27.769  49.371 0.0000000000
71366  -51.694  -27.180  49.567 0.0000000000
70235  -52.125  -28.516  49.035 0.0000000000
70248  -52.058  -29.142  48.449 0.0000000000
77274  -53.398  -24.648  45.597 0.0000000000
76036  -53.859  -25.106  45.892 0.0000000000
76037  -54.365  -25.715  45.871 0.0000000000
82062  -54.172  -19.838  40.102 0.0000000000
74913  -56.892  -25.897  38.966 0.0000000000
74912  -56.798  -25.410  39.476 0.0000000000
73727  -57.170  -26.705  39.512 0.0000000000
74669  -45.068  -26.296  57.755 0.0000000000
75868  -44.758  -25.730  57.949 0.0000000000
77087  -43.967  -23.911  57.819 0.0000000000
77088  -44.554  -24.169  57.550 0.0000000000
78324  -44.715  -23.914  56.537 0.0000000000
78338  -44.839  -23.987  55.857 0.0000000000
46682  -20.524  -49.734  60.957 0.0000000000
62933  -33.184  -36.402  61.643 0.0000000000
61885  -33.333  -36.523  62.338 0.0000000000
62934  -33.837  -36.013  62.023 0.0000000000
62926  -34.727  -36.267  62.637 0.0000000000
62935  -34.635  -35.741  62.209 0.0000000000
64037  -35.998  -34.720  61.711 0.0000000000
64023  -35.866  -35.045  62.098 0.0000000000
65238  -36.363  -34.672  61.764 0.0000000000
65239  -36.973  -34.248  61.943 0.0000000000
70129  -40.970  -30.062  59.211 0.0000000000
70112  -40.505  -30.315  59.870 0.0000000000
71277  -41.359  -29.357  59.737 0.0000000000
71255  -42.944  -28.603  60.610 0.0000000000
71254  -42.150  -28.646  60.784 0.0000000000
68972  -42.868  -30.223  60.810 0.0000000000
70102  -43.222  -29.375  60.600 0.0000000000
70115  -43.815  -29.363  60.121 0.0000000000
74655  -44.161  -26.565  59.161 0.0000000000
72407  -44.682  -27.703  59.035 0.0000000000
73543  -44.728  -27.215  58.682 0.0000000000
73544  -45.003  -27.018  58.223 0.0000000000
47900  -20.265  -49.434  60.535 0.0000000000
47889  -20.191  -49.194  61.285 0.0000000000
78408  -50.319  -22.779  52.418 0.0000000000
78393  -50.466  -23.221  52.724 0.0000000000
78409  -50.644  -23.380  51.937 0.0000000000
78438  -52.057  -23.687  50.608 0.0000000000
77218  -52.443  -23.968  50.118 0.0000000000
75991  -52.377  -24.676  50.042 0.0000000000
75992  -52.634  -24.871  49.161 0.0000000000
72572  -54.865  -27.611  43.893 0.0000000000
72557  -55.055  -27.651  44.390 0.0000000000
72573  -55.372  -28.213  43.729 0.0000000000
69211  -56.270  -30.554  43.029 0.0000000000
69210  -55.961  -30.123  43.512 0.0000000000
69194  -56.275  -31.036  43.556 0.0000000000
68013  -56.255  -31.549  44.090 0.0000000000
65586  -56.200  -32.370  42.084 0.0000000000
82065  -56.691  -19.857  40.448 0.0000000000
80899  -57.031  -20.837  40.805 0.0000000000
80919  -57.282  -20.710  40.027 0.0000000000
77346  -56.397  -24.529  38.735 0.0000000000
74839  -53.008  -25.986  43.894 0.0000000000
71468  -51.939  -28.339  42.155 0.0000000000
71469  -52.931  -28.430  42.320 0.0000000000
71490  -54.136  -29.008  42.119 0.0000000000
71489  -53.670  -28.989  41.656 0.0000000000
86790  -55.349  -15.811  39.122 0.0000000000
85663  -54.947  -16.740  39.142 0.0000000000
85648  -55.809  -17.264  40.187 0.0000000000
84499  -55.763  -17.842  40.225 0.0000000000
85649  -56.118  -17.190  40.192 0.0000000000
84518  -57.277  -17.426  39.067 0.0000000000
83321  -57.185  -18.466  39.034 0.0000000000
82127  -56.351  -19.611  37.082 0.0000000000
83351  -56.989  -18.545  37.332 0.0000000000
85694  -57.548  -16.555  37.045 0.0000000000
89265  -58.265  -13.362  38.150 0.0000000000
88053  -58.283  -14.390  38.113 0.0000000000
89273  -58.468  -13.604  37.501 0.0000000000
88091  -57.670  -14.018  35.881 0.0000000000
88076  -58.057  -14.119  36.252 0.0000000000
69091  -47.449  -30.635  53.863 0.0000000000
70200  -47.650  -29.832  54.174 0.0000000000
70190  -47.731  -30.003  54.429 0.0000000000
73565  -47.571  -26.550  55.235 0.0000000000
72444  -47.867  -27.212  55.091 0.0000000000
73566  -47.824  -26.315  54.712 0.0000000000
74708  -48.409  -25.290  54.516 0.0000000000
77091  -46.271  -24.637  56.675 0.0000000000
75898  -46.422  -25.032  56.603 0.0000000000
77106  -46.785  -24.126  56.908 0.0000000000
79591  -47.240  -22.703  55.256 0.0000000000
79576  -47.730  -23.157  55.677 0.0000000000
79592  -47.977  -23.068  55.026 0.0000000000
78355  -48.556  -23.392  54.949 0.0000000000
79613  -48.831  -22.741  54.466 0.0000000000
78391  -49.470  -22.780  54.084 0.0000000000
78407  -47.069  -22.443  52.289 0.0000000000
43176  -18.362  -51.885  58.531 0.0000000000
43177  -18.854  -52.133  59.202 0.0000000000
42033  -20.282  -53.083  58.643 0.0000000000
43167  -21.218  -52.159  59.796 0.0000000000
44315  -25.326  -51.376  57.593 0.0000000000
44316  -25.970  -50.745  57.392 0.0000000000
44307  -26.394  -50.539  58.181 0.0000000000
46711  -24.463  -50.033  58.881 0.0000000000
45502  -25.725  -50.624  59.484 0.0000000000
45488  -26.179  -50.119  60.057 0.0000000000
46713  -27.367  -49.549  59.573 0.0000000000
46726  -27.289  -49.169  58.737 0.0000000000
46714  -27.626  -48.854  59.572 0.0000000000
47920  -27.460  -48.455  58.862 0.0000000000
50176  -27.859  -46.335  61.183 0.0000000000
50177  -28.364  -45.902  60.930 0.0000000000
51414  -28.461  -45.395  61.735 0.0000000000
53769  -28.710  -43.535  63.288 0.0000000000
52639  -28.222  -44.284  62.904 0.0000000000
52640  -28.691  -44.047  62.884 0.0000000000
52649  -28.741  -44.458  62.467 0.0000000000
53801  -29.430  -43.862  62.348 0.0000000000
53802  -30.169  -43.171  62.560 0.0000000000
54883  -31.128  -42.353  62.655 0.0000000000
54884  -31.594  -42.289  62.511 0.0000000000
54867  -31.356  -41.682  62.814 0.0000000000
60788  -30.844  -38.439  63.511 0.0000000000
60799  -30.623  -37.941  63.060 0.0000000000
59678  -29.835  -39.606  63.249 0.0000000000
59669  -30.590  -39.550  63.650 0.0000000000
57295  -30.606  -40.616  63.556 0.0000000000
58530  -31.219  -39.934  63.587 0.0000000000
57320  -31.973  -39.949  62.752 0.0000000000
57306  -31.602  -40.090  63.161 0.0000000000
57321  -32.142  -40.576  62.317 0.0000000000
58569  -34.026  -38.958  60.862 0.0000000000
58577  -34.669  -39.305  60.001 0.0000000000
60805  -35.445  -36.835  61.985 0.0000000000
60813  -35.076  -37.394  61.788 0.0000000000
60814  -35.673  -37.174  61.668 0.0000000000
65303  -36.412  -34.270  59.257 0.0000000000
65290  -37.309  -33.559  59.518 0.0000000000
66500  -38.091  -32.853  61.278 0.0000000000
66509  -37.571  -33.024  60.647 0.0000000000
66490  -38.150  -33.306  61.745 0.0000000000
66491  -38.888  -32.977  61.961 0.0000000000
68969  -40.295  -30.631  61.129 0.0000000000
67732  -39.925  -31.284  61.410 0.0000000000
68954  -40.454  -31.248  61.579 0.0000000000
65260  -41.074  -33.132  61.075 0.0000000000
66501  -40.960  -32.508  61.638 0.0000000000
64028  -40.062  -33.842  61.553 0.0000000000
64039  -40.436  -33.929  60.841 0.0000000000
62950  -40.379  -34.672  60.075 0.0000000000
64050  -40.850  -34.064  60.037 0.0000000000
62966  -41.955  -34.559  58.859 0.0000000000
62965  -41.549  -35.328  58.567 0.0000000000
62974  -41.792  -35.621  58.147 0.0000000000
64090  -43.932  -34.074  56.986 0.0000000000
69005  -44.728  -30.063  58.729 0.0000000000
67770  -44.781  -30.872  58.545 0.0000000000
67808  -46.214  -31.374  56.561 0.0000000000
66551  -45.777  -31.817  56.844 0.0000000000
66572  -46.174  -32.299  56.320 0.0000000000
65335  -45.979  -33.343  55.855 0.0000000000
66592  -46.459  -32.661  55.647 0.0000000000
65350  -46.703  -33.242  54.510 0.0000000000
66593  -46.925  -32.341  55.121 0.0000000000
69069  -47.734  -30.304  55.244 0.0000000000
67828  -47.622  -31.077  54.388 0.0000000000
69080  -47.613  -30.620  54.346 0.0000000000
45470  -18.522  -50.494  60.974 0.0000000000
44277  -18.083  -50.993  60.132 0.0000000000
74729  -50.824  -24.683  51.714 0.0000000000
74737  -50.365  -25.591  51.604 0.0000000000
73591  -50.819  -26.063  51.076 0.0000000000
78472  -51.256  -23.158  47.619 0.0000000000
78459  -51.479  -22.932  48.619 0.0000000000
74765  -53.497  -25.845  47.201 0.0000000000
76005  -53.121  -25.179  47.569 0.0000000000
74764  -53.345  -25.694  48.001 0.0000000000
73610  -53.257  -26.501  48.267 0.0000000000
73619  -53.420  -26.840  47.640 0.0000000000
71411  -54.815  -28.574  45.408 0.0000000000
72517  -54.672  -27.052  45.847 0.0000000000
70275  -54.107  -29.619  46.602 0.0000000000
67954  -54.196  -30.847  47.679 0.0000000000
70250  -53.604  -29.410  48.014 0.0000000000
67953  -53.576  -31.113  47.668 0.0000000000
71498  -54.992  -28.571  40.197 0.0000000000
79743  -56.171  -21.683  41.104 0.0000000000
79742  -55.842  -21.614  40.726 0.0000000000
78525  -56.498  -22.572  41.009 0.0000000000
74878  -56.308  -24.652  39.971 0.0000000000
77323  -56.210  -23.158  40.185 0.0000000000
76161  -55.819  -24.218  39.306 0.0000000000
76160  -55.066  -24.325  39.529 0.0000000000
74897  -55.703  -25.091  39.781 0.0000000000
74896  -54.756  -25.530  39.698 0.0000000000
72613  -57.104  -27.509  40.036 0.0000000000
72612  -56.454  -27.529  39.903 0.0000000000
71500  -56.800  -28.393  40.208 0.0000000000
70350  -56.422  -29.236  40.275 0.0000000000
70351  -57.142  -29.286  40.105 0.0000000000
70354  -57.663  -29.299  39.569 0.0000000000
74667  -44.203  -25.832  59.021 0.0000000000
75867  -44.531  -25.295  58.445 0.0000000000
75866  -44.128  -24.886  58.918 0.0000000000
75880  -43.751  -24.779  58.407 0.0000000000
75909  -43.651  -24.912  57.218 0.0000000000
64047  -34.433  -35.722  60.552 0.0000000000
64035  -34.771  -35.284  61.813 0.0000000000
64048  -34.628  -35.393  60.903 0.0000000000
64049  -35.290  -34.781  60.688 0.0000000000
65273  -35.865  -34.385  60.596 0.0000000000
71290  -41.875  -28.965  58.355 0.0000000000
71278  -41.732  -28.810  59.339 0.0000000000
72403  -42.030  -28.131  59.667 0.0000000000
72404  -42.663  -27.737  59.815 0.0000000000
73523  -43.155  -27.542  60.186 0.0000000000
72405  -43.891  -27.811  59.977 0.0000000000
73533  -43.573  -27.174  60.055 0.0000000000
74654  -43.893  -26.470  59.521 0.0000000000
79678  -50.121  -22.473  51.567 0.0000000000
78423  -50.797  -22.976  51.359 0.0000000000
78436  -51.010  -22.731  50.548 0.0000000000
78447  -51.801  -22.693  49.622 0.0000000000
71472  -55.400  -28.828  42.711 0.0000000000
71456  -55.770  -28.814  43.279 0.0000000000
68041  -56.447  -31.470  42.171 0.0000000000
66796  -56.531  -32.066  41.792 0.0000000000
68051  -57.208  -31.519  40.896 0.0000000000
68058  -57.413  -31.302  40.095 0.0000000000
79805  -57.172  -21.695  38.642 0.0000000000
78602  -55.922  -22.807  38.005 0.0000000000
85665  -56.461  -16.440  39.865 0.0000000000
85650  -56.654  -17.153  39.929 0.0000000000
85666  -57.115  -16.650  39.410 0.0000000000
84532  -57.435  -17.569  38.416 0.0000000000
85686  -57.713  -16.583  37.985 0.0000000000
86806  -57.993  -15.765  37.993 0.0000000000
85687  -57.883  -15.978  37.491 0.0000000000
90514  -58.168  -12.366  36.267 0.0000000000
89307  -57.602  -13.275  35.768 0.0000000000
89319  -56.788  -13.291  34.860 0.0000000000
70173  -47.599  -29.327  55.520 0.0000000000
71321  -47.728  -28.224  55.245 0.0000000000
73561  -47.187  -26.788  55.637 0.0000000000
74699  -47.283  -25.700  55.653 0.0000000000
79557  -46.155  -22.673  56.569 0.0000000000
79558  -46.757  -22.727  56.760 0.0000000000
79590  -46.502  -22.478  55.347 0.0000000000
79611  -47.190  -22.509  54.500 0.0000000000
79633  -48.010  -22.248  53.696 0.0000000000
79632  -47.017  -22.089  53.793 0.0000000000
79650  -46.713  -22.313  53.060 0.0000000000
78406  -46.302  -22.713  52.474 0.0000000000
44278  -18.652  -51.404  60.385 0.0000000000
43164  -18.986  -52.066  59.943 0.0000000000
43165  -19.491  -52.062  60.397 0.0000000000
42010  -20.120  -52.700  59.703 0.0000000000
42011  -20.564  -52.740  59.650 0.0000000000
43194  -25.314  -51.567  58.831 0.0000000000
46698  -26.543  -49.504  60.546 0.0000000000
46687  -26.818  -49.002  60.906 0.0000000000
47904  -27.084  -48.748  60.892 0.0000000000
47905  -27.338  -48.266  60.717 0.0000000000
47915  -27.667  -48.228  60.097 0.0000000000
49023  -27.282  -47.139  61.116 0.0000000000
50164  -27.607  -46.248  61.597 0.0000000000
53770  -29.326  -42.886  63.517 0.0000000000
53784  -29.865  -42.800  63.207 0.0000000000
54864  -29.712  -42.455  63.407 0.0000000000
54853  -29.937  -41.763  63.519 0.0000000000
56081  -30.700  -41.459  63.437 0.0000000000
61882  -30.984  -37.479  62.187 0.0000000000
61873  -31.616  -37.308  62.949 0.0000000000
60789  -31.670  -38.254  63.576 0.0000000000
59681  -31.716  -38.702  63.462 0.0000000000
58544  -31.472  -39.504  63.334 0.0000000000
58562  -32.793  -39.248  62.141 0.0000000000
59717  -33.986  -38.375  61.672 0.0000000000
59718  -34.926  -38.217  61.286 0.0000000000
61887  -36.695  -36.165  61.607 0.0000000000
61896  -36.421  -36.747  61.509 0.0000000000
61897  -37.142  -36.514  61.136 0.0000000000
60824  -37.614  -36.902  60.648 0.0000000000
60838  -39.069  -36.799  59.695 0.0000000000
61909  -39.663  -35.864  59.796 0.0000000000
65305  -37.699  -33.552  58.954 0.0000000000
66521  -37.775  -33.042  59.819 0.0000000000
67730  -38.692  -32.351  61.266 0.0000000000
67734  -42.032  -31.396  61.281 0.0000000000
67733  -41.245  -31.674  61.575 0.0000000000
65275  -41.599  -32.966  60.472 0.0000000000
64051  -41.549  -33.746  59.796 0.0000000000
64062  -42.237  -33.761  59.191 0.0000000000
64076  -42.544  -34.241  58.625 0.0000000000
64077  -43.090  -34.018  58.192 0.0000000000
65321  -43.620  -33.359  57.932 0.0000000000
65322  -44.285  -33.099  57.485 0.0000000000
70146  -45.412  -29.250  58.070 0.0000000000
69044  -45.541  -30.110  57.905 0.0000000000
70147  -45.801  -29.222  57.714 0.0000000000
69046  -46.303  -30.060  56.857 0.0000000000
69059  -46.869  -30.161  56.368 0.0000000000
67826  -47.210  -31.583  55.529 0.0000000000
69060  -47.367  -30.215  55.846 0.0000000000
70172  -47.213  -29.355  56.090 0.0000000000
49006  -19.741  -48.086  62.089 0.0000000000
47879  -19.584  -48.730  62.118 0.0000000000
46662  -19.195  -48.905  62.193 0.0000000000
44267  -19.019  -51.150  60.961 0.0000000000
74746  -51.455  -25.775  50.681 0.0000000000
72476  -50.997  -26.347  50.677 0.0000000000
71365  -51.467  -27.061  49.618 0.0000000000
78494  -52.203  -23.920  46.534 0.0000000000
78484  -52.384  -24.148  46.871 0.0000000000
77264  -52.891  -24.608  46.448 0.0000000000
76019  -53.514  -25.345  46.561 0.0000000000
74775  -53.890  -26.054  46.539 0.0000000000
69167  -55.160  -30.587  45.554 0.0000000000
70276  -54.553  -29.672  45.819 0.0000000000
77335  -57.175  -23.558  40.159 0.0000000000
77325  -56.771  -23.367  40.541 0.0000000000
76143  -57.006  -24.315  40.277 0.0000000000
74879  -56.669  -24.804  40.206 0.0000000000
74898  -56.313  -25.646  40.125 0.0000000000
72627  -57.471  -27.693  39.456 0.0000000000
71506  -57.857  -28.481  39.283 0.0000000000
70355  -58.224  -29.281  39.105 0.0000000000
89255  -56.864  -13.427  39.197 0.0000000000
89256  -57.308  -13.508  39.157 0.0000000000
90480  -57.090  -12.802  39.107 0.0000000000
90488  -57.298  -12.332  38.414 0.0000000000
90489  -57.933  -12.434  38.267 0.0000000000
91697  -57.567  -11.444  38.088 0.0000000000
91698  -58.017  -11.456  37.530 0.0000000000
73554  -45.855  -27.050  57.197 0.0000000000
73555  -46.246  -26.748  56.680 0.0000000000
74679  -45.596  -26.047  57.221 0.0000000000
75884  -45.844  -25.241  56.740 0.0000000000
77090  -46.240  -24.513  56.726 0.0000000000
77076  -44.678  -24.907  58.015 0.0000000000
78312  -45.130  -24.413  56.742 0.0000000000
78326  -45.677  -23.482  56.553 0.0000000000
78339  -45.444  -23.353  55.948 0.0000000000
79571  -45.071  -23.155  55.252 0.0000000000
79587  -44.472  -22.910  54.837 0.0000000000
44263  -20.106  -50.713  61.096 0.0000000000
44269  -20.287  -51.136  60.803 0.0000000000
43168  -22.194  -52.117  59.504 0.0000000000
44282  -23.089  -51.820  59.794 0.0000000000
44283  -23.942  -51.728  59.743 0.0000000000
57303  -28.021  -40.999  64.025 0.0000000000
61884  -32.423  -36.801  62.200 0.0000000000
61875  -33.067  -36.846  63.042 0.0000000000
61876  -34.057  -36.833  63.006 0.0000000000
60803  -34.207  -37.342  62.863 0.0000000000
61877  -34.772  -36.735  62.561 0.0000000000
62927  -35.379  -36.279  62.472 0.0000000000
62928  -35.726  -36.368  62.283 0.0000000000
64022  -35.096  -35.196  62.185 0.0000000000
62937  -36.100  -35.837  62.094 0.0000000000
62938  -37.069  -35.438  61.568 0.0000000000
62939  -37.990  -35.206  61.572 0.0000000000
69002  -40.191  -30.917  59.349 0.0000000000
68986  -40.495  -30.198  60.545 0.0000000000
70099  -40.877  -29.867  60.969 0.0000000000
71265  -41.593  -28.944  60.298 0.0000000000
70100  -41.645  -29.480  60.931 0.0000000000
68971  -42.112  -30.333  61.044 0.0000000000
67745  -43.132  -31.158  60.448 0.0000000000
67754  -43.519  -31.351  59.804 0.0000000000
66525  -43.577  -31.675  59.286 0.0000000000
67746  -43.716  -30.802  60.048 0.0000000000
69004  -44.331  -30.097  59.237 0.0000000000
70130  -44.543  -29.320  58.969 0.0000000000
71268  -44.130  -28.526  59.733 0.0000000000
71269  -44.487  -28.187  59.281 0.0000000000
71280  -44.814  -28.423  58.803 0.0000000000
71281  -45.088  -28.137  58.347 0.0000000000
72421  -45.575  -27.658  57.451 0.0000000000
46673  -20.251  -49.649  61.339 0.0000000000
77149  -49.984  -23.534  53.705 0.0000000000
74720  -50.220  -24.566  52.886 0.0000000000
75945  -50.595  -23.998  52.831 0.0000000000
75958  -50.711  -24.254  52.164 0.0000000000
75968  -51.083  -24.462  51.458 0.0000000000
78424  -51.277  -23.569  51.099 0.0000000000
77189  -51.371  -24.110  51.122 0.0000000000
74739  -51.694  -24.993  50.888 0.0000000000
74747  -51.866  -25.435  50.415 0.0000000000
73603  -52.136  -26.298  49.695 0.0000000000
72497  -52.462  -27.166  49.237 0.0000000000
74817  -54.334  -26.246  44.748 0.0000000000
74795  -55.076  -26.080  45.298 0.0000000000
73660  -55.076  -27.087  44.820 0.0000000000
71423  -55.153  -28.186  44.757 0.0000000000
71422  -55.398  -28.994  44.692 0.0000000000
70295  -55.646  -29.395  43.940 0.0000000000
70294  -55.558  -29.751  44.333 0.0000000000
69180  -55.608  -30.521  44.730 0.0000000000
67999  -55.817  -31.458  45.053 0.0000000000
82046  -55.763  -19.667  40.857 0.0000000000
82063  -55.200  -19.890  40.332 0.0000000000
82047  -56.271  -20.041  41.013 0.0000000000
80898  -56.484  -20.884  41.089 0.0000000000
79779  -57.391  -21.676  39.538 0.0000000000
78539  -57.328  -22.664  39.892 0.0000000000
76176  -56.552  -25.427  38.501 0.0000000000
72428  -42.873  -27.498  57.498 0.0000000000
73560  -43.422  -26.596  57.011 0.0000000000
72438  -42.944  -27.699  56.333 0.0000000000
67767  -39.895  -31.745  58.571 0.0000000000
69023  -40.842  -30.776  58.290 0.0000000000
70144  -41.573  -29.979  58.104 0.0000000000
72419  -42.388  -28.230  57.976 0.0000000000
78456  -48.677  -23.586  48.492 0.0000000000
78471  -50.274  -23.211  47.228 0.0000000000
78482  -51.220  -23.356  46.716 0.0000000000
77287  -52.136  -24.003  44.697 0.0000000000
77288  -52.883  -24.621  44.870 0.0000000000
76077  -53.119  -25.419  44.624 0.0000000000
74840  -53.787  -26.416  44.275 0.0000000000
73675  -54.395  -26.863  44.275 0.0000000000
72571  -54.079  -27.371  43.592 0.0000000000
72584  -53.443  -27.523  43.006 0.0000000000
72585  -54.416  -27.916  42.971 0.0000000000
71471  -54.671  -28.807  42.443 0.0000000000
84516  -54.738  -17.883  39.303 0.0000000000
84498  -55.226  -18.242  39.989 0.0000000000
83302  -55.551  -18.938  40.429 0.0000000000
83303  -56.197  -18.871  40.593 0.0000000000
82082  -57.156  -19.673  39.532 0.0000000000
80979  -56.631  -20.714  37.464 0.0000000000
88043  -58.055  -13.893  38.527 0.0000000000
86807  -58.181  -15.233  37.485 0.0000000000
85695  -57.839  -15.732  37.002 0.0000000000
86815  -57.941  -15.036  36.529 0.0000000000
71329  -47.784  -28.146  54.756 0.0000000000
71330  -47.991  -27.307  54.870 0.0000000000
72450  -47.861  -27.000  54.414 0.0000000000
73571  -47.982  -26.018  54.423 0.0000000000
75934  -49.244  -24.452  54.383 0.0000000000
74688  -46.677  -25.800  56.256 0.0000000000
74698  -47.099  -25.254  56.127 0.0000000000
75912  -47.452  -24.765  56.042 0.0000000000
78341  -47.269  -23.371  56.665 0.0000000000
77117  -47.853  -24.052  55.846 0.0000000000
75925  -47.882  -24.755  55.435 0.0000000000
77132  -48.368  -24.002  55.272 0.0000000000
77133  -48.987  -23.849  54.754 0.0000000000
77148  -49.541  -23.647  54.249 0.0000000000
78374  -49.691  -23.143  54.028 0.0000000000
79653  -49.564  -22.255  52.734 0.0000000000
79652  -48.748  -22.168  52.904 0.0000000000
79668  -49.292  -22.242  52.209 0.0000000000
78434  -48.756  -22.920  50.533 0.0000000000
74697  -44.019  -25.068  56.102 0.0000000000
75923  -44.068  -24.655  54.853 0.0000000000
75924  -44.251  -24.551  55.520 0.0000000000
77131  -44.103  -23.798  55.033 0.0000000000
78371  -43.823  -23.245  54.476 0.0000000000
78389  -44.330  -22.775  53.606 0.0000000000
78390  -44.881  -22.744  53.346 0.0000000000
78405  -45.415  -22.849  52.820 0.0000000000
78444  -48.433  -23.443  49.292 0.0000000000
44304  -17.797  -51.462  58.168 0.0000000000
43189  -18.245  -52.067  57.727 0.0000000000
43199  -18.924  -52.478  57.216 0.0000000000
43166  -20.305  -51.958  60.435 0.0000000000
44284  -24.708  -51.495  59.683 0.0000000000
44285  -25.106  -51.423  59.630 0.0000000000
44297  -26.268  -50.560  58.736 0.0000000000
45489  -26.699  -49.913  60.227 0.0000000000
45527  -26.709  -49.953  58.006 0.0000000000
51397  -27.268  -45.532  62.199 0.0000000000
51398  -27.963  -45.455  62.275 0.0000000000
51399  -28.389  -45.055  62.303 0.0000000000
54882  -30.474  -42.536  62.875 0.0000000000
54905  -30.859  -42.517  62.616 0.0000000000
58553  -28.272  -40.493  62.727 0.0000000000
57319  -28.679  -40.599  63.410 0.0000000000
60810  -29.906  -38.114  61.843 0.0000000000
59692  -29.637  -39.266  62.968 0.0000000000
58541  -29.697  -40.170  63.268 0.0000000000
57305  -29.535  -40.609  63.557 0.0000000000
57294  -29.801  -40.854  63.601 0.0000000000
56069  -30.854  -40.977  63.616 0.0000000000
56082  -31.061  -41.271  63.366 0.0000000000
57297  -31.279  -40.258  63.469 0.0000000000
56083  -31.365  -40.921  63.087 0.0000000000
54868  -31.546  -41.533  62.629 0.0000000000
59708  -35.220  -37.658  61.588 0.0000000000
59728  -35.582  -38.300  60.800 0.0000000000
59729  -36.263  -37.951  60.443 0.0000000000
58578  -35.780  -38.661  60.122 0.0000000000
64074  -35.836  -34.851  59.081 0.0000000000
65288  -36.068  -34.223  59.850 0.0000000000
65274  -36.414  -33.895  60.594 0.0000000000
66520  -37.291  -33.373  60.094 0.0000000000
66508  -37.015  -33.474  60.625 0.0000000000
65258  -36.951  -33.796  61.633 0.0000000000
65240  -37.875  -33.989  61.862 0.0000000000
64026  -38.388  -34.438  61.682 0.0000000000
67743  -39.459  -31.564  60.425 0.0000000000
67731  -39.365  -31.762  61.241 0.0000000000
67720  -40.625  -31.860  61.748 0.0000000000
66493  -40.260  -32.602  61.830 0.0000000000
66492  -39.563  -32.732  61.932 0.0000000000
65242  -39.301  -33.366  61.878 0.0000000000
64027  -39.307  -34.098  61.613 0.0000000000
62941  -39.295  -34.859  61.098 0.0000000000
62949  -39.799  -34.727  60.612 0.0000000000
61901  -39.862  -35.257  60.093 0.0000000000
61920  -39.963  -36.096  59.225 0.0000000000
62957  -41.116  -34.733  59.365 0.0000000000
61921  -40.660  -35.946  58.760 0.0000000000
66537  -44.055  -31.787  58.589 0.0000000000
66549  -44.438  -32.217  57.903 0.0000000000
65323  -44.934  -32.840  56.992 0.0000000000
67786  -45.289  -30.750  57.826 0.0000000000
66550  -45.099  -31.956  57.376 0.0000000000
65377  -46.706  -33.765  52.471 0.0000000000
67827  -47.547  -31.343  54.892 0.0000000000
66607  -47.406  -32.363  53.886 0.0000000000
45481  -17.679  -50.405  60.076 0.0000000000
44292  -17.503  -50.648  59.016 0.0000000000
74727  -49.659  -25.306  52.270 0.0000000000
78461  -52.245  -23.882  48.702 0.0000000000
78474  -52.199  -24.205  47.715 0.0000000000
77250  -52.387  -24.363  48.102 0.0000000000
77234  -52.476  -24.373  48.710 0.0000000000
74757  -52.945  -25.658  48.753 0.0000000000
73604  -52.762  -26.432  49.065 0.0000000000
71379  -52.919  -28.085  49.010 0.0000000000
74784  -54.850  -26.232  45.710 0.0000000000
73621  -54.275  -26.714  46.390 0.0000000000
72515  -53.885  -27.632  46.664 0.0000000000
72527  -53.927  -28.274  46.402 0.0000000000
71399  -53.563  -28.024  47.214 0.0000000000
71391  -53.382  -28.287  47.943 0.0000000000
70249  -52.919  -29.134  48.737 0.0000000000
70347  -54.047  -29.218  41.222 0.0000000000
70348  -54.611  -29.355  40.828 0.0000000000
80918  -55.471  -20.633  40.150 0.0000000000
79759  -55.622  -21.490  39.935 0.0000000000
79758  -54.400  -21.391  39.592 0.0000000000
77324  -56.346  -23.237  40.481 0.0000000000
78538  -55.747  -22.399  39.824 0.0000000000
78537  -54.999  -22.534  39.461 0.0000000000
73746  -56.336  -26.880  39.848 0.0000000000
72611  -55.631  -27.482  39.817 0.0000000000
69232  -57.368  -31.004  40.504 0.0000000000
68059  -57.643  -31.120  39.490 0.0000000000
69247  -58.013  -30.218  38.932 0.0000000000
68070  -57.845  -30.999  38.975 0.0000000000
66836  -56.962  -31.596  39.301 0.0000000000
42021  -20.168  -52.853  59.297 0.0000000000
43159  -19.722  -51.681  60.684 0.0000000000
43178  -19.600  -52.513  59.677 0.0000000000
43180  -20.730  -52.450  59.936 0.0000000000
43216  -24.884  -51.766  57.134 0.0000000000
44270  -20.856  -51.190  60.233 0.0000000000
44317  -26.419  -50.428  57.791 0.0000000000
45472  -20.338  -50.637  61.042 0.0000000000
45473  -20.598  -50.540  60.789 0.0000000000
46671  -18.907  -49.304  61.920 0.0000000000
46674  -20.689  -49.983  61.077 0.0000000000
46727  -27.498  -48.689  59.191 0.0000000000
47901  -20.448  -49.945  60.292 0.0000000000
49007  -20.040  -48.707  61.644 0.0000000000
49012  -27.278  -46.640  61.495 0.0000000000
49022  -27.014  -47.560  61.227 0.0000000000
53771  -29.771  -42.563  63.364 0.0000000000
53782  -28.901  -43.892  63.025 0.0000000000
53803  -31.144  -42.854  62.239 0.0000000000
54851  -28.805  -42.350  63.610 0.0000000000
54904  -30.659  -42.705  62.602 0.0000000000
56065  -28.540  -42.066  63.738 0.0000000000
56067  -29.631  -41.505  63.578 0.0000000000
56070  -31.108  -40.757  63.531 0.0000000000
56094  -27.734  -41.283  63.860 0.0000000000
57304  -28.849  -40.800  63.807 0.0000000000
57307  -31.683  -40.538  62.771 0.0000000000
57318  -27.883  -40.820  63.323 0.0000000000
57331  -32.406  -39.879  62.360 0.0000000000
58527  -29.867  -40.488  63.438 0.0000000000
58529  -30.872  -39.894  63.616 0.0000000000
58540  -29.018  -40.431  63.441 0.0000000000
58542  -30.214  -39.742  63.433 0.0000000000
58543  -31.240  -39.449  63.568 0.0000000000
58555  -29.598  -39.806  63.072 0.0000000000
59668  -30.370  -39.625  63.570 0.0000000000
59679  -30.338  -39.312  63.389 0.0000000000
59682  -32.449  -38.340  63.598 0.0000000000
60791  -32.902  -38.139  63.790 0.0000000000
60798  -29.982  -38.292  62.666 0.0000000000
60800  -31.454  -37.673  63.171 0.0000000000
60839  -39.421  -36.564  59.476 0.0000000000
61878  -35.370  -36.649  62.264 0.0000000000
61883  -31.396  -37.315  62.462 0.0000000000
61900  -39.315  -35.636  60.454 0.0000000000
62948  -34.359  -35.730  61.573 0.0000000000
62955  -34.072  -35.993  60.539 0.0000000000
62956  -34.243  -35.796  61.086 0.0000000000
64021  -34.829  -35.388  62.110 0.0000000000
64103  -46.086  -34.260  55.497 0.0000000000
65243  -39.884  -33.346  61.852 0.0000000000
65256  -35.738  -34.586  61.073 0.0000000000
65334  -45.306  -33.281  56.475 0.0000000000
65364  -46.674  -33.205  53.256 0.0000000000
66489  -37.489  -33.708  61.782 0.0000000000
66498  -36.808  -33.732  61.154 0.0000000000
66533  -38.173  -33.037  59.210 0.0000000000
66573  -46.801  -32.033  55.786 0.0000000000
66795  -56.359  -32.077  42.527 0.0000000000
66837  -57.502  -31.375  39.090 0.0000000000
66854  -57.575  -31.141  38.715 0.0000000000
67717  -38.625  -32.753  61.662 0.0000000000
67735  -42.598  -30.930  60.969 0.0000000000
67756  -44.495  -30.643  58.983 0.0000000000
67766  -39.286  -32.047  59.003 0.0000000000
67769  -44.415  -31.095  58.920 0.0000000000
67788  -46.433  -30.725  56.560 0.0000000000
67845  -47.613  -31.693  54.294 0.0000000000
68042  -56.791  -31.756  41.474 0.0000000000
68955  -40.876  -31.336  61.645 0.0000000000
68968  -39.699  -31.091  60.974 0.0000000000
68988  -43.997  -30.149  59.844 0.0000000000
69024  -45.233  -30.017  58.222 0.0000000000
69025  -45.615  -29.734  57.923 0.0000000000
69045  -45.842  -30.003  57.554 0.0000000000
69070  -47.761  -30.483  54.695 0.0000000000
69139  -53.935  -30.233  47.856 0.0000000000
69151  -54.329  -30.326  47.186 0.0000000000
69193  -55.920  -30.563  43.920 0.0000000000
69239  -56.187  -29.728  40.476 0.0000000000
69242  -57.827  -30.736  39.331 0.0000000000
69246  -57.887  -29.818  39.379 0.0000000000
70114  -41.263  -29.447  60.645 0.0000000000
70128  -40.632  -30.543  59.418 0.0000000000
70145  -41.905  -29.421  57.765 0.0000000000
70181  -47.949  -29.495  54.875 0.0000000000
70310  -55.740  -29.874  43.780 0.0000000000
70322  -54.708  -29.207  42.167 0.0000000000
70339  -54.061  -29.214  41.522 0.0000000000
71253  -41.709  -28.921  60.790 0.0000000000
71264  -41.327  -29.310  60.139 0.0000000000
71279  -44.418  -28.733  59.255 0.0000000000
71291  -45.120  -28.692  58.288 0.0000000000
71322  -47.861  -27.547  54.944 0.0000000000
71377  -51.477  -27.703  49.347 0.0000000000
71392  -53.580  -29.005  47.538 0.0000000000
71400  -53.643  -28.670  46.914 0.0000000000
71412  -54.938  -27.885  45.143 0.0000000000
71436  -55.546  -29.195  44.247 0.0000000000
71473  -55.755  -28.832  42.896 0.0000000000
72397  -42.808  -27.949  60.230 0.0000000000
72398  -43.320  -27.940  60.189 0.0000000000
72406  -44.281  -27.722  59.461 0.0000000000
72414  -45.195  -27.613  58.033 0.0000000000
72451  -48.038  -26.839  54.809 0.0000000000
72488  -51.232  -26.631  50.056 0.0000000000
72496  -51.154  -27.062  49.660 0.0000000000
72498  -53.071  -27.322  48.632 0.0000000000
72514  -53.520  -27.464  47.400 0.0000000000
72516  -54.459  -27.277  46.115 0.0000000000
72529  -54.765  -27.429  45.535 0.0000000000
72540  -55.096  -27.449  44.982 0.0000000000
72556  -54.912  -27.298  44.339 0.0000000000
72570  -53.700  -27.271  43.448 0.0000000000
72586  -55.073  -28.233  42.983 0.0000000000
72625  -56.233  -27.108  39.785 0.0000000000
72626  -56.503  -27.049  39.895 0.0000000000
73522  -42.917  -27.561  60.154 0.0000000000
73535  -44.358  -27.136  59.048 0.0000000000
73542  -42.814  -27.003  59.593 0.0000000000
73550  -45.836  -26.504  57.129 0.0000000000
73556  -46.730  -26.825  56.054 0.0000000000
73596  -51.223  -26.080  50.703 0.0000000000
73597  -51.585  -26.180  50.200 0.0000000000
73611  -53.464  -26.294  47.625 0.0000000000
73622  -54.601  -26.840  46.023 0.0000000000
73631  -54.618  -26.501  45.983 0.0000000000
73632  -54.829  -26.714  45.689 0.0000000000
73641  -55.164  -26.447  45.047 0.0000000000
73659  -54.892  -26.739  44.657 0.0000000000
73674  -53.570  -26.865  43.661 0.0000000000
73676  -54.754  -27.086  44.328 0.0000000000
73725  -56.001  -26.490  39.805 0.0000000000
73747  -56.411  -26.668  39.918 0.0000000000
73748  -57.535  -27.215  39.197 0.0000000000
74652  -43.032  -26.697  59.821 0.0000000000
74665  -43.174  -26.367  59.368 0.0000000000
74678  -43.648  -25.274  58.847 0.0000000000
74706  -44.164  -25.073  55.863 0.0000000000
74776  -54.381  -26.128  46.102 0.0000000000
74785  -55.059  -26.456  45.539 0.0000000000
74796  -55.126  -26.310  45.440 0.0000000000
74816  -53.565  -26.027  44.605 0.0000000000
74818  -54.817  -25.912  44.951 0.0000000000
74860  -52.953  -26.542  43.375 0.0000000000
75865  -43.780  -25.069  58.957 0.0000000000
75882  -44.770  -25.211  57.809 0.0000000000
75897  -43.739  -24.394  57.485 0.0000000000
75910  -43.941  -24.503  56.546 0.0000000000
75911  -47.005  -24.818  56.472 0.0000000000
75935  -49.769  -24.044  53.915 0.0000000000
75944  -50.188  -24.187  53.334 0.0000000000
75957  -50.463  -24.354  52.718 0.0000000000
75969  -51.551  -24.615  51.029 0.0000000000
76054  -54.371  -25.712  45.421 0.0000000000
76078  -53.780  -25.666  45.043 0.0000000000
76079  -54.312  -25.792  45.154 0.0000000000
76103  -52.416  -25.429  43.698 0.0000000000
76141  -56.315  -23.973  39.738 0.0000000000
76175  -56.585  -24.890  38.999 0.0000000000
77075  -44.497  -24.593  58.218 0.0000000000
77089  -44.871  -24.746  57.243 0.0000000000
77103  -44.252  -23.973  56.823 0.0000000000
77104  -44.354  -23.908  57.307 0.0000000000
77105  -46.506  -23.705  56.925 0.0000000000
77147  -43.824  -23.709  54.568 0.0000000000
77162  -50.416  -23.550  53.141 0.0000000000
77163  -50.644  -23.701  52.454 0.0000000000
77190  -51.831  -24.188  50.818 0.0000000000
77204  -52.199  -24.212  50.509 0.0000000000
77219  -52.463  -24.141  49.480 0.0000000000
77235  -52.734  -24.672  48.015 0.0000000000
77263  -52.678  -24.309  46.407 0.0000000000
77289  -53.425  -25.092  45.140 0.0000000000
78311  -44.833  -24.418  56.987 0.0000000000
78313  -45.680  -24.130  56.611 0.0000000000
78328  -46.847  -23.265  57.081 0.0000000000
78340  -45.776  -22.760  56.189 0.0000000000
78342  -47.659  -23.425  56.086 0.0000000000
78372  -44.014  -22.752  54.147 0.0000000000
78404  -44.561  -22.961  52.841 0.0000000000
78417  -45.045  -23.251  52.359 0.0000000000
78422  -49.717  -22.400  51.664 0.0000000000
78425  -51.653  -23.882  50.896 0.0000000000
78449  -52.387  -23.874  49.139 0.0000000000
78475  -52.559  -24.411  47.052 0.0000000000
78485  -52.586  -24.297  46.842 0.0000000000
79559  -47.131  -22.934  56.764 0.0000000000
79573  -46.008  -22.316  55.974 0.0000000000
79575  -47.374  -22.839  56.116 0.0000000000
79593  -48.665  -23.046  54.716 0.0000000000
79607  -44.164  -22.811  54.494 0.0000000000
79629  -44.795  -22.664  53.754 0.0000000000
79635  -49.913  -22.411  52.976 0.0000000000
79654  -50.056  -22.357  52.454 0.0000000000
79669  -49.904  -22.253  52.100 0.0000000000
79679  -50.471  -22.693  51.254 0.0000000000
79744  -56.845  -21.714  41.048 0.0000000000
82048  -56.642  -20.394  40.882 0.0000000000
83291  -55.816  -19.133  40.966 0.0000000000
83292  -56.058  -19.406  41.053 0.0000000000
84500  -56.377  -17.907  40.034 0.0000000000
86830  -57.701  -14.526  35.941 0.0000000000
88051  -56.343  -14.228  38.840 0.0000000000
88102  -56.700  -14.005  35.096 0.0000000000
90479  -56.760  -13.008  39.059 0.0000000000
90481  -57.547  -12.807  38.917 0.0000000000
