#!ascii label  , from subject 4106 vox2ras=TkReg
1369
57363  -8.846  -41.326  59.319 0.0000000000
64193  -33.921  -32.354  50.401 0.0000000000
74780  -31.467  -26.680  47.516 0.0000000000
67835  -24.200  -29.630  55.172 0.0000000000
83379  -39.959  -18.042  34.765 0.0000000000
80925  -33.996  -19.726  38.292 0.0000000000
69055  -35.455  -29.251  55.806 0.0000000000
66624  -29.932  -30.360  52.180 0.0000000000
86824  -45.056  -15.509  37.572 0.0000000000
94098  -48.038  -9.653  37.444 0.0000000000
99844  -50.268  -4.618  38.063 0.0000000000
80840  -33.210  -20.115  48.131 0.0000000000
78510  -31.053  -22.895  43.184 0.0000000000
82007  -36.428  -18.810  44.064 0.0000000000
82058  -40.416  -19.544  40.642 0.0000000000
57502  -20.639  -39.346  50.635 0.0000000000
57308  -5.548  -38.455  63.400 0.0000000000
71382  -34.717  -28.765  49.568 0.0000000000
78416  -33.624  -23.284  53.015 0.0000000000
63074  -20.834  -35.293  49.161 0.0000000000
67943  -25.067  -30.056  47.653 0.0000000000
96394  -49.082  -6.568  30.802 0.0000000000
98697  -52.550  -3.612  33.973 0.0000000000
79833  -37.675  -20.927  35.553 0.0000000000
79821  -43.792  -20.514  37.642 0.0000000000
56213  -10.513  -40.693  54.976 0.0000000000
57359  -1.779  -40.551  59.074 0.0000000000
90509  -47.104  -12.254  37.796 0.0000000000
79703  -34.378  -19.636  45.810 0.0000000000
55139  -19.215  -41.233  48.117 0.0000000000
54911  -7.114  -40.223  61.498 0.0000000000
66745  -34.179  -31.326  46.262 0.0000000000
67948  -35.054  -30.166  50.081 0.0000000000
66622  -21.978  -31.270  52.534 0.0000000000
66670  -21.620  -32.807  48.438 0.0000000000
67898  -23.684  -29.949  51.383 0.0000000000
64145  -31.719  -32.025  51.418 0.0000000000
66673  -30.073  -31.089  49.658 0.0000000000
64210  -32.292  -32.289  47.976 0.0000000000
66577  -22.849  -30.694  56.750 0.0000000000
64131  -21.165  -34.018  52.994 0.0000000000
95245  -42.680  -8.843  33.922 0.0000000000
96392  -47.477  -6.837  30.868 0.0000000000
99870  -50.994  -3.653  35.286 0.0000000000
79746  -31.787  -21.067  40.807 0.0000000000
79817  -36.053  -20.862  36.904 0.0000000000
78549  -41.747  -20.055  39.321 0.0000000000
57467  -15.661  -39.127  51.734 0.0000000000
58662  -14.493  -38.419  54.485 0.0000000000
58630  -12.352  -39.284  56.404 0.0000000000
56247  -11.223  -40.838  52.778 0.0000000000
57375  -3.145  -40.326  57.943 0.0000000000
65360  -34.154  -30.499  53.329 0.0000000000
67905  -35.351  -29.053  52.823 0.0000000000
71326  -36.487  -27.693  54.581 0.0000000000
67794  -26.965  -29.355  56.948 0.0000000000
67855  -27.077  -28.872  53.423 0.0000000000
67797  -30.729  -29.483  55.978 0.0000000000
66585  -32.907  -30.779  54.716 0.0000000000
85712  -42.086  -16.548  36.265 0.0000000000
89299  -42.608  -13.612  36.853 0.0000000000
92994  -44.828  -10.321  36.681 0.0000000000
96349  -46.313  -7.591  36.587 0.0000000000
98693  -47.483  -5.092  35.261 0.0000000000
97533  -49.118  -6.801  38.453 0.0000000000
77242  -30.727  -23.396  48.353 0.0000000000
76064  -29.677  -24.486  44.689 0.0000000000
79700  -31.710  -21.383  45.798 0.0000000000
79726  -32.969  -20.292  42.752 0.0000000000
82018  -34.883  -18.653  41.522 0.0000000000
80904  -37.256  -18.458  39.223 0.0000000000
83283  -37.916  -18.165  41.751 0.0000000000
55094  -19.594  -40.566  51.783 0.0000000000
56302  -18.044  -40.435  49.346 0.0000000000
99948  -51.047  -3.686  30.404 0.0000000000
60782  -4.198  -36.525  63.495 0.0000000000
70280  -35.043  -29.338  46.074 0.0000000000
72508  -33.200  -27.996  48.029 0.0000000000
72480  -36.849  -27.697  50.693 0.0000000000
74742  -34.936  -26.373  51.103 0.0000000000
75984  -32.483  -24.982  50.373 0.0000000000
79681  -32.393  -21.039  50.589 0.0000000000
67921  -27.006  -29.826  50.381 0.0000000000
61983  -21.716  -36.185  54.622 0.0000000000
59830  -21.040  -37.881  49.885 0.0000000000
98707  -49.284  -4.874  33.620 0.0000000000
97578  -49.987  -5.207  32.199 0.0000000000
97597  -51.094  -5.075  31.089 0.0000000000
98726  -53.453  -3.040  33.189 0.0000000000
55020  -7.489  -41.853  55.133 0.0000000000
56180  -5.807  -40.654  56.960 0.0000000000
80991  -38.570  -20.078  34.860 0.0000000000
78545  -38.702  -20.195  37.957 0.0000000000
78616  -40.353  -21.541  36.439 0.0000000000
82130  -41.751  -19.309  36.160 0.0000000000
83370  -44.529  -17.578  37.552 0.0000000000
56197  -9.376  -41.277  56.643 0.0000000000
57361  -4.800  -39.333  59.225 0.0000000000
58572  -3.730  -38.812  59.969 0.0000000000
60829  -2.537  -37.335  60.470 0.0000000000
54951  -7.693  -40.663  59.944 0.0000000000
64233  -33.461  -32.636  48.715 0.0000000000
65476  -33.787  -32.076  48.205 0.0000000000
66674  -34.751  -31.243  50.413 0.0000000000
67874  -22.281  -30.404  53.733 0.0000000000
66623  -22.865  -30.509  51.976 0.0000000000
67853  -24.378  -29.392  53.914 0.0000000000
64160  -32.624  -32.386  51.014 0.0000000000
65434  -31.729  -32.157  49.759 0.0000000000
64190  -32.645  -32.764  49.385 0.0000000000
64231  -33.037  -33.481  47.799 0.0000000000
66579  -24.893  -30.007  56.632 0.0000000000
66557  -24.815  -30.280  57.659 0.0000000000
67834  -23.055  -30.008  55.695 0.0000000000
66611  -21.671  -31.444  54.173 0.0000000000
96391  -46.429  -6.840  31.090 0.0000000000
73638  -32.141  -27.998  47.046 0.0000000000
73636  -30.779  -27.265  45.980 0.0000000000
79766  -32.613  -20.337  39.033 0.0000000000
79789  -32.967  -21.216  38.153 0.0000000000
79791  -35.514  -20.439  37.430 0.0000000000
57466  -14.466  -39.471  51.400 0.0000000000
57453  -14.903  -38.777  52.189 0.0000000000
58681  -13.440  -39.463  51.880 0.0000000000
57452  -12.533  -39.451  53.799 0.0000000000
57464  -12.406  -40.264  51.794 0.0000000000
67822  -34.814  -29.689  54.807 0.0000000000
67841  -35.265  -29.463  54.019 0.0000000000
69056  -35.903  -29.080  55.534 0.0000000000
70139  -29.396  -29.396  58.197 0.0000000000
67776  -29.167  -29.475  57.019 0.0000000000
69035  -30.713  -29.470  57.701 0.0000000000
67782  -34.244  -29.576  56.455 0.0000000000
67800  -33.247  -30.039  56.056 0.0000000000
67802  -34.256  -29.790  55.676 0.0000000000
65344  -33.555  -31.169  54.173 0.0000000000
86839  -43.947  -16.067  36.974 0.0000000000
86821  -42.884  -15.453  36.566 0.0000000000
88084  -44.098  -14.556  37.115 0.0000000000
91730  -47.571  -11.017  37.072 0.0000000000
91728  -46.290  -10.947  37.208 0.0000000000
92996  -46.598  -10.078  37.475 0.0000000000
94127  -45.212  -8.685  36.934 0.0000000000
95215  -46.944  -8.417  37.088 0.0000000000
96339  -47.280  -7.544  37.367 0.0000000000
96316  -48.293  -8.163  38.385 0.0000000000
78469  -31.842  -21.472  48.038 0.0000000000
78479  -30.885  -21.860  46.824 0.0000000000
79696  -32.293  -20.731  47.350 0.0000000000
80861  -35.771  -19.302  44.932 0.0000000000
79710  -33.768  -19.892  44.812 0.0000000000
80868  -34.702  -19.560  43.362 0.0000000000
80877  -33.499  -19.648  41.964 0.0000000000
82019  -35.771  -18.482  42.333 0.0000000000
82034  -36.516  -18.157  41.069 0.0000000000
83267  -37.551  -18.355  42.763 0.0000000000
58685  -20.514  -38.465  52.538 0.0000000000
57457  -20.242  -40.077  52.797 0.0000000000
56275  -20.122  -40.251  51.344 0.0000000000
55125  -17.885  -41.288  48.413 0.0000000000
101070  -51.790  -2.128  31.432 0.0000000000
103235  -51.652  -1.577  30.967 0.0000000000
59671  -4.938  -37.433  63.509 0.0000000000
69141  -34.527  -29.880  48.180 0.0000000000
69156  -34.570  -30.229  46.729 0.0000000000
70268  -34.467  -29.460  47.200 0.0000000000
72524  -33.692  -28.485  47.157 0.0000000000
72510  -33.961  -28.468  48.694 0.0000000000
71340  -36.888  -27.153  52.783 0.0000000000
70214  -36.208  -27.911  52.021 0.0000000000
72459  -38.047  -27.492  52.463 0.0000000000
77183  -34.651  -24.343  53.297 0.0000000000
75977  -35.269  -25.890  51.532 0.0000000000
75976  -34.160  -25.831  51.728 0.0000000000
75985  -33.307  -25.892  50.855 0.0000000000
75975  -32.854  -24.792  51.740 0.0000000000
77194  -32.107  -23.639  50.789 0.0000000000
78414  -32.817  -22.543  51.948 0.0000000000
67931  -22.730  -30.666  48.610 0.0000000000
67839  -29.043  -29.555  53.794 0.0000000000
67878  -27.651  -29.230  52.383 0.0000000000
67902  -28.377  -29.394  51.575 0.0000000000
66688  -29.159  -30.566  48.114 0.0000000000
63008  -21.099  -35.072  55.917 0.0000000000
63049  -20.796  -35.159  51.440 0.0000000000
62035  -20.792  -36.092  51.022 0.0000000000
60981  -21.064  -37.031  49.247 0.0000000000
58739  -21.449  -38.766  47.957 0.0000000000
99855  -48.396  -4.716  37.225 0.0000000000
98694  -48.140  -4.928  34.351 0.0000000000
99868  -49.401  -4.164  35.753 0.0000000000
101032  -51.971  -3.359  34.844 0.0000000000
99892  -50.539  -4.064  33.714 0.0000000000
98708  -51.240  -4.065  33.201 0.0000000000
97590  -51.048  -4.552  32.030 0.0000000000
97580  -51.629  -3.955  32.633 0.0000000000
98734  -51.688  -3.864  31.963 0.0000000000
98711  -53.086  -3.366  33.505 0.0000000000
77300  -30.140  -23.496  43.851 0.0000000000
74826  -29.805  -25.352  44.174 0.0000000000
79864  -37.644  -21.657  33.883 0.0000000000
79847  -38.395  -20.558  35.345 0.0000000000
80905  -38.096  -18.904  39.407 0.0000000000
80927  -38.043  -19.016  38.358 0.0000000000
79748  -39.216  -19.997  39.254 0.0000000000
79797  -42.717  -20.919  38.296 0.0000000000
77359  -40.893  -21.213  37.955 0.0000000000
77402  -42.294  -21.215  37.081 0.0000000000
79849  -40.998  -20.851  35.775 0.0000000000
80996  -43.151  -19.977  36.704 0.0000000000
82148  -43.191  -18.434  37.301 0.0000000000
80999  -44.148  -18.850  37.045 0.0000000000
57403  -11.701  -39.816  55.974 0.0000000000
56184  -11.096  -40.295  57.146 0.0000000000
54986  -10.561  -40.471  57.786 0.0000000000
56198  -10.336  -40.915  56.299 0.0000000000
55021  -8.379  -41.645  54.748 0.0000000000
55022  -9.067  -41.187  54.167 0.0000000000
57401  -4.630  -40.830  56.513 0.0000000000
57362  -5.732  -39.737  58.647 0.0000000000
57376  -4.476  -39.723  57.939 0.0000000000
58593  -2.424  -40.014  58.646 0.0000000000
58583  -3.385  -39.296  59.073 0.0000000000
58571  -2.994  -38.559  59.601 0.0000000000
59709  -3.196  -37.590  60.501 0.0000000000
59736  -2.345  -38.623  59.379 0.0000000000
69018  -32.234  -29.245  57.946 0.0000000000
86810  -47.338  -14.486  38.583 0.0000000000
88069  -46.219  -13.718  37.917 0.0000000000
89285  -47.360  -12.941  38.350 0.0000000000
79694  -33.466  -19.643  47.164 0.0000000000
56313  -20.625  -39.970  48.857 0.0000000000
55140  -19.669  -40.675  48.682 0.0000000000
54840  -7.151  -39.379  63.102 0.0000000000
56098  -6.335  -39.153  62.566 0.0000000000
65498  -33.472  -32.315  47.009 0.0000000000
67962  -34.396  -30.586  47.729 0.0000000000
69132  -34.769  -29.538  49.369 0.0000000000
78401  -33.783  -22.362  53.267 0.0000000000
64157  -21.014  -34.355  50.578 0.0000000000
65411  -21.242  -33.640  49.436 0.0000000000
66635  -21.531  -31.852  51.029 0.0000000000
67918  -23.185  -30.294  49.991 0.0000000000
67919  -24.447  -29.663  50.137 0.0000000000
66625  -30.653  -30.906  51.981 0.0000000000
66637  -29.783  -30.562  51.228 0.0000000000
65396  -30.774  -31.609  50.912 0.0000000000
65453  -31.548  -31.568  48.194 0.0000000000
64250  -32.085  -33.678  46.424 0.0000000000
66576  -21.920  -31.897  57.084 0.0000000000
64109  -21.190  -34.020  55.473 0.0000000000
65354  -21.278  -32.723  54.867 0.0000000000
65368  -21.256  -32.715  53.458 0.0000000000
94133  -42.299  -9.595  34.225 0.0000000000
96393  -48.416  -6.525  31.155 0.0000000000
99829  -51.037  -4.789  38.497 0.0000000000
99857  -50.216  -4.136  36.595 0.0000000000
78520  -31.179  -21.873  41.408 0.0000000000
78612  -36.091  -22.220  36.152 0.0000000000
78591  -36.547  -20.951  36.306 0.0000000000
80890  -42.167  -19.243  40.775 0.0000000000
79750  -40.650  -19.382  39.454 0.0000000000
79752  -42.412  -19.894  40.440 0.0000000000
57469  -17.267  -39.488  52.617 0.0000000000
57455  -16.677  -39.204  53.525 0.0000000000
58632  -14.971  -38.360  56.564 0.0000000000
58648  -13.076  -38.698  55.359 0.0000000000
57440  -12.456  -39.346  54.694 0.0000000000
57438  -11.050  -40.610  53.890 0.0000000000
55043  -9.098  -41.223  53.229 0.0000000000
56245  -9.803  -41.594  52.108 0.0000000000
64150  -34.321  -31.505  51.956 0.0000000000
66639  -34.812  -30.546  51.862 0.0000000000
66616  -34.802  -29.537  52.984 0.0000000000
69087  -35.813  -28.662  53.639 0.0000000000
67818  -26.135  -29.794  55.958 0.0000000000
67836  -25.336  -29.434  54.904 0.0000000000
67819  -27.464  -29.172  55.541 0.0000000000
67820  -28.954  -29.584  54.967 0.0000000000
66598  -29.786  -29.714  54.212 0.0000000000
67779  -32.227  -29.501  57.131 0.0000000000
66562  -32.014  -29.985  55.212 0.0000000000
66600  -31.241  -30.375  53.404 0.0000000000
65356  -32.437  -31.299  53.415 0.0000000000
64121  -33.327  -31.407  53.010 0.0000000000
66546  -26.542  -29.935  57.991 0.0000000000
84564  -40.698  -17.295  35.461 0.0000000000
84563  -40.289  -17.098  34.603 0.0000000000
86819  -40.801  -15.527  35.840 0.0000000000
89298  -41.527  -13.665  36.308 0.0000000000
90519  -41.731  -12.633  36.435 0.0000000000
90522  -45.200  -12.179  37.252 0.0000000000
91726  -44.576  -11.291  36.854 0.0000000000
92992  -43.051  -10.551  36.184 0.0000000000
95224  -43.513  -8.927  35.229 0.0000000000
96368  -43.823  -7.352  34.820 0.0000000000
96370  -45.419  -6.372  33.955 0.0000000000
97563  -46.311  -6.234  34.107 0.0000000000
96360  -46.288  -6.475  35.684 0.0000000000
98684  -47.476  -5.871  37.221 0.0000000000
98677  -49.321  -5.876  38.502 0.0000000000
96326  -49.766  -7.532  38.977 0.0000000000
98667  -51.016  -5.776  38.649 0.0000000000
76009  -30.593  -24.346  47.826 0.0000000000
74779  -30.951  -25.726  46.770 0.0000000000
77254  -30.416  -23.531  47.287 0.0000000000
77267  -30.520  -22.656  45.635 0.0000000000
78500  -31.433  -21.913  44.796 0.0000000000
79702  -33.206  -20.018  45.851 0.0000000000
79709  -32.588  -20.556  45.089 0.0000000000
79725  -32.108  -21.075  43.246 0.0000000000
79735  -32.672  -20.343  41.478 0.0000000000
80887  -33.239  -19.658  40.899 0.0000000000
82052  -34.183  -18.986  40.010 0.0000000000
82091  -35.610  -19.132  38.363 0.0000000000
82053  -35.360  -18.517  39.956 0.0000000000
82055  -37.446  -17.695  40.023 0.0000000000
82036  -39.062  -18.703  41.049 0.0000000000
83269  -39.574  -17.585  42.574 0.0000000000
83286  -40.487  -18.731  41.789 0.0000000000
55078  -18.756  -40.455  52.147 0.0000000000
55127  -19.255  -40.751  49.367 0.0000000000
55092  -18.702  -40.389  50.955 0.0000000000
56272  -18.188  -39.811  51.046 0.0000000000
57501  -17.369  -39.240  50.393 0.0000000000
72523  -33.004  -28.136  47.208 0.0000000000
73627  -32.281  -27.540  47.823 0.0000000000
67925  -35.016  -29.918  51.520 0.0000000000
70228  -35.305  -28.518  50.856 0.0000000000
72491  -35.702  -27.759  50.764 0.0000000000
73592  -36.084  -26.533  50.540 0.0000000000
73607  -34.418  -27.674  50.084 0.0000000000
74762  -33.745  -26.961  50.028 0.0000000000
74760  -32.740  -26.330  49.162 0.0000000000
76011  -32.032  -26.060  48.940 0.0000000000
75996  -31.663  -24.179  49.537 0.0000000000
78441  -31.445  -22.252  49.578 0.0000000000
79685  -32.338  -20.785  49.467 0.0000000000
79666  -32.980  -21.217  52.020 0.0000000000
80819  -32.859  -20.367  50.853 0.0000000000
67854  -25.738  -29.169  53.640 0.0000000000
67900  -25.949  -29.494  51.439 0.0000000000
67933  -25.344  -29.529  49.041 0.0000000000
67936  -29.055  -29.587  49.905 0.0000000000
67945  -27.556  -29.439  48.380 0.0000000000
60919  -21.075  -37.073  54.664 0.0000000000
59805  -20.524  -37.474  52.671 0.0000000000
63031  -21.400  -35.108  53.787 0.0000000000
60952  -20.530  -36.839  51.798 0.0000000000
58708  -20.797  -38.666  50.298 0.0000000000
57524  -20.976  -39.380  48.394 0.0000000000
97564  -47.205  -5.959  33.693 0.0000000000
97575  -48.548  -6.037  32.229 0.0000000000
97576  -49.165  -5.559  32.126 0.0000000000
99882  -50.354  -3.867  34.479 0.0000000000
98720  -49.580  -4.933  32.874 0.0000000000
96383  -49.893  -5.880  31.552 0.0000000000
96410  -50.455  -6.438  30.322 0.0000000000
96411  -50.900  -6.080  30.183 0.0000000000
97601  -50.967  -5.823  29.522 0.0000000000
98741  -51.374  -3.938  31.323 0.0000000000
99925  -52.226  -2.690  31.704 0.0000000000
157040  -8.010  -41.377  56.860 0.0000000000
56147  -7.940  -41.074  58.411 0.0000000000
56181  -6.943  -41.367  56.356 0.0000000000
74807  -29.997  -25.694  45.157 0.0000000000
82144  -38.967  -19.356  34.212 0.0000000000
82092  -36.721  -18.957  38.004 0.0000000000
79793  -37.927  -19.659  37.398 0.0000000000
78593  -38.464  -20.897  37.180 0.0000000000
78547  -40.074  -20.267  38.526 0.0000000000
77357  -39.445  -20.943  37.748 0.0000000000
79834  -38.889  -21.026  36.014 0.0000000000
79848  -39.766  -20.925  35.859 0.0000000000
81008  -39.982  -19.628  35.298 0.0000000000
82146  -40.889  -19.095  35.377 0.0000000000
83381  -41.992  -17.938  36.481 0.0000000000
84567  -43.187  -17.257  37.007 0.0000000000
85716  -44.667  -16.387  37.495 0.0000000000
157030  -9.589  -41.071  60.012 0.0000000000
54967  -10.189  -40.703  58.750 0.0000000000
157035  -9.020  -41.488  57.973 0.0000000000
56211  -8.328  -41.421  56.032 0.0000000000
53902  -7.730  -42.423  54.224 0.0000000000
56146  -6.814  -40.222  59.405 0.0000000000
57336  -6.013  -39.420  60.660 0.0000000000
57335  -5.533  -39.096  61.336 0.0000000000
58595  -3.764  -39.557  58.669 0.0000000000
58564  -4.720  -38.903  60.551 0.0000000000
58557  -4.708  -38.295  62.378 0.0000000000
59698  -4.094  -37.145  62.450 0.0000000000
60792  -3.053  -36.478  62.452 0.0000000000
58581  -1.714  -39.340  59.040 0.0000000000
59735  -1.688  -38.169  59.523 0.0000000000
56131  -8.844  -41.011  60.225 0.0000000000
64214  -33.766  -32.542  49.612 0.0000000000
65455  -34.093  -32.189  49.220 0.0000000000
65435  -34.266  -32.116  50.068 0.0000000000
67852  -23.127  -29.721  54.395 0.0000000000
67875  -23.146  -29.818  52.852 0.0000000000
64176  -33.552  -32.402  50.756 0.0000000000
64174  -32.553  -32.693  50.268 0.0000000000
64192  -33.438  -32.722  50.047 0.0000000000
64213  -33.281  -32.925  49.207 0.0000000000
67817  -25.048  -29.750  55.865 0.0000000000
67816  -24.162  -29.739  56.143 0.0000000000
96379  -45.807  -6.491  32.662 0.0000000000
73637  -31.459  -27.414  46.817 0.0000000000
74788  -31.179  -26.529  46.791 0.0000000000
80924  -33.423  -19.688  38.990 0.0000000000
79767  -33.428  -20.368  38.439 0.0000000000
79790  -34.166  -20.858  37.686 0.0000000000
80947  -34.974  -19.778  37.946 0.0000000000
57479  -13.834  -40.938  50.825 0.0000000000
57465  -13.395  -40.319  51.213 0.0000000000
58680  -12.946  -39.838  51.696 0.0000000000
67803  -34.749  -29.671  55.451 0.0000000000
69066  -35.632  -29.389  55.116 0.0000000000
69016  -30.267  -29.372  58.615 0.0000000000
69034  -29.625  -29.443  57.852 0.0000000000
69017  -31.230  -29.243  58.405 0.0000000000
67783  -34.622  -29.598  56.079 0.0000000000
66566  -34.095  -29.969  55.005 0.0000000000
68997  -29.881  -29.339  59.529 0.0000000000
86840  -44.445  -16.029  37.352 0.0000000000
86823  -44.347  -15.354  37.205 0.0000000000
88085  -44.850  -14.281  37.501 0.0000000000
92981  -47.910  -10.296  37.361 0.0000000000
92997  -47.420  -10.372  37.342 0.0000000000
94115  -47.479  -9.529  37.375 0.0000000000
94114  -46.864  -9.221  37.373 0.0000000000
95216  -47.516  -9.095  37.289 0.0000000000
96340  -47.684  -8.189  37.635 0.0000000000
94089  -48.151  -9.128  37.514 0.0000000000
79692  -32.582  -20.737  48.332 0.0000000000
79693  -33.029  -20.154  47.579 0.0000000000
80870  -36.235  -19.035  44.506 0.0000000000
80860  -34.794  -19.651  44.293 0.0000000000
80869  -35.601  -19.204  43.967 0.0000000000
80879  -35.245  -18.970  43.150 0.0000000000
82006  -35.917  -18.658  43.437 0.0000000000
83266  -36.648  -18.411  42.990 0.0000000000
83244  -36.420  -18.584  43.520 0.0000000000
57486  -20.532  -39.454  51.770 0.0000000000
56276  -20.344  -39.918  51.469 0.0000000000
56291  -20.369  -39.871  50.927 0.0000000000
102164  -52.305  -1.756  31.672 0.0000000000
102176  -51.600  -1.979  31.192 0.0000000000
103228  -52.784  -1.401  31.390 0.0000000000
58532  -5.739  -38.289  63.951 0.0000000000
58531  -5.394  -38.009  63.897 0.0000000000
58545  -5.008  -38.137  63.186 0.0000000000
70253  -34.557  -29.293  48.764 0.0000000000
71396  -34.318  -28.895  48.457 0.0000000000
71395  -34.010  -28.692  47.770 0.0000000000
72453  -38.210  -26.911  53.098 0.0000000000
77182  -34.005  -24.290  53.079 0.0000000000
75964  -35.024  -25.212  52.730 0.0000000000
75963  -33.637  -24.967  52.525 0.0000000000
77181  -33.157  -23.908  52.477 0.0000000000
77196  -32.752  -23.806  51.973 0.0000000000
60996  -21.487  -37.034  48.036 0.0000000000
67857  -29.279  -29.685  52.824 0.0000000000
67879  -28.804  -29.389  52.320 0.0000000000
67880  -29.325  -29.908  52.283 0.0000000000
63061  -20.945  -35.297  50.294 0.0000000000
62049  -20.865  -36.151  49.809 0.0000000000
96409  -49.936  -6.929  29.859 0.0000000000
99856  -49.345  -4.378  36.991 0.0000000000
99867  -48.628  -4.511  36.050 0.0000000000
98688  -53.158  -4.060  34.071 0.0000000000
99894  -51.597  -3.749  33.647 0.0000000000
98709  -51.675  -3.815  33.345 0.0000000000
97579  -51.509  -4.019  32.833 0.0000000000
98710  -52.041  -3.509  33.214 0.0000000000
98724  -52.042  -3.684  32.707 0.0000000000
98698  -53.065  -3.517  34.190 0.0000000000
78613  -36.875  -21.136  35.702 0.0000000000
78627  -36.817  -22.085  35.026 0.0000000000
79846  -37.476  -21.297  34.678 0.0000000000
82057  -39.457  -19.327  40.448 0.0000000000
80906  -39.023  -19.610  39.581 0.0000000000
80907  -40.065  -19.464  39.830 0.0000000000
78574  -43.421  -20.967  37.742 0.0000000000
77361  -42.335  -21.273  37.654 0.0000000000
78619  -42.722  -20.877  37.122 0.0000000000
78631  -42.257  -20.792  36.624 0.0000000000
79836  -43.346  -20.366  36.967 0.0000000000
80997  -43.720  -19.760  36.761 0.0000000000
79854  -44.081  -19.972  36.932 0.0000000000
56214  -11.185  -40.293  55.566 0.0000000000
57402  -11.647  -39.808  56.561 0.0000000000
56199  -11.210  -40.405  56.077 0.0000000000
57389  -4.837  -40.101  57.025 0.0000000000
57360  -2.196  -40.581  58.855 0.0000000000
58582  -2.561  -39.380  58.943 0.0000000000
81967  -35.049  -18.952  47.528 0.0000000000
56312  -20.244  -40.476  48.117 0.0000000000
54912  -7.477  -40.281  61.819 0.0000000000
54870  -7.361  -39.739  62.391 0.0000000000
54869  -6.993  -39.734  62.365 0.0000000000
56086  -6.751  -39.392  62.710 0.0000000000
56099  -6.691  -39.525  62.181 0.0000000000
66690  -34.550  -31.119  49.539 0.0000000000
66709  -34.235  -31.224  48.341 0.0000000000
67947  -34.661  -30.320  49.232 0.0000000000
69133  -35.081  -29.572  50.182 0.0000000000
65395  -20.941  -33.156  50.766 0.0000000000
66636  -22.550  -30.848  51.137 0.0000000000
65383  -31.439  -31.630  51.827 0.0000000000
65382  -30.924  -31.476  51.590 0.0000000000
65397  -31.317  -31.998  51.120 0.0000000000
65454  -31.864  -31.984  48.923 0.0000000000
65433  -31.295  -31.728  49.429 0.0000000000
65475  -31.265  -31.858  46.984 0.0000000000
64209  -31.771  -32.248  47.319 0.0000000000
64229  -32.156  -32.801  46.876 0.0000000000
64251  -32.784  -34.005  46.660 0.0000000000
66556  -23.706  -30.644  57.993 0.0000000000
66555  -22.632  -31.423  58.075 0.0000000000
65340  -21.336  -32.850  56.236 0.0000000000
66596  -21.768  -31.286  55.729 0.0000000000
65381  -21.231  -32.859  52.096 0.0000000000
78590  -35.614  -21.805  36.658 0.0000000000
82040  -42.568  -19.061  41.358 0.0000000000
80910  -42.363  -19.572  40.575 0.0000000000
80932  -44.160  -20.068  39.501 0.0000000000
58683  -16.939  -39.298  51.939 0.0000000000
57456  -17.254  -39.551  53.320 0.0000000000
57468  -16.593  -39.219  52.313 0.0000000000
58671  -14.478  -38.576  53.184 0.0000000000
58672  -15.630  -38.555  53.837 0.0000000000
58649  -14.634  -38.337  55.642 0.0000000000
58661  -13.353  -38.847  54.072 0.0000000000
57451  -11.898  -40.140  52.969 0.0000000000
57439  -11.776  -39.920  54.245 0.0000000000
57450  -11.146  -40.749  53.180 0.0000000000
56246  -10.348  -41.155  52.877 0.0000000000
64135  -34.035  -31.246  52.517 0.0000000000
65374  -34.492  -30.334  52.555 0.0000000000
65361  -34.384  -30.194  52.984 0.0000000000
69078  -35.930  -28.982  54.203 0.0000000000
70186  -36.149  -28.237  54.016 0.0000000000
67796  -29.731  -29.685  55.784 0.0000000000
66581  -29.699  -29.708  54.761 0.0000000000
66582  -30.329  -29.761  54.791 0.0000000000
69019  -32.997  -29.100  57.873 0.0000000000
67763  -32.483  -29.400  57.554 0.0000000000
66563  -32.762  -30.298  55.311 0.0000000000
67799  -32.518  -29.912  56.103 0.0000000000
66584  -32.285  -30.507  54.612 0.0000000000
66583  -31.448  -30.203  54.307 0.0000000000
65341  -31.992  -30.665  54.149 0.0000000000
65355  -31.827  -30.797  53.549 0.0000000000
65342  -32.391  -30.990  54.146 0.0000000000
65345  -33.946  -30.898  54.013 0.0000000000
65357  -32.826  -31.466  53.772 0.0000000000
64122  -33.744  -31.167  53.013 0.0000000000
64134  -33.607  -31.466  52.431 0.0000000000
69014  -28.700  -29.402  58.421 0.0000000000
67774  -27.335  -29.729  58.058 0.0000000000
66559  -26.298  -29.686  57.195 0.0000000000
84565  -41.623  -17.292  36.090 0.0000000000
85711  -41.033  -16.722  36.066 0.0000000000
85699  -41.292  -16.149  36.218 0.0000000000
88083  -43.248  -14.589  36.869 0.0000000000
88082  -42.193  -14.653  36.630 0.0000000000
90508  -41.202  -13.120  36.123 0.0000000000
90520  -42.914  -12.378  37.226 0.0000000000
89284  -46.522  -13.138  37.974 0.0000000000
89302  -45.839  -13.226  37.520 0.0000000000
89303  -46.451  -12.436  37.627 0.0000000000
91727  -45.493  -11.109  36.928 0.0000000000
91725  -43.493  -11.307  36.826 0.0000000000
92993  -43.910  -10.387  36.526 0.0000000000
94111  -43.248  -9.917  36.031 0.0000000000
94125  -44.046  -9.170  36.069 0.0000000000
95227  -45.529  -8.018  36.307 0.0000000000
95226  -44.829  -8.183  35.887 0.0000000000
96358  -44.779  -7.357  35.470 0.0000000000
96369  -44.625  -6.720  34.433 0.0000000000
96359  -45.763  -6.866  35.591 0.0000000000
97554  -46.382  -6.472  35.137 0.0000000000
97532  -48.161  -6.922  38.209 0.0000000000
97542  -47.478  -6.757  37.681 0.0000000000
97543  -47.838  -6.170  37.915 0.0000000000
99842  -48.671  -5.332  38.051 0.0000000000
98679  -50.772  -6.221  38.667 0.0000000000
77241  -30.535  -23.757  47.820 0.0000000000
78490  -31.423  -21.492  46.490 0.0000000000
78488  -30.517  -22.572  46.005 0.0000000000
78489  -31.219  -21.926  45.862 0.0000000000
77283  -30.895  -22.496  45.134 0.0000000000
79698  -33.823  -19.568  46.553 0.0000000000
79720  -33.831  -19.905  43.662 0.0000000000
79719  -32.765  -20.283  43.974 0.0000000000
79734  -31.991  -21.049  42.066 0.0000000000
80888  -34.022  -19.040  41.177 0.0000000000
80903  -33.619  -19.235  40.505 0.0000000000
82032  -34.753  -18.623  40.728 0.0000000000
82033  -35.545  -18.241  40.929 0.0000000000
82035  -37.312  -18.236  41.239 0.0000000000
83296  -37.757  -17.884  40.712 0.0000000000
83297  -38.314  -18.215  40.840 0.0000000000
83284  -38.661  -18.083  41.579 0.0000000000
84474  -40.392  -17.329  42.955 0.0000000000
83270  -40.651  -17.910  42.674 0.0000000000
82023  -42.131  -18.968  42.036 0.0000000000
56274  -19.972  -40.396  51.891 0.0000000000
55080  -19.563  -40.422  52.839 0.0000000000
55079  -19.182  -40.518  52.501 0.0000000000
55093  -19.069  -40.664  51.368 0.0000000000
55110  -18.554  -40.508  49.596 0.0000000000
56289  -18.404  -40.156  50.273 0.0000000000
56273  -18.499  -40.176  50.906 0.0000000000
56288  -17.909  -39.795  49.760 0.0000000000
57514  -17.090  -39.935  49.545 0.0000000000
61867  -3.226  -36.478  63.358 0.0000000000
68004  -34.897  -30.956  45.003 0.0000000000
71419  -34.613  -29.006  45.716 0.0000000000
73628  -32.924  -27.766  47.962 0.0000000000
72522  -32.522  -28.064  47.089 0.0000000000
66640  -34.891  -29.964  52.031 0.0000000000
66657  -34.911  -30.352  51.677 0.0000000000
69115  -35.376  -29.019  52.347 0.0000000000
71357  -36.872  -28.011  51.163 0.0000000000
70229  -35.615  -28.150  51.270 0.0000000000
71368  -36.074  -27.725  50.922 0.0000000000
71383  -35.156  -28.478  50.419 0.0000000000
74743  -35.846  -26.003  50.607 0.0000000000
74753  -35.221  -26.622  50.804 0.0000000000
73599  -35.287  -27.036  50.644 0.0000000000
73598  -34.485  -27.190  50.467 0.0000000000
73606  -33.884  -27.236  49.751 0.0000000000
74752  -34.370  -26.952  50.670 0.0000000000
74750  -32.933  -26.073  49.885 0.0000000000
75997  -32.247  -25.450  49.382 0.0000000000
76010  -31.340  -25.062  48.630 0.0000000000
77209  -31.998  -22.854  50.967 0.0000000000
77208  -31.662  -23.130  50.210 0.0000000000
78442  -31.794  -21.825  50.325 0.0000000000
78455  -31.773  -21.416  49.081 0.0000000000
79646  -33.564  -21.446  52.795 0.0000000000
80795  -34.210  -20.675  52.927 0.0000000000
81925  -33.618  -19.525  50.055 0.0000000000
66652  -21.424  -32.347  49.674 0.0000000000
64188  -20.943  -34.400  48.606 0.0000000000
67837  -26.545  -28.986  54.699 0.0000000000
67901  -27.028  -29.615  51.404 0.0000000000
69114  -26.344  -29.672  51.231 0.0000000000
69121  -26.458  -29.730  50.918 0.0000000000
67920  -25.852  -29.593  50.443 0.0000000000
66654  -29.662  -30.491  50.297 0.0000000000
66672  -29.499  -30.400  49.233 0.0000000000
60918  -21.320  -36.650  54.289 0.0000000000
59794  -20.722  -37.151  53.807 0.0000000000
64119  -21.264  -33.995  54.228 0.0000000000
60968  -20.636  -36.996  50.479 0.0000000000
62020  -20.799  -35.982  52.262 0.0000000000
59816  -20.441  -37.898  51.252 0.0000000000
58725  -21.197  -38.703  49.159 0.0000000000
97556  -47.526  -5.521  34.375 0.0000000000
98695  -48.869  -4.725  34.165 0.0000000000
97565  -48.006  -5.688  33.432 0.0000000000
98706  -48.683  -5.315  33.457 0.0000000000
98719  -49.071  -5.444  32.929 0.0000000000
99858  -50.825  -3.763  36.153 0.0000000000
99869  -50.175  -3.839  35.451 0.0000000000
99904  -50.594  -4.316  33.154 0.0000000000
99903  -50.119  -4.474  33.211 0.0000000000
98721  -50.112  -4.711  32.637 0.0000000000
97577  -49.713  -5.359  32.085 0.0000000000
96396  -50.287  -6.049  31.160 0.0000000000
96398  -51.064  -5.126  31.097 0.0000000000
96412  -50.985  -5.285  30.836 0.0000000000
97596  -50.983  -5.709  30.123 0.0000000000
97602  -50.947  -5.058  30.374 0.0000000000
98725  -52.714  -3.338  32.855 0.0000000000
98735  -52.251  -3.326  32.068 0.0000000000
99915  -52.585  -2.756  32.116 0.0000000000
101049  -52.741  -2.108  32.189 0.0000000000
101042  -53.088  -2.420  32.523 0.0000000000
157038  -6.797  -42.015  55.199 0.0000000000
76039  -30.386  -24.795  45.836 0.0000000000
79865  -38.035  -20.629  34.203 0.0000000000
81006  -38.588  -19.830  34.224 0.0000000000
82162  -38.726  -19.643  33.875 0.0000000000
81007  -39.081  -19.584  34.886 0.0000000000
82073  -36.328  -18.565  38.933 0.0000000000
82074  -37.177  -18.776  38.344 0.0000000000
79768  -38.530  -19.686  38.075 0.0000000000
78567  -38.196  -20.456  37.301 0.0000000000
78532  -41.276  -19.583  39.246 0.0000000000
78531  -40.322  -19.641  38.791 0.0000000000
78548  -40.875  -19.986  38.710 0.0000000000
77400  -40.842  -21.414  36.931 0.0000000000
77358  -40.084  -21.020  37.874 0.0000000000
77399  -40.031  -21.481  36.940 0.0000000000
77398  -39.290  -21.453  37.016 0.0000000000
78615  -39.482  -21.462  36.416 0.0000000000
79835  -39.527  -21.320  36.096 0.0000000000
78628  -39.933  -21.557  36.042 0.0000000000
80994  -41.411  -20.016  35.886 0.0000000000
80993  -40.377  -20.268  35.568 0.0000000000
81009  -40.691  -19.797  35.466 0.0000000000
83380  -41.234  -18.053  35.630 0.0000000000
83367  -41.730  -18.660  36.123 0.0000000000
82149  -43.854  -18.269  37.384 0.0000000000
83383  -43.498  -17.855  37.319 0.0000000000
83384  -43.960  -17.725  37.446 0.0000000000
85715  -44.032  -16.578  37.420 0.0000000000
84569  -44.311  -17.171  37.542 0.0000000000
56183  -10.100  -40.923  57.301 0.0000000000
54968  -10.624  -40.377  58.441 0.0000000000
54985  -9.909  -41.000  58.257 0.0000000000
53866  -9.576  -41.310  58.663 0.0000000000
56182  -9.235  -41.394  57.632 0.0000000000
157043  -8.678  -41.373  57.046 0.0000000000
53903  -8.053  -41.775  53.580 0.0000000000
56164  -6.785  -40.884  57.470 0.0000000000
56163  -6.423  -40.478  58.115 0.0000000000
57347  -5.936  -39.499  59.765 0.0000000000
57346  -5.246  -39.199  60.259 0.0000000000
57387  -3.209  -40.932  57.573 0.0000000000
58584  -4.008  -39.259  59.399 0.0000000000
58563  -4.510  -38.500  61.289 0.0000000000
59699  -4.061  -37.730  61.868 0.0000000000
60816  -3.073  -37.227  60.852 0.0000000000
60806  -2.726  -36.695  61.649 0.0000000000
57358  -0.982  -40.425  59.101 0.0000000000
54934  -7.691  -40.634  61.133 0.0000000000
65477  -34.302  -31.681  49.013 0.0000000000
67937  -34.931  -30.611  50.310 0.0000000000
67876  -24.878  -29.482  52.410 0.0000000000
64146  -32.238  -32.029  51.514 0.0000000000
65398  -31.632  -32.203  50.891 0.0000000000
64173  -32.121  -32.507  50.002 0.0000000000
64189  -32.316  -32.361  49.099 0.0000000000
64211  -32.812  -32.763  48.371 0.0000000000
64230  -32.896  -32.952  47.171 0.0000000000
64212  -33.000  -33.063  48.802 0.0000000000
64232  -33.050  -33.431  48.315 0.0000000000
66545  -25.726  -30.201  58.527 0.0000000000
66578  -24.001  -30.085  56.954 0.0000000000
66597  -22.442  -30.577  55.966 0.0000000000
67833  -22.312  -30.518  55.583 0.0000000000
67851  -22.210  -30.412  54.888 0.0000000000
95246  -43.136  -8.306  33.179 0.0000000000
97586  -47.305  -6.512  31.735 0.0000000000
72535  -32.428  -28.403  46.219 0.0000000000
79747  -32.532  -20.311  40.287 0.0000000000
79765  -31.789  -21.103  39.563 0.0000000000
79788  -31.996  -21.231  38.517 0.0000000000
79816  -34.993  -21.357  37.032 0.0000000000
58682  -14.076  -38.938  52.251 0.0000000000
58670  -13.162  -39.148  52.883 0.0000000000
58669  -12.697  -39.643  52.188 0.0000000000
56260  -11.459  -41.060  51.915 0.0000000000
66601  -34.262  -30.160  53.957 0.0000000000
66602  -34.572  -29.840  53.663 0.0000000000
67823  -35.261  -29.547  54.665 0.0000000000
69067  -36.075  -29.077  54.984 0.0000000000
70178  -36.313  -28.440  54.813 0.0000000000
67775  -28.165  -29.337  57.655 0.0000000000
67795  -28.398  -29.373  56.298 0.0000000000
67777  -30.197  -29.539  56.846 0.0000000000
67781  -33.662  -29.616  56.777 0.0000000000
67801  -33.815  -29.921  55.897 0.0000000000
66564  -33.377  -30.342  55.270 0.0000000000
66586  -33.458  -30.764  54.660 0.0000000000
66588  -34.103  -30.262  54.354 0.0000000000
86838  -43.378  -16.081  36.531 0.0000000000
86837  -42.707  -16.095  36.385 0.0000000000
86822  -43.699  -15.382  36.752 0.0000000000
89300  -43.872  -13.588  37.339 0.0000000000
91714  -47.495  -11.555  37.249 0.0000000000
90524  -46.768  -11.702  37.302 0.0000000000
91729  -47.070  -10.957  37.139 0.0000000000
92995  -45.531  -9.851  37.181 0.0000000000
93012  -44.953  -9.158  37.072 0.0000000000
94113  -46.010  -8.851  37.448 0.0000000000
95214  -46.253  -8.133  36.772 0.0000000000
96350  -46.512  -7.077  36.568 0.0000000000
95202  -47.011  -8.022  36.955 0.0000000000
96324  -47.884  -7.830  38.090 0.0000000000
96325  -48.724  -7.763  38.548 0.0000000000
78454  -31.237  -22.182  48.725 0.0000000000
78468  -30.955  -21.991  47.794 0.0000000000
78480  -31.518  -21.321  47.122 0.0000000000
79701  -32.026  -20.909  46.184 0.0000000000
79711  -34.854  -19.548  45.125 0.0000000000
79727  -33.909  -19.735  42.841 0.0000000000
80878  -34.518  -19.105  42.384 0.0000000000
82020  -36.864  -18.472  42.058 0.0000000000
82021  -37.421  -18.395  41.959 0.0000000000
57459  -20.514  -39.150  54.064 0.0000000000
57472  -20.515  -39.228  52.931 0.0000000000
57484  -20.149  -40.236  51.830 0.0000000000
55095  -19.877  -40.488  51.482 0.0000000000
55138  -18.551  -41.831  47.607 0.0000000000
56301  -17.197  -40.749  48.977 0.0000000000
101069  -51.136  -2.980  30.964 0.0000000000
101080  -50.618  -3.940  30.432 0.0000000000
102175  -51.141  -2.288  30.718 0.0000000000
103234  -51.075  -1.489  30.525 0.0000000000
59683  -4.434  -36.965  63.107 0.0000000000
67978  -34.384  -30.847  46.714 0.0000000000
67992  -34.518  -30.977  45.743 0.0000000000
70267  -34.642  -29.333  46.596 0.0000000000
71405  -34.297  -29.101  46.722 0.0000000000
71406  -34.246  -29.046  47.517 0.0000000000
72509  -33.556  -28.261  48.278 0.0000000000
73616  -33.450  -27.684  48.785 0.0000000000
70205  -36.139  -27.834  52.625 0.0000000000
69116  -35.571  -28.658  52.558 0.0000000000
71348  -37.099  -27.662  52.002 0.0000000000
72469  -37.644  -27.711  51.500 0.0000000000
75965  -35.927  -25.931  52.594 0.0000000000
75986  -34.052  -26.498  51.028 0.0000000000
75983  -32.082  -24.035  50.420 0.0000000000
75974  -32.304  -24.185  50.925 0.0000000000
77195  -32.430  -23.505  51.463 0.0000000000
78429  -32.522  -22.221  51.539 0.0000000000
81908  -34.531  -19.719  52.648 0.0000000000
66671  -22.009  -31.730  48.544 0.0000000000
67856  -28.326  -29.214  53.181 0.0000000000
67922  -28.104  -29.405  50.654 0.0000000000
66689  -30.010  -30.889  48.530 0.0000000000
63039  -20.946  -35.076  52.660 0.0000000000
59848  -21.422  -37.914  48.644 0.0000000000
59863  -21.684  -37.975  47.398 0.0000000000
99866  -47.767  -4.698  36.191 0.0000000000
99879  -48.076  -4.573  35.328 0.0000000000
99880  -48.695  -4.322  34.973 0.0000000000
99883  -51.224  -3.675  34.397 0.0000000000
99893  -51.167  -3.964  33.483 0.0000000000
98722  -50.819  -4.376  32.749 0.0000000000
97589  -50.582  -4.980  31.829 0.0000000000
98733  -51.064  -4.439  32.298 0.0000000000
97591  -51.240  -4.418  31.736 0.0000000000
53901  -7.149  -43.111  54.899 0.0000000000
77282  -29.961  -23.217  45.129 0.0000000000
76089  -29.947  -24.610  43.433 0.0000000000
80928  -38.540  -19.419  39.017 0.0000000000
79769  -38.871  -20.020  38.825 0.0000000000
80929  -41.996  -20.486  38.838 0.0000000000
79819  -40.785  -21.083  38.659 0.0000000000
78572  -42.196  -21.152  38.079 0.0000000000
77379  -42.034  -21.340  37.357 0.0000000000
78617  -41.181  -21.369  36.515 0.0000000000
78629  -40.660  -21.405  36.028 0.0000000000
78630  -41.534  -21.125  36.238 0.0000000000
79850  -41.862  -20.599  36.273 0.0000000000
82131  -42.125  -19.679  36.498 0.0000000000
83355  -42.360  -19.079  36.836 0.0000000000
82133  -43.018  -19.059  36.915 0.0000000000
82134  -43.965  -18.756  36.866 0.0000000000
82135  -44.219  -18.370  37.474 0.0000000000
58629  -11.969  -39.516  56.721 0.0000000000
57390  -11.815  -39.591  57.053 0.0000000000
54987  -10.941  -40.262  57.663 0.0000000000
56212  -9.398  -41.312  55.488 0.0000000000
57377  -5.523  -39.992  57.664 0.0000000000
57374  -2.571  -40.526  58.524 0.0000000000
58594  -2.905  -39.721  58.491 0.0000000000
59724  -3.346  -38.225  60.023 0.0000000000
59710  -3.557  -37.871  60.793 0.0000000000
59723  -2.769  -37.769  59.974 0.0000000000
69039  -34.296  -29.228  56.944 0.0000000000
86825  -45.890  -14.829  38.118 0.0000000000
88086  -45.671  -14.296  37.890 0.0000000000
88070  -46.739  -14.042  38.141 0.0000000000
92982  -48.426  -10.605  37.484 0.0000000000
94099  -48.515  -10.099  37.581 0.0000000000
94090  -48.659  -9.566  37.881 0.0000000000
80831  -33.515  -19.736  48.284 0.0000000000
81966  -34.249  -19.213  47.671 0.0000000000
80842  -34.175  -19.271  47.193 0.0000000000
80847  -34.978  -19.323  46.720 0.0000000000
80852  -35.494  -19.362  45.892 0.0000000000
83245  -37.195  -18.524  43.932 0.0000000000
56304  -20.370  -39.825  49.946 0.0000000000
56303  -20.148  -40.348  49.332 0.0000000000
55151  -19.795  -41.066  47.339 0.0000000000
56085  -6.439  -39.022  63.114 0.0000000000
57309  -5.930  -38.799  62.985 0.0000000000
66725  -33.792  -31.787  46.474 0.0000000000
66708  -33.870  -31.707  47.433 0.0000000000
66726  -34.162  -31.236  47.154 0.0000000000
70238  -34.856  -29.066  49.668 0.0000000000
64172  -21.028  -34.609  49.646 0.0000000000
66653  -22.055  -31.146  49.838 0.0000000000
67932  -23.964  -29.939  48.740 0.0000000000
66613  -30.752  -30.398  52.730 0.0000000000
66638  -30.429  -31.058  51.410 0.0000000000
66655  -30.209  -31.172  50.641 0.0000000000
65413  -31.232  -31.899  50.360 0.0000000000
65412  -30.696  -31.525  50.053 0.0000000000
65432  -30.694  -31.353  48.968 0.0000000000
65452  -30.746  -31.038  47.715 0.0000000000
64144  -20.978  -34.126  51.766 0.0000000000
93008  -41.398  -11.002  34.465 0.0000000000
99845  -51.234  -4.090  37.265 0.0000000000
98690  -53.053  -3.437  34.697 0.0000000000
78516  -31.519  -21.973  42.602 0.0000000000
78515  -30.745  -22.769  42.017 0.0000000000
80889  -41.317  -19.427  40.804 0.0000000000
80908  -40.977  -19.573  40.144 0.0000000000
80909  -41.838  -19.519  40.372 0.0000000000
79751  -41.560  -19.662  39.893 0.0000000000
78533  -42.080  -20.020  39.834 0.0000000000
79773  -42.244  -20.331  39.261 0.0000000000
80930  -42.741  -20.394  38.984 0.0000000000
80954  -43.773  -20.224  38.835 0.0000000000
79799  -44.009  -20.134  38.364 0.0000000000
79822  -44.211  -19.951  38.139 0.0000000000
57454  -15.707  -38.836  52.787 0.0000000000
58673  -16.244  -38.776  54.310 0.0000000000
58647  -12.208  -39.411  55.669 0.0000000000
57420  -11.583  -39.850  55.237 0.0000000000
57419  -11.208  -40.244  54.636 0.0000000000
56231  -10.272  -40.933  53.904 0.0000000000
55023  -9.754  -41.070  54.007 0.0000000000
55061  -9.508  -41.221  52.982 0.0000000000
64177  -33.984  -32.166  50.993 0.0000000000
65415  -34.382  -31.935  50.875 0.0000000000
65399  -34.532  -31.537  51.516 0.0000000000
66626  -34.683  -30.061  52.386 0.0000000000
67881  -35.162  -29.230  52.998 0.0000000000
66603  -34.845  -29.569  53.437 0.0000000000
67859  -35.530  -28.998  53.364 0.0000000000
69101  -35.745  -28.515  53.142 0.0000000000
70195  -36.084  -27.948  53.320 0.0000000000
70170  -36.213  -28.425  55.772 0.0000000000
67838  -27.928  -29.108  54.287 0.0000000000
66612  -29.934  -29.911  53.229 0.0000000000
69036  -31.646  -29.405  57.621 0.0000000000
67778  -31.208  -29.434  56.870 0.0000000000
67798  -31.668  -29.608  56.047 0.0000000000
66561  -31.127  -29.689  55.226 0.0000000000
66599  -30.616  -29.993  53.750 0.0000000000
66614  -31.413  -30.699  52.838 0.0000000000
65369  -31.174  -31.055  52.206 0.0000000000
65343  -32.973  -31.244  54.214 0.0000000000
65371  -32.295  -31.442  52.611 0.0000000000
64132  -32.510  -31.625  52.134 0.0000000000
64147  -32.821  -31.907  51.624 0.0000000000
64162  -33.725  -32.063  51.373 0.0000000000
67760  -27.232  -30.170  58.730 0.0000000000
66558  -25.721  -29.918  57.106 0.0000000000
66580  -25.444  -29.914  56.352 0.0000000000
85697  -40.567  -16.198  35.437 0.0000000000
86820  -41.853  -15.635  36.484 0.0000000000
88081  -41.087  -14.561  35.937 0.0000000000
88096  -40.757  -14.485  35.217 0.0000000000
89301  -44.753  -13.299  37.350 0.0000000000
90521  -44.181  -12.238  37.540 0.0000000000
90523  -46.030  -11.917  37.365 0.0000000000
91724  -42.144  -11.223  36.242 0.0000000000
91742  -41.477  -11.211  35.395 0.0000000000
94123  -42.690  -9.707  35.322 0.0000000000
95223  -43.144  -9.282  35.204 0.0000000000
95235  -42.924  -9.084  34.717 0.0000000000
94126  -44.624  -8.784  36.427 0.0000000000
95225  -43.957  -8.221  35.459 0.0000000000
96367  -43.610  -7.820  34.554 0.0000000000
96377  -44.003  -7.432  33.448 0.0000000000
97555  -46.800  -6.001  35.305 0.0000000000
97548  -46.944  -6.393  36.797 0.0000000000
98687  -47.172  -5.416  36.300 0.0000000000
99854  -47.660  -5.143  36.954 0.0000000000
99843  -49.338  -4.920  38.108 0.0000000000
95190  -48.593  -8.667  38.426 0.0000000000
98678  -50.270  -5.769  38.515 0.0000000000
98666  -50.499  -5.389  38.551 0.0000000000
76024  -31.011  -25.483  47.676 0.0000000000
76023  -30.481  -24.596  46.918 0.0000000000
77266  -30.147  -23.412  46.200 0.0000000000
78478  -30.522  -22.596  46.556 0.0000000000
78499  -30.849  -22.620  44.300 0.0000000000
78511  -31.462  -21.893  43.748 0.0000000000
79697  -32.878  -20.039  46.781 0.0000000000
79718  -31.961  -21.083  44.367 0.0000000000
80902  -33.236  -19.470  39.839 0.0000000000
82071  -34.035  -19.230  39.102 0.0000000000
82090  -34.653  -19.218  38.471 0.0000000000
82072  -34.995  -18.874  39.115 0.0000000000
82054  -36.299  -17.746  39.902 0.0000000000
82056  -38.416  -18.688  40.297 0.0000000000
83268  -38.526  -17.940  42.726 0.0000000000
83247  -39.351  -17.583  43.806 0.0000000000
83285  -39.772  -18.304  41.740 0.0000000000
82037  -39.935  -19.165  41.253 0.0000000000
82038  -40.851  -19.254  41.338 0.0000000000
82039  -41.729  -19.083  41.336 0.0000000000
55128  -19.713  -40.567  49.895 0.0000000000
55112  -19.392  -40.695  50.590 0.0000000000
55126  -18.729  -40.884  48.783 0.0000000000
55111  -18.967  -40.643  50.126 0.0000000000
55077  -18.425  -40.212  51.773 0.0000000000
56262  -17.931  -39.859  52.252 0.0000000000
58693  -17.096  -39.313  51.735 0.0000000000
57482  -16.641  -39.304  51.269 0.0000000000
57513  -16.649  -40.502  49.314 0.0000000000
57500  -16.276  -40.175  49.926 0.0000000000
57481  -15.476  -39.897  50.781 0.0000000000
104335  -52.260  -0.786  30.949 0.0000000000
103225  -51.378  -1.084  30.583 0.0000000000
72536  -33.479  -28.659  46.292 0.0000000000
74781  -31.839  -26.971  48.232 0.0000000000
66656  -34.911  -30.751  51.214 0.0000000000
67924  -35.017  -30.374  50.958 0.0000000000
67938  -35.090  -30.020  50.697 0.0000000000
69123  -35.665  -28.393  51.976 0.0000000000
69128  -35.094  -29.251  51.116 0.0000000000
70239  -35.043  -29.065  50.109 0.0000000000
72501  -34.989  -28.254  50.272 0.0000000000
73594  -37.501  -27.424  50.984 0.0000000000
74744  -36.577  -25.945  51.075 0.0000000000
73593  -36.810  -26.665  50.746 0.0000000000
73600  -36.089  -27.393  50.606 0.0000000000
72490  -35.125  -27.748  50.492 0.0000000000
72500  -34.418  -28.318  49.622 0.0000000000
72499  -33.767  -27.984  49.290 0.0000000000
73605  -33.572  -26.972  49.166 0.0000000000
74751  -33.584  -26.621  50.307 0.0000000000
74761  -33.380  -26.755  49.402 0.0000000000
73615  -33.142  -27.222  48.664 0.0000000000
74771  -32.459  -26.836  48.636 0.0000000000
74770  -31.661  -26.217  48.313 0.0000000000
77225  -31.181  -23.016  49.359 0.0000000000
80830  -33.104  -20.124  48.781 0.0000000000
78415  -33.062  -22.363  52.362 0.0000000000
79677  -32.801  -21.858  51.857 0.0000000000
79676  -32.628  -21.276  51.417 0.0000000000
80809  -33.645  -20.295  52.156 0.0000000000
80808  -33.055  -20.440  51.568 0.0000000000
80826  -32.985  -20.238  49.770 0.0000000000
67877  -26.375  -29.309  52.452 0.0000000000
67899  -24.937  -29.511  51.166 0.0000000000
67903  -29.265  -29.933  51.767 0.0000000000
67923  -29.158  -29.807  50.931 0.0000000000
67946  -28.638  -29.841  48.803 0.0000000000
67935  -27.875  -29.323  49.590 0.0000000000
67934  -26.647  -29.475  49.309 0.0000000000
67944  -26.286  -29.229  47.917 0.0000000000
59795  -20.696  -37.620  54.448 0.0000000000
59806  -20.552  -37.874  53.512 0.0000000000
58695  -20.692  -38.778  51.309 0.0000000000
63021  -21.250  -35.156  54.902 0.0000000000
62003  -21.002  -35.950  53.552 0.0000000000
60935  -20.800  -36.676  53.070 0.0000000000
57515  -20.747  -39.312  49.548 0.0000000000
56321  -20.759  -40.063  47.631 0.0000000000
97573  -46.812  -6.300  32.596 0.0000000000
97574  -47.695  -6.225  32.566 0.0000000000
97587  -48.001  -6.450  31.700 0.0000000000
97588  -48.356  -6.345  31.684 0.0000000000
96381  -48.907  -6.136  31.554 0.0000000000
99881  -49.483  -4.213  34.546 0.0000000000
99891  -49.893  -4.412  33.733 0.0000000000
96382  -49.446  -6.047  31.519 0.0000000000
96395  -49.682  -6.468  30.795 0.0000000000
96397  -50.721  -5.573  31.120 0.0000000000
98748  -50.873  -4.368  30.505 0.0000000000
99924  -51.561  -3.250  31.248 0.0000000000
101057  -51.993  -2.391  31.563 0.0000000000
101050  -53.377  -1.861  32.137 0.0000000000
157041  -8.312  -41.376  57.530 0.0000000000
157036  -7.800  -41.289  57.300 0.0000000000
157037  -6.244  -42.554  55.434 0.0000000000
157042  -5.922  -41.917  55.708 0.0000000000
56196  -5.277  -41.569  56.066 0.0000000000
74787  -30.741  -26.319  46.101 0.0000000000
73653  -30.348  -26.899  45.226 0.0000000000
77310  -30.293  -23.875  42.527 0.0000000000
83378  -39.388  -18.805  33.978 0.0000000000
80948  -36.154  -19.661  37.802 0.0000000000
79792  -36.657  -19.983  37.038 0.0000000000
82093  -37.428  -18.915  37.865 0.0000000000
80949  -37.154  -19.265  37.459 0.0000000000
79818  -36.639  -20.452  36.634 0.0000000000
78566  -37.343  -20.272  36.713 0.0000000000
78592  -37.728  -20.713  36.528 0.0000000000
78614  -38.463  -21.052  36.503 0.0000000000
79770  -39.662  -20.087  38.767 0.0000000000
78546  -39.355  -20.392  38.371 0.0000000000
78570  -40.605  -20.766  38.447 0.0000000000
78569  -39.764  -20.655  38.108 0.0000000000
78568  -39.012  -20.762  37.793 0.0000000000
77375  -39.032  -21.145  37.444 0.0000000000
80992  -39.320  -20.138  35.401 0.0000000000
82145  -39.658  -19.031  34.809 0.0000000000
84566  -42.538  -17.278  36.497 0.0000000000
83382  -42.798  -18.107  37.110 0.0000000000
85713  -42.999  -16.664  36.473 0.0000000000
85714  -43.505  -16.626  37.012 0.0000000000
86841  -44.717  -16.015  37.456 0.0000000000
80984  -44.378  -18.703  37.613 0.0000000000
53853  -9.802  -41.060  59.153 0.0000000000
53865  -9.380  -41.402  58.900 0.0000000000
57364  -8.900  -41.429  58.861 0.0000000000
157039  -8.744  -41.432  57.543 0.0000000000
53904  -8.511  -41.611  53.154 0.0000000000
54950  -7.157  -40.358  60.422 0.0000000000
54933  -6.979  -40.248  61.022 0.0000000000
56130  -6.625  -39.876  60.463 0.0000000000
56113  -6.575  -39.670  61.399 0.0000000000
56112  -6.232  -39.240  61.967 0.0000000000
57323  -5.795  -38.908  62.288 0.0000000000
57322  -5.368  -38.565  62.739 0.0000000000
57388  -3.741  -40.580  57.041 0.0000000000
58573  -4.487  -39.101  59.901 0.0000000000
57334  -5.190  -38.685  62.030 0.0000000000
59684  -4.534  -37.622  62.774 0.0000000000
60793  -3.765  -36.636  62.763 0.0000000000
60817  -3.447  -37.401  61.221 0.0000000000
60807  -3.525  -37.021  61.803 0.0000000000
59722  -2.143  -37.759  59.846 0.0000000000
53814  -7.664  -40.313  61.920 0.0000000000
54854  -7.066  -39.540  62.755 0.0000000000
54890  -7.013  -39.958  61.939 0.0000000000
54891  -7.331  -40.025  62.163 0.0000000000
54892  -7.684  -40.074  62.243 0.0000000000
54913  -7.575  -40.176  62.059 0.0000000000
54984  -9.093  -41.460  58.340 0.0000000000
55044  -9.747  -41.082  53.452 0.0000000000
55091  -18.494  -40.202  51.207 0.0000000000
55113  -19.798  -40.524  50.920 0.0000000000
56200  -11.406  -40.113  55.760 0.0000000000
56290  -20.083  -40.258  50.401 0.0000000000
57298  -5.660  -38.371  63.739 0.0000000000
57299  -6.037  -38.591  63.637 0.0000000000
57348  -9.321  -41.249  59.697 0.0000000000
57349  -9.322  -41.366  59.241 0.0000000000
57391  -11.713  -39.614  57.694 0.0000000000
57421  -12.337  -39.334  55.267 0.0000000000
57458  -20.384  -39.742  53.283 0.0000000000
57470  -20.179  -40.174  52.248 0.0000000000
57471  -20.380  -39.804  52.480 0.0000000000
57483  -17.459  -39.415  51.638 0.0000000000
57485  -20.285  -39.992  51.853 0.0000000000
58612  -12.166  -39.389  56.883 0.0000000000
58664  -16.266  -38.754  54.657 0.0000000000
58684  -17.023  -39.355  52.248 0.0000000000
58686  -20.513  -38.323  53.410 0.0000000000
58694  -17.184  -39.391  52.050 0.0000000000
60808  -3.656  -37.499  61.420 0.0000000000
60901  -21.948  -36.746  54.573 0.0000000000
61866  -2.781  -36.350  62.773 0.0000000000
62062  -21.128  -36.136  48.621 0.0000000000
64120  -32.778  -31.509  52.892 0.0000000000
64123  -34.088  -31.088  53.038 0.0000000000
64133  -33.073  -31.584  52.309 0.0000000000
64136  -34.317  -31.235  52.231 0.0000000000
64148  -33.399  -31.806  51.798 0.0000000000
64149  -33.929  -31.723  51.962 0.0000000000
64158  -31.636  -32.159  51.100 0.0000000000
64159  -31.987  -32.363  50.869 0.0000000000
64161  -33.189  -32.234  51.180 0.0000000000
64163  -34.203  -31.879  51.478 0.0000000000
64175  -33.056  -32.679  50.525 0.0000000000
64191  -32.991  -32.984  49.731 0.0000000000
65346  -34.087  -30.598  53.830 0.0000000000
65358  -33.633  -31.231  53.579 0.0000000000
65359  -33.956  -30.949  53.422 0.0000000000
65370  -31.791  -31.232  52.621 0.0000000000
65372  -33.986  -30.912  52.952 0.0000000000
65373  -34.258  -30.854  52.559 0.0000000000
65384  -31.963  -31.662  52.004 0.0000000000
65385  -34.523  -31.213  51.992 0.0000000000
65386  -34.612  -30.734  52.150 0.0000000000
65400  -34.744  -31.086  51.650 0.0000000000
65414  -31.648  -32.231  50.537 0.0000000000
65416  -34.721  -31.421  51.050 0.0000000000
65436  -34.567  -31.702  50.460 0.0000000000
65456  -34.485  -31.696  49.793 0.0000000000
66560  -30.472  -29.655  55.408 0.0000000000
66565  -33.809  -30.179  55.131 0.0000000000
66567  -34.407  -29.841  54.803 0.0000000000
66587  -33.836  -30.571  54.539 0.0000000000
66589  -34.477  -29.865  54.328 0.0000000000
66615  -34.590  -29.835  52.962 0.0000000000
66627  -34.887  -29.615  52.560 0.0000000000
67780  -33.017  -29.646  56.836 0.0000000000
67793  -26.242  -29.716  56.763 0.0000000000
67804  -35.203  -29.561  55.174 0.0000000000
67815  -23.522  -30.038  56.399 0.0000000000
67821  -29.682  -29.716  55.068 0.0000000000
67840  -34.905  -29.639  54.272 0.0000000000
67842  -35.589  -29.134  53.732 0.0000000000
67858  -35.199  -29.323  53.453 0.0000000000
67882  -35.495  -28.900  53.037 0.0000000000
67904  -35.176  -29.332  52.393 0.0000000000
69015  -29.364  -29.382  58.692 0.0000000000
69033  -28.946  -29.321  57.806 0.0000000000
69037  -32.072  -29.397  57.583 0.0000000000
69054  -34.977  -29.466  56.094 0.0000000000
69077  -35.672  -29.358  54.577 0.0000000000
69113  -26.109  -29.628  51.300 0.0000000000
69120  -26.141  -29.627  51.067 0.0000000000
69122  -35.331  -29.022  51.939 0.0000000000
69173  -35.003  -30.438  45.617 0.0000000000
70138  -29.154  -29.339  58.160 0.0000000000
70155  -29.159  -29.358  57.887 0.0000000000
70156  -29.357  -29.393  57.970 0.0000000000
70157  -34.569  -29.096  56.946 0.0000000000
70222  -35.438  -28.518  51.476 0.0000000000
70223  -35.921  -27.961  51.568 0.0000000000
71356  -36.762  -28.023  50.727 0.0000000000
71369  -35.910  -27.805  51.178 0.0000000000
72481  -37.630  -28.005  50.802 0.0000000000
73614  -32.682  -27.240  48.423 0.0000000000
73626  -31.670  -27.286  47.474 0.0000000000
74772  -33.034  -26.735  48.904 0.0000000000
75962  -33.176  -24.616  52.324 0.0000000000
75973  -32.181  -23.953  50.699 0.0000000000
77180  -32.815  -23.033  51.963 0.0000000000
77255  -30.599  -22.634  47.363 0.0000000000
77356  -39.170  -20.955  37.702 0.0000000000
77360  -41.708  -21.253  37.811 0.0000000000
77376  -39.700  -21.242  37.447 0.0000000000
77377  -40.465  -21.285  37.440 0.0000000000
77378  -41.294  -21.338  37.413 0.0000000000
77380  -42.574  -21.182  37.350 0.0000000000
77401  -41.651  -21.378  36.977 0.0000000000
77403  -42.522  -21.088  37.138 0.0000000000
78400  -33.406  -22.041  52.858 0.0000000000
78430  -32.818  -22.139  51.917 0.0000000000
78521  -42.886  -19.908  41.026 0.0000000000
78550  -42.613  -20.536  39.837 0.0000000000
78571  -41.321  -21.021  38.360 0.0000000000
78573  -42.918  -21.167  37.763 0.0000000000
78594  -40.565  -21.056  38.728 0.0000000000
78595  -40.702  -21.134  38.733 0.0000000000
78596  -42.876  -21.049  37.424 0.0000000000
78597  -43.214  -20.914  37.484 0.0000000000
78618  -41.974  -21.178  36.722 0.0000000000
78620  -43.394  -20.611  37.246 0.0000000000
78632  -42.860  -20.451  36.867 0.0000000000
79665  -32.773  -20.843  51.489 0.0000000000
79708  -31.834  -21.293  45.351 0.0000000000
79736  -42.867  -19.870  40.760 0.0000000000
79749  -39.694  -19.772  39.180 0.0000000000
79771  -41.118  -20.020  38.697 0.0000000000
79772  -41.416  -20.178  38.827 0.0000000000
79774  -43.027  -20.480  39.519 0.0000000000
79794  -40.977  -20.436  38.617 0.0000000000
79795  -41.401  -20.685  38.554 0.0000000000
79796  -42.103  -20.909  38.316 0.0000000000
79798  -43.466  -20.761  38.198 0.0000000000
79820  -41.067  -21.046  38.501 0.0000000000
79837  -43.762  -20.228  37.094 0.0000000000
79838  -44.061  -19.929  37.573 0.0000000000
79839  -44.294  -19.239  37.854 0.0000000000
79851  -42.639  -20.353  36.655 0.0000000000
79852  -43.335  -20.171  36.755 0.0000000000
79853  -43.723  -19.989  36.797 0.0000000000
80841  -33.670  -19.602  47.746 0.0000000000
80926  -37.229  -18.700  38.711 0.0000000000
80931  -43.559  -20.304  39.148 0.0000000000
80950  -37.703  -19.119  37.597 0.0000000000
80951  -42.049  -20.704  38.528 0.0000000000
80952  -42.427  -20.645  38.619 0.0000000000
80953  -43.113  -20.520  38.663 0.0000000000
80972  -37.315  -19.164  37.509 0.0000000000
80973  -37.478  -19.233  37.439 0.0000000000
80983  -44.032  -19.292  37.156 0.0000000000
80995  -42.344  -20.114  36.511 0.0000000000
80998  -43.649  -19.325  37.000 0.0000000000
81952  -33.541  -19.625  48.580 0.0000000000
82051  -33.737  -19.242  39.589 0.0000000000
82070  -33.588  -19.381  39.385 0.0000000000
82110  -37.244  -19.046  37.662 0.0000000000
82111  -37.474  -19.070  37.593 0.0000000000
82118  -41.909  -19.233  36.426 0.0000000000
82119  -42.089  -19.317  36.573 0.0000000000
82120  -42.440  -19.404  36.758 0.0000000000
82132  -42.795  -19.550  36.865 0.0000000000
82143  -38.744  -19.608  34.119 0.0000000000
82147  -42.774  -18.910  37.248 0.0000000000
82150  -44.178  -17.932  37.455 0.0000000000
83243  -36.163  -18.576  43.402 0.0000000000
83265  -36.164  -18.487  43.167 0.0000000000
83295  -37.997  -17.710  40.554 0.0000000000
83313  -38.002  -17.669  40.907 0.0000000000
83314  -37.942  -17.834  40.750 0.0000000000
83315  -38.018  -18.181  40.295 0.0000000000
83354  -41.976  -19.016  36.530 0.0000000000
83356  -42.623  -19.257  36.927 0.0000000000
83368  -42.268  -18.584  36.766 0.0000000000
83369  -42.666  -18.925  37.056 0.0000000000
83385  -44.267  -17.631  37.508 0.0000000000
84463  -40.034  -17.180  43.250 0.0000000000
84464  -40.519  -17.373  43.211 0.0000000000
84473  -40.156  -17.390  42.796 0.0000000000
84484  -38.030  -18.283  41.300 0.0000000000
84485  -38.316  -18.109  41.285 0.0000000000
84494  -37.930  -17.418  41.041 0.0000000000
84495  -37.931  -17.815  40.860 0.0000000000
84496  -38.220  -18.039  41.089 0.0000000000
84510  -38.309  -17.033  41.060 0.0000000000
84511  -38.167  -17.760  40.829 0.0000000000
84512  -38.128  -17.995  40.788 0.0000000000
84551  -44.980  -16.887  37.609 0.0000000000
84568  -43.726  -17.209  37.367 0.0000000000
85698  -40.722  -16.180  35.751 0.0000000000
85700  -45.155  -16.249  37.573 0.0000000000
85710  -40.483  -16.435  35.209 0.0000000000
86818  -40.552  -15.955  35.411 0.0000000000
88067  -44.366  -13.961  37.341 0.0000000000
88068  -44.627  -13.820  37.389 0.0000000000
88087  -46.128  -14.179  38.147 0.0000000000
89281  -44.205  -13.756  37.328 0.0000000000
89282  -44.409  -13.683  37.362 0.0000000000
89283  -46.238  -13.397  37.761 0.0000000000
89313  -40.811  -14.113  35.204 0.0000000000
91715  -48.077  -11.127  37.205 0.0000000000
92991  -42.482  -10.394  35.707 0.0000000000
93009  -41.773  -10.576  34.855 0.0000000000
93010  -44.238  -9.782  36.576 0.0000000000
93011  -44.705  -9.503  36.761 0.0000000000
93020  -41.352  -10.956  33.972 0.0000000000
94110  -42.853  -10.105  35.831 0.0000000000
94112  -43.755  -9.685  36.249 0.0000000000
94124  -43.393  -9.411  35.693 0.0000000000
95180  -48.036  -8.292  38.059 0.0000000000
95181  -48.225  -8.378  38.198 0.0000000000
95189  -48.107  -8.609  37.854 0.0000000000
95203  -47.583  -8.626  37.355 0.0000000000
95236  -43.398  -8.360  34.477 0.0000000000
95237  -43.598  -7.852  34.862 0.0000000000
96315  -48.094  -8.142  38.237 0.0000000000
96323  -47.580  -7.330  37.784 0.0000000000
96357  -44.304  -7.686  35.460 0.0000000000
96376  -43.666  -7.880  34.075 0.0000000000
96380  -48.653  -6.217  31.625 0.0000000000
97531  -47.808  -7.132  38.061 0.0000000000
97566  -51.717  -3.844  33.081 0.0000000000
97567  -51.937  -3.769  33.003 0.0000000000
98676  -48.473  -6.047  38.304 0.0000000000
98685  -48.010  -5.472  37.681 0.0000000000
98689  -52.892  -3.679  34.170 0.0000000000
98691  -53.356  -3.218  34.932 0.0000000000
98696  -52.258  -3.595  34.052 0.0000000000
98723  -51.164  -4.284  32.593 0.0000000000
98732  -50.849  -4.537  32.279 0.0000000000
98742  -52.091  -3.187  31.605 0.0000000000
99828  -50.668  -5.144  38.561 0.0000000000
99871  -52.511  -3.554  34.430 0.0000000000
99884  -51.867  -3.583  34.171 0.0000000000
99905  -50.864  -4.244  33.130 0.0000000000
99906  -52.985  -2.955  32.622 0.0000000000
99936  -51.026  -3.495  30.776 0.0000000000
101025  -52.315  -3.412  35.006 0.0000000000
101031  -51.831  -3.498  34.698 0.0000000000
101056  -51.436  -2.993  31.117 0.0000000000
101081  -51.002  -3.880  30.346 0.0000000000
102159  -52.937  -1.661  31.854 0.0000000000
102177  -51.990  -1.751  31.533 0.0000000000
103226  -51.714  -1.161  30.770 0.0000000000
103227  -52.303  -1.261  31.067 0.0000000000
103236  -52.141  -1.514  31.306 0.0000000000
103237  -52.372  -1.567  31.518 0.0000000000
104343  -51.145  -0.982  30.479 0.0000000000
157031  -9.738  -41.073  59.728 0.0000000000
157032  -9.561  -41.227  59.466 0.0000000000
157033  -9.516  -41.314  59.099 0.0000000000
157034  -8.718  -41.447  57.922 0.0000000000
