#!ascii label  , from subject 4106 vox2ras=TkReg
1949
46197  13.614  -48.223  62.426 0.0000000000
83089  46.659  -18.099  38.090 0.0000000000
54957  32.776  -42.329  52.885 0.0000000000
58477  43.324  -38.649  56.857 0.0000000000
58556  23.927  -39.385  53.522 0.0000000000
55917  18.276  -40.736  64.462 0.0000000000
94659  55.636  -8.074  30.976 0.0000000000
91063  55.312  -11.366  41.209 0.0000000000
71011  43.783  -27.150  45.902 0.0000000000
102648  54.832  -0.481  23.726 0.0000000000
54856  29.914  -42.359  59.827 0.0000000000
52287  15.605  -43.988  63.310 0.0000000000
92264  56.348  -10.234  35.390 0.0000000000
87716  51.871  -13.507  34.640 0.0000000000
78592  49.070  -22.026  42.531 0.0000000000
81932  52.341  -18.358  42.688 0.0000000000
76118  44.250  -24.191  42.588 0.0000000000
61039  40.595  -37.482  49.503 0.0000000000
57327  38.276  -40.841  53.911 0.0000000000
57200  26.266  -40.348  60.136 0.0000000000
57131  23.575  -39.995  65.337 0.0000000000
57226  20.655  -40.223  59.307 0.0000000000
56028  16.034  -40.972  58.075 0.0000000000
57329  26.966  -40.287  54.129 0.0000000000
99110  59.516  -4.065  31.398 0.0000000000
94605  59.687  -8.100  35.566 0.0000000000
87634  50.625  -14.611  39.813 0.0000000000
77286  43.403  -22.904  49.642 0.0000000000
64576  45.335  -34.008  49.692 0.0000000000
96947  55.337  -5.410  26.518 0.0000000000
98071  59.538  -3.804  25.144 0.0000000000
100361  59.623  -2.753  20.985 0.0000000000
55913  30.333  -40.952  63.846 0.0000000000
48615  15.215  -46.709  62.512 0.0000000000
48595  16.043  -46.612  66.088 0.0000000000
44986  16.116  -49.636  65.039 0.0000000000
88811  51.655  -12.380  31.553 0.0000000000
78562  47.649  -22.041  45.311 0.0000000000
79668  49.868  -20.700  46.195 0.0000000000
49749  11.513  -45.677  67.610 0.0000000000
76188  44.471  -23.702  39.063 0.0000000000
57386  33.245  -40.988  50.351 0.0000000000
58639  36.731  -40.077  50.208 0.0000000000
54954  35.759  -42.079  52.640 0.0000000000
57266  24.621  -40.145  57.406 0.0000000000
57203  23.233  -40.727  60.212 0.0000000000
57288  22.101  -39.953  56.270 0.0000000000
58554  25.737  -38.605  53.924 0.0000000000
58486  27.089  -40.340  57.168 0.0000000000
57150  20.823  -40.574  64.866 0.0000000000
96904  56.484  -5.558  31.376 0.0000000000
97973  60.507  -5.659  34.166 0.0000000000
95783  57.893  -6.769  32.944 0.0000000000
91099  55.819  -10.614  38.267 0.0000000000
93439  58.444  -9.545  38.569 0.0000000000
85445  46.677  -16.812  36.441 0.0000000000
86615  49.465  -15.729  36.302 0.0000000000
85412  48.899  -16.659  39.051 0.0000000000
74743  39.739  -24.796  45.383 0.0000000000
77366  40.894  -23.586  45.579 0.0000000000
73427  43.143  -25.004  48.309 0.0000000000
58596  42.690  -38.759  51.738 0.0000000000
63455  42.826  -35.550  49.487 0.0000000000
62251  44.359  -36.360  52.753 0.0000000000
94690  52.612  -7.317  28.703 0.0000000000
96939  53.379  -5.252  26.953 0.0000000000
94687  55.289  -7.313  28.352 0.0000000000
96925  57.908  -6.045  28.794 0.0000000000
102680  57.817  -0.963  20.156 0.0000000000
100338  57.201  -3.155  22.013 0.0000000000
100337  60.114  -3.228  23.163 0.0000000000
99193  57.029  -3.754  23.266 0.0000000000
56052  31.410  -42.043  56.354 0.0000000000
53703  34.259  -43.766  56.818 0.0000000000
54852  33.761  -42.277  59.608 0.0000000000
55938  15.923  -41.530  64.114 0.0000000000
55870  16.138  -41.151  68.427 0.0000000000
50949  15.852  -44.685  66.948 0.0000000000
93509  53.275  -9.299  29.869 0.0000000000
93493  55.571  -8.917  32.470 0.0000000000
91190  53.596  -11.355  32.303 0.0000000000
89932  54.002  -11.704  34.687 0.0000000000
89885  54.213  -12.453  37.742 0.0000000000
79744  48.562  -20.630  39.365 0.0000000000
83044  49.333  -17.850  40.597 0.0000000000
79703  50.796  -20.586  42.960 0.0000000000
68763  42.603  -29.648  44.751 0.0000000000
59694  45.086  -37.990  56.611 0.0000000000
48616  11.259  -46.971  63.636 0.0000000000
44996  13.707  -49.878  64.324 0.0000000000
47392  12.097  -47.726  66.095 0.0000000000
80877  45.747  -20.270  36.892 0.0000000000
78630  46.283  -22.129  39.070 0.0000000000
77420  46.413  -23.067  42.198 0.0000000000
77339  46.415  -23.579  45.807 0.0000000000
59848  37.944  -38.352  47.901 0.0000000000
58618  39.734  -39.545  50.908 0.0000000000
58522  40.784  -39.715  54.767 0.0000000000
54897  37.397  -42.335  56.661 0.0000000000
56021  39.406  -41.093  57.712 0.0000000000
57142  28.295  -39.768  63.948 0.0000000000
57112  26.483  -39.753  65.748 0.0000000000
57161  24.813  -40.564  63.352 0.0000000000
57175  21.960  -40.653  62.327 0.0000000000
57191  19.078  -40.679  61.162 0.0000000000
57311  19.710  -40.329  55.354 0.0000000000
57252  18.091  -40.581  57.788 0.0000000000
55988  17.029  -41.273  60.376 0.0000000000
54838  15.442  -42.714  60.677 0.0000000000
51036  14.743  -45.028  60.422 0.0000000000
49829  13.026  -45.964  59.874 0.0000000000
56129  30.662  -40.822  50.516 0.0000000000
57375  28.324  -40.037  50.665 0.0000000000
56084  29.953  -41.602  53.540 0.0000000000
57284  29.030  -41.002  56.642 0.0000000000
57197  28.378  -40.547  60.576 0.0000000000
93472  61.016  -8.397  34.383 0.0000000000
93460  58.555  -8.773  35.698 0.0000000000
87719  49.449  -14.708  33.767 0.0000000000
87678  51.512  -14.193  37.225 0.0000000000
89865  53.017  -12.282  40.668 0.0000000000
85382  50.984  -15.695  41.430 0.0000000000
87602  52.809  -13.874  42.705 0.0000000000
76138  41.189  -25.410  42.194 0.0000000000
76061  43.146  -23.503  45.021 0.0000000000
77285  45.789  -22.592  49.281 0.0000000000
65658  42.910  -32.677  47.304 0.0000000000
67715  46.047  -30.284  47.538 0.0000000000
63412  46.558  -35.042  54.071 0.0000000000
66673  47.356  -31.549  51.261 0.0000000000
70978  46.616  -27.818  49.316 0.0000000000
73378  45.791  -25.552  50.666 0.0000000000
75947  45.676  -23.631  52.920 0.0000000000
100308  54.810  -3.085  24.487 0.0000000000
96952  57.933  -5.426  25.832 0.0000000000
100283  59.923  -3.553  28.252 0.0000000000
53568  31.498  -42.228  64.300 0.0000000000
47417  14.378  -47.560  62.063 0.0000000000
47407  15.675  -47.616  63.774 0.0000000000
46187  15.141  -48.484  63.471 0.0000000000
77316  48.179  -22.511  47.421 0.0000000000
79649  49.252  -21.351  47.671 0.0000000000
52230  11.056  -43.308  68.433 0.0000000000
56111  32.905  -41.696  51.177 0.0000000000
56109  34.530  -41.511  51.342 0.0000000000
54956  33.748  -42.598  52.567 0.0000000000
58511  23.785  -39.934  55.894 0.0000000000
57287  23.012  -40.172  56.494 0.0000000000
58512  22.884  -40.146  55.665 0.0000000000
59774  24.944  -38.421  52.615 0.0000000000
58555  24.918  -38.984  53.936 0.0000000000
58509  25.674  -39.996  55.658 0.0000000000
55916  19.182  -40.703  64.306 0.0000000000
55892  18.045  -40.680  66.783 0.0000000000
95808  55.808  -7.035  30.570 0.0000000000
95794  57.356  -6.498  32.316 0.0000000000
94651  56.234  -7.764  32.054 0.0000000000
91090  55.577  -11.253  39.087 0.0000000000
92214  56.860  -10.388  39.741 0.0000000000
84272  46.402  -17.211  36.980 0.0000000000
85438  47.532  -16.543  37.258 0.0000000000
84248  47.536  -17.177  38.587 0.0000000000
72217  41.936  -26.663  45.395 0.0000000000
72206  42.075  -26.098  46.103 0.0000000000
73443  41.927  -25.056  47.037 0.0000000000
72193  43.413  -25.796  47.129 0.0000000000
57300  43.580  -39.194  54.319 0.0000000000
60995  43.748  -37.067  52.256 0.0000000000
60965  44.339  -37.332  54.413 0.0000000000
94677  54.452  -8.190  29.162 0.0000000000
94688  54.523  -7.300  28.501 0.0000000000
94676  55.306  -7.708  29.013 0.0000000000
95816  56.475  -6.818  29.348 0.0000000000
102667  56.463  -1.189  22.041 0.0000000000
101509  55.979  -1.939  22.792 0.0000000000
100339  56.793  -3.041  22.474 0.0000000000
101495  55.561  -2.176  23.389 0.0000000000
56040  30.656  -42.278  57.541 0.0000000000
53667  32.259  -42.812  58.369 0.0000000000
54833  32.363  -42.348  60.467 0.0000000000
53608  15.583  -42.965  63.419 0.0000000000
53564  15.743  -42.896  66.078 0.0000000000
52267  15.731  -44.015  64.833 0.0000000000
47390  17.063  -47.892  66.649 0.0000000000
47383  17.561  -47.206  66.892 0.0000000000
92325  51.700  -9.693  30.088 0.0000000000
91212  54.131  -10.772  30.914 0.0000000000
91204  52.691  -11.147  30.934 0.0000000000
88784  52.175  -13.155  33.848 0.0000000000
89966  52.420  -12.287  33.226 0.0000000000
88775  52.758  -12.476  34.759 0.0000000000
88756  53.703  -12.526  36.302 0.0000000000
88757  53.119  -12.874  35.854 0.0000000000
78611  48.804  -21.412  40.455 0.0000000000
79715  49.842  -20.497  41.085 0.0000000000
78601  49.882  -21.313  41.854 0.0000000000
93510  52.259  -9.002  30.009 0.0000000000
48606  11.512  -47.067  64.789 0.0000000000
49760  11.438  -46.194  65.644 0.0000000000
79769  45.073  -20.991  37.065 0.0000000000
79767  46.765  -21.385  37.557 0.0000000000
78654  45.098  -21.934  37.758 0.0000000000
76158  44.379  -24.470  40.372 0.0000000000
76156  45.852  -23.703  40.984 0.0000000000
76135  45.078  -23.944  41.744 0.0000000000
77397  46.186  -23.301  43.563 0.0000000000
76100  44.998  -23.578  43.768 0.0000000000
58683  35.898  -38.762  47.529 0.0000000000
57357  37.349  -40.694  52.325 0.0000000000
58619  38.794  -39.812  51.059 0.0000000000
58599  38.723  -40.238  52.389 0.0000000000
57344  40.877  -39.553  52.857 0.0000000000
58524  39.604  -40.282  54.542 0.0000000000
54868  35.208  -42.515  58.637 0.0000000000
53701  36.177  -43.126  56.498 0.0000000000
54867  36.361  -42.549  58.569 0.0000000000
54846  39.329  -41.681  58.580 0.0000000000
56019  40.622  -40.233  57.870 0.0000000000
57171  26.909  -39.808  61.991 0.0000000000
57144  26.554  -39.825  64.074 0.0000000000
57172  25.829  -39.982  62.252 0.0000000000
57225  21.674  -40.299  59.342 0.0000000000
55971  22.575  -40.709  61.345 0.0000000000
57205  21.268  -40.452  60.314 0.0000000000
57176  20.593  -40.621  62.495 0.0000000000
57206  20.233  -40.495  60.256 0.0000000000
58560  19.498  -39.740  53.768 0.0000000000
57275  16.334  -40.891  55.944 0.0000000000
57293  17.367  -40.391  55.847 0.0000000000
56042  17.110  -41.135  57.105 0.0000000000
56005  17.817  -40.771  59.083 0.0000000000
54857  15.948  -42.051  59.975 0.0000000000
56008  15.339  -41.903  58.859 0.0000000000
49828  14.081  -45.855  60.062 0.0000000000
57404  31.174  -40.474  49.010 0.0000000000
57406  29.221  -39.826  48.791 0.0000000000
58552  26.766  -39.387  53.163 0.0000000000
57348  27.343  -39.991  52.600 0.0000000000
56099  29.056  -40.791  52.186 0.0000000000
57328  28.135  -41.254  54.301 0.0000000000
56066  29.655  -40.979  55.595 0.0000000000
57307  27.620  -40.767  55.382 0.0000000000
58448  26.395  -40.529  58.688 0.0000000000
58446  27.645  -40.419  59.350 0.0000000000
58417  27.220  -40.077  60.748 0.0000000000
57183  28.170  -39.944  61.822 0.0000000000
57113  25.456  -39.774  65.951 0.0000000000
44987  13.181  -50.191  65.642 0.0000000000
42566  14.884  -51.631  65.293 0.0000000000
99094  60.496  -4.996  32.381 0.0000000000
96844  60.368  -6.235  35.270 0.0000000000
95757  61.296  -6.391  35.014 0.0000000000
94617  60.744  -7.663  34.943 0.0000000000
93448  60.226  -8.825  36.099 0.0000000000
92295  55.767  -9.959  33.841 0.0000000000
93487  57.468  -8.542  33.824 0.0000000000
93462  57.057  -9.760  35.245 0.0000000000
93437  59.734  -9.033  38.767 0.0000000000
86595  49.763  -15.289  38.122 0.0000000000
86604  50.454  -15.092  36.971 0.0000000000
87651  51.104  -14.190  38.852 0.0000000000
88713  52.164  -13.360  39.024 0.0000000000
88681  51.532  -13.400  40.761 0.0000000000
81933  51.534  -18.653  42.066 0.0000000000
84206  50.708  -16.800  41.239 0.0000000000
84195  51.922  -16.581  42.267 0.0000000000
76122  39.824  -24.368  42.620 0.0000000000
77322  42.055  -22.602  47.422 0.0000000000
77385  42.088  -23.393  45.005 0.0000000000
77321  43.058  -22.548  47.581 0.0000000000
77320  44.244  -22.782  47.399 0.0000000000
78513  44.367  -22.498  49.596 0.0000000000
61078  39.401  -36.824  47.868 0.0000000000
62326  40.905  -36.199  47.251 0.0000000000
63453  44.596  -35.207  49.980 0.0000000000
64594  43.538  -34.376  48.500 0.0000000000
65624  44.503  -32.881  48.835 0.0000000000
67717  44.715  -31.350  47.503 0.0000000000
65622  46.104  -32.549  49.398 0.0000000000
62183  45.377  -35.911  56.357 0.0000000000
67674  47.447  -30.482  51.944 0.0000000000
68705  47.156  -29.321  49.963 0.0000000000
69806  47.530  -28.230  51.115 0.0000000000
70963  46.357  -26.655  50.518 0.0000000000
70954  47.346  -27.331  51.686 0.0000000000
98051  54.346  -5.061  26.311 0.0000000000
99158  55.160  -3.751  25.559 0.0000000000
98059  56.386  -4.438  25.613 0.0000000000
96945  56.773  -5.303  26.151 0.0000000000
99133  58.792  -4.940  29.779 0.0000000000
98040  58.842  -5.078  28.480 0.0000000000
100263  59.713  -3.626  29.846 0.0000000000
101429  60.988  -3.293  29.761 0.0000000000
100379  59.019  -2.985  20.073 0.0000000000
99190  59.500  -3.339  23.807 0.0000000000
101493  60.827  -2.758  24.747 0.0000000000
101465  60.938  -3.012  26.574 0.0000000000
55947  30.358  -41.833  62.308 0.0000000000
54806  31.507  -41.931  61.759 0.0000000000
55911  31.618  -41.723  63.388 0.0000000000
50996  15.466  -45.051  62.822 0.0000000000
49759  15.854  -45.786  64.816 0.0000000000
48605  15.913  -46.692  64.272 0.0000000000
46167  16.633  -47.954  65.682 0.0000000000
44976  16.617  -49.613  65.865 0.0000000000
88813  49.979  -13.469  31.583 0.0000000000
87727  51.105  -14.121  33.383 0.0000000000
78583  48.159  -22.177  43.288 0.0000000000
79693  49.467  -21.128  44.014 0.0000000000
79669  49.086  -21.180  45.663 0.0000000000
79657  49.950  -21.036  47.124 0.0000000000
50958  11.168  -45.080  66.129 0.0000000000
50951  11.372  -43.960  67.400 0.0000000000
49742  11.496  -45.128  67.947 0.0000000000
77469  43.694  -23.305  37.667 0.0000000000
74833  42.854  -25.345  40.547 0.0000000000
58652  35.742  -39.937  49.183 0.0000000000
57384  35.512  -40.393  49.943 0.0000000000
57359  35.830  -41.011  51.549 0.0000000000
56081  37.179  -41.487  53.185 0.0000000000
57221  25.531  -40.435  59.373 0.0000000000
57202  24.230  -40.717  60.469 0.0000000000
57246  24.141  -40.153  58.353 0.0000000000
57268  22.606  -40.024  57.347 0.0000000000
57269  21.603  -39.919  57.363 0.0000000000
54886  14.905  -42.423  57.175 0.0000000000
56056  14.554  -41.392  55.314 0.0000000000
59772  25.915  -38.227  52.255 0.0000000000
58553  26.598  -38.984  54.132 0.0000000000
57308  26.954  -40.047  55.373 0.0000000000
58508  26.463  -40.047  55.820 0.0000000000
58488  25.908  -40.260  56.663 0.0000000000
57149  21.728  -40.497  64.637 0.0000000000
98013  58.072  -4.991  31.181 0.0000000000
99088  60.095  -4.918  32.554 0.0000000000
96890  58.590  -5.527  32.393 0.0000000000
96865  59.182  -6.648  33.641 0.0000000000
95758  59.596  -6.907  34.861 0.0000000000
91122  55.905  -10.614  36.501 0.0000000000
92250  57.515  -9.959  37.235 0.0000000000
92232  57.109  -10.171  38.602 0.0000000000
91088  58.600  -9.970  39.617 0.0000000000
85471  48.246  -15.846  34.626 0.0000000000
85444  47.700  -16.349  36.366 0.0000000000
86596  49.230  -15.907  38.084 0.0000000000
86559  49.914  -15.562  39.962 0.0000000000
83021  53.381  -16.795  43.424 0.0000000000
76088  38.832  -24.027  44.212 0.0000000000
76087  40.037  -24.279  44.419 0.0000000000
76063  40.644  -23.868  45.808 0.0000000000
76018  41.651  -23.859  47.701 0.0000000000
76006  42.553  -23.795  48.776 0.0000000000
59824  41.339  -37.943  50.255 0.0000000000
62284  42.197  -36.076  49.581 0.0000000000
61018  43.161  -37.046  51.302 0.0000000000
62266  44.222  -36.071  51.275 0.0000000000
63438  45.141  -34.873  51.715 0.0000000000
96929  51.750  -5.822  27.766 0.0000000000
98042  52.246  -4.938  27.432 0.0000000000
95828  53.787  -6.407  27.808 0.0000000000
95839  54.367  -6.269  27.547 0.0000000000
95837  55.694  -6.368  27.032 0.0000000000
95844  56.173  -6.244  26.722 0.0000000000
95825  56.378  -7.032  28.110 0.0000000000
98032  57.499  -5.411  30.073 0.0000000000
156873  57.446  -0.330  21.041 0.0000000000
102681  57.607  -1.726  20.723 0.0000000000
100363  57.914  -3.519  20.891 0.0000000000
100348  60.193  -2.733  22.139 0.0000000000
98096  58.305  -4.211  22.239 0.0000000000
99191  58.799  -3.837  23.727 0.0000000000
98083  58.590  -4.048  24.126 0.0000000000
54927  31.756  -42.081  54.791 0.0000000000
54925  33.437  -43.070  54.477 0.0000000000
54915  32.736  -42.945  56.047 0.0000000000
53665  33.590  -42.737  58.532 0.0000000000
54851  34.821  -41.942  59.587 0.0000000000
55937  16.559  -40.995  63.760 0.0000000000
55904  17.250  -40.835  65.764 0.0000000000
55906  16.379  -41.811  66.150 0.0000000000
53534  15.743  -42.859  67.899 0.0000000000
49748  15.966  -45.675  66.642 0.0000000000
48581  17.765  -46.206  67.579 0.0000000000
93508  54.502  -9.318  30.160 0.0000000000
93500  55.727  -8.502  31.730 0.0000000000
92322  54.649  -10.014  30.946 0.0000000000
92305  54.921  -10.091  32.694 0.0000000000
91175  54.733  -10.777  33.619 0.0000000000
89975  52.854  -11.609  31.854 0.0000000000
91158  53.834  -11.493  33.685 0.0000000000
91135  55.044  -11.225  34.979 0.0000000000
89894  54.649  -11.711  36.340 0.0000000000
89873  54.879  -11.987  38.456 0.0000000000
89863  54.812  -12.102  39.685 0.0000000000
81982  47.601  -19.113  38.737 0.0000000000
81951  47.897  -18.447  39.795 0.0000000000
80818  48.797  -19.095  40.016 0.0000000000
80816  50.296  -19.643  41.176 0.0000000000
80799  51.793  -19.501  42.908 0.0000000000
79692  49.954  -20.867  43.782 0.0000000000
80782  51.247  -19.596  44.403 0.0000000000
81896  52.540  -18.855  44.402 0.0000000000
69869  43.475  -28.529  45.201 0.0000000000
59709  43.841  -37.767  56.932 0.0000000000
95818  51.094  -6.394  28.363 0.0000000000
94691  52.024  -7.379  28.788 0.0000000000
93522  52.776  -8.445  29.649 0.0000000000
104901  55.544  1.064  23.463 0.0000000000
103784  54.829  0.509  24.120 0.0000000000
46199  12.223  -48.125  62.550 0.0000000000
45004  13.788  -49.256  63.412 0.0000000000
46181  12.478  -48.911  63.727 0.0000000000
44988  12.697  -49.435  65.106 0.0000000000
44978  12.507  -49.424  66.175 0.0000000000
48596  11.740  -46.845  66.383 0.0000000000
83109  45.780  -17.938  37.153 0.0000000000
82025  45.060  -19.056  36.798 0.0000000000
82003  46.424  -18.889  37.597 0.0000000000
80875  47.614  -20.668  37.575 0.0000000000
78628  47.971  -21.281  39.492 0.0000000000
77432  47.845  -22.045  40.610 0.0000000000
77447  45.531  -22.905  39.059 0.0000000000
76170  46.388  -23.296  40.448 0.0000000000
77407  47.530  -22.602  42.081 0.0000000000
77379  47.382  -22.588  43.745 0.0000000000
77338  47.257  -23.163  45.911 0.0000000000
76026  47.106  -23.608  46.673 0.0000000000
61062  38.969  -37.562  48.462 0.0000000000
58651  37.101  -39.770  49.004 0.0000000000
58637  39.183  -39.380  49.690 0.0000000000
59825  40.470  -38.256  49.892 0.0000000000
57367  41.574  -39.346  51.501 0.0000000000
57324  41.877  -39.652  53.827 0.0000000000
58498  42.633  -39.300  55.988 0.0000000000
53734  35.237  -43.566  54.851 0.0000000000
53732  36.716  -42.702  55.113 0.0000000000
56062  37.811  -41.623  55.324 0.0000000000
56001  38.020  -41.939  58.621 0.0000000000
56038  38.940  -41.393  57.037 0.0000000000
57282  39.381  -40.893  55.620 0.0000000000
57260  40.177  -40.529  56.659 0.0000000000
58460  41.114  -39.391  56.949 0.0000000000
58439  42.728  -39.270  57.885 0.0000000000
55886  28.925  -40.580  65.371 0.0000000000
57127  27.342  -39.741  64.793 0.0000000000
57145  25.627  -39.990  64.196 0.0000000000
57146  24.732  -40.344  64.378 0.0000000000
55969  24.099  -40.737  61.617 0.0000000000
55931  23.350  -40.735  62.857 0.0000000000
57148  22.721  -40.501  64.497 0.0000000000
57164  21.762  -40.578  63.512 0.0000000000
55933  20.018  -40.674  63.433 0.0000000000
55935  18.444  -40.783  63.411 0.0000000000
58535  21.056  -39.998  54.695 0.0000000000
57310  20.587  -40.027  55.517 0.0000000000
57271  19.705  -40.548  57.193 0.0000000000
57313  17.693  -40.026  55.211 0.0000000000
57272  18.692  -40.715  57.004 0.0000000000
57251  19.129  -40.525  58.068 0.0000000000
57208  18.337  -40.694  59.612 0.0000000000
55973  17.781  -40.934  61.364 0.0000000000
55956  17.680  -40.952  62.467 0.0000000000
55975  16.432  -41.869  61.662 0.0000000000
54822  15.848  -42.310  61.651 0.0000000000
53632  15.283  -43.563  61.740 0.0000000000
53690  14.948  -42.792  57.727 0.0000000000
53655  14.996  -43.285  59.755 0.0000000000
52322  15.048  -44.236  61.955 0.0000000000
49799  14.935  -45.613  61.673 0.0000000000
48638  14.261  -46.798  60.632 0.0000000000
48639  13.116  -47.048  60.686 0.0000000000
48640  11.791  -46.784  61.169 0.0000000000
48627  11.179  -46.204  62.220 0.0000000000
57422  31.977  -40.237  48.237 0.0000000000
57387  32.457  -40.956  50.275 0.0000000000
56112  31.858  -41.560  51.418 0.0000000000
56131  28.954  -40.335  50.438 0.0000000000
56114  29.898  -40.807  51.336 0.0000000000
54959  31.078  -42.595  53.297 0.0000000000
56074  30.844  -42.070  54.820 0.0000000000
56054  30.020  -40.970  56.717 0.0000000000
56025  29.388  -41.910  58.524 0.0000000000
57265  27.640  -40.719  57.388 0.0000000000
57242  28.592  -40.888  58.702 0.0000000000
57217  29.023  -41.444  59.926 0.0000000000
57168  28.867  -40.753  62.522 0.0000000000
55914  29.656  -40.521  63.960 0.0000000000
44995  14.892  -49.815  64.103 0.0000000000
43760  16.026  -50.596  65.177 0.0000000000
96861  61.388  -5.779  33.687 0.0000000000
94643  57.046  -7.766  32.951 0.0000000000
94630  58.299  -8.129  34.232 0.0000000000
95748  59.318  -7.719  35.400 0.0000000000
93446  58.306  -9.646  37.541 0.0000000000
94598  59.451  -9.082  37.235 0.0000000000
93444  59.977  -8.744  36.819 0.0000000000
87729  48.866  -14.127  32.892 0.0000000000
87718  50.133  -14.506  34.040 0.0000000000
86623  49.396  -15.454  35.305 0.0000000000
86621  50.505  -14.506  35.809 0.0000000000
87690  51.635  -14.049  36.216 0.0000000000
88725  52.614  -13.362  38.108 0.0000000000
88712  53.024  -12.818  39.190 0.0000000000
89847  54.593  -11.963  40.951 0.0000000000
84218  48.733  -17.580  40.064 0.0000000000
85395  49.769  -16.131  40.474 0.0000000000
86545  50.416  -15.050  41.020 0.0000000000
84182  52.393  -16.134  42.786 0.0000000000
86537  51.615  -14.654  42.303 0.0000000000
87620  51.318  -13.560  41.289 0.0000000000
88671  52.464  -13.037  41.807 0.0000000000
89831  54.159  -11.979  41.789 0.0000000000
74811  40.971  -25.568  41.261 0.0000000000
74792  42.784  -25.149  42.111 0.0000000000
76086  40.892  -24.002  44.313 0.0000000000
76103  42.358  -24.061  43.385 0.0000000000
76102  43.422  -24.003  43.462 0.0000000000
77362  44.911  -23.481  45.423 0.0000000000
77319  45.572  -23.295  47.255 0.0000000000
77283  47.346  -23.237  49.471 0.0000000000
63469  42.432  -35.334  48.569 0.0000000000
67738  42.971  -30.656  45.922 0.0000000000
68749  44.343  -29.463  46.306 0.0000000000
69856  45.010  -28.564  46.626 0.0000000000
62203  44.971  -36.561  55.426 0.0000000000
63413  45.929  -35.366  53.616 0.0000000000
64545  46.088  -34.311  52.548 0.0000000000
65579  46.886  -32.778  52.883 0.0000000000
64574  46.568  -33.088  50.688 0.0000000000
66694  46.932  -31.083  49.048 0.0000000000
68725  46.715  -29.296  48.398 0.0000000000
71000  45.520  -27.468  47.148 0.0000000000
72180  45.103  -26.263  48.661 0.0000000000
73395  45.204  -25.444  49.936 0.0000000000
74657  44.159  -24.233  50.497 0.0000000000
72133  47.504  -26.469  52.967 0.0000000000
74643  45.557  -24.602  51.907 0.0000000000
77254  44.301  -23.028  51.111 0.0000000000
78485  45.306  -22.493  51.149 0.0000000000
102649  54.162  -0.311  24.169 0.0000000000
100321  55.294  -2.757  23.800 0.0000000000
100307  55.528  -3.289  24.374 0.0000000000
98074  57.549  -4.508  24.570 0.0000000000
98066  59.049  -4.746  25.471 0.0000000000
96944  57.744  -5.930  26.544 0.0000000000
98058  59.131  -5.017  26.524 0.0000000000
99156  59.806  -3.722  26.504 0.0000000000
102613  60.854  -2.861  28.039 0.0000000000
53551  29.732  -41.983  64.792 0.0000000000
53570  30.174  -42.483  64.598 0.0000000000
46188  14.274  -48.513  62.927 0.0000000000
77299  48.302  -22.805  48.126 0.0000000000
78523  49.015  -21.998  48.331 0.0000000000
56096  32.259  -42.025  52.167 0.0000000000
56095  33.288  -42.092  51.964 0.0000000000
58533  23.334  -39.942  54.718 0.0000000000
58532  24.370  -39.618  54.749 0.0000000000
57152  19.072  -40.606  65.308 0.0000000000
55903  18.162  -40.700  65.550 0.0000000000
95802  55.952  -6.758  31.482 0.0000000000
91079  55.466  -11.399  40.339 0.0000000000
91078  56.266  -10.698  39.907 0.0000000000
91062  55.978  -10.907  40.956 0.0000000000
84262  46.538  -17.472  37.553 0.0000000000
85429  46.844  -17.104  37.793 0.0000000000
84249  46.962  -17.376  38.310 0.0000000000
72216  42.572  -26.645  45.799 0.0000000000
72207  41.495  -25.968  45.675 0.0000000000
72205  42.946  -26.280  46.427 0.0000000000
73458  42.251  -25.553  46.736 0.0000000000
72204  43.810  -26.442  46.721 0.0000000000
58519  43.558  -39.014  55.007 0.0000000000
59747  43.807  -37.967  54.235 0.0000000000
59733  43.770  -37.927  55.234 0.0000000000
94667  55.020  -8.598  30.034 0.0000000000
94666  55.436  -7.891  29.893 0.0000000000
101510  55.668  -1.379  23.105 0.0000000000
54855  30.599  -42.525  59.429 0.0000000000
54871  31.025  -42.535  58.440 0.0000000000
54834  31.365  -42.421  60.386 0.0000000000
53609  15.572  -43.440  63.143 0.0000000000
53596  15.636  -43.229  64.009 0.0000000000
52286  15.703  -44.179  63.850 0.0000000000
91215  51.132  -10.376  30.179 0.0000000000
91214  52.114  -10.647  30.468 0.0000000000
88776  52.218  -13.086  35.135 0.0000000000
78602  49.091  -21.868  41.365 0.0000000000
50968  10.942  -45.316  65.245 0.0000000000
79788  44.144  -20.759  36.697 0.0000000000
78675  44.481  -21.685  37.097 0.0000000000
76136  43.971  -24.509  41.423 0.0000000000
76117  45.397  -23.761  42.892 0.0000000000
57346  37.884  -40.907  53.263 0.0000000000
57345  38.510  -40.564  53.327 0.0000000000
58547  39.655  -39.888  54.038 0.0000000000
58548  39.282  -40.274  54.224 0.0000000000
54850  35.907  -41.976  59.421 0.0000000000
57184  26.745  -39.959  60.936 0.0000000000
57185  25.940  -39.948  61.149 0.0000000000
56043  16.441  -41.221  56.858 0.0000000000
56007  15.984  -41.570  59.363 0.0000000000
56029  15.453  -41.788  58.105 0.0000000000
57347  28.062  -40.787  53.036 0.0000000000
58431  27.073  -40.479  59.976 0.0000000000
57199  26.839  -40.284  60.480 0.0000000000
58403  27.201  -39.842  61.330 0.0000000000
57130  24.577  -39.914  65.245 0.0000000000
43753  13.419  -51.021  66.339 0.0000000000
42560  13.865  -51.875  66.000 0.0000000000
100236  60.122  -3.661  31.609 0.0000000000
100234  60.572  -4.138  31.947 0.0000000000
100235  60.411  -3.801  31.795 0.0000000000
95746  60.085  -6.980  35.390 0.0000000000
95745  60.645  -6.613  35.285 0.0000000000
94604  60.220  -7.761  35.301 0.0000000000
93459  60.681  -8.446  35.040 0.0000000000
92282  56.200  -10.055  34.702 0.0000000000
92281  56.693  -9.936  35.131 0.0000000000
87653  50.247  -14.981  38.891 0.0000000000
87667  50.292  -14.870  38.211 0.0000000000
87633  50.961  -14.246  39.435 0.0000000000
88698  51.507  -13.793  39.682 0.0000000000
88682  51.010  -13.909  40.236 0.0000000000
83035  51.832  -17.645  42.087 0.0000000000
83034  52.397  -17.370  42.540 0.0000000000
76123  38.746  -24.410  42.461 0.0000000000
78527  42.704  -22.645  48.593 0.0000000000
78539  42.499  -22.509  48.054 0.0000000000
78538  42.936  -22.487  48.255 0.0000000000
77303  43.808  -22.553  48.244 0.0000000000
78514  43.705  -22.679  49.386 0.0000000000
62304  39.803  -36.798  48.166 0.0000000000
62327  39.942  -36.586  47.573 0.0000000000
62303  40.371  -36.634  48.253 0.0000000000
64577  44.637  -34.298  49.170 0.0000000000
64592  44.707  -33.489  49.216 0.0000000000
65623  45.286  -32.791  49.278 0.0000000000
65609  45.984  -33.261  49.679 0.0000000000
67666  47.140  -30.578  53.019 0.0000000000
68688  47.610  -29.328  51.524 0.0000000000
69800  47.779  -28.379  52.093 0.0000000000
69795  47.882  -28.574  53.072 0.0000000000
98062  54.157  -4.454  25.856 0.0000000000
98061  55.010  -4.733  26.172 0.0000000000
99159  54.263  -3.746  25.613 0.0000000000
98060  55.887  -4.547  26.048 0.0000000000
96946  55.862  -5.591  26.434 0.0000000000
99111  59.172  -4.556  30.968 0.0000000000
100264  59.341  -4.050  29.826 0.0000000000
100248  59.724  -3.851  30.713 0.0000000000
101421  60.080  -3.434  30.077 0.0000000000
100360  60.375  -2.886  20.626 0.0000000000
100319  59.929  -2.916  24.730 0.0000000000
101494  60.434  -2.768  24.748 0.0000000000
101479  60.473  -2.932  25.613 0.0000000000
101478  60.795  -2.820  25.676 0.0000000000
100306  59.997  -3.093  25.627 0.0000000000
55928  30.361  -41.312  63.156 0.0000000000
55927  31.210  -41.553  63.010 0.0000000000
55912  31.161  -41.373  63.800 0.0000000000
49784  15.568  -45.849  63.049 0.0000000000
49769  15.765  -45.831  63.909 0.0000000000
48614  15.646  -46.728  63.375 0.0000000000
46179  15.701  -48.491  64.185 0.0000000000
47401  15.946  -47.573  64.680 0.0000000000
46173  16.194  -48.549  65.140 0.0000000000
46172  16.453  -49.253  65.488 0.0000000000
88797  51.077  -13.819  32.649 0.0000000000
88798  49.683  -13.946  32.396 0.0000000000
78574  47.856  -21.893  44.245 0.0000000000
78573  48.456  -21.425  44.864 0.0000000000
78561  48.218  -21.638  45.725 0.0000000000
52243  11.079  -43.523  66.779 0.0000000000
50943  11.436  -44.386  67.981 0.0000000000
50933  10.978  -44.377  68.744 0.0000000000
57402  33.653  -40.283  49.368 0.0000000000
57401  34.797  -39.919  49.382 0.0000000000
57385  34.428  -40.641  50.088 0.0000000000
56093  35.177  -41.520  51.916 0.0000000000
56092  36.083  -41.359  52.191 0.0000000000
56091  36.735  -41.193  52.443 0.0000000000
56082  36.492  -41.743  52.747 0.0000000000
57245  25.158  -40.267  58.347 0.0000000000
57222  24.657  -40.384  59.373 0.0000000000
59754  25.293  -38.402  53.393 0.0000000000
59773  25.681  -38.000  52.918 0.0000000000
58580  26.131  -38.398  53.485 0.0000000000
58529  26.710  -39.564  55.198 0.0000000000
58530  26.162  -39.380  54.913 0.0000000000
58489  25.111  -40.166  56.543 0.0000000000
58469  25.359  -40.293  57.350 0.0000000000
57134  20.781  -40.368  65.857 0.0000000000
98014  56.906  -4.958  31.283 0.0000000000
97997  58.746  -4.967  31.966 0.0000000000
97998  57.458  -5.115  31.833 0.0000000000
96878  58.132  -6.199  32.682 0.0000000000
95782  58.705  -6.935  33.553 0.0000000000
95769  59.642  -6.710  34.508 0.0000000000
91107  55.717  -10.651  37.410 0.0000000000
92241  56.149  -10.199  37.668 0.0000000000
92233  56.410  -10.262  38.425 0.0000000000
92223  57.356  -10.292  39.278 0.0000000000
85455  46.925  -16.312  35.516 0.0000000000
85427  48.378  -16.426  38.176 0.0000000000
85437  48.426  -16.142  37.252 0.0000000000
86579  49.388  -16.095  38.907 0.0000000000
76065  38.518  -24.392  44.512 0.0000000000
76048  40.198  -24.475  45.545 0.0000000000
76064  39.913  -24.263  45.109 0.0000000000
74717  41.959  -24.827  47.443 0.0000000000
76019  41.601  -24.150  47.358 0.0000000000
74704  42.095  -24.525  48.019 0.0000000000
76007  42.091  -23.854  48.371 0.0000000000
74689  42.937  -24.462  48.906 0.0000000000
59804  42.303  -37.897  50.958 0.0000000000
59784  43.087  -37.988  51.780 0.0000000000
60978  44.148  -37.237  53.422 0.0000000000
62265  44.685  -35.398  51.597 0.0000000000
62250  44.734  -35.507  52.285 0.0000000000
95829  52.730  -6.564  28.107 0.0000000000
95827  54.711  -6.785  27.890 0.0000000000
95838  54.885  -6.267  27.361 0.0000000000
95826  55.446  -6.950  27.778 0.0000000000
94686  55.771  -7.272  28.238 0.0000000000
95807  56.075  -6.313  30.183 0.0000000000
96917  56.838  -5.821  29.911 0.0000000000
98023  57.148  -5.012  30.544 0.0000000000
101521  57.008  -2.234  21.810 0.0000000000
102675  57.298  -1.668  21.273 0.0000000000
101532  57.403  -2.430  21.323 0.0000000000
101539  57.900  -2.622  20.660 0.0000000000
100349  57.547  -3.331  21.447 0.0000000000
98131  58.534  -4.008  21.603 0.0000000000
99208  57.311  -3.637  22.754 0.0000000000
99192  57.886  -4.161  23.482 0.0000000000
99176  57.476  -4.219  23.953 0.0000000000
54916  31.955  -42.274  55.736 0.0000000000
54900  31.875  -42.549  56.768 0.0000000000
53650  32.450  -42.750  58.961 0.0000000000
53666  32.804  -42.839  58.452 0.0000000000
53649  33.077  -42.659  59.067 0.0000000000
54869  34.326  -42.384  58.905 0.0000000000
55919  16.493  -40.956  64.918 0.0000000000
55920  16.137  -41.615  65.219 0.0000000000
52250  15.708  -43.900  66.124 0.0000000000
53545  15.710  -42.978  66.898 0.0000000000
52241  15.769  -43.760  67.374 0.0000000000
52236  15.911  -43.599  68.342 0.0000000000
50941  16.085  -44.540  67.860 0.0000000000
49754  15.888  -45.759  65.733 0.0000000000
91202  54.218  -10.964  31.832 0.0000000000
91201  54.626  -10.444  32.241 0.0000000000
91189  54.303  -10.757  32.695 0.0000000000
92297  54.658  -10.482  33.206 0.0000000000
91176  54.280  -10.955  33.328 0.0000000000
88823  51.422  -11.952  31.173 0.0000000000
89986  52.036  -11.560  31.189 0.0000000000
89976  52.370  -12.153  32.163 0.0000000000
89951  53.079  -11.859  33.972 0.0000000000
89950  53.808  -11.668  34.091 0.0000000000
91136  54.531  -11.372  34.597 0.0000000000
89931  54.506  -11.459  34.907 0.0000000000
91123  55.213  -11.181  35.940 0.0000000000
89910  54.574  -11.608  35.398 0.0000000000
88739  53.643  -12.788  36.945 0.0000000000
89884  54.735  -11.785  37.363 0.0000000000
89874  53.951  -12.390  38.882 0.0000000000
80854  48.448  -20.179  38.958 0.0000000000
81960  48.105  -19.131  39.566 0.0000000000
80832  48.589  -19.688  39.545 0.0000000000
79714  50.527  -20.555  41.836 0.0000000000
80800  51.102  -19.702  41.959 0.0000000000
79682  49.400  -21.125  44.535 0.0000000000
79681  50.286  -20.481  45.058 0.0000000000
80766  51.007  -19.614  45.186 0.0000000000
81898  51.485  -19.034  45.546 0.0000000000
80764  52.051  -19.306  44.097 0.0000000000
81879  52.761  -18.529  45.366 0.0000000000
69882  42.317  -28.851  43.976 0.0000000000
69870  42.709  -28.568  44.783 0.0000000000
94680  51.339  -7.426  28.972 0.0000000000
93521  53.771  -8.809  29.425 0.0000000000
104894  55.500  1.082  24.015 0.0000000000
47409  11.658  -47.871  62.885 0.0000000000
46190  12.252  -48.480  63.023 0.0000000000
47402  11.691  -48.106  63.990 0.0000000000
47397  11.948  -47.894  65.135 0.0000000000
46168  12.222  -48.644  65.648 0.0000000000
49755  11.517  -45.843  66.681 0.0000000000
84273  45.942  -17.293  36.681 0.0000000000
83122  45.464  -17.682  36.896 0.0000000000
80878  45.016  -20.092  36.747 0.0000000000
82005  45.463  -19.685  36.822 0.0000000000
82004  45.895  -19.438  37.090 0.0000000000
80876  46.938  -20.167  37.063 0.0000000000
78653  45.996  -22.029  38.188 0.0000000000
78652  46.910  -21.675  38.435 0.0000000000
78629  47.059  -21.864  39.491 0.0000000000
78613  47.575  -21.821  40.101 0.0000000000
76189  43.930  -23.990  38.598 0.0000000000
77468  44.669  -23.007  38.381 0.0000000000
77448  44.897  -23.368  39.031 0.0000000000
76155  46.491  -23.282  41.181 0.0000000000
77419  46.800  -22.934  41.645 0.0000000000
77408  46.807  -22.834  42.465 0.0000000000
77395  47.442  -22.578  42.886 0.0000000000
77396  46.748  -22.900  43.252 0.0000000000
77381  46.029  -23.431  44.337 0.0000000000
77380  46.750  -23.119  44.087 0.0000000000
77360  46.651  -23.380  44.987 0.0000000000
76045  46.776  -23.657  46.273 0.0000000000
59847  38.599  -37.691  48.031 0.0000000000
59841  38.285  -38.651  48.438 0.0000000000
58640  36.120  -40.293  49.784 0.0000000000
58638  37.888  -39.523  50.107 0.0000000000
59827  39.225  -38.731  49.126 0.0000000000
58636  40.055  -38.970  50.158 0.0000000000
58635  40.661  -38.797  50.415 0.0000000000
57369  40.580  -39.577  51.533 0.0000000000
58545  41.138  -39.554  54.180 0.0000000000
57325  41.165  -39.537  53.537 0.0000000000
58521  41.638  -39.653  54.830 0.0000000000
57302  42.386  -39.586  54.415 0.0000000000
58499  41.803  -39.602  55.779 0.0000000000
53721  33.592  -43.738  55.875 0.0000000000
53735  34.071  -43.661  54.774 0.0000000000
53720  34.712  -43.830  55.760 0.0000000000
54898  36.835  -42.683  56.261 0.0000000000
53718  36.571  -42.832  55.677 0.0000000000
54914  36.881  -42.601  55.824 0.0000000000
54923  37.390  -41.887  54.826 0.0000000000
56051  37.708  -41.868  56.095 0.0000000000
55999  39.433  -41.228  58.264 0.0000000000
56000  38.644  -41.541  58.474 0.0000000000
57262  39.048  -41.318  56.182 0.0000000000
57261  39.581  -40.990  56.543 0.0000000000
57281  40.086  -40.584  55.699 0.0000000000
57239  40.192  -40.469  57.364 0.0000000000
57216  40.974  -39.954  57.990 0.0000000000
57236  42.133  -39.461  57.913 0.0000000000
57126  28.305  -39.873  64.854 0.0000000000
57110  27.862  -39.871  65.244 0.0000000000
57143  27.463  -39.741  64.006 0.0000000000
57160  25.750  -40.106  63.263 0.0000000000
57187  24.333  -40.746  61.149 0.0000000000
55984  23.634  -40.772  60.969 0.0000000000
55952  22.292  -40.690  61.784 0.0000000000
55951  22.815  -40.729  62.205 0.0000000000
57174  22.623  -40.709  62.672 0.0000000000
57163  22.863  -40.696  63.350 0.0000000000
57190  19.889  -40.597  61.227 0.0000000000
55953  20.268  -40.651  63.112 0.0000000000
55954  19.736  -40.687  62.776 0.0000000000
55934  19.348  -40.705  63.392 0.0000000000
55955  18.733  -40.780  62.284 0.0000000000
58537  19.303  -40.098  54.523 0.0000000000
58536  20.136  -40.121  54.570 0.0000000000
57290  20.154  -40.189  56.345 0.0000000000
57291  19.238  -40.673  56.124 0.0000000000
57332  17.160  -39.734  54.459 0.0000000000
57314  16.849  -39.947  55.107 0.0000000000
57273  17.830  -40.671  56.721 0.0000000000
57228  18.558  -40.629  58.919 0.0000000000
55987  17.985  -40.816  60.233 0.0000000000
55974  16.980  -41.276  61.521 0.0000000000
55957  16.821  -41.247  62.636 0.0000000000
54837  15.922  -42.216  60.664 0.0000000000
54823  15.533  -42.898  61.637 0.0000000000
52362  14.725  -44.119  59.034 0.0000000000
52349  14.816  -44.168  60.065 0.0000000000
52335  14.907  -44.205  61.077 0.0000000000
51023  14.906  -44.975  61.363 0.0000000000
49842  13.528  -45.575  59.443 0.0000000000
48650  13.427  -46.468  60.256 0.0000000000
47432  14.432  -47.164  61.299 0.0000000000
48651  12.498  -46.518  60.283 0.0000000000
48641  11.230  -46.027  61.585 0.0000000000
49800  11.150  -45.380  62.028 0.0000000000
56144  31.276  -40.808  49.814 0.0000000000
56128  31.735  -40.968  50.550 0.0000000000
57390  28.068  -39.613  49.732 0.0000000000
57389  28.905  -40.026  49.786 0.0000000000
56085  29.143  -41.013  53.369 0.0000000000
56098  30.091  -41.020  52.482 0.0000000000
56097  30.895  -42.121  52.503 0.0000000000
56083  30.475  -42.368  53.818 0.0000000000
56075  30.111  -41.605  54.685 0.0000000000
56041  29.979  -41.693  57.562 0.0000000000
57263  29.349  -40.956  57.905 0.0000000000
58507  26.900  -39.938  56.190 0.0000000000
57286  27.324  -40.463  56.344 0.0000000000
57198  28.084  -40.225  59.920 0.0000000000
57243  27.964  -40.669  58.458 0.0000000000
57219  28.211  -40.593  59.462 0.0000000000
57218  28.729  -40.931  59.730 0.0000000000
57196  29.015  -41.189  60.643 0.0000000000
57181  28.904  -41.014  61.585 0.0000000000
57157  28.450  -39.810  63.148 0.0000000000
57156  29.158  -40.187  63.176 0.0000000000
57141  29.088  -39.883  63.961 0.0000000000
55901  29.382  -40.447  64.886 0.0000000000
55888  27.441  -40.397  65.991 0.0000000000
55881  16.644  -40.961  67.623 0.0000000000
55880  17.422  -40.753  67.715 0.0000000000
55869  16.886  -40.838  68.509 0.0000000000
43772  14.615  -50.482  64.498 0.0000000000
42565  15.469  -51.311  65.158 0.0000000000
42558  15.737  -51.610  65.717 0.0000000000
43752  16.308  -51.029  65.742 0.0000000000
41276  16.043  -51.848  66.252 0.0000000000
99080  59.937  -5.461  33.108 0.0000000000
99087  60.424  -5.453  32.961 0.0000000000
97972  60.809  -5.409  34.185 0.0000000000
94628  60.923  -7.890  34.592 0.0000000000
94644  56.279  -8.356  32.726 0.0000000000
93474  58.067  -8.611  34.689 0.0000000000
93486  58.092  -8.348  34.031 0.0000000000
93473  58.579  -8.247  35.094 0.0000000000
94618  58.902  -7.935  35.369 0.0000000000
92239  57.723  -10.035  38.122 0.0000000000
94587  59.755  -9.250  37.972 0.0000000000
94586  59.928  -9.155  37.817 0.0000000000
94597  59.737  -8.795  36.877 0.0000000000
94596  59.903  -8.903  37.273 0.0000000000
93443  60.131  -9.109  37.353 0.0000000000
86644  48.250  -14.746  33.055 0.0000000000
85453  48.832  -15.923  35.441 0.0000000000
85470  48.853  -15.608  34.829 0.0000000000
87679  50.968  -14.694  37.307 0.0000000000
86613  50.443  -14.723  36.326 0.0000000000
87691  50.958  -14.392  36.356 0.0000000000
87704  50.769  -14.297  35.249 0.0000000000
88741  52.204  -13.804  37.137 0.0000000000
88697  52.598  -12.970  40.257 0.0000000000
88696  53.106  -12.819  39.888 0.0000000000
89864  53.598  -12.493  40.144 0.0000000000
89848  53.457  -12.009  41.136 0.0000000000
83045  48.442  -17.982  40.247 0.0000000000
83055  48.300  -17.761  39.990 0.0000000000
85384  49.605  -16.660  40.576 0.0000000000
85383  50.104  -16.100  40.912 0.0000000000
86546  50.028  -15.679  40.635 0.0000000000
86528  53.054  -14.656  43.163 0.0000000000
86529  52.295  -14.685  42.771 0.0000000000
87603  52.073  -14.094  42.389 0.0000000000
87610  51.435  -13.799  41.866 0.0000000000
87609  52.304  -13.576  42.230 0.0000000000
88672  51.735  -13.249  41.436 0.0000000000
88663  52.902  -13.297  42.277 0.0000000000
76139  40.377  -24.903  41.916 0.0000000000
74810  42.177  -25.618  41.607 0.0000000000
76120  42.005  -25.017  42.736 0.0000000000
77387  40.646  -23.771  44.884 0.0000000000
77386  41.292  -23.506  44.960 0.0000000000
77364  42.728  -23.109  45.500 0.0000000000
76084  42.701  -23.701  44.485 0.0000000000
76083  43.778  -23.680  44.445 0.0000000000
77383  44.446  -23.526  44.809 0.0000000000
77363  43.862  -23.307  45.434 0.0000000000
77302  44.927  -22.595  48.513 0.0000000000
77301  46.169  -23.072  48.408 0.0000000000
77284  46.619  -22.949  49.273 0.0000000000
65641  43.481  -33.374  47.620 0.0000000000
65642  42.787  -33.552  47.413 0.0000000000
66724  42.462  -31.804  46.655 0.0000000000
66723  43.456  -31.859  47.106 0.0000000000
67716  45.175  -30.953  47.437 0.0000000000
67729  44.210  -30.841  46.771 0.0000000000
67728  45.194  -30.279  46.893 0.0000000000
68748  44.769  -28.898  46.464 0.0000000000
67727  45.618  -29.823  46.962 0.0000000000
59695  44.542  -37.958  57.051 0.0000000000
60939  44.230  -36.842  56.290 0.0000000000
60938  44.654  -36.421  56.662 0.0000000000
63382  45.903  -35.625  54.853 0.0000000000
62202  45.509  -35.923  55.432 0.0000000000
63425  45.546  -34.909  52.727 0.0000000000
64529  46.482  -34.544  53.311 0.0000000000
66658  47.224  -31.628  52.433 0.0000000000
65594  46.897  -32.515  51.829 0.0000000000
64544  46.457  -33.398  52.214 0.0000000000
65607  46.924  -32.501  50.818 0.0000000000
66684  47.186  -31.655  49.823 0.0000000000
69820  46.824  -28.475  49.489 0.0000000000
68715  46.960  -29.418  49.107 0.0000000000
69830  46.786  -28.694  48.839 0.0000000000
70988  46.089  -27.519  47.776 0.0000000000
70989  45.302  -26.748  48.021 0.0000000000
70979  46.129  -27.193  48.983 0.0000000000
72150  46.415  -26.162  50.998 0.0000000000
72159  45.644  -26.034  49.856 0.0000000000
73396  44.513  -24.719  50.174 0.0000000000
73379  45.230  -24.694  50.914 0.0000000000
72125  47.870  -26.690  53.765 0.0000000000
74633  46.162  -24.870  52.826 0.0000000000
74634  45.689  -24.385  52.511 0.0000000000
74635  45.192  -23.948  52.086 0.0000000000
75948  45.295  -23.613  52.324 0.0000000000
77253  44.764  -22.814  51.467 0.0000000000
77231  45.596  -22.813  52.241 0.0000000000
103785  54.177  0.591  24.703 0.0000000000
98054  52.153  -4.147  27.266 0.0000000000
98053  52.866  -4.520  26.918 0.0000000000
101480  54.317  -2.233  24.330 0.0000000000
98068  57.139  -4.693  25.311 0.0000000000
98067  58.124  -5.026  25.144 0.0000000000
96951  58.621  -5.252  25.870 0.0000000000
95824  57.252  -6.572  27.961 0.0000000000
95835  57.249  -6.374  27.011 0.0000000000
96935  57.950  -6.225  27.684 0.0000000000
99140  59.544  -4.044  28.295 0.0000000000
98050  59.017  -5.148  27.450 0.0000000000
98049  59.422  -4.536  27.384 0.0000000000
98057  59.538  -4.364  26.474 0.0000000000
100288  59.919  -3.651  27.233 0.0000000000
101459  60.405  -3.378  27.358 0.0000000000
101453  60.302  -3.397  28.227 0.0000000000
100271  61.185  -3.403  29.502 0.0000000000
102679  58.403  -0.248  19.797 0.0000000000
102692  58.358  -1.195  19.569 0.0000000000
99218  59.740  -3.067  22.265 0.0000000000
53569  30.637  -42.235  64.670 0.0000000000
47408  15.046  -47.600  63.024 0.0000000000
45002  15.264  -49.166  63.843 0.0000000000
78549  47.906  -22.317  46.248 0.0000000000
78548  48.466  -21.720  46.472 0.0000000000
78536  48.591  -21.939  47.410 0.0000000000
57373  34.149  -41.291  50.737 0.0000000000
56110  33.791  -41.675  51.323 0.0000000000
56094  34.201  -41.837  52.008 0.0000000000
54955  34.785  -42.394  52.500 0.0000000000
58490  24.384  -39.985  56.571 0.0000000000
57267  23.665  -40.023  57.215 0.0000000000
58534  22.132  -40.024  54.920 0.0000000000
59755  24.681  -38.765  53.232 0.0000000000
58531  25.339  -39.499  54.733 0.0000000000
58510  24.774  -39.855  55.702 0.0000000000
57151  19.963  -40.736  65.130 0.0000000000
57135  19.872  -40.243  66.037 0.0000000000
57136  18.986  -40.365  66.337 0.0000000000
57120  19.017  -40.242  67.379 0.0000000000
96910  55.869  -6.033  31.023 0.0000000000
96892  56.918  -5.884  31.802 0.0000000000
96893  56.387  -6.291  31.715 0.0000000000
95795  56.585  -6.678  31.963 0.0000000000
94650  56.920  -7.151  32.310 0.0000000000
91089  56.187  -10.666  38.958 0.0000000000
91077  56.794  -10.449  40.136 0.0000000000
85439  46.894  -17.003  37.300 0.0000000000
85428  47.303  -16.741  38.072 0.0000000000
85413  48.095  -16.938  38.680 0.0000000000
73472  41.037  -25.531  45.584 0.0000000000
73460  40.827  -25.093  45.900 0.0000000000
74730  41.086  -24.615  46.333 0.0000000000
73459  41.504  -25.311  46.349 0.0000000000
73457  42.771  -25.595  47.080 0.0000000000
73441  42.952  -25.345  47.669 0.0000000000
58571  43.593  -38.689  53.127 0.0000000000
59783  43.418  -37.957  52.488 0.0000000000
59764  43.677  -37.901  53.280 0.0000000000
94678  53.250  -7.895  29.236 0.0000000000
94689  53.551  -7.287  28.604 0.0000000000
94675  55.906  -7.365  28.783 0.0000000000
95817  55.868  -7.231  29.655 0.0000000000
101522  56.522  -2.102  22.234 0.0000000000
100331  56.328  -3.071  23.022 0.0000000000
100320  55.909  -3.043  23.738 0.0000000000
54901  31.192  -42.214  56.969 0.0000000000
54885  31.402  -42.529  57.614 0.0000000000
54854  31.776  -42.704  59.342 0.0000000000
54853  32.808  -42.547  59.721 0.0000000000
54798  15.579  -42.433  63.384 0.0000000000
54791  15.710  -42.294  64.607 0.0000000000
53582  15.683  -43.079  65.220 0.0000000000
47391  16.786  -47.333  66.269 0.0000000000
47384  16.971  -46.783  66.761 0.0000000000
92324  52.699  -9.900  30.174 0.0000000000
92323  53.758  -10.050  30.333 0.0000000000
91213  53.139  -10.663  30.618 0.0000000000
91203  53.391  -11.267  31.322 0.0000000000
88796  51.836  -12.859  32.491 0.0000000000
89952  52.461  -12.323  33.839 0.0000000000
88783  52.538  -12.362  34.132 0.0000000000
89933  53.348  -12.094  34.879 0.0000000000
89911  53.903  -12.225  35.639 0.0000000000
89912  53.249  -12.394  35.275 0.0000000000
78627  48.461  -21.089  39.875 0.0000000000
79725  49.286  -20.581  40.421 0.0000000000
78610  49.463  -21.193  40.977 0.0000000000
78600  50.372  -20.981  42.475 0.0000000000
80752  50.528  -20.120  45.804 0.0000000000
49786  11.121  -46.039  63.643 0.0000000000
49770  11.226  -46.015  64.491 0.0000000000
48601  11.797  -47.131  65.624 0.0000000000
79768  45.908  -21.132  37.435 0.0000000000
76173  44.064  -24.425  39.572 0.0000000000
76172  44.926  -23.886  39.631 0.0000000000
76157  45.057  -24.158  40.674 0.0000000000
76134  46.042  -23.404  41.942 0.0000000000
77409  46.158  -23.286  42.759 0.0000000000
77410  45.839  -23.490  43.237 0.0000000000
77398  45.588  -23.488  43.715 0.0000000000
59849  36.780  -38.594  47.583 0.0000000000
57370  36.886  -40.410  51.515 0.0000000000
58620  37.665  -40.246  51.319 0.0000000000
58598  39.545  -39.742  51.978 0.0000000000
58572  40.193  -39.594  52.602 0.0000000000
58573  39.642  -39.863  53.080 0.0000000000
58546  40.392  -39.516  53.777 0.0000000000
58523  40.148  -40.133  54.705 0.0000000000
53682  34.954  -43.349  57.733 0.0000000000
53702  35.323  -43.634  56.659 0.0000000000
53681  35.827  -43.278  57.296 0.0000000000
54881  36.717  -42.820  57.424 0.0000000000
54866  37.295  -42.443  58.302 0.0000000000
53648  39.511  -42.292  58.451 0.0000000000
56020  40.162  -40.558  57.844 0.0000000000
57158  27.609  -39.762  63.091 0.0000000000
57159  26.683  -39.866  63.131 0.0000000000
57173  25.057  -40.451  62.468 0.0000000000
57224  22.665  -40.524  59.298 0.0000000000
55985  22.987  -40.728  60.893 0.0000000000
57204  22.299  -40.654  60.372 0.0000000000
57188  21.873  -40.653  61.244 0.0000000000
57189  20.958  -40.562  61.315 0.0000000000
58561  18.498  -39.706  53.976 0.0000000000
57294  16.564  -40.380  55.618 0.0000000000
57274  17.097  -40.947  56.392 0.0000000000
56027  17.252  -40.999  57.985 0.0000000000
56006  17.006  -41.141  59.193 0.0000000000
55989  16.587  -41.935  60.526 0.0000000000
54858  15.313  -42.312  59.526 0.0000000000
51067  14.354  -44.563  58.727 0.0000000000
51051  14.340  -45.028  59.294 0.0000000000
51052  13.322  -45.223  58.870 0.0000000000
57405  30.144  -40.242  48.945 0.0000000000
56146  29.950  -40.467  49.562 0.0000000000
57361  27.641  -39.481  51.404 0.0000000000
57360  28.179  -40.373  51.814 0.0000000000
56076  29.272  -41.316  54.514 0.0000000000
57306  28.595  -41.229  55.520 0.0000000000
58467  26.770  -40.353  57.968 0.0000000000
58466  27.367  -40.500  58.221 0.0000000000
58447  26.999  -40.568  58.950 0.0000000000
58430  27.783  -40.007  60.390 0.0000000000
58429  28.150  -40.076  61.090 0.0000000000
58416  27.748  -39.837  61.339 0.0000000000
57170  27.841  -39.793  62.224 0.0000000000
43762  14.024  -51.112  65.171 0.0000000000
42567  14.327  -51.784  65.550 0.0000000000
97961  60.647  -5.518  34.721 0.0000000000
96862  61.352  -5.651  34.479 0.0000000000
92261  60.683  -9.509  35.408 0.0000000000
92304  55.439  -9.547  33.209 0.0000000000
93488  56.259  -8.920  33.526 0.0000000000
93476  56.307  -9.583  34.140 0.0000000000
93475  56.951  -9.369  34.586 0.0000000000
93461  57.628  -9.502  35.537 0.0000000000
93434  58.804  -9.363  39.224 0.0000000000
93438  59.254  -9.199  38.643 0.0000000000
86635  48.901  -15.243  33.963 0.0000000000
86605  49.957  -15.256  37.288 0.0000000000
87680  50.486  -14.891  37.665 0.0000000000
87666  50.744  -14.477  38.194 0.0000000000
87665  51.148  -13.973  38.057 0.0000000000
88726  51.844  -13.718  38.071 0.0000000000
88714  51.549  -13.805  38.757 0.0000000000
83043  50.257  -17.775  40.986 0.0000000000
83036  51.116  -17.773  41.524 0.0000000000
84196  51.419  -17.029  41.709 0.0000000000
84205  51.346  -16.374  41.678 0.0000000000
88662  53.520  -13.054  42.822 0.0000000000
76140  39.402  -24.693  41.704 0.0000000000
76121  40.791  -24.786  42.829 0.0000000000
77344  41.523  -22.987  46.537 0.0000000000
77365  41.753  -23.051  45.669 0.0000000000
77343  42.389  -22.726  46.525 0.0000000000
77342  43.481  -22.812  46.444 0.0000000000
78512  45.023  -22.337  49.501 0.0000000000
63454  43.589  -35.486  49.617 0.0000000000
63468  43.158  -34.997  48.947 0.0000000000
63467  43.999  -34.839  48.890 0.0000000000
64593  44.168  -33.780  48.715 0.0000000000
65640  44.198  -33.058  48.080 0.0000000000
66697  44.500  -32.524  48.354 0.0000000000
66710  45.101  -31.507  48.079 0.0000000000
66709  45.673  -31.060  48.042 0.0000000000
60925  44.911  -36.702  57.129 0.0000000000
60924  45.640  -36.552  56.831 0.0000000000
62182  45.919  -35.816  56.273 0.0000000000
63381  46.363  -35.351  55.094 0.0000000000
67686  47.524  -30.260  50.651 0.0000000000
68696  47.406  -29.089  50.701 0.0000000000
69813  47.005  -28.343  50.332 0.0000000000
70971  46.191  -26.988  50.063 0.0000000000
70962  46.858  -27.207  50.722 0.0000000000
72149  46.858  -26.603  51.471 0.0000000000
98052  53.604  -4.673  26.301 0.0000000000
100297  54.384  -3.297  25.227 0.0000000000
99165  55.499  -3.602  24.976 0.0000000000
99157  55.860  -3.977  25.482 0.0000000000
96953  57.384  -5.351  25.955 0.0000000000
98041  58.405  -5.454  28.939 0.0000000000
96924  58.399  -5.766  28.323 0.0000000000
98030  58.710  -5.087  29.290 0.0000000000
99131  59.304  -3.944  28.978 0.0000000000
100272  59.662  -3.577  29.058 0.0000000000
101442  60.532  -3.345  29.033 0.0000000000
101431  60.302  -3.382  29.719 0.0000000000
101554  58.213  -2.346  20.234 0.0000000000
101553  58.576  -2.311  19.857 0.0000000000
100378  59.349  -2.679  19.476 0.0000000000
100330  60.082  -2.881  23.980 0.0000000000
101508  60.532  -2.940  23.889 0.0000000000
101492  61.215  -2.892  24.716 0.0000000000
54820  30.132  -42.224  61.288 0.0000000000
54819  31.044  -42.155  61.171 0.0000000000
54807  30.795  -41.963  61.787 0.0000000000
55926  32.071  -41.917  62.893 0.0000000000
54779  31.563  -41.879  64.312 0.0000000000
52304  15.600  -44.487  63.250 0.0000000000
50981  15.761  -44.944  64.394 0.0000000000
50995  15.654  -45.045  63.551 0.0000000000
48600  15.962  -46.642  65.190 0.0000000000
47396  16.285  -47.434  65.500 0.0000000000
46166  16.788  -48.558  66.080 0.0000000000
44968  16.973  -49.430  66.542 0.0000000000
88824  50.951  -12.261  31.088 0.0000000000
88812  51.035  -13.076  31.568 0.0000000000
88785  51.466  -13.835  33.515 0.0000000000
78582  49.157  -21.535  43.780 0.0000000000
79658  49.139  -21.254  46.772 0.0000000000
52251  10.985  -44.439  65.968 0.0000000000
52242  11.136  -44.300  66.342 0.0000000000
50950  11.506  -44.689  67.086 0.0000000000
52237  11.170  -43.292  67.658 0.0000000000
50942  11.553  -44.963  67.690 0.0000000000
49743  11.220  -45.506  68.322 0.0000000000
74832  43.660  -24.839  40.637 0.0000000000
74808  43.616  -24.797  41.198 0.0000000000
57400  35.345  -40.060  49.504 0.0000000000
57383  36.181  -40.373  50.204 0.0000000000
57372  35.205  -41.124  50.823 0.0000000000
57371  36.157  -40.404  50.946 0.0000000000
57358  36.488  -40.769  51.858 0.0000000000
57201  25.262  -40.453  60.336 0.0000000000
57223  23.675  -40.534  59.318 0.0000000000
57247  23.132  -40.367  58.285 0.0000000000
57248  22.145  -40.019  58.372 0.0000000000
57249  21.111  -39.970  58.364 0.0000000000
57295  15.754  -40.427  55.370 0.0000000000
56055  15.612  -41.093  55.817 0.0000000000
56044  15.505  -41.740  56.709 0.0000000000
54902  14.691  -42.318  55.959 0.0000000000
58579  26.381  -38.480  52.726 0.0000000000
57330  27.004  -39.461  54.794 0.0000000000
58487  26.571  -40.219  56.924 0.0000000000
58468  26.013  -40.410  57.793 0.0000000000
57244  25.825  -40.492  58.696 0.0000000000
99098  59.211  -4.457  31.614 0.0000000000
99097  59.497  -4.034  31.997 0.0000000000
97996  59.397  -4.548  32.254 0.0000000000
97985  59.501  -5.216  32.494 0.0000000000
96876  59.922  -5.944  33.191 0.0000000000
96891  57.953  -5.755  32.337 0.0000000000
96877  58.877  -6.097  32.908 0.0000000000
96863  60.419  -6.018  33.944 0.0000000000
96864  59.768  -6.459  33.976 0.0000000000
96845  60.035  -6.549  35.144 0.0000000000
95747  59.657  -7.302  35.270 0.0000000000
91133  56.275  -10.436  35.878 0.0000000000
91121  56.425  -10.365  36.282 0.0000000000
92251  56.629  -10.195  36.882 0.0000000000
92240  56.874  -10.100  37.836 0.0000000000
92231  57.826  -10.075  38.767 0.0000000000
85472  47.208  -16.107  34.568 0.0000000000
85454  47.953  -16.138  35.463 0.0000000000
85443  48.716  -16.266  36.338 0.0000000000
86606  49.266  -15.759  37.250 0.0000000000
86578  49.801  -15.443  38.904 0.0000000000
87635  50.161  -15.134  39.396 0.0000000000
83004  53.180  -17.991  44.113 0.0000000000
83022  52.977  -17.429  43.206 0.0000000000
76106  39.272  -24.181  43.455 0.0000000000
77367  40.327  -23.886  45.026 0.0000000000
76047  40.671  -24.182  46.003 0.0000000000
76030  41.404  -23.992  46.892 0.0000000000
77345  41.212  -23.621  46.451 0.0000000000
77323  41.584  -23.230  47.410 0.0000000000
77288  42.308  -23.502  48.581 0.0000000000
77287  42.608  -23.143  48.995 0.0000000000
61059  41.210  -36.692  49.033 0.0000000000
59823  41.840  -37.354  50.302 0.0000000000
61037  42.331  -36.845  50.379 0.0000000000
62283  43.151  -36.078  50.458 0.0000000000
60996  43.386  -37.503  51.954 0.0000000000
62267  43.611  -36.527  51.055 0.0000000000
62282  43.893  -35.768  50.300 0.0000000000
63439  44.757  -35.214  51.064 0.0000000000
63452  45.329  -34.641  50.720 0.0000000000
96928  52.857  -5.667  27.366 0.0000000000
96927  53.518  -5.739  27.292 0.0000000000
96938  54.112  -5.613  27.073 0.0000000000
96937  54.990  -5.563  26.779 0.0000000000
96936  55.454  -5.774  26.642 0.0000000000
95836  56.573  -6.564  27.183 0.0000000000
96926  57.071  -6.366  28.971 0.0000000000
96916  57.511  -5.822  29.549 0.0000000000
99112  58.606  -4.939  30.631 0.0000000000
102674  57.479  -0.949  20.863 0.0000000000
102666  56.994  -1.201  21.534 0.0000000000
100362  58.615  -3.060  20.618 0.0000000000
100347  60.514  -2.721  21.696 0.0000000000
99235  59.134  -3.354  21.556 0.0000000000
99219  59.291  -3.497  22.308 0.0000000000
99207  57.806  -4.027  22.476 0.0000000000
99206  58.899  -3.768  22.809 0.0000000000
99175  58.960  -3.968  24.367 0.0000000000
98072  59.161  -4.125  24.683 0.0000000000
54941  32.283  -42.331  53.881 0.0000000000
54940  33.298  -42.731  53.679 0.0000000000
54926  32.609  -42.718  54.801 0.0000000000
53736  33.228  -43.270  55.163 0.0000000000
53704  33.240  -43.485  56.907 0.0000000000
54899  32.543  -42.990  57.121 0.0000000000
53683  33.889  -43.218  57.681 0.0000000000
53664  34.376  -42.813  58.289 0.0000000000
54818  32.021  -42.033  61.270 0.0000000000
54817  32.805  -41.975  61.170 0.0000000000
54832  33.361  -42.024  60.670 0.0000000000
55963  33.979  -41.364  61.674 0.0000000000
54831  34.393  -41.725  60.725 0.0000000000
58557  22.638  -39.705  53.722 0.0000000000
55918  17.349  -40.813  64.664 0.0000000000
55905  16.588  -41.171  65.933 0.0000000000
55895  16.204  -41.848  66.887 0.0000000000
54783  15.982  -42.329  65.621 0.0000000000
54776  15.996  -42.346  66.499 0.0000000000
54753  15.785  -41.957  68.295 0.0000000000
53524  15.848  -42.674  68.981 0.0000000000
50967  15.860  -44.877  65.353 0.0000000000
50957  15.925  -44.968  66.178 0.0000000000
48588  16.490  -46.424  66.718 0.0000000000
49747  16.370  -45.852  67.201 0.0000000000
49740  16.776  -45.387  67.668 0.0000000000
94660  55.158  -8.830  30.633 0.0000000000
93501  55.224  -9.155  31.366 0.0000000000
93494  55.177  -9.500  32.131 0.0000000000
91211  54.586  -10.455  31.542 0.0000000000
92314  54.969  -9.960  31.833 0.0000000000
92296  55.093  -10.216  33.376 0.0000000000
91174  55.231  -10.558  33.866 0.0000000000
91155  55.508  -10.594  34.501 0.0000000000
89985  52.739  -11.409  31.321 0.0000000000
89965  52.927  -11.695  32.816 0.0000000000
91177  53.651  -11.354  33.158 0.0000000000
91157  54.331  -11.364  34.014 0.0000000000
91156  54.918  -11.057  34.236 0.0000000000
91134  55.784  -10.631  35.415 0.0000000000
91108  55.183  -11.116  36.932 0.0000000000
91100  55.306  -11.212  37.929 0.0000000000
81983  47.220  -18.828  38.502 0.0000000000
81962  47.440  -18.475  38.992 0.0000000000
81961  47.720  -18.808  39.270 0.0000000000
81950  48.209  -18.742  39.932 0.0000000000
81949  48.976  -18.585  40.271 0.0000000000
80817  49.381  -19.603  40.377 0.0000000000
81948  49.869  -18.669  40.703 0.0000000000
81934  50.731  -18.714  41.370 0.0000000000
80798  52.337  -18.941  43.147 0.0000000000
78581  49.716  -21.227  43.520 0.0000000000
79704  50.266  -20.907  43.240 0.0000000000
79680  50.689  -19.990  44.782 0.0000000000
79691  50.794  -19.931  44.104 0.0000000000
79702  51.234  -19.873  43.498 0.0000000000
80781  51.535  -19.568  43.848 0.0000000000
80780  52.229  -19.188  43.631 0.0000000000
81916  52.698  -18.512  43.498 0.0000000000
82988  53.082  -18.250  44.743 0.0000000000
71023  41.660  -27.643  44.616 0.0000000000
71022  42.830  -27.460  45.354 0.0000000000
71021  43.592  -27.708  45.295 0.0000000000
58457  43.350  -38.876  57.352 0.0000000000
59720  43.794  -37.803  56.172 0.0000000000
58455  44.445  -38.969  56.959 0.0000000000
95830  51.891  -6.904  28.332 0.0000000000
93523  51.827  -8.214  29.617 0.0000000000
94679  52.297  -7.737  29.220 0.0000000000
93520  54.454  -8.791  29.655 0.0000000000
103797  55.310  0.459  23.405 0.0000000000
46198  12.803  -48.288  62.400 0.0000000000
46189  13.189  -48.841  62.976 0.0000000000
46180  13.196  -49.254  63.730 0.0000000000
44997  12.811  -49.318  64.280 0.0000000000
46174  12.236  -48.759  64.646 0.0000000000
44977  12.897  -50.128  66.743 0.0000000000
46162  12.240  -48.498  66.675 0.0000000000
44970  12.392  -49.344  67.191 0.0000000000
44969  12.619  -50.044  67.524 0.0000000000
85446  46.060  -16.978  36.178 0.0000000000
84263  46.109  -17.557  37.152 0.0000000000
83108  46.191  -18.050  37.482 0.0000000000
83110  45.386  -18.227  37.013 0.0000000000
82023  46.008  -18.385  37.346 0.0000000000
80856  47.185  -19.358  37.818 0.0000000000
80855  47.962  -19.720  38.376 0.0000000000
79745  48.306  -20.746  38.737 0.0000000000
79787  47.192  -21.285  37.557 0.0000000000
78673  47.518  -21.413  38.101 0.0000000000
78612  48.112  -21.502  40.229 0.0000000000
77431  48.274  -21.750  40.573 0.0000000000
77406  48.335  -22.296  41.768 0.0000000000
78655  44.305  -22.417  37.542 0.0000000000
77467  45.308  -22.439  38.374 0.0000000000
76171  45.864  -23.711  39.958 0.0000000000
77446  46.399  -22.793  39.733 0.0000000000
77433  47.103  -22.660  40.516 0.0000000000
77418  47.686  -22.484  41.245 0.0000000000
78593  48.122  -22.398  42.513 0.0000000000
77359  47.245  -22.681  44.717 0.0000000000
77317  47.726  -23.053  47.153 0.0000000000
76016  47.991  -23.254  48.498 0.0000000000
61090  38.756  -36.720  47.121 0.0000000000
61079  38.979  -37.201  48.022 0.0000000000
61061  39.637  -37.339  48.789 0.0000000000
58665  36.177  -39.264  48.008 0.0000000000
58664  37.391  -39.048  48.231 0.0000000000
58650  38.282  -39.224  48.805 0.0000000000
59826  39.578  -38.289  49.374 0.0000000000
61040  40.022  -37.786  49.451 0.0000000000
58634  40.953  -38.480  50.321 0.0000000000
58616  41.242  -38.849  50.848 0.0000000000
57353  42.169  -39.528  52.034 0.0000000000
57355  40.671  -39.650  52.058 0.0000000000
57343  41.636  -39.686  52.911 0.0000000000
57352  42.840  -39.279  52.391 0.0000000000
57323  42.784  -39.568  53.760 0.0000000000
57301  43.100  -39.444  54.427 0.0000000000
54939  34.301  -43.074  53.201 0.0000000000
54938  35.399  -42.941  53.179 0.0000000000
53719  35.713  -43.411  55.725 0.0000000000
53747  35.826  -43.211  54.094 0.0000000000
54937  36.501  -42.431  53.536 0.0000000000
54936  37.186  -41.922  54.047 0.0000000000
56073  37.762  -41.373  54.169 0.0000000000
57305  38.389  -40.972  54.642 0.0000000000
56002  37.675  -42.211  58.627 0.0000000000
56023  37.889  -42.018  58.070 0.0000000000
56022  38.459  -41.525  57.894 0.0000000000
56039  38.028  -41.789  57.111 0.0000000000
56050  38.365  -41.531  56.223 0.0000000000
57283  38.694  -41.181  55.456 0.0000000000
57304  39.098  -40.599  54.824 0.0000000000
57303  39.692  -40.543  55.042 0.0000000000
58501  40.605  -40.161  55.336 0.0000000000
57259  40.691  -39.979  56.870 0.0000000000
58480  41.168  -39.675  56.325 0.0000000000
58479  41.765  -39.263  56.578 0.0000000000
58478  42.486  -38.922  56.792 0.0000000000
54769  29.174  -41.195  65.371 0.0000000000
57111  27.353  -39.837  65.463 0.0000000000
57128  26.484  -39.685  64.928 0.0000000000
57129  25.548  -39.792  65.098 0.0000000000
57147  23.738  -40.410  64.438 0.0000000000
57186  24.934  -40.519  61.438 0.0000000000
55968  24.607  -40.614  61.998 0.0000000000
55949  24.367  -40.679  62.446 0.0000000000
55970  23.277  -40.744  61.555 0.0000000000
55950  23.641  -40.734  62.272 0.0000000000
55930  24.010  -40.712  62.912 0.0000000000
57162  23.915  -40.635  63.570 0.0000000000
57165  20.739  -40.582  63.743 0.0000000000
55915  20.012  -40.682  64.144 0.0000000000
57309  21.394  -39.941  55.585 0.0000000000
57289  21.066  -39.882  56.420 0.0000000000
57270  20.600  -40.025  57.348 0.0000000000
57250  20.188  -40.471  58.242 0.0000000000
57331  17.907  -39.833  54.521 0.0000000000
57312  18.634  -40.298  55.056 0.0000000000
57292  18.209  -40.600  55.966 0.0000000000
57227  19.638  -40.550  59.166 0.0000000000
57207  19.039  -40.661  60.167 0.0000000000
55986  18.643  -40.725  60.708 0.0000000000
55972  18.517  -40.782  61.241 0.0000000000
55936  17.493  -40.864  63.561 0.0000000000
55958  16.035  -41.745  62.804 0.0000000000
54809  15.666  -42.422  62.412 0.0000000000
54810  15.561  -43.020  62.549 0.0000000000
53622  15.413  -43.686  62.412 0.0000000000
54872  15.073  -42.337  58.309 0.0000000000
53671  14.929  -43.287  58.342 0.0000000000
53643  15.073  -43.414  60.842 0.0000000000
52305  15.430  -44.250  62.715 0.0000000000
51009  15.077  -44.967  62.176 0.0000000000
49785  15.149  -45.777  62.316 0.0000000000
49813  14.773  -45.838  60.889 0.0000000000
48625  14.879  -46.549  61.564 0.0000000000
47433  13.793  -47.430  61.233 0.0000000000
47418  13.312  -47.818  61.893 0.0000000000
48652  11.849  -46.464  60.383 0.0000000000
47434  12.856  -47.472  61.332 0.0000000000
47419  12.263  -47.708  62.043 0.0000000000
48626  11.363  -47.085  62.450 0.0000000000
48617  11.113  -46.361  63.018 0.0000000000
49787  11.125  -45.462  63.062 0.0000000000
49771  11.109  -45.414  63.914 0.0000000000
57421  33.211  -40.478  48.054 0.0000000000
57403  32.351  -40.717  49.433 0.0000000000
56127  32.448  -41.268  50.728 0.0000000000
57388  29.565  -40.259  49.457 0.0000000000
56130  29.657  -40.556  50.221 0.0000000000
56115  28.994  -40.541  51.103 0.0000000000
56113  30.924  -41.066  51.532 0.0000000000
54958  31.783  -42.271  53.125 0.0000000000
54942  31.360  -42.627  54.015 0.0000000000
56064  31.228  -41.815  55.663 0.0000000000
56065  30.519  -41.347  55.668 0.0000000000
56053  30.697  -41.746  56.625 0.0000000000
56024  30.131  -42.367  58.380 0.0000000000
56003  29.781  -42.336  59.144 0.0000000000
57285  27.942  -41.230  56.504 0.0000000000
57264  28.399  -40.974  57.602 0.0000000000
57241  29.029  -41.338  59.066 0.0000000000
56004  29.317  -41.996  59.636 0.0000000000
54836  29.681  -42.272  60.466 0.0000000000
55967  29.394  -41.890  61.540 0.0000000000
55948  29.457  -41.438  62.498 0.0000000000
55929  29.537  -40.971  63.302 0.0000000000
45003  14.530  -49.246  63.604 0.0000000000
43770  15.861  -50.030  64.720 0.0000000000
43761  15.094  -51.069  64.740 0.0000000000
43771  15.404  -50.303  64.497 0.0000000000
43759  16.467  -50.137  65.588 0.0000000000
43751  16.573  -50.364  66.021 0.0000000000
99095  60.292  -4.416  32.334 0.0000000000
97982  61.240  -5.554  32.883 0.0000000000
94642  58.197  -7.762  33.667 0.0000000000
94629  58.655  -7.768  34.577 0.0000000000
95759  59.225  -7.374  35.018 0.0000000000
92262  57.428  -10.004  36.400 0.0000000000
93451  58.115  -9.556  36.526 0.0000000000
93450  58.842  -9.137  36.808 0.0000000000
93445  58.980  -9.379  37.856 0.0000000000
94606  59.323  -8.402  35.968 0.0000000000
93449  59.864  -8.504  36.120 0.0000000000
88799  49.114  -13.911  32.348 0.0000000000
87728  50.370  -14.240  33.231 0.0000000000
87717  51.328  -14.114  34.158 0.0000000000
86614  49.898  -15.088  36.251 0.0000000000
86622  49.939  -14.767  35.261 0.0000000000
87705  50.124  -14.544  34.742 0.0000000000
87703  51.676  -13.717  35.282 0.0000000000
88758  52.242  -13.407  36.126 0.0000000000
88740  52.947  -13.345  37.020 0.0000000000
88724  53.476  -12.990  38.019 0.0000000000
83070  47.614  -17.738  39.134 0.0000000000
84219  48.424  -17.490  39.721 0.0000000000
85397  48.557  -17.124  39.293 0.0000000000
84207  49.762  -17.034  40.856 0.0000000000
86560  49.427  -16.289  39.483 0.0000000000
86558  50.487  -14.815  40.473 0.0000000000
84194  52.584  -16.765  42.747 0.0000000000
85381  51.509  -15.865  41.995 0.0000000000
85364  52.645  -15.465  43.022 0.0000000000
85374  51.883  -15.519  42.567 0.0000000000
85375  51.370  -15.270  42.041 0.0000000000
86538  51.025  -14.756  41.758 0.0000000000
87611  50.833  -14.358  41.457 0.0000000000
87621  50.723  -14.003  40.947 0.0000000000
88680  52.208  -12.798  41.202 0.0000000000
89849  52.750  -12.305  41.158 0.0000000000
88670  53.185  -12.812  42.169 0.0000000000
89832  53.065  -12.079  42.048 0.0000000000
91043  54.860  -11.514  41.742 0.0000000000
91042  55.624  -11.179  41.743 0.0000000000
74834  41.793  -25.596  40.364 0.0000000000
74809  43.219  -24.994  41.528 0.0000000000
76137  43.461  -24.719  41.779 0.0000000000
76105  40.328  -24.332  43.552 0.0000000000
76104  41.335  -24.267  43.514 0.0000000000
76085  41.739  -23.727  44.259 0.0000000000
76101  44.392  -23.826  43.568 0.0000000000
77382  45.178  -23.506  44.496 0.0000000000
77361  45.804  -23.577  45.202 0.0000000000
77341  44.617  -23.169  46.355 0.0000000000
77340  45.635  -23.510  46.163 0.0000000000
76046  46.237  -23.587  46.346 0.0000000000
77318  46.754  -23.513  47.510 0.0000000000
77300  47.404  -23.309  48.483 0.0000000000
62302  41.412  -36.219  48.501 0.0000000000
62325  41.380  -35.765  47.667 0.0000000000
64595  43.044  -34.724  48.283 0.0000000000
64613  42.503  -34.374  47.576 0.0000000000
67751  42.607  -30.106  45.296 0.0000000000
67730  43.244  -31.289  46.628 0.0000000000
67737  43.730  -30.080  46.260 0.0000000000
68750  43.579  -29.502  45.806 0.0000000000
69858  44.089  -28.785  45.697 0.0000000000
69857  44.706  -28.206  46.075 0.0000000000
60953  44.276  -37.135  55.361 0.0000000000
62219  45.051  -36.826  54.456 0.0000000000
62184  44.849  -36.212  56.097 0.0000000000
62218  45.413  -36.017  54.491 0.0000000000
62233  45.022  -35.894  53.448 0.0000000000
63437  45.714  -34.501  52.102 0.0000000000
63451  45.708  -34.387  51.365 0.0000000000
64509  47.134  -34.225  54.246 0.0000000000
65548  47.454  -32.786  54.285 0.0000000000
65565  47.040  -33.629  53.445 0.0000000000
65580  46.578  -33.732  52.890 0.0000000000
64561  46.512  -33.211  51.315 0.0000000000
64575  46.118  -33.754  50.611 0.0000000000
65608  46.653  -32.813  49.978 0.0000000000
66695  46.070  -31.681  48.785 0.0000000000
67706  46.113  -30.870  48.228 0.0000000000
67697  47.302  -30.351  49.447 0.0000000000
67705  46.689  -30.386  48.509 0.0000000000
67714  46.480  -29.805  48.044 0.0000000000
69842  46.222  -28.385  47.384 0.0000000000
69844  45.151  -27.909  46.656 0.0000000000
71001  44.728  -26.961  46.856 0.0000000000
70990  44.779  -26.340  47.581 0.0000000000
72181  44.628  -25.764  48.209 0.0000000000
73426  43.934  -25.045  48.403 0.0000000000
72168  45.832  -26.556  49.710 0.0000000000
73410  44.974  -25.625  49.311 0.0000000000
73412  43.575  -24.824  48.788 0.0000000000
74673  43.770  -24.434  49.645 0.0000000000
75996  43.649  -23.805  50.023 0.0000000000
70947  47.693  -27.412  52.545 0.0000000000
72141  46.994  -26.425  52.191 0.0000000000
73369  46.526  -25.778  52.119 0.0000000000
73352  47.369  -25.620  53.554 0.0000000000
73361  46.596  -25.491  52.696 0.0000000000
73370  46.051  -25.166  51.757 0.0000000000
74644  45.147  -24.224  51.667 0.0000000000
75982  44.298  -23.632  50.974 0.0000000000
77268  43.878  -23.141  50.339 0.0000000000
78499  44.057  -22.675  50.156 0.0000000000
78498  44.786  -22.401  50.271 0.0000000000
78497  45.698  -22.335  50.173 0.0000000000
78464  45.974  -22.585  51.710 0.0000000000
78496  46.284  -22.536  50.250 0.0000000000
101497  54.291  -1.318  24.157 0.0000000000
101496  54.971  -1.773  23.651 0.0000000000
99177  56.749  -3.934  24.085 0.0000000000
99164  56.161  -3.840  24.833 0.0000000000
98073  58.304  -4.482  24.434 0.0000000000
95843  56.622  -6.084  26.586 0.0000000000
96943  58.603  -5.590  26.583 0.0000000000
96934  58.558  -5.761  27.515 0.0000000000
98065  59.567  -4.085  25.632 0.0000000000
99163  59.766  -3.540  25.679 0.0000000000
101466  60.498  -3.203  26.471 0.0000000000
102622  61.020  -2.825  27.255 0.0000000000
101441  60.901  -3.310  29.109 0.0000000000
101450  61.213  -3.217  28.497 0.0000000000
42557  16.532  -51.283  66.276 0.0000000000
44985  16.405  -49.865  65.385 0.0000000000
44994  15.699  -49.458  64.427 0.0000000000
49741  16.141  -45.242  67.316 0.0000000000
50932  16.357  -44.100  68.500 0.0000000000
52255  31.335  -42.738  64.104 0.0000000000
53550  30.060  -41.995  64.691 0.0000000000
53597  15.631  -43.685  63.583 0.0000000000
53651  32.038  -42.779  58.764 0.0000000000
53684  32.990  -43.083  57.774 0.0000000000
53685  32.520  -42.890  57.978 0.0000000000
53717  36.844  -42.618  55.455 0.0000000000
53733  36.141  -43.193  54.974 0.0000000000
53746  36.468  -42.830  54.436 0.0000000000
53748  34.802  -43.394  53.958 0.0000000000
53749  33.998  -43.106  54.030 0.0000000000
54763  15.874  -42.230  67.346 0.0000000000
54789  31.957  -41.981  63.612 0.0000000000
54790  31.454  -41.687  64.142 0.0000000000
54799  15.571  -42.921  63.127 0.0000000000
54808  30.334  -42.055  61.819 0.0000000000
54816  34.442  -41.628  61.563 0.0000000000
54821  29.493  -42.211  61.003 0.0000000000
54835  30.441  -42.374  60.446 0.0000000000
54870  31.739  -42.722  58.365 0.0000000000
54880  37.534  -42.312  57.548 0.0000000000
54882  35.850  -43.073  58.046 0.0000000000
54883  32.522  -42.929  57.630 0.0000000000
54884  32.099  -42.781  57.683 0.0000000000
54912  37.458  -41.909  55.237 0.0000000000
54913  37.205  -42.284  55.553 0.0000000000
54924  36.930  -42.347  54.578 0.0000000000
55882  16.083  -41.508  67.558 0.0000000000
55887  28.276  -40.400  65.513 0.0000000000
55893  17.034  -40.888  66.798 0.0000000000
55894  16.447  -41.313  66.816 0.0000000000
55902  28.733  -40.284  65.250 0.0000000000
55932  22.903  -40.737  62.779 0.0000000000
55945  32.259  -41.866  62.146 0.0000000000
55946  31.385  -41.822  62.348 0.0000000000
55966  30.017  -42.117  61.801 0.0000000000
55980  34.182  -41.593  61.355 0.0000000000
55981  33.890  -41.657  61.247 0.0000000000
55982  29.190  -41.883  60.548 0.0000000000
55983  24.063  -40.787  61.054 0.0000000000
55998  40.471  -40.701  58.052 0.0000000000
56026  17.909  -40.677  58.463 0.0000000000
56037  39.467  -41.107  57.187 0.0000000000
56063  37.572  -41.900  55.660 0.0000000000
56145  30.462  -40.656  49.654 0.0000000000
57125  28.815  -39.874  64.467 0.0000000000
57169  28.562  -40.035  62.395 0.0000000000
57177  19.489  -40.678  61.937 0.0000000000
57178  18.945  -40.711  61.660 0.0000000000
57182  28.408  -40.358  61.666 0.0000000000
57213  43.268  -39.980  58.313 0.0000000000
57220  26.106  -40.573  59.280 0.0000000000
57234  44.442  -39.660  56.959 0.0000000000
57238  40.855  -39.827  57.565 0.0000000000
57240  39.740  -40.799  57.153 0.0000000000
57253  17.519  -40.917  57.206 0.0000000000
57280  40.701  -40.216  56.093 0.0000000000
57322  43.487  -39.293  53.769 0.0000000000
57326  38.763  -40.507  54.110 0.0000000000
57341  43.186  -39.315  53.037 0.0000000000
57342  42.461  -39.633  52.989 0.0000000000
57354  41.319  -39.649  52.133 0.0000000000
57356  38.098  -40.570  52.701 0.0000000000
57368  40.998  -39.521  51.452 0.0000000000
57374  33.534  -41.451  50.858 0.0000000000
58402  27.424  -39.795  61.725 0.0000000000
58415  28.176  -39.977  61.475 0.0000000000
58432  26.579  -40.562  59.426 0.0000000000
58458  42.417  -38.939  57.573 0.0000000000
58459  41.585  -39.024  57.325 0.0000000000
58497  43.393  -38.715  56.097 0.0000000000
58500  41.091  -39.817  55.540 0.0000000000
58520  42.539  -39.535  55.114 0.0000000000
58544  43.830  -38.730  53.960 0.0000000000
58574  39.174  -40.269  53.540 0.0000000000
58595  43.247  -38.714  52.378 0.0000000000
58597  40.193  -39.595  51.688 0.0000000000
58600  37.982  -40.473  52.175 0.0000000000
58615  42.000  -38.832  51.269 0.0000000000
58617  40.517  -39.340  50.958 0.0000000000
58621  36.842  -40.211  51.025 0.0000000000
58649  39.036  -39.016  48.862 0.0000000000
58663  37.968  -38.787  48.371 0.0000000000
59696  43.977  -38.239  57.181 0.0000000000
59708  44.287  -37.475  57.122 0.0000000000
59753  25.605  -38.230  53.464 0.0000000000
59805  41.732  -38.377  50.829 0.0000000000
59839  39.267  -37.857  49.096 0.0000000000
59840  38.809  -38.202  48.783 0.0000000000
59850  36.176  -38.701  47.563 0.0000000000
59860  38.618  -37.270  47.651 0.0000000000
60909  45.785  -37.153  56.573 0.0000000000
60910  45.243  -37.259  56.984 0.0000000000
60926  44.247  -36.908  56.996 0.0000000000
61017  43.716  -36.703  51.455 0.0000000000
61038  41.437  -36.886  49.595 0.0000000000
61060  40.775  -36.882  48.951 0.0000000000
61089  39.442  -36.550  47.315 0.0000000000
62160  45.594  -36.008  56.853 0.0000000000
62234  44.714  -36.800  53.643 0.0000000000
63365  46.150  -35.434  55.836 0.0000000000
63366  45.929  -35.661  55.667 0.0000000000
63396  46.627  -35.086  54.761 0.0000000000
63397  46.048  -35.552  54.577 0.0000000000
63424  45.792  -34.601  52.466 0.0000000000
64530  46.059  -34.979  53.068 0.0000000000
64546  46.059  -34.726  52.885 0.0000000000
64562  46.105  -33.953  51.697 0.0000000000
64611  43.755  -33.800  48.175 0.0000000000
64612  43.276  -34.174  47.837 0.0000000000
65549  47.375  -33.427  53.985 0.0000000000
65564  47.244  -32.885  53.627 0.0000000000
65657  43.723  -32.630  47.477 0.0000000000
66685  46.533  -32.193  49.439 0.0000000000
66696  44.918  -32.197  48.578 0.0000000000
66711  44.366  -31.999  47.749 0.0000000000
68726  46.443  -29.223  47.716 0.0000000000
68735  45.848  -29.247  47.169 0.0000000000
68736  45.126  -29.336  46.711 0.0000000000
68737  44.722  -29.995  46.616 0.0000000000
68762  42.967  -29.502  45.322 0.0000000000
69821  46.664  -28.057  48.964 0.0000000000
69831  46.631  -28.262  48.231 0.0000000000
69843  45.541  -28.405  46.928 0.0000000000
69868  44.163  -28.013  45.323 0.0000000000
70970  46.603  -27.669  49.827 0.0000000000
70980  45.433  -26.633  48.757 0.0000000000
70999  45.931  -27.873  47.200 0.0000000000
71012  43.030  -26.876  45.855 0.0000000000
72142  46.552  -26.024  51.734 0.0000000000
72158  45.968  -26.262  50.295 0.0000000000
72169  45.410  -26.186  49.254 0.0000000000
72170  44.885  -25.805  48.929 0.0000000000
72182  43.746  -25.363  47.772 0.0000000000
72192  44.274  -25.985  47.270 0.0000000000
73362  46.116  -24.965  52.475 0.0000000000
73371  45.491  -24.647  51.594 0.0000000000
73380  44.594  -24.438  50.684 0.0000000000
73394  45.662  -25.813  50.184 0.0000000000
73411  44.370  -25.090  49.160 0.0000000000
73428  42.603  -24.967  47.989 0.0000000000
73442  42.334  -25.122  47.449 0.0000000000
74656  44.654  -24.165  51.044 0.0000000000
74674  43.328  -24.117  49.498 0.0000000000
74688  43.639  -24.680  49.126 0.0000000000
74690  42.420  -24.135  48.502 0.0000000000
74703  42.687  -24.730  48.298 0.0000000000
74705  41.713  -24.264  47.579 0.0000000000
74718  41.676  -24.561  47.128 0.0000000000
74731  40.436  -24.735  45.765 0.0000000000
74791  43.074  -24.931  42.005 0.0000000000
75965  44.825  -23.577  51.692 0.0000000000
75966  44.529  -23.308  51.351 0.0000000000
75981  44.711  -23.881  51.364 0.0000000000
75997  43.019  -23.770  49.351 0.0000000000
76027  46.403  -23.608  46.804 0.0000000000
76028  45.961  -23.523  46.651 0.0000000000
76029  41.513  -23.633  47.269 0.0000000000
76044  47.107  -23.560  46.259 0.0000000000
76062  42.751  -23.465  45.047 0.0000000000
76082  44.543  -23.587  44.213 0.0000000000
76116  45.875  -23.515  42.535 0.0000000000
76119  43.168  -24.612  42.340 0.0000000000
76133  46.436  -23.206  41.581 0.0000000000
77207  45.506  -23.216  52.535 0.0000000000
77232  44.964  -23.039  52.100 0.0000000000
77233  44.665  -23.141  51.554 0.0000000000
77252  45.181  -22.708  51.782 0.0000000000
77267  46.248  -22.604  49.818 0.0000000000
77269  43.338  -23.323  49.639 0.0000000000
77304  43.262  -22.490  48.215 0.0000000000
77305  42.033  -22.743  48.245 0.0000000000
77306  41.929  -23.359  48.303 0.0000000000
77324  41.434  -23.578  47.014 0.0000000000
77384  42.510  -23.429  45.043 0.0000000000
77417  48.381  -22.066  40.954 0.0000000000
78465  45.477  -22.633  51.744 0.0000000000
78484  46.374  -22.525  50.874 0.0000000000
78486  44.501  -22.665  50.845 0.0000000000
78487  44.133  -22.823  50.668 0.0000000000
78515  43.063  -22.667  49.136 0.0000000000
78524  44.599  -22.424  49.155 0.0000000000
78525  44.108  -22.532  48.957 0.0000000000
78526  43.334  -22.516  48.713 0.0000000000
78537  48.185  -22.318  46.939 0.0000000000
78590  50.403  -20.947  42.802 0.0000000000
78591  50.013  -21.235  43.002 0.0000000000
78651  47.635  -21.307  38.715 0.0000000000
78674  47.197  -21.489  37.813 0.0000000000
79690  51.168  -19.750  43.780 0.0000000000
79726  48.799  -20.589  39.930 0.0000000000
79766  48.032  -20.948  38.041 0.0000000000
79786  47.519  -21.159  37.642 0.0000000000
80765  51.729  -19.367  44.521 0.0000000000
80767  50.603  -20.059  45.348 0.0000000000
80831  49.068  -20.109  40.013 0.0000000000
80833  48.080  -19.324  39.229 0.0000000000
80895  47.523  -20.960  37.481 0.0000000000
80896  47.284  -20.982  37.361 0.0000000000
82024  45.754  -18.651  37.180 0.0000000000
83046  48.006  -18.287  39.988 0.0000000000
83056  47.798  -17.992  39.664 0.0000000000
83057  47.537  -18.303  39.226 0.0000000000
83071  47.296  -18.026  38.873 0.0000000000
84208  49.195  -17.347  40.411 0.0000000000
84231  47.916  -17.421  39.135 0.0000000000
84232  47.459  -17.522  38.803 0.0000000000
85396  49.224  -16.793  39.952 0.0000000000
86634  49.723  -14.763  34.357 0.0000000000
87652  50.686  -14.595  38.903 0.0000000000
88699  50.978  -14.088  39.820 0.0000000000
89820  53.528  -12.536  42.412 0.0000000000
89833  52.716  -12.598  41.518 0.0000000000
89895  54.137  -12.235  36.734 0.0000000000
91061  56.775  -10.590  40.669 0.0000000000
91075  58.728  -10.031  39.819 0.0000000000
91076  58.526  -10.160  39.759 0.0000000000
91087  58.746  -9.793  39.630 0.0000000000
91188  54.612  -10.432  32.613 0.0000000000
92222  58.339  -10.046  39.410 0.0000000000
92224  56.685  -10.422  39.151 0.0000000000
92252  56.070  -10.366  37.129 0.0000000000
92263  56.882  -10.182  35.818 0.0000000000
92306  54.504  -10.521  33.014 0.0000000000
94588  59.497  -9.332  38.000 0.0000000000
94603  60.906  -7.120  35.147 0.0000000000
94616  61.220  -7.247  34.703 0.0000000000
94641  58.750  -7.386  33.998 0.0000000000
95770  59.235  -7.028  34.275 0.0000000000
95784  57.335  -7.057  32.570 0.0000000000
95793  57.841  -6.289  32.548 0.0000000000
95842  57.100  -5.973  26.516 0.0000000000
96846  59.824  -6.760  35.058 0.0000000000
96852  60.853  -5.698  35.105 0.0000000000
96853  60.350  -6.058  34.777 0.0000000000
96854  59.899  -6.542  34.772 0.0000000000
96875  60.093  -5.780  33.697 0.0000000000
96905  56.247  -6.036  31.535 0.0000000000
96909  56.452  -5.509  30.730 0.0000000000
97962  60.610  -5.634  34.418 0.0000000000
97971  61.198  -5.470  33.968 0.0000000000
97983  60.933  -5.393  33.603 0.0000000000
97984  59.814  -5.679  32.982 0.0000000000
97986  58.914  -5.433  32.404 0.0000000000
97999  56.853  -5.286  31.658 0.0000000000
98012  58.828  -4.780  31.454 0.0000000000
98022  58.001  -5.251  30.482 0.0000000000
98031  58.192  -5.406  29.693 0.0000000000
98039  59.209  -4.625  28.076 0.0000000000
98082  58.886  -3.918  24.222 0.0000000000
98097  57.928  -4.298  21.990 0.0000000000
98112  58.780  -3.937  21.963 0.0000000000
98113  58.262  -4.221  21.712 0.0000000000
98130  58.716  -3.802  21.575 0.0000000000
99079  60.442  -5.463  33.898 0.0000000000
99086  60.872  -5.460  32.988 0.0000000000
99089  59.688  -4.388  32.455 0.0000000000
99096  60.041  -3.918  32.388 0.0000000000
99123  59.057  -4.580  30.157 0.0000000000
99124  58.574  -5.063  30.193 0.0000000000
99132  59.109  -4.447  29.357 0.0000000000
99141  59.209  -4.390  28.667 0.0000000000
99148  59.767  -3.912  27.389 0.0000000000
99174  59.519  -3.537  24.686 0.0000000000
99205  59.712  -3.339  23.011 0.0000000000
99220  57.802  -4.046  21.531 0.0000000000
99234  59.665  -2.858  21.724 0.0000000000
99236  58.420  -3.811  21.269 0.0000000000
100237  59.826  -3.758  31.364 0.0000000000
100247  60.247  -3.609  30.743 0.0000000000
100249  59.429  -4.093  30.293 0.0000000000
100262  59.965  -3.568  30.231 0.0000000000
100273  59.413  -3.848  29.428 0.0000000000
100296  60.119  -3.348  26.498 0.0000000000
101420  60.671  -3.401  30.218 0.0000000000
101430  60.789  -3.318  29.715 0.0000000000
101432  59.953  -3.429  29.423 0.0000000000
101440  61.129  -3.310  29.146 0.0000000000
101443  59.845  -3.438  29.066 0.0000000000
101451  61.114  -3.116  28.443 0.0000000000
101452  60.716  -3.246  28.171 0.0000000000
101458  60.713  -3.220  27.291 0.0000000000
101538  58.303  -2.607  20.303 0.0000000000
102612  60.977  -2.906  28.098 0.0000000000
102614  60.818  -3.124  27.762 0.0000000000
102630  60.980  -2.564  26.985 0.0000000000
102693  58.015  -1.876  20.131 0.0000000000
