#!ascii label  , from subject 4106 vox2ras=TkReg
479
96337  21.005  -6.561  -17.789 0.0000000000
106481  25.299  2.304  -17.979 0.0000000000
117099  22.270  12.809  -18.672 0.0000000000
112151  19.632  7.573  -20.113 0.0000000000
90608  22.647  -11.595  -16.985 0.0000000000
95169  25.627  -7.983  -16.995 0.0000000000
100837  23.603  -2.409  -19.415 0.0000000000
106508  21.524  2.374  -20.721 0.0000000000
113181  23.486  7.797  -18.171 0.0000000000
118077  26.314  13.461  -16.155 0.0000000000
122784  21.247  18.437  -19.508 0.0000000000
94019  21.655  -8.612  -17.655 0.0000000000
92874  23.735  -10.036  -16.984 0.0000000000
95198  22.888  -7.180  -18.740 0.0000000000
104313  20.683  0.436  -19.625 0.0000000000
106484  19.457  2.514  -18.549 0.0000000000
115103  21.288  10.727  -20.148 0.0000000000
112140  21.891  7.465  -19.935 0.0000000000
114126  22.819  9.910  -18.262 0.0000000000
115064  24.506  10.604  -16.749 0.0000000000
118080  23.388  13.448  -16.993 0.0000000000
122757  19.832  18.400  -17.226 0.0000000000
120999  19.594  16.414  -18.665 0.0000000000
125484  19.979  20.924  -19.701 0.0000000000
104294  24.398  0.294  -18.545 0.0000000000
100819  25.848  -2.552  -18.500 0.0000000000
103165  26.779  -0.763  -17.475 0.0000000000
118131  20.759  12.635  -20.324 0.0000000000
108599  26.367  4.526  -16.637 0.0000000000
98597  20.168  -4.286  -17.985 0.0000000000
98610  22.242  -4.337  -19.493 0.0000000000
100840  21.755  -2.323  -19.818 0.0000000000
104324  22.618  0.200  -20.428 0.0000000000
106483  23.766  2.358  -19.197 0.0000000000
108636  20.302  5.119  -20.725 0.0000000000
109784  22.388  5.331  -20.120 0.0000000000
109775  24.229  5.280  -18.308 0.0000000000
112110  25.556  7.292  -16.697 0.0000000000
119109  20.202  14.691  -19.308 0.0000000000
120046  21.664  15.561  -18.991 0.0000000000
125456  22.112  21.658  -18.367 0.0000000000
122769  23.431  18.459  -17.466 0.0000000000
120986  23.363  16.306  -17.342 0.0000000000
120976  25.885  16.325  -16.353 0.0000000000
97479  24.239  -5.424  -18.676 0.0000000000
97467  20.143  -5.779  -17.059 0.0000000000
95170  19.843  -7.681  -16.378 0.0000000000
95186  21.491  -7.494  -17.913 0.0000000000
94018  22.328  -8.393  -18.166 0.0000000000
95200  21.787  -6.855  -18.551 0.0000000000
116048  21.564  11.940  -19.527 0.0000000000
115093  21.777  10.868  -19.286 0.0000000000
116034  22.748  11.775  -18.238 0.0000000000
116019  23.484  11.657  -17.448 0.0000000000
118092  22.877  13.427  -17.683 0.0000000000
124604  19.829  20.395  -17.710 0.0000000000
123699  19.528  19.342  -18.665 0.0000000000
126292  19.440  21.825  -18.831 0.0000000000
105386  24.922  1.339  -18.340 0.0000000000
103166  25.742  -0.678  -17.761 0.0000000000
104284  26.122  0.345  -17.537 0.0000000000
115104  19.947  10.878  -19.824 0.0000000000
117114  19.922  12.301  -19.564 0.0000000000
90625  20.903  -11.006  -17.072 0.0000000000
89376  21.051  -12.502  -16.931 0.0000000000
88293  23.173  -13.342  -16.300 0.0000000000
89373  23.721  -12.186  -16.458 0.0000000000
94015  24.505  -8.661  -17.288 0.0000000000
91739  24.749  -10.052  -16.413 0.0000000000
100841  20.801  -3.006  -19.336 0.0000000000
100822  20.249  -2.503  -18.815 0.0000000000
105411  21.182  1.465  -20.739 0.0000000000
104326  21.414  0.384  -20.375 0.0000000000
105410  21.824  1.313  -20.826 0.0000000000
105397  22.836  1.044  -20.173 0.0000000000
106492  22.392  2.876  -20.180 0.0000000000
108619  19.497  4.397  -19.024 0.0000000000
109794  20.011  5.793  -20.355 0.0000000000
112133  22.491  7.300  -19.338 0.0000000000
110999  22.331  6.402  -20.043 0.0000000000
110990  23.238  6.194  -19.108 0.0000000000
109776  23.504  5.253  -18.886 0.0000000000
110989  23.827  6.178  -18.356 0.0000000000
110982  25.182  5.959  -17.356 0.0000000000
112111  24.725  7.372  -17.072 0.0000000000
116017  24.947  11.456  -16.254 0.0000000000
115047  25.894  10.389  -15.761 0.0000000000
121920  19.984  17.994  -20.555 0.0000000000
120058  19.924  15.538  -19.052 0.0000000000
121008  20.677  16.587  -19.633 0.0000000000
120056  21.046  15.530  -19.565 0.0000000000
121887  21.554  17.386  -19.225 0.0000000000
121872  23.675  17.296  -17.045 0.0000000000
121860  24.542  17.258  -16.645 0.0000000000
120977  24.916  16.394  -16.333 0.0000000000
99698  22.854  -3.344  -19.474 0.0000000000
97492  22.869  -4.976  -19.297 0.0000000000
99680  23.635  -3.403  -19.192 0.0000000000
99662  27.395  -3.051  -17.467 0.0000000000
98580  26.140  -4.540  -17.911 0.0000000000
92893  20.643  -9.860  -16.816 0.0000000000
91760  22.190  -10.490  -17.537 0.0000000000
91741  23.123  -10.623  -17.187 0.0000000000
92890  22.619  -9.450  -17.834 0.0000000000
94017  23.153  -8.646  -18.081 0.0000000000
95184  24.146  -7.481  -18.087 0.0000000000
104298  19.350  0.268  -17.498 0.0000000000
105398  20.135  1.517  -19.350 0.0000000000
106493  20.346  2.430  -20.160 0.0000000000
113204  20.804  8.634  -20.774 0.0000000000
112149  20.862  7.533  -20.868 0.0000000000
113197  21.541  8.603  -20.252 0.0000000000
113192  22.322  8.608  -19.184 0.0000000000
113182  23.102  8.877  -18.113 0.0000000000
113166  24.042  8.512  -17.228 0.0000000000
115065  23.778  10.714  -17.258 0.0000000000
116018  24.156  11.555  -16.768 0.0000000000
118078  25.190  13.511  -16.000 0.0000000000
120980  19.638  16.268  -16.076 0.0000000000
122758  19.432  18.014  -17.885 0.0000000000
123731  19.602  19.002  -19.967 0.0000000000
123729  20.178  19.195  -20.377 0.0000000000
102023  23.994  -1.622  -19.372 0.0000000000
100821  24.333  -2.499  -19.205 0.0000000000
102012  24.747  -1.567  -18.979 0.0000000000
102010  26.221  -2.005  -18.191 0.0000000000
113206  19.471  8.497  -19.776 0.0000000000
115112  20.699  10.551  -20.467 0.0000000000
116067  20.924  11.482  -20.301 0.0000000000
117112  21.416  12.750  -19.959 0.0000000000
91721  24.563  -11.150  -16.254 0.0000000000
107508  26.065  3.395  -16.888 0.0000000000
106471  26.581  2.346  -16.881 0.0000000000
98582  20.357  -5.249  -17.566 0.0000000000
97482  21.599  -5.895  -18.866 0.0000000000
98612  21.173  -4.538  -18.913 0.0000000000
99700  21.360  -3.612  -19.365 0.0000000000
100839  22.591  -2.298  -19.886 0.0000000000
103193  20.805  -0.714  -19.473 0.0000000000
102038  22.153  -1.409  -20.401 0.0000000000
102036  23.203  -1.337  -20.367 0.0000000000
104310  23.407  -0.370  -19.845 0.0000000000
105387  24.062  1.325  -18.901 0.0000000000
106482  24.563  2.359  -18.550 0.0000000000
107526  20.168  3.360  -20.052 0.0000000000
108651  21.204  4.013  -21.194 0.0000000000
111006  21.657  6.514  -20.522 0.0000000000
108634  21.510  4.737  -20.958 0.0000000000
107551  21.725  3.852  -20.712 0.0000000000
107524  22.685  3.443  -19.847 0.0000000000
107517  24.321  3.381  -18.823 0.0000000000
107516  24.925  3.358  -17.962 0.0000000000
109768  25.445  5.317  -17.233 0.0000000000
110971  25.774  6.307  -16.950 0.0000000000
113165  25.324  8.528  -16.498 0.0000000000
118119  19.984  13.469  -19.497 0.0000000000
119107  21.218  14.529  -19.365 0.0000000000
119097  21.638  14.477  -18.716 0.0000000000
125472  21.159  21.436  -19.191 0.0000000000
123697  21.404  19.502  -19.307 0.0000000000
124601  23.015  20.689  -17.718 0.0000000000
122771  21.763  18.788  -18.941 0.0000000000
121886  22.208  17.345  -18.694 0.0000000000
120987  22.790  16.205  -17.932 0.0000000000
119083  22.454  14.733  -17.800 0.0000000000
120012  23.795  14.816  -16.459 0.0000000000
119059  25.011  14.452  -15.948 0.0000000000
119068  25.860  14.443  -16.123 0.0000000000
96364  22.306  -5.794  -19.227 0.0000000000
96350  23.585  -6.400  -18.784 0.0000000000
96335  24.766  -6.586  -18.048 0.0000000000
99665  25.277  -4.065  -18.669 0.0000000000
97464  25.413  -5.505  -17.965 0.0000000000
96338  20.292  -6.664  -17.084 0.0000000000
95187  20.576  -7.622  -17.160 0.0000000000
96353  21.539  -6.414  -18.471 0.0000000000
117100  21.873  12.795  -19.291 0.0000000000
116047  22.032  11.992  -18.817 0.0000000000
116046  22.438  12.326  -18.484 0.0000000000
117098  22.665  12.726  -18.160 0.0000000000
118103  22.445  13.443  -18.245 0.0000000000
125459  19.545  21.139  -18.402 0.0000000000
105377  25.718  1.349  -17.836 0.0000000000
90624  21.454  -11.153  -17.222 0.0000000000
89388  20.946  -11.698  -17.002 0.0000000000
89375  21.992  -12.456  -17.009 0.0000000000
89374  22.978  -12.459  -16.581 0.0000000000
89355  23.612  -12.776  -16.320 0.0000000000
94001  25.149  -8.663  -16.965 0.0000000000
94000  25.832  -8.514  -16.524 0.0000000000
102014  19.756  -1.859  -18.060 0.0000000000
106507  22.145  2.296  -20.519 0.0000000000
111009  19.884  6.826  -20.385 0.0000000000
113190  23.133  7.375  -18.476 0.0000000000
112132  22.885  6.989  -18.821 0.0000000000
112131  23.377  6.919  -18.383 0.0000000000
112125  24.055  7.189  -17.856 0.0000000000
117065  25.698  12.377  -16.002 0.0000000000
115997  25.719  11.289  -15.838 0.0000000000
121904  20.259  17.650  -20.057 0.0000000000
121903  20.896  17.501  -19.694 0.0000000000
121007  21.364  16.510  -19.510 0.0000000000
122756  24.197  18.047  -16.870 0.0000000000
122755  25.053  18.115  -16.743 0.0000000000
121859  25.465  17.224  -16.560 0.0000000000
99697  23.267  -2.872  -19.366 0.0000000000
99681  23.166  -3.865  -19.414 0.0000000000
99656  27.812  -3.554  -17.259 0.0000000000
99657  27.266  -4.059  -17.413 0.0000000000
94020  20.893  -8.742  -17.059 0.0000000000
92875  20.283  -9.431  -16.453 0.0000000000
92892  21.189  -9.607  -17.290 0.0000000000
91761  21.356  -10.373  -17.368 0.0000000000
92891  21.854  -9.506  -17.696 0.0000000000
94034  22.548  -7.694  -18.518 0.0000000000
94033  22.987  -7.899  -18.452 0.0000000000
94032  23.553  -7.967  -18.204 0.0000000000
95197  23.530  -7.303  -18.474 0.0000000000
105390  19.438  1.409  -17.850 0.0000000000
105389  19.816  1.338  -18.599 0.0000000000
105399  19.623  1.826  -18.807 0.0000000000
106494  19.768  2.492  -19.456 0.0000000000
114152  20.993  9.740  -20.569 0.0000000000
113198  21.231  9.178  -20.549 0.0000000000
114146  21.387  9.689  -20.192 0.0000000000
115080  22.470  10.753  -18.512 0.0000000000
114137  22.266  9.843  -18.887 0.0000000000
113183  22.616  9.307  -18.601 0.0000000000
114125  23.353  9.886  -17.619 0.0000000000
115079  23.119  10.785  -17.890 0.0000000000
117067  23.759  12.512  -16.815 0.0000000000
117066  24.615  12.469  -16.271 0.0000000000
118079  24.162  13.512  -16.287 0.0000000000
123684  20.073  19.474  -16.950 0.0000000000
121861  20.017  17.438  -16.283 0.0000000000
121862  19.581  17.256  -17.191 0.0000000000
124621  19.535  20.030  -19.182 0.0000000000
123712  19.510  19.160  -19.362 0.0000000000
124638  19.708  19.683  -19.701 0.0000000000
123730  19.828  19.258  -20.190 0.0000000000
124636  20.315  20.152  -19.763 0.0000000000
103177  24.121  -0.735  -18.938 0.0000000000
103176  24.880  -0.710  -18.280 0.0000000000
102001  26.209  -1.411  -17.880 0.0000000000
102000  26.772  -1.836  -17.836 0.0000000000
114154  19.786  9.422  -20.160 0.0000000000
117125  20.737  12.061  -20.204 0.0000000000
116068  20.434  11.354  -20.184 0.0000000000
118130  21.047  12.976  -20.345 0.0000000000
91740  24.155  -10.643  -16.597 0.0000000000
91720  25.125  -10.651  -16.045 0.0000000000
98583  20.008  -4.783  -17.345 0.0000000000
98596  20.586  -4.715  -18.192 0.0000000000
99699  22.085  -3.376  -19.562 0.0000000000
103178  20.076  -0.634  -18.806 0.0000000000
104325  22.120  0.309  -20.621 0.0000000000
103204  21.851  -0.578  -20.488 0.0000000000
103203  22.441  -0.612  -20.598 0.0000000000
102037  22.720  -1.522  -20.410 0.0000000000
103202  23.022  -0.666  -20.596 0.0000000000
103191  23.379  -0.817  -20.158 0.0000000000
104311  23.101  0.020  -20.083 0.0000000000
106491  22.847  2.296  -19.901 0.0000000000
105388  23.347  1.319  -19.575 0.0000000000
108626  19.968  4.467  -20.178 0.0000000000
108625  20.416  3.917  -20.530 0.0000000000
108635  20.797  4.461  -21.071 0.0000000000
112148  21.366  7.468  -20.528 0.0000000000
111007  21.078  6.610  -20.872 0.0000000000
110998  22.765  5.957  -19.706 0.0000000000
109791  21.928  5.529  -20.661 0.0000000000
108633  21.931  4.491  -20.575 0.0000000000
108624  22.426  4.379  -19.938 0.0000000000
107535  22.090  3.503  -20.385 0.0000000000
108618  23.891  4.328  -18.854 0.0000000000
108617  24.529  4.339  -18.185 0.0000000000
108610  25.060  4.411  -17.498 0.0000000000
109769  24.864  5.270  -17.739 0.0000000000
110972  25.146  6.618  -17.093 0.0000000000
110970  26.466  6.316  -16.519 0.0000000000
112109  26.253  7.107  -16.538 0.0000000000
114111  23.929  9.763  -16.995 0.0000000000
114110  24.851  9.613  -16.789 0.0000000000
120988  19.491  16.114  -17.480 0.0000000000
119098  19.778  14.467  -18.787 0.0000000000
120033  21.690  15.161  -18.411 0.0000000000
125471  21.441  22.154  -18.953 0.0000000000
124620  20.890  20.358  -19.476 0.0000000000
125457  21.618  21.019  -18.617 0.0000000000
123694  23.851  19.716  -17.604 0.0000000000
123695  22.749  19.540  -17.893 0.0000000000
123696  21.936  19.514  -18.564 0.0000000000
122770  22.410  18.415  -18.346 0.0000000000
121873  22.877  17.214  -17.882 0.0000000000
120031  23.019  15.416  -17.662 0.0000000000
119082  23.157  14.385  -17.396 0.0000000000
120021  23.649  15.299  -16.791 0.0000000000
120010  24.605  14.993  -15.990 0.0000000000
120019  25.298  15.391  -16.117 0.0000000000
120018  26.372  15.390  -16.311 0.0000000000
97494  21.779  -5.310  -19.184 0.0000000000
96352  21.939  -6.221  -19.006 0.0000000000
96365  22.070  -5.651  -19.247 0.0000000000
97480  23.330  -5.373  -19.097 0.0000000000
96349  24.292  -6.215  -18.483 0.0000000000
97465  24.729  -5.783  -18.321 0.0000000000
100820  25.239  -2.453  -18.974 0.0000000000
99679  24.842  -3.507  -18.902 0.0000000000
99664  25.840  -3.570  -18.413 0.0000000000
97462  27.065  -5.198  -17.303 0.0000000000
97463  26.309  -5.439  -17.386 0.0000000000
96334  25.649  -6.502  -17.385 0.0000000000
95185  21.921  -7.947  -18.120 0.0000000000
95199  22.145  -7.306  -18.641 0.0000000000
115094  21.466  11.344  -19.794 0.0000000000
115102  21.527  10.230  -19.825 0.0000000000
116035  22.218  11.346  -18.675 0.0000000000
117083  23.141  12.584  -17.548 0.0000000000
123698  19.757  19.438  -17.888 0.0000000000
122772  19.565  18.717  -18.094 0.0000000000
124605  19.594  20.250  -18.530 0.0000000000
125473  19.378  20.949  -19.063 0.0000000000
126303  19.631  21.516  -19.439 0.0000000000
104285  25.215  0.334  -17.890 0.0000000000
116058  20.108  11.684  -19.808 0.0000000000
117113  20.355  12.422  -20.060 0.0000000000
90627  20.181  -10.899  -16.474 0.0000000000
90611  19.702  -11.154  -16.010 0.0000000000
89389  20.560  -11.435  -16.790 0.0000000000
89377  20.372  -12.124  -16.584 0.0000000000
87215  23.438  -13.925  -16.121 0.0000000000
88272  23.873  -13.372  -16.090 0.0000000000
89354  24.316  -12.513  -16.171 0.0000000000
92873  24.372  -9.477  -16.870 0.0000000000
99683  19.893  -3.971  -17.826 0.0000000000
99682  20.276  -3.670  -18.487 0.0000000000
100823  19.767  -3.138  -17.947 0.0000000000
102027  20.928  -1.748  -19.635 0.0000000000
104327  20.941  0.922  -20.378 0.0000000000
104312  21.140  -0.133  -19.858 0.0000000000
105409  22.391  1.141  -20.620 0.0000000000
106506  22.505  1.680  -20.342 0.0000000000
109793  20.650  5.725  -20.862 0.0000000000
110991  22.737  6.564  -19.414 0.0000000000
109783  22.823  5.239  -19.468 0.0000000000
110983  24.559  6.256  -17.652 0.0000000000
115063  25.217  10.491  -16.240 0.0000000000
121888  19.600  17.518  -19.187 0.0000000000
121009  20.068  16.752  -19.470 0.0000000000
120057  20.437  15.581  -19.500 0.0000000000
120998  22.001  16.543  -19.093 0.0000000000
120978  24.003  16.394  -16.600 0.0000000000
97493  22.366  -5.162  -19.341 0.0000000000
98609  22.798  -4.354  -19.444 0.0000000000
98595  23.294  -4.397  -19.243 0.0000000000
98594  23.983  -4.425  -18.871 0.0000000000
100808  26.454  -2.670  -18.041 0.0000000000
99663  26.847  -3.558  -17.659 0.0000000000
98579  26.876  -4.566  -17.516 0.0000000000
91743  20.213  -10.355  -16.263 0.0000000000
91762  20.818  -10.400  -17.032 0.0000000000
91742  22.458  -11.036  -17.230 0.0000000000
91759  22.865  -10.054  -17.630 0.0000000000
92889  23.462  -9.466  -17.465 0.0000000000
92888  24.046  -8.988  -17.306 0.0000000000
94016  23.961  -8.418  -17.710 0.0000000000
95183  24.977  -7.728  -17.511 0.0000000000
104297  19.891  0.532  -18.478 0.0000000000
105412  20.678  1.520  -20.252 0.0000000000
106509  20.949  2.428  -20.693 0.0000000000
112150  20.178  7.649  -20.711 0.0000000000
113203  21.186  8.072  -20.684 0.0000000000
114145  21.760  9.636  -19.596 0.0000000000
113191  22.891  7.821  -18.673 0.0000000000
113167  23.533  9.245  -17.401 0.0000000000
121874  19.391  17.277  -18.212 0.0000000000
122773  19.439  18.358  -18.748 0.0000000000
122819  19.808  18.465  -20.488 0.0000000000
122817  20.144  18.576  -20.628 0.0000000000
122801  20.546  18.412  -20.256 0.0000000000
102024  23.498  -1.648  -19.878 0.0000000000
102011  25.592  -1.616  -18.400 0.0000000000
113205  19.966  8.567  -20.466 0.0000000000
114153  20.369  9.555  -20.566 0.0000000000
115113  20.121  10.327  -20.287 0.0000000000
116057  21.232  11.780  -20.009 0.0000000000
90607  23.465  -11.525  -16.704 0.0000000000
90585  24.191  -11.626  -16.408 0.0000000000
107515  25.497  3.004  -17.489 0.0000000000
106472  25.947  2.307  -17.426 0.0000000000
97466  20.623  -5.744  -17.703 0.0000000000
97483  21.216  -5.535  -18.559 0.0000000000
97495  21.443  -4.968  -19.027 0.0000000000
98611  21.660  -4.380  -19.303 0.0000000000
99701  20.829  -3.920  -18.885 0.0000000000
100838  23.150  -2.428  -19.697 0.0000000000
102013  20.303  -1.505  -19.033 0.0000000000
103192  21.348  -0.691  -20.012 0.0000000000
102026  21.605  -1.358  -20.148 0.0000000000
100854  22.406  -1.875  -20.153 0.0000000000
102025  23.083  -1.906  -20.162 0.0000000000
103190  23.648  -0.845  -19.606 0.0000000000
104295  23.581  0.198  -19.383 0.0000000000
104296  23.180  0.647  -19.838 0.0000000000
107518  19.646  3.445  -19.291 0.0000000000
107525  20.692  3.352  -20.609 0.0000000000
107537  21.264  3.490  -20.864 0.0000000000
111008  20.418  6.694  -20.757 0.0000000000
109792  21.310  5.616  -20.982 0.0000000000
107552  21.496  3.826  -20.940 0.0000000000
107536  21.657  3.241  -20.650 0.0000000000
107523  23.516  3.376  -19.439 0.0000000000
108623  23.103  4.319  -19.358 0.0000000000
107509  25.380  3.711  -17.299 0.0000000000
108609  25.699  4.467  -17.014 0.0000000000
109759  26.065  5.412  -16.776 0.0000000000
114109  25.523  9.623  -16.203 0.0000000000
113164  26.084  7.883  -16.208 0.0000000000
120047  19.629  15.320  -18.240 0.0000000000
118118  20.640  13.307  -20.141 0.0000000000
119108  20.686  14.391  -19.636 0.0000000000
118117  21.145  13.646  -19.979 0.0000000000
118105  21.601  13.646  -19.449 0.0000000000
118104  22.008  13.556  -18.799 0.0000000000
126291  19.874  22.481  -19.153 0.0000000000
126302  20.098  21.885  -19.725 0.0000000000
126301  20.581  21.830  -19.581 0.0000000000
125483  20.437  21.146  -19.574 0.0000000000
123711  20.852  19.395  -19.991 0.0000000000
124602  22.067  20.477  -18.224 0.0000000000
122783  21.728  18.059  -18.838 0.0000000000
120997  22.461  16.476  -18.518 0.0000000000
120045  22.225  15.996  -18.853 0.0000000000
120032  22.223  15.579  -18.237 0.0000000000
119095  22.620  14.016  -17.854 0.0000000000
119070  23.722  14.312  -16.635 0.0000000000
120020  24.363  15.623  -16.201 0.0000000000
119061  23.950  14.533  -16.263 0.0000000000
118069  24.347  13.977  -16.171 0.0000000000
118068  24.625  13.953  -16.040 0.0000000000
120975  26.851  16.305  -16.467 0.0000000000
119067  26.848  14.418  -16.426 0.0000000000
96351  22.669  -6.308  -19.110 0.0000000000
97481  22.677  -5.547  -19.266 0.0000000000
96336  24.072  -6.813  -18.410 0.0000000000
98593  24.821  -4.549  -18.728 0.0000000000
98581  25.466  -4.595  -18.439 0.0000000000
97478  24.976  -5.199  -18.496 0.0000000000
95182  25.754  -7.331  -17.115 0.0000000000
105376  26.440  1.380  -17.321 0.0000000000
104273  26.854  0.406  -17.062 0.0000000000
89387  21.468  -11.865  -17.099 0.0000000000
90609  22.009  -11.452  -17.231 0.0000000000
90610  20.131  -11.434  -16.474 0.0000000000
90626  20.489  -10.946  -16.774 0.0000000000
91763  20.484  -10.521  -16.684 0.0000000000
99678  25.467  -3.022  -18.711 0.0000000000
100853  22.646  -1.893  -20.176 0.0000000000
107553  21.335  3.896  -21.101 0.0000000000
108649  21.597  4.201  -20.906 0.0000000000
108650  21.353  4.178  -21.107 0.0000000000
117124  21.027  12.308  -20.245 0.0000000000
119060  24.376  14.419  -16.057 0.0000000000
119069  24.105  14.134  -16.263 0.0000000000
119084  21.837  14.825  -18.055 0.0000000000
119096  22.082  14.131  -18.151 0.0000000000
120011  23.986  14.992  -16.110 0.0000000000
121905  19.789  17.895  -20.126 0.0000000000
121921  19.872  18.211  -20.579 0.0000000000
122785  19.545  18.419  -19.646 0.0000000000
122802  20.156  18.184  -20.571 0.0000000000
122803  19.655  18.539  -20.179 0.0000000000
122818  19.957  18.397  -20.730 0.0000000000
123746  20.041  18.784  -20.711 0.0000000000
123747  19.913  18.811  -20.546 0.0000000000
123748  19.735  18.828  -20.332 0.0000000000
124603  21.458  20.395  -18.886 0.0000000000
124637  19.952  19.968  -19.859 0.0000000000
125485  19.711  20.563  -19.493 0.0000000000
