#!ascii label  , from subject 4106 vox2ras=TkReg
322
26455  32.721  -65.822  -7.442 0.0000000000
24081  42.623  -66.809  -10.537 0.0000000000
19428  34.735  -71.497  -7.948 0.0000000000
25333  35.360  -66.410  -12.432 0.0000000000
15095  35.837  -75.138  -11.912 0.0000000000
16229  33.778  -73.979  -9.669 0.0000000000
13912  34.648  -76.709  -8.990 0.0000000000
24098  39.319  -66.483  -11.748 0.0000000000
27774  41.015  -64.186  -8.532 0.0000000000
22881  33.878  -68.628  -8.588 0.0000000000
20623  32.585  -69.929  -11.000 0.0000000000
19490  34.694  -70.659  -13.149 0.0000000000
22925  37.796  -68.540  -14.451 0.0000000000
17290  38.166  -73.801  -12.433 0.0000000000
25220  33.496  -65.975  -3.885 0.0000000000
24044  35.599  -67.865  -5.814 0.0000000000
21707  36.955  -69.878  -7.600 0.0000000000
29110  38.177  -63.587  -9.004 0.0000000000
15044  35.244  -75.618  -7.332 0.0000000000
24082  41.642  -66.542  -10.622 0.0000000000
26487  42.016  -65.524  -9.508 0.0000000000
21718  34.605  -69.540  -8.433 0.0000000000
19441  33.139  -71.391  -9.364 0.0000000000
16251  34.687  -74.421  -11.226 0.0000000000
18335  33.990  -72.938  -11.567 0.0000000000
19469  35.183  -71.979  -12.847 0.0000000000
21795  36.634  -69.088  -14.123 0.0000000000
18360  36.675  -72.204  -13.140 0.0000000000
20665  38.811  -71.291  -13.961 0.0000000000
24043  36.342  -67.996  -5.483 0.0000000000
22862  36.064  -68.401  -6.623 0.0000000000
22861  36.956  -68.864  -6.300 0.0000000000
25319  34.073  -66.064  -11.851 0.0000000000
26507  36.226  -65.244  -11.080 0.0000000000
27717  43.352  -63.841  -5.240 0.0000000000
29052  41.605  -63.534  -5.501 0.0000000000
18309  35.203  -73.057  -7.470 0.0000000000
18319  33.622  -72.674  -8.403 0.0000000000
16217  34.196  -74.420  -8.083 0.0000000000
15063  34.228  -75.458  -9.533 0.0000000000
13927  34.967  -76.456  -10.322 0.0000000000
25331  37.142  -66.598  -12.102 0.0000000000
26504  38.800  -65.411  -10.590 0.0000000000
26502  40.022  -65.711  -9.901 0.0000000000
27756  42.680  -64.281  -7.911 0.0000000000
24068  45.212  -67.286  -9.886 0.0000000000
25248  33.170  -66.861  -7.644 0.0000000000
24085  32.851  -67.477  -10.997 0.0000000000
22898  33.554  -68.052  -12.602 0.0000000000
18329  33.076  -72.232  -10.139 0.0000000000
19471  33.519  -70.959  -12.431 0.0000000000
24135  35.331  -67.646  -13.197 0.0000000000
24134  36.440  -67.676  -13.563 0.0000000000
24132  38.809  -67.229  -13.367 0.0000000000
24131  39.964  -67.143  -13.449 0.0000000000
17291  37.264  -73.733  -12.472 0.0000000000
19508  38.001  -71.239  -14.058 0.0000000000
22923  39.947  -68.632  -14.529 0.0000000000
24111  42.195  -66.556  -12.118 0.0000000000
29044  33.309  -63.567  -4.871 0.0000000000
26438  32.982  -65.384  -5.367 0.0000000000
24033  34.411  -66.947  -4.869 0.0000000000
25241  33.505  -66.746  -6.533 0.0000000000
24057  34.331  -68.177  -7.547 0.0000000000
21709  34.921  -69.027  -8.115 0.0000000000
21717  35.740  -69.994  -8.275 0.0000000000
20587  37.298  -70.908  -7.743 0.0000000000
19415  36.522  -71.565  -7.606 0.0000000000
27776  39.705  -64.050  -8.822 0.0000000000
27759  32.760  -64.617  -7.217 0.0000000000
29069  33.117  -63.668  -6.867 0.0000000000
25291  43.005  -66.949  -10.156 0.0000000000
25292  42.448  -66.579  -10.224 0.0000000000
20599  33.798  -70.488  -8.834 0.0000000000
19429  33.731  -71.597  -8.256 0.0000000000
16250  35.347  -74.261  -11.753 0.0000000000
17293  35.192  -73.241  -12.092 0.0000000000
17283  35.256  -73.685  -11.887 0.0000000000
18361  35.894  -71.932  -13.157 0.0000000000
17292  36.075  -73.664  -12.265 0.0000000000
20684  39.806  -70.929  -14.056 0.0000000000
25334  34.384  -66.455  -12.289 0.0000000000
27818  35.817  -65.152  -11.043 0.0000000000
26525  35.803  -65.578  -11.555 0.0000000000
27707  43.395  -63.897  -4.202 0.0000000000
17247  34.644  -73.731  -7.557 0.0000000000
16206  34.865  -74.652  -7.381 0.0000000000
13902  34.898  -76.482  -7.896 0.0000000000
15053  34.448  -75.502  -8.236 0.0000000000
15078  34.557  -75.143  -10.709 0.0000000000
24099  38.687  -66.381  -11.845 0.0000000000
25315  38.180  -66.193  -11.636 0.0000000000
25313  39.721  -66.404  -11.028 0.0000000000
26469  42.425  -65.119  -9.166 0.0000000000
27755  43.570  -64.248  -7.824 0.0000000000
27739  43.962  -63.825  -6.841 0.0000000000
24058  33.739  -67.768  -7.892 0.0000000000
25258  32.938  -67.119  -8.448 0.0000000000
24062  33.081  -67.828  -9.005 0.0000000000
22893  32.914  -68.129  -11.802 0.0000000000
21743  32.764  -68.990  -12.088 0.0000000000
17271  33.523  -73.343  -9.144 0.0000000000
18324  33.202  -72.481  -9.203 0.0000000000
17278  33.678  -73.323  -10.398 0.0000000000
19470  34.402  -71.424  -12.768 0.0000000000
18349  33.679  -71.775  -12.144 0.0000000000
20652  34.035  -70.609  -12.897 0.0000000000
21774  34.106  -69.077  -13.339 0.0000000000
21773  34.960  -69.178  -13.419 0.0000000000
22909  35.579  -68.412  -13.544 0.0000000000
21794  37.284  -69.303  -14.315 0.0000000000
24147  37.269  -67.831  -14.195 0.0000000000
24146  38.264  -67.731  -14.195 0.0000000000
12788  40.128  -78.244  -9.042 0.0000000000
16256  38.609  -74.378  -12.120 0.0000000000
15092  38.720  -75.549  -11.467 0.0000000000
16248  38.303  -74.902  -11.811 0.0000000000
16257  37.751  -74.480  -12.168 0.0000000000
18359  37.626  -72.410  -13.051 0.0000000000
18345  37.855  -73.110  -12.633 0.0000000000
22922  41.120  -68.798  -14.623 0.0000000000
21792  39.321  -69.640  -14.363 0.0000000000
24144  40.657  -67.561  -14.311 0.0000000000
24130  40.668  -66.948  -13.602 0.0000000000
25344  41.396  -66.874  -13.752 0.0000000000
27718  33.248  -64.402  -4.217 0.0000000000
26432  33.185  -65.268  -4.478 0.0000000000
27727  33.026  -64.512  -5.184 0.0000000000
24032  35.193  -67.448  -4.755 0.0000000000
24045  34.603  -67.414  -5.623 0.0000000000
25234  34.003  -66.836  -5.611 0.0000000000
25240  34.105  -67.262  -6.097 0.0000000000
24052  33.698  -67.332  -7.182 0.0000000000
24051  34.473  -67.837  -6.748 0.0000000000
22872  36.604  -69.063  -6.992 0.0000000000
22873  35.955  -68.834  -7.412 0.0000000000
21708  35.536  -69.277  -7.985 0.0000000000
21716  36.314  -70.277  -8.138 0.0000000000
19413  39.127  -71.582  -7.342 0.0000000000
19414  37.898  -71.682  -7.390 0.0000000000
27791  40.027  -64.655  -9.318 0.0000000000
27804  38.842  -64.919  -10.113 0.0000000000
27775  40.393  -64.155  -8.760 0.0000000000
29066  40.714  -63.409  -6.297 0.0000000000
24097  40.509  -66.685  -11.230 0.0000000000
22885  33.177  -68.680  -9.309 0.0000000000
21719  33.576  -69.498  -9.117 0.0000000000
20622  32.696  -70.426  -10.467 0.0000000000
16238  34.174  -74.108  -10.716 0.0000000000
17285  33.851  -73.084  -11.185 0.0000000000
17284  34.415  -73.574  -11.441 0.0000000000
18348  34.465  -72.551  -12.171 0.0000000000
19489  35.455  -71.162  -13.270 0.0000000000
21772  36.002  -69.357  -13.693 0.0000000000
20667  36.336  -70.464  -13.695 0.0000000000
20686  37.439  -70.385  -14.128 0.0000000000
20664  39.191  -71.728  -13.774 0.0000000000
21791  40.513  -69.776  -14.383 0.0000000000
24050  35.362  -68.124  -6.543 0.0000000000
22849  36.406  -68.242  -5.950 0.0000000000
21693  37.123  -69.361  -6.856 0.0000000000
27807  35.911  -64.589  -10.523 0.0000000000
27793  37.806  -64.000  -9.809 0.0000000000
29064  42.555  -63.769  -6.705 0.0000000000
29065  41.722  -63.812  -6.823 0.0000000000
29051  42.503  -63.549  -5.880 0.0000000000
29040  42.505  -63.693  -4.766 0.0000000000
19417  34.304  -72.128  -7.830 0.0000000000
19418  33.810  -72.229  -7.988 0.0000000000
18310  34.470  -72.898  -7.767 0.0000000000
17260  34.022  -73.600  -8.058 0.0000000000
16218  33.763  -74.045  -8.782 0.0000000000
15054  33.935  -74.862  -8.771 0.0000000000
15064  33.850  -74.603  -9.381 0.0000000000
25332  36.285  -66.558  -12.351 0.0000000000
25317  36.527  -66.116  -11.882 0.0000000000
25316  37.302  -66.166  -11.722 0.0000000000
26503  39.605  -65.670  -10.193 0.0000000000
26489  40.435  -65.412  -9.665 0.0000000000
25276  40.843  -65.734  -9.790 0.0000000000
26488  41.249  -65.256  -9.443 0.0000000000
27773  41.601  -64.489  -8.592 0.0000000000
27740  43.039  -63.913  -7.165 0.0000000000
27725  44.103  -64.029  -5.777 0.0000000000
24080  43.625  -67.294  -10.238 0.0000000000
26472  32.674  -66.239  -8.524 0.0000000000
25335  33.758  -67.003  -12.341 0.0000000000
24118  34.160  -67.426  -12.768 0.0000000000
19453  32.824  -71.283  -10.494 0.0000000000
18336  33.471  -72.358  -11.261 0.0000000000
19460  32.987  -71.214  -11.634 0.0000000000
20637  32.965  -70.512  -12.106 0.0000000000
21756  33.337  -69.025  -12.776 0.0000000000
22911  33.763  -68.655  -13.103 0.0000000000
24136  34.713  -67.563  -13.031 0.0000000000
24116  35.882  -67.077  -12.843 0.0000000000
24115  36.922  -66.995  -12.767 0.0000000000
24114  38.190  -66.817  -12.299 0.0000000000
22908  36.351  -68.494  -13.953 0.0000000000
24133  37.625  -67.281  -13.462 0.0000000000
24113  39.584  -66.884  -12.414 0.0000000000
24096  41.806  -66.662  -11.317 0.0000000000
15077  35.402  -75.738  -11.237 0.0000000000
13923  39.565  -76.983  -10.544 0.0000000000
15094  36.758  -75.465  -12.040 0.0000000000
15111  36.520  -74.898  -12.274 0.0000000000
18346  36.887  -72.970  -12.715 0.0000000000
19509  37.429  -71.127  -13.979 0.0000000000
21793  38.211  -69.502  -14.434 0.0000000000
20685  38.610  -70.518  -14.239 0.0000000000
22924  38.813  -68.588  -14.466 0.0000000000
24112  40.948  -66.769  -12.580 0.0000000000
24095  43.105  -66.868  -11.328 0.0000000000
30330  33.409  -62.748  -4.546 0.0000000000
29037  33.273  -63.516  -3.925 0.0000000000
29055  33.198  -63.596  -5.851 0.0000000000
27742  32.811  -64.523  -6.098 0.0000000000
26444  32.810  -65.497  -6.210 0.0000000000
24021  34.711  -67.016  -3.957 0.0000000000
25219  33.995  -66.520  -4.295 0.0000000000
25235  33.426  -66.172  -5.569 0.0000000000
22875  34.282  -68.395  -7.976 0.0000000000
22863  35.359  -68.336  -7.013 0.0000000000
22874  34.922  -68.588  -7.636 0.0000000000
22880  34.546  -68.805  -8.198 0.0000000000
20598  34.875  -70.675  -8.290 0.0000000000
20596  36.559  -70.677  -8.031 0.0000000000
19426  36.173  -70.976  -8.072 0.0000000000
19427  35.598  -71.198  -7.996 0.0000000000
26505  37.872  -65.107  -10.914 0.0000000000
27806  37.248  -64.565  -10.424 0.0000000000
29094  38.962  -63.663  -8.152 0.0000000000
29093  40.072  -63.727  -8.154 0.0000000000
29080  39.833  -63.241  -7.159 0.0000000000
12789  39.605  -78.115  -9.259 0.0000000000
12808  40.020  -77.665  -9.838 0.0000000000
13945  39.155  -76.281  -11.035 0.0000000000
15096  35.110  -74.958  -11.410 0.0000000000
15110  37.229  -74.932  -12.189 0.0000000000
16228  34.012  -74.570  -10.075 0.0000000000
16239  33.936  -73.984  -10.209 0.0000000000
16249  37.884  -74.893  -11.919 0.0000000000
16258  36.821  -74.351  -12.309 0.0000000000
16259  36.077  -74.461  -12.195 0.0000000000
17261  33.736  -73.352  -8.491 0.0000000000
17277  34.050  -73.685  -10.878 0.0000000000
18311  33.979  -72.605  -7.937 0.0000000000
18318  33.927  -73.043  -8.095 0.0000000000
18347  35.767  -72.670  -12.651 0.0000000000
18358  38.493  -72.647  -12.893 0.0000000000
19454  32.690  -70.681  -11.032 0.0000000000
19461  32.719  -70.443  -11.555 0.0000000000
19486  38.382  -71.921  -13.516 0.0000000000
19487  37.370  -71.647  -13.582 0.0000000000
19488  36.450  -71.427  -13.484 0.0000000000
20597  35.910  -70.615  -8.246 0.0000000000
20638  32.709  -69.776  -11.934 0.0000000000
20653  33.418  -69.966  -12.628 0.0000000000
20654  32.995  -69.368  -12.399 0.0000000000
20666  36.981  -71.043  -13.834 0.0000000000
20668  35.300  -70.123  -13.411 0.0000000000
20669  34.314  -69.882  -13.166 0.0000000000
20670  33.739  -69.429  -13.053 0.0000000000
20687  36.737  -69.727  -13.984 0.0000000000
21757  32.990  -69.006  -12.438 0.0000000000
21775  33.680  -69.060  -13.143 0.0000000000
22848  36.953  -68.416  -5.384 0.0000000000
22892  33.242  -67.867  -12.162 0.0000000000
22897  34.014  -67.865  -12.921 0.0000000000
22899  33.069  -68.632  -12.367 0.0000000000
22910  34.433  -68.178  -13.211 0.0000000000
22926  36.970  -68.511  -14.340 0.0000000000
24069  44.534  -67.215  -9.805 0.0000000000
24079  44.688  -67.409  -10.310 0.0000000000
24100  33.322  -67.435  -12.051 0.0000000000
24117  34.953  -67.042  -12.857 0.0000000000
24119  33.689  -67.474  -12.449 0.0000000000
24145  39.379  -67.710  -14.192 0.0000000000
24148  36.699  -68.043  -14.146 0.0000000000
25227  33.887  -66.478  -5.018 0.0000000000
25228  33.467  -65.997  -4.756 0.0000000000
25259  32.716  -67.095  -9.076 0.0000000000
25275  41.367  -65.849  -9.880 0.0000000000
25294  40.412  -66.147  -10.235 0.0000000000
25295  39.422  -66.002  -10.774 0.0000000000
25296  38.804  -65.842  -11.223 0.0000000000
25314  39.096  -66.133  -11.474 0.0000000000
25318  35.860  -66.098  -12.068 0.0000000000
25320  33.607  -66.504  -11.723 0.0000000000
25328  42.718  -66.544  -12.773 0.0000000000
25329  41.884  -66.564  -12.975 0.0000000000
25330  37.686  -66.523  -11.891 0.0000000000
26439  32.786  -65.167  -5.605 0.0000000000
26445  32.806  -65.330  -5.792 0.0000000000
26470  41.845  -64.979  -9.097 0.0000000000
26471  41.510  -64.842  -9.085 0.0000000000
26473  32.678  -66.747  -8.786 0.0000000000
26490  39.743  -65.198  -9.792 0.0000000000
26491  39.221  -65.137  -10.049 0.0000000000
26506  36.911  -65.149  -10.952 0.0000000000
26522  38.264  -65.631  -11.214 0.0000000000
26523  37.541  -65.663  -11.347 0.0000000000
26524  36.718  -65.662  -11.427 0.0000000000
26526  34.588  -65.617  -11.573 0.0000000000
26539  35.295  -65.904  -11.995 0.0000000000
26540  34.887  -66.039  -12.139 0.0000000000
27716  44.101  -64.261  -4.792 0.0000000000
27726  43.295  -63.651  -6.264 0.0000000000
27728  32.781  -64.922  -5.583 0.0000000000
27741  42.346  -64.019  -7.283 0.0000000000
27743  32.722  -65.083  -5.853 0.0000000000
27757  41.914  -64.173  -7.813 0.0000000000
27758  41.404  -64.036  -8.044 0.0000000000
27772  42.251  -64.611  -8.579 0.0000000000
27789  41.247  -64.671  -9.017 0.0000000000
27790  40.755  -64.704  -9.191 0.0000000000
27792  38.995  -64.416  -9.499 0.0000000000
27805  38.292  -64.689  -10.281 0.0000000000
27819  35.357  -65.099  -11.133 0.0000000000
29078  41.482  -63.942  -7.565 0.0000000000
29079  40.886  -63.697  -7.625 0.0000000000
29092  40.625  -63.879  -8.294 0.0000000000
